0   -45.3249   0.051553   0.0291591   0.0859827   0.174099   0.0176806   0.283051   0.0176806   0.174099   0.0859827   0.0291591   0.051553   
1   -58.3897   0.0110773   0.0268967   0.0660018   0.122806   0.173945   0.198547   0.173945   0.122806   0.0660018   0.0268967   0.0110773   
2   -59.8062   0.00949446   0.0243475   0.0643527   0.123751   0.176013   0.204083   0.176013   0.123751   0.0643527   0.0243475   0.00949446   
3   -60.1583   0.0129317   0.0333003   0.075611   0.124834   0.163189   0.180267   0.163189   0.124834   0.075611   0.0333003   0.0129317   
4   -60.1885   0.0152137   0.0351616   0.0820384   0.120557   0.163358   0.167343   0.163358   0.120557   0.0820384   0.0351616   0.0152137   
5   -60.1851   0.0181039   0.0384826   0.0874109   0.117371   0.159385   0.158494   0.159385   0.117371   0.0874109   0.0384826   0.0181039   
6   -60.1885   0.0152137   0.0351616   0.0820384   0.120557   0.163358   0.167343   0.163358   0.120557   0.0820384   0.0351616   0.0152137   
7   -60.1583   0.0129317   0.0333003   0.075611   0.124834   0.163189   0.180267   0.163189   0.124834   0.075611   0.0333003   0.0129317   
8   -59.8062   0.00949446   0.0243475   0.0643527   0.123751   0.176013   0.204083   0.176013   0.123751   0.0643527   0.0243475   0.00949446   
9   -58.3897   0.0110773   0.0268967   0.0660018   0.122806   0.173945   0.198547   0.173945   0.122806   0.0660018   0.0268967   0.0110773   
10   -45.3249   0.051553   0.0291591   0.0859827   0.174099   0.0176806   0.283051   0.0176806   0.174099   0.0859827   0.0291591   0.051553   
