0   -37.5807   0.05189   0.029356   0.0858721   0.174012   0.0176199   0.282501   0.0176199   0.174012   0.0858721   0.029356   0.05189   
1   -47.9126   0.0112057   0.0271659   0.0662849   0.122831   0.173538   0.197948   0.173538   0.122831   0.0662849   0.0271659   0.0112057   
2   -48.8352   0.00956992   0.0245715   0.064476   0.12372   0.175929   0.203467   0.175929   0.12372   0.064476   0.0245715   0.00956992   
3   -48.9577   0.0143426   0.0346139   0.0773177   0.1231   0.161453   0.178346   0.161453   0.1231   0.0773177   0.0346139   0.0143426   
4   -48.8909   0.0143133   0.0342014   0.0787309   0.122625   0.162667   0.174926   0.162667   0.122625   0.0787309   0.0342014   0.0143133   
5   -48.8259   0.0116191   0.028732   0.0745754   0.121929   0.173054   0.180181   0.173054   0.121929   0.0745754   0.028732   0.0116191   
6   -48.8909   0.0143133   0.0342014   0.0787309   0.122625   0.162667   0.174926   0.162667   0.122625   0.0787309   0.0342014   0.0143133   
7   -48.9577   0.0143426   0.0346139   0.0773177   0.1231   0.161453   0.178346   0.161453   0.1231   0.0773177   0.0346139   0.0143426   
8   -48.8352   0.00956992   0.0245715   0.064476   0.12372   0.175929   0.203467   0.175929   0.12372   0.064476   0.0245715   0.00956992   
9   -47.9126   0.0112057   0.0271659   0.0662849   0.122831   0.173538   0.197948   0.173538   0.122831   0.0662849   0.0271659   0.0112057   
10   -37.5807   0.05189   0.029356   0.0858721   0.174012   0.0176199   0.282501   0.0176199   0.174012   0.0858721   0.029356   0.05189   
