-3   3
-3   2.9999999999999996
-3   3
-3   3
-3   3
-3   2.9999999999999996
-3   3

-2   2.0000363647475399
-2   2.0023997217330463
-2   2.0032699101211628
-2   2.0063572285631017
-2   2.0178940686841043
-2   2.9299666189706421
-2   2.0039212019061909
-2   2.0785609317008156
-2   2.9115265316131955
-2   2.008225842204765
-2   2.0947509531080217
-2   2.0590164297443385
-2   2.002579436971256
-2   2.3436400184197774
-2   2.0008768704141193
-2   2.0005047620612029
-2   2.1542789965130584
-2   2.5512559054041657
-2   2.023673925328461
-2   2.0013436560107247
-2   2.9290089584177665
-2   2.0445815222203847
-2   2.000951174685663
-2   2.037359702858859
-2   2.0000015422335258
-2   2.9887881047915479
-2   2.0001537482279499
-2   2.0033749404345387
-2   2.0000747319913095
-2   2.0003069538392033
-2   2.00923748667591
-2   2.0002826897309895
-2   2.9131051396130268
-2   2.0001372427274879
-2   2.1080385752780519
-2   2.0000191637946556
-2   2.0003851395355481
-2   2.0016028603904248
-2   2.0000144498156076
-2   2.1078803328873068
-2   2.0001074413308504
-2   2.9190750369832825

-1   1.0101649255606113
-1   1.1029741394073753
-1   1.0110750061730285
-1   1.9268050333862723
-1   1.0166604640406056
-1   1.9772071557043094
-1   1.020527851908525
-1   1.1385865114541089
-1   1.9095797966981349
-1   1.0473031749033312
-1   1.1411495488344139
-1   1.5208740685101012
-1   1.9018178972813842
-1   1.5946850100946564
-1   2.1534448631385512
-1   2.0745332213965968
-1   1.4794394225154424
-1   1.212954477640807
-1   1.4655366775112566
-1   1.7527202714909702
-1   2.2947793293222638
-1   1.6778837067041619
-1   1.2417836687292809
-1   2.0901135745072654
-1   1.8495804563136504
-1   1.7383906329430698
-1   1.1738456251424294
-1   1.0447942836223367
-1   1.0045575594899265
-1   1.9977587551204388
-1   1.0886943795310275
-1   1.4860156177633956
-1   1.4906652061222114
-1   1.672912826778302
-1   1.780995632706762
-1   1.91602670886305
-1   1.5279758907134107
-1   1.3589172866809518
-1   1.5181626552911616
-1   1.6436877427613417
-1   1.7152400417942499
-1   1.2978456727927352
-1   1.749999315586241
-1   1.8913771691259815
-1   1.0265032687806206
-1   1.1397066091419674
-1   1.5956821005004462
-1   1.5534360819350348
-1   1.0558448484200993
-1   1.9073184005957966
-1   2.9128042410073616
-1   1.0467773262650801
-1   1.9373758397229128
-1   1.4889649190760532
-1   1.5112303112204795
-1   1.7774410096819628
-1   1.5925898096459004
-1   1.8786256563230239
-1   1.9649890750709065
-1   1.1741861731379741
-1   2.3895910799411677
-1   1.0040518353965244
-1   1.0643868395823473
-1   1.539694042178974
-1   1.5728430272372811
-1   1.0190790539265782
-1   1.9617469551086337
-1   1.0055817832026284
-1   1.0306242794869047
-1   1.6263785141135125
-1   1.4767183340200978
-1   1.5473530602900563
-1   1.2017963693592253
-1   1.1357084973340317
-1   1.3553968762487831
-1   1.9693735866730764
-1   1.9739604487082913
-1   1.0584688285216275
-1   1.014253040882467
-1   1.3014755936370046
-1   1.7202365267815161
-1   1.9993821997444101
-1   2.3140273710572705
-1   1.0034798947028227
-1   1.3695800230150714
-1   1.8267357677928642
-1   1.0171484758782521
-1   1.0080014674088789
-1   1.0039322880731634
-1   1.0116905054867824
-1   1.9923257421619751
-1   1.037903879729088
-1   1.0136881854897373
-1   1.9658789170150417
-1   1.0333708769253376
-1   1.0253741653285309
-1   1.0971743874754527
-1   1.6834447547273714
-1   1.3772720414774253
-1   1.2215818773461247
-1   1.9332504938962227
-1   1.1608000496250928
-1   1.9829166362709612
-1   1.91148745835685
-1   2.9075321453739855

0   0.025765733589740325
0   1.0039502934133242
0   0.48069194625632283
0   1.0028645249949011
0   1.0042073533032514
0   1.8443172407883721
0   1.0018771867448946
0   1.9881883495581079
0   1.0041442948390489
0   0.55158131106950714
0   0.047602959435601111
0   1.0026986411416865
0   1.0307024505932765
0   1.8226124019557344
0   0.039041544489209268
0   1.0090581485666652
0   1.3043258774709452
0   1.9808751716619062
0   1.3024185847121668
0   1.797505517346397
0   1.0821038731694381
0   2.3636054675541085
0   1.0006947895641671
0   1.938774050886217
0   1.3752451858951018
0   1.6440461762354008
0   1.7868375866072048
0   1.1553312605020778
0   1.3125425750531148
0   0.76594084082275549
0   2.1080440643415965
0   1.0488512851561864
0   1.6463719216299877
0   1.9288910396175032
0   0.44728398094532706
0   1.0001730121933718
0   0.10722573342673325
0   1.0027545651555845
0   1.025233550613952
0   1.875931456945465
0   1.0024973044597838
0   1.3019532247183438
0   1.3020140141129364
0   0.42882671175426679
0   1.0126080430972073
0   0.84741557800924849
0   1.0007869615127218
0   1.1569047582680068
0   0.9871109304581227
0   2.030092454490859
0   1.9515276821640501
0   1.0028715809909625
0   1.2271501715228512
0   1.5050017161429476
0   1.2041248660091113
0   1.6363886882831835
0   1.4858541349308063
0   1.8716650464939097
0   1.414111171464612
0   1.0078348362516432
0   0.10109308900763947
0   1.9779980327242166
0   1.0104122955987564
0   1.0722878537276714
0   1.0521426730232364
0   1.9829777910343198
0   1.0019351910594849
0   0.7477605418082176
0   2.9328085467106697
0   1.7393936403621426
0   1.0004596834158446
0   1.9833223770498711
0   1.9868530041191792
0   1.0201409869751725
0   0.073023102525961114
0   1.3047146395589464
0   1.2912747393446091
0   0.086485340466630478
0   1.0003886293999711
0   2.7747872490195769
0   1.3028515476045264
0   1.1493986422450535
0   1.9990385569570983
0   1.0037714500603765
0   1.0001551073458381
0   1.0000596664143517
0   1.9952391920398882
0   0.0083461933586178594
0   1.003024593854086
0   0.40672895945949472
0   1.001055236825839
0   0.13641941562722126
0   1.0015879448440139
0   0.1889183303395795
0   1.8831411608891075
0   1.9417060944536715
0   1.000252775492688
0   1.0003240841466756
0   1.0061473132392853
0   1.9831072254006834
0   1.9730117538420822
0   1.0422917411041845
0   1.0002226133606822
0   0.20677062520752298
0   0.095064201550286054
0   1.0384337000981503
0   2.5494870623128127
0   1.579966418223135
0   0.12729405791751713
0   1.0005976497709206
0   0.87200249274803454
0   1.0007236442859231
0   1.961976606480921
0   1.7109493446434469
0   0.079103997110796742
0   0.026833890494110335
0   1.000302421632083
0   1.0085678144324512
0   1.0008762920686323
0   1.004998570835739
0   0.9524619643749066
0   0.087844470040613798
0   1.006800340453655
0   1.0001093467344204
0   1.60367379368232
0   1.9686612455028571
0   0.025394831860785283
0   1.0002313075732767
0   0.28863358729743682
0   1.0000553716161427
0   1.01343661751753
0   1.9992616043731237
0   0.40197077592004016
0   1.0489221957882144
0   1.0000197332434086
0   1.9006684068174717
0   1.1516563833692468
0   1.9927280840328976
0   1.9199036647504566
0   2.8993023698337055

1   1.0101649255606127
1   1.1029741394073846
1   1.0110750061730276
1   1.9268050333862643
1   1.0166604640406014
1   1.9772071557042987
1   1.0205278519085297
1   1.13858651145413
1   1.9095797966981243
1   1.0473031749033299
1   1.1411495488344192
1   1.5208740685101279
1   1.9018178972813802
1   1.5946850100946341
1   2.1534448631385383
1   2.0745332213965937
1   1.4794394225154375
1   1.2129544776408021
1   1.4655366775112366
1   1.7527202714909738
1   2.2947793293222483
1   1.6778837067041716
1   1.2417836687292998
1   2.0901135745072841
1   1.8495804563136518
1   1.7383906329430698
1   1.1738456251424323
1   1.0447942836223374
1   1.0045575594899274
1   1.9977587551204361
1   1.0886943795310282
1   1.4860156177633896
1   1.490665206122203
1   1.6729128267783033
1   1.780995632706766
1   1.9160267088630425
1   1.5279758907134111
1   1.3589172866809558
1   1.5181626552911727
1   1.643687742761331
1   1.7152400417942495
1   1.2978456727927361
1   1.7499993155862432
1   1.89137716912599
1   1.0265032687806195
1   1.1397066091419676
1   1.5956821005004436
1   1.553436081935037
1   1.0558448484200968
1   1.9073184005957948
1   2.9128042410073642
1   1.0467773262650788
1   1.9373758397229026
1   1.4889649190760623
1   1.5112303112204786
1   1.7774410096819619
1   1.592589809645903
1   1.878625656323027
1   1.9649890750709065
1   1.1741861731379679
1   2.3895910799411708
1   1.0040518353965238
1   1.0643868395823475
1   1.5396940421789727
1   1.5728430272372771
1   1.0190790539265768
1   1.961746955108632
1   1.0055817832026293
1   1.0306242794869007
1   1.6263785141135045
1   1.4767183340196934
1   1.5473530602904217
1   1.2017963693591975
1   1.1357084973340645
1   1.3553968762488222
1   1.9693735866730782
1   1.9739604487082909
1   1.0584688285216259
1   1.0142530408824659
1   1.3014755936369151
1   1.7202365267815196
1   1.9993821997444932
1   2.3140273710572634
1   1.0034798947028241
1   1.3695800230150785
1   1.8267357677928557
1   1.0171484758782448
1   1.0080014674088797
1   1.0039322880731643
1   1.0116905054867813
1   1.9923257421619622
1   1.0379038797290945
1   1.013688185489759
1   1.9658789170150435
1   1.0333708769253362
1   1.0253741653285351
1   1.0971743874755231
1   1.6834447547273483
1   1.377272041477396
1   1.221581877346156
1   1.9332504938961979
1   1.1608000496250426
1   1.982916636271002
1   1.9114874583568557
1   2.9075321453739802

2   2.0000363647475394
2   2.0023997217330449
2   2.003269910121162
2   2.0063572285631017
2   2.017894068684106
2   2.9299666189706426
2   2.0039212019061914
2   2.0785609317008147
2   2.9115265316131915
2   2.008225842204765
2   2.0947509531080226
2   2.0590164297443381
2   2.0025794369712568
2   2.343640018419781
2   2.0008768704141198
2   2.0005047620612024
2   2.1542789965130154
2   2.5512559054041999
2   2.0236739253284619
2   2.0013436560107247
2   2.9290089584177657
2   2.0445815222203865
2   2.0009511746856634
2   2.0373597028588613
2   2.0000015422335249
2   2.9887881047915461
2   2.0001537482279494
2   2.0033749404345391
2   2.0000747319913081
2   2.000306953839202
2   2.0092374866759095
2   2.0002826897309891
2   2.9131051396130285
2   2.0001372427274875
2   2.1080385752780475
2   2.0000191637946556
2   2.0003851395355476
2   2.0016028603904257
2   2.0000144498156076
2   2.1078803328872948
2   2.0001074413308504
2   2.9190750369832896

3   3
3   2.9999999999999996
3   3
3   3
3   3
3   2.9999999999999996
3   3

