-2.5   2.5
-2.5   2.5000000000000004
-2.5   2.4999999999999996
-2.5   2.4999999999999996
-2.5   2.5
-2.5   2.5

-1.5   1.5023486972754716
-1.5   1.5125470881386969
-1.5   1.5415442737713856
-1.5   1.53146649837598
-1.5   2.3805555806077821
-1.5   1.6167785852843752
-1.5   2.3869132421188226
-1.5   1.6281892689231325
-1.5   1.5000986427024641
-1.5   1.5198317886112047
-1.5   1.5208588568066901
-1.5   1.531221898177912
-1.5   1.5061542641966739
-1.5   2.2330260405788374
-1.5   1.8025518167300887
-1.5   2.0433574365270495
-1.5   2.032094717663353
-1.5   1.5024561118227906
-1.5   1.5127752346314005
-1.5   1.5047843832398278
-1.5   1.5009367759181096
-1.5   1.6023198827524281
-1.5   2.4184129716953779
-1.5   1.5001120177625995
-1.5   1.5043914217282959
-1.5   1.5038829853883828
-1.5   1.5000605953793098
-1.5   1.6524909846872387
-1.5   1.5002103015000294
-1.5   2.3894753762685874

-0.5   0.59355945126275156
-0.5   0.56160021162119955
-0.5   1.4328044088158969
-0.5   1.4557921715833009
-0.5   0.58901788593853777
-0.5   0.68318412238296
-0.5   1.2098951308390533
-0.5   1.4147918088084288
-0.5   1.6177059719543974
-0.5   0.95638665602280448
-0.5   1.593628707065307
-0.5   1.2968393137377323
-0.5   1.0160788793743694
-0.5   1.5913789426687646
-0.5   1.93064715315024
-0.5   1.4843678426739357
-0.5   1.4597487104739668
-0.5   0.69048481272931883
-0.5   0.58086792213508165
-0.5   1.4529337186766409
-0.5   0.55986235561976905
-0.5   1.4886973663362444
-0.5   0.5984405035273237
-0.5   1.0219783930084962
-0.5   1.1533271850180526
-0.5   1.4578959704299745
-0.5   1.3315844880996566
-0.5   1.1299756030875114
-0.5   2.0675837822773033
-0.5   1.4404609234882173
-0.5   1.192466190234901
-0.5   2.3426412936303285
-0.5   0.71791831179444965
-0.5   1.4722764070111769
-0.5   0.54259570733776097
-0.5   1.496938971083726
-0.5   1.4749905703556532
-0.5   0.54064214551217926
-0.5   0.74519318006247848
-0.5   1.1238483988134764
-0.5   0.89270147286884383
-0.5   1.0557134181164201
-0.5   1.2887150684661028
-0.5   2.1949731523283926
-0.5   1.4436852640392472
-0.5   0.95715116786563015
-0.5   0.55286832751391524
-0.5   0.50604041824333423
-0.5   0.54103866847854354
-0.5   0.56036918758593601
-0.5   1.4249129921861885
-0.5   0.62579004061613452
-0.5   1.4557210255592232
-0.5   0.60104083380509254
-0.5   0.83572490638633434
-0.5   1.3697043915066356
-0.5   0.72513117122318094
-0.5   1.4958554658074805
-0.5   1.4172348692635908
-0.5   2.391497800134831

0.5   0.59355945126275378
0.5   0.56160021162119866
0.5   1.4328044088158967
0.5   1.4557921715832993
0.5   0.58901788593853799
0.5   0.68318412238295934
0.5   1.2098951308390531
0.5   1.4147918088084257
0.5   1.6177059719544107
0.5   0.95638665602280182
0.5   1.5936287070652893
0.5   1.2968393137377365
0.5   1.0160788793743729
0.5   1.5913789426687712
0.5   1.9306471531502343
0.5   1.4843678426739368
0.5   1.4597487104739701
0.5   0.69048481272931794
0.5   0.58086792213507943
0.5   1.4529337186766411
0.5   0.55986235561976816
0.5   1.4886973663362444
0.5   0.59844050352732303
0.5   1.0219783930084978
0.5   1.1533271850180518
0.5   1.4578959704299734
0.5   1.3315844880996588
0.5   1.1299756030875143
0.5   2.0675837822773024
0.5   1.4404609234882191
0.5   1.192466190234897
0.5   2.3426412936303271
0.5   0.71791831179444676
0.5   1.4722764070111785
0.5   0.54259570733776097
0.5   1.4969389710837238
0.5   1.474990570355653
0.5   0.54064214551217682
0.5   0.74519318006248869
0.5   1.123848398813472
0.5   0.8927014728688476
0.5   1.0557134181164225
0.5   1.2887150684660948
0.5   2.1949731523283864
0.5   1.4436852640392472
0.5   0.95715116786563792
0.5   0.55286832751391324
0.5   0.50604041824333379
0.5   0.54103866847854221
0.5   0.5603691875859389
0.5   1.4249129921861896
0.5   0.62579004061612675
0.5   1.4557210255592217
0.5   0.60104083380509077
0.5   0.83572490638633079
0.5   1.3697043915066345
0.5   0.72513117122316872
0.5   1.4958554658074861
0.5   1.4172348692635943
0.5   2.3914978001348346

1.5   1.5023486972754725
1.5   1.5125470881386978
1.5   1.5415442737713869
1.5   1.5314664983759809
1.5   2.3805555806077825
1.5   1.6167785852843743
1.5   2.3869132421188217
1.5   1.6281892689231334
1.5   1.5000986427024636
1.5   1.5198317886112052
1.5   1.5208588568066914
1.5   1.5312218981779124
1.5   1.5061542641966739
1.5   2.2330260405788365
1.5   1.8025518167300891
1.5   2.0433574365270517
1.5   2.0320947176633504
1.5   1.502456111822791
1.5   1.5127752346314005
1.5   1.5047843832398282
1.5   1.50093677591811
1.5   1.6023198827524294
1.5   2.4184129716953784
1.5   1.5001120177626004
1.5   1.5043914217282968
1.5   1.5038829853883837
1.5   1.5000605953793102
1.5   1.6524909846872404
1.5   1.5002103015000285
1.5   2.389475376268583

2.5   2.5
2.5   2.5000000000000004
2.5   2.4999999999999996
2.5   2.4999999999999996
2.5   2.5
2.5   2.5

