-2   2
-2   2
-2   2
-2   2
-2   2

-1   1.3045186698653586
-1   1.1139772479605712
-1   1.1421294456381426
-1   1.7268097483629217
-1   1.1109386067614424
-1   1.2492462816916463
-1   1.4121735748738922
-1   1.1789628742466611
-1   1.4706393531671116
-1   1.4250429077161377
-1   1.284627132819891
-1   1.361581395627252
-1   1.3035963970699045
-1   1.1042188349689639
-1   1.4771163324701868
-1   1.4410802034445624
-1   1.0329885049875456
-1   1.01838912998593
-1   1.0029580955437081
-1   1.667006806847434

0   0.84099109753255452
0   1.0000000000000007
0   0.023502931035310648
0   1.0000000000000007
0   1.4691284728055372
0   1
0   1
0   1.113366168954989
0   0.99999999999999978
0   1
0   1.0000000000000002
0   0.28900764101910292
0   1.3273154796582098
0   0.99999999999999933
0   1.7200801038652203
0   0.99999999999999933
0   1.4691284728055372
0   0.99999999999999978
0   1.0000000000000004
0   0.99999999999999978
0   0.22587509164759756
0   0.28900764101910081
0   1.0000000000000002
0   0.99999999999999978
0   0.95354632328396738
0   0.99999999999999933
0   0.062634613048140886
0   1.0000000000000016
0   0.99999999999999978
0   1.5858212680438544

1   1.3045186698653584
1   1.1139772479605705
1   1.1421294456381421
1   1.7268097483629203
1   1.1109386067614422
1   1.2492462816916461
1   1.4121735748738935
1   1.1789628742466618
1   1.4706393531671114
1   1.4250429077161382
1   1.2846271328198913
1   1.3615813956272509
1   1.3035963970699043
1   1.1042188349689637
1   1.4771163324701841
1   1.4410802034445609
1   1.0329885049875456
1   1.0183891299859296
1   1.0029580955437083
1   1.6670068068474344

2   2
2   2
2   2
2   2
2   2

