0   -31.1345   0.0292863   0.112972   1.07389e-06   0.248133   0.109607   0.109607   0.248133   1.07389e-06   0.112972   0.0292863   
1   -40.3437   0.015753   0.0378417   0.0892874   0.155142   0.201976   0.201976   0.155142   0.0892874   0.0378417   0.015753   
2   -40.9829   0.0146433   0.0375752   0.0917689   0.154769   0.201244   0.201244   0.154769   0.0917689   0.0375752   0.0146433   
3   -41.0617   0.0205678   0.0448854   0.101551   0.147086   0.18591   0.18591   0.147086   0.101551   0.0448854   0.0205678   
4   -40.9684   0.0200403   0.0478773   0.102583   0.148881   0.180619   0.180619   0.148881   0.102583   0.0478773   0.0200403   
5   -40.9684   0.0200403   0.0478773   0.102583   0.148881   0.180619   0.180619   0.148881   0.102583   0.0478773   0.0200403   
6   -41.0617   0.0205678   0.0448854   0.101551   0.147086   0.18591   0.18591   0.147086   0.101551   0.0448854   0.0205678   
7   -40.9829   0.0146433   0.0375752   0.0917689   0.154769   0.201244   0.201244   0.154769   0.0917689   0.0375752   0.0146433   
8   -40.3437   0.015753   0.0378417   0.0892874   0.155142   0.201976   0.201976   0.155142   0.0892874   0.0378417   0.015753   
9   -31.1345   0.0292863   0.112972   1.07389e-06   0.248133   0.109607   0.109607   0.248133   1.07389e-06   0.112972   0.0292863   
