-3.5   3.4999999999999996
-3.5   3.5
-3.5   3.4999999999999996
-3.5   3.4999999999999996
-3.5   3.4999999999999996
-3.5   3.5
-3.5   3.5
-3.5   3.4999999999999996

-2.5   2.5000598512655672
-2.5   2.5000814395802036
-2.5   2.5011893133282701
-2.5   2.5043704468188008
-2.5   2.5052215700788234
-2.5   2.552569339370748
-2.5   3.4261058237154209
-2.5   2.9170349722013675
-2.5   3.128370683705878
-2.5   2.5157753323218768
-2.5   2.5238294079681749
-2.5   2.5131544876757714
-2.5   2.5064730988002024
-2.5   2.5009161970213065
-2.5   2.5006278914720079
-2.5   2.5059420411486117
-2.5   3.0705184523020828
-2.5   2.5114910125739454
-2.5   3.0995214914219469
-2.5   2.5033734063968063
-2.5   2.5665253756263779
-2.5   2.698396069039064
-2.5   2.8766180788503295
-2.5   2.7688036667358968
-2.5   2.5029740403048986
-2.5   2.5699417877846922
-2.5   2.5117537005190873
-2.5   2.5002607149707567
-2.5   2.5019928272168648
-2.5   2.5000592782209834
-2.5   3.4779742520943633
-2.5   2.5003101377219807
-2.5   2.5146814905667494
-2.5   2.5025635720729817
-2.5   2.5006230712495254
-2.5   3.4931465736064808
-2.5   2.5000194172609218
-2.5   2.5011762683302869
-2.5   2.5000687901373566
-2.5   2.5051369842798121
-2.5   2.5000257515407851
-2.5   2.5003743666254903
-2.5   2.5007751126849511
-2.5   2.500066759659445
-2.5   2.5000598435287764
-2.5   2.6824167209458265
-2.5   3.3552996392858145
-2.5   2.5000265791558527
-2.5   2.5002416164769858
-2.5   2.5000425903853745
-2.5   2.5000363659350908
-2.5   2.5005847505772238
-2.5   2.5000170282267566
-2.5   2.5921853943181357
-2.5   2.5000701178363332
-2.5   3.4286266081214714

-1.5   1.5009812056159673
-1.5   1.5024331242295426
-1.5   1.628880623291276
-1.5   1.5092031451556842
-1.5   2.4065563207975655
-1.5   1.5355957416583963
-1.5   1.5068992721391625
-1.5   2.4603859057881659
-1.5   1.5056867062429826
-1.5   2.2768226886551517
-1.5   1.7762373500561663
-1.5   1.5311113993062344
-1.5   1.5153701529632295
-1.5   1.517742760982824
-1.5   1.5402527744139878
-1.5   2.4772841745859724
-1.5   1.6026587786076112
-1.5   1.8415446652740943
-1.5   2.1580858534407636
-1.5   2.0421326079247288
-1.5   1.8011998270325624
-1.5   1.8176669425078793
-1.5   1.5339125676863086
-1.5   3.3670767519133995
-1.5   1.6272545173648401
-1.5   2.7678006415286172
-1.5   2.2802239402299915
-1.5   2.0149115439816203
-1.5   2.4732893534712779
-1.5   2.2611909620091715
-1.5   1.701528693191789
-1.5   1.7515676452189308
-1.5   1.9455388176876993
-1.5   2.1980749440219793
-1.5   2.2276484115196125
-1.5   1.5967974367257756
-1.5   2.4390322315672481
-1.5   1.5436146142113087
-1.5   1.526841884649655
-1.5   1.5057319549595247
-1.5   1.5160017114524016
-1.5   2.4807912328038944
-1.5   1.5143607127595722
-1.5   1.5234913841311499
-1.5   2.4484916992200003
-1.5   1.5548775240418258
-1.5   2.4360298306060248
-1.5   1.5626827878060103
-1.5   1.5019444474325674
-1.5   1.5391180669523461
-1.5   1.5139995223907392
-1.5   1.9524621200673531
-1.5   1.9525194359862774
-1.5   1.5123081552262896
-1.5   1.9959325059978235
-1.5   1.9881301965308276
-1.5   2.0575906160147945
-1.5   2.0465693891540764
-1.5   2.3796395659780569
-1.5   2.0672056033339041
-1.5   2.1048698323953321
-1.5   2.1713139348638206
-1.5   2.6203768569455201
-1.5   2.4061120626720398
-1.5   1.848284210417253
-1.5   1.8655991732339303
-1.5   2.1077530047721731
-1.5   2.1878010993079804
-1.5   2.0663121997223288
-1.5   2.2206334659679525
-1.5   2.0447248885229139
-1.5   2.2994603278175436
-1.5   2.2486787130891099
-1.5   2.0103943514004681
-1.5   1.504744418696613
-1.5   1.5107659360198831
-1.5   1.5190183953065879
-1.5   1.5023690467092137
-1.5   1.5168994608036446
-1.5   1.5654350014492882
-1.5   2.3966708998470931
-1.5   2.2644658839295193
-1.5   1.6851302471388401
-1.5   1.824448795804388
-1.5   1.9584485800605411
-1.5   2.1749939510976359
-1.5   2.4336294303019357
-1.5   1.5050704960195138
-1.5   1.5131570960757532
-1.5   3.2793797671527294
-1.5   2.2527118482008603
-1.5   1.8509156957008148
-1.5   1.6460959581602506
-1.5   1.6960458990179856
-1.5   2.437632163800894
-1.5   1.5463906501386107
-1.5   2.3230608477686041
-1.5   1.7435334023801481
-1.5   2.4416582133815852
-1.5   1.547033553795659
-1.5   1.5134739857794952
-1.5   1.5819017364725543
-1.5   3.0235933586534567
-1.5   2.4193806509998637
-1.5   1.5096552645711623
-1.5   2.2452435704537055
-1.5   1.5193375783000431
-1.5   1.5169509022652004
-1.5   2.4650413019016244
-1.5   2.0697841268152088
-1.5   1.9399202931765238
-1.5   2.1108935870732255
-1.5   2.0212270085129256
-1.5   1.5908283044526144
-1.5   1.5021921003440721
-1.5   1.5078086659688239
-1.5   1.5039112450177212
-1.5   1.5046202060326914
-1.5   1.504777922386165
-1.5   1.7517532858288503
-1.5   1.7286703407053441
-1.5   1.5303597845921368
-1.5   2.3287509223907161
-1.5   2.2897757060989488
-1.5   1.5038651966219261
-1.5   1.5350782266076393
-1.5   2.1280399695578129
-1.5   2.1140001475669559
-1.5   1.9618915246625819
-1.5   1.9588450345385651
-1.5   1.5032404131881081
-1.5   1.5041453896998038
-1.5   1.5072248601643539
-1.5   1.9088087928368149
-1.5   1.9865731565554703
-1.5   1.8839580954979582
-1.5   1.5196875263616501
-1.5   1.967868555927681
-1.5   2.0956084687438228
-1.5   3.3793061299674054
-1.5   1.5013739368220076
-1.5   2.4898108021980403
-1.5   1.5829834661105497
-1.5   1.5082667512015986
-1.5   1.5015148366477109
-1.5   1.5123790533355557
-1.5   1.5047101012243753
-1.5   1.5664821375308486
-1.5   1.5026113649653285
-1.5   2.4432810802313489
-1.5   1.5049263024760053
-1.5   2.4942705364996747
-1.5   1.5015930638794943
-1.5   1.538549583354746
-1.5   1.5226155660627412
-1.5   1.5009692636232299
-1.5   1.5411832621742882
-1.5   2.3220405183618542
-1.5   1.7138807090491892
-1.5   1.6465040532125275
-1.5   1.9111846514331159
-1.5   2.0792823037338679
-1.5   1.6823311086994912
-1.5   2.4655988106199174
-1.5   1.6422100078044277
-1.5   2.4746912489867277
-1.5   2.4000313300026845
-1.5   3.403568695276288

-0.5   0.52297453325795518
-0.5   0.5876355549687855
-0.5   1.2943284739726915
-0.5   0.88957323588449433
-0.5   1.0000982887546197
-0.5   1.3003805782746956
-0.5   0.86835464482445412
-0.5   1.4248580290200592
-0.5   1.3320498562956058
-0.5   2.3683794782125371
-0.5   1.2913610029033773
-0.5   0.87888359058109389
-0.5   1.4862006830300785
-0.5   2.4457681035427812
-0.5   0.58503283305367981
-0.5   1.48412101872941
-0.5   0.61481893271871901
-0.5   1.3769702532051309
-0.5   0.53624177379609028
-0.5   2.0593053766617344
-0.5   1.4294204177679075
-0.5   1.3493775976304228
-0.5   0.55182882845055814
-0.5   0.82343643076636552
-0.5   1.4890066196960279
-0.5   1.2444446609758659
-0.5   1.1583617139647961
-0.5   1.3140459254582237
-0.5   0.55739285166255348
-0.5   1.9838821520526437
-0.5   1.4382305380633289
-0.5   1.7465434812719622
-0.5   0.78197958622914432
-0.5   1.7738031648879113
-0.5   2.0504487185031275
-0.5   2.0040248735118347
-0.5   1.2131040915371893
-0.5   1.6040283104411115
-0.5   2.0697136062027646
-0.5   1.5525267317308336
-0.5   2.3714982499580421
-0.5   1.4754105179621657
-0.5   1.4244391724693546
-0.5   1.9891988030603769
-0.5   1.0298149967770092
-0.5   2.9252638984733119
-0.5   1.999793676870409
-0.5   1.7952627338068488
-0.5   1.8973353088946858
-0.5   1.6836767562920874
-0.5   1.3064095413401391
-0.5   1.6404294141808657
-0.5   1.5577267350851085
-0.5   1.5262066869466153
-0.5   1.6482516050596736
-0.5   1.4428881606651378
-0.5   1.7689215351538405
-0.5   1.5255531341363251
-0.5   1.7843574537224201
-0.5   1.0957301605189833
-0.5   2.3878684474775165
-0.5   0.6432158760607638
-0.5   1.4323320551913492
-0.5   0.92121237692663027
-0.5   0.65151654428537653
-0.5   1.2607616228504157
-0.5   0.72654051715062473
-0.5   1.467982709589936
-0.5   1.3966316767258156
-0.5   1.7163954933254977
-0.5   1.4364924378624471
-0.5   0.59501719017057031
-0.5   1.7691916664521234
-0.5   1.4346876204542962
-0.5   1.9694616294136811
-0.5   1.3945254445653359
-0.5   1.6170968640614842
-0.5   1.0135762239787931
-0.5   2.1979923485165815
-0.5   1.1783632259813344
-0.5   1.0185966100967501
-0.5   1.0765773574264239
-0.5   1.2968993764928978
-0.5   1.4863649219769255
-0.5   0.58861592306045885
-0.5   1.249995167350284
-0.5   0.70748146310455073
-0.5   0.96061313824954575
-0.5   1.5000624577201518
-0.5   1.4992513270810499
-0.5   1.4042020583043433
-0.5   1.4542296236293504
-0.5   1.4682424615946612
-0.5   0.651102672122295
-0.5   1.8529131264582244
-0.5   1.8875779620480291
-0.5   1.2320218625780905
-0.5   2.0959650113612018
-0.5   1.5033122255274223
-0.5   1.8214726812954294
-0.5   1.7326670004198292
-0.5   1.6797844429511191
-0.5   1.8760477005588734
-0.5   1.734037076372875
-0.5   1.5797653948676049
-0.5   1.9147164742243534
-0.5   1.9749779869768895
-0.5   1.6671191121031685
-0.5   1.7795069080513342
-0.5   2.1810881350629399
-0.5   2.0490839618753607
-0.5   1.508544623893759
-0.5   1.6605585391637319
-0.5   1.6457720706172911
-0.5   1.4224714900776554
-0.5   1.4511141737701854
-0.5   2.1293368800449648
-0.5   1.9818483465002834
-0.5   2.1969576340071164
-0.5   2.1915392435422167
-0.5   1.8128476846133332
-0.5   0.53667940373638512
-0.5   0.56223505409237173
-0.5   1.2281299305817581
-0.5   0.92653793145939334
-0.5   1.4930315000706282
-0.5   0.54196116390595717
-0.5   0.70224588052507841
-0.5   1.4033805895951246
-0.5   1.4851070038074954
-0.5   1.4976856777735827
-0.5   1.6359002833433802
-0.5   1.4597896745751269
-0.5   1.9227720989247152
-0.5   1.1940497958197978
-0.5   1.2036034392365871
-0.5   2.4272524989977833
-0.5   1.4877210710725606
-0.5   1.2214157076244803
-0.5   1.3699237788030423
-0.5   2.337531345428272
-0.5   2.1577382895748234
-0.5   1.4940766747340204
-0.5   0.9341476901011514
-0.5   1.4861998922773152
-0.5   1.5660288428639508
-0.5   1.4124203682893648
-0.5   3.0040240006811962
-0.5   1.1541289171287858
-0.5   1.4884587416324113
-0.5   2.0532403827865733
-0.5   1.4332864523740334
-0.5   1.4435699097516168
-0.5   0.98519200060183598
-0.5   2.0467159757446454
-0.5   0.71745050306133562
-0.5   1.4470199329018878
-0.5   1.179407036248544
-0.5   1.0316198687187317
-0.5   2.3205395363744121
-0.5   1.0320815559508616
-0.5   2.3143021948268965
-0.5   0.74957713825018235
-0.5   1.4816634583985597
-0.5   1.4530729462647702
-0.5   0.70865061486156722
-0.5   1.9122647896066587
-0.5   1.9439965825966263
-0.5   0.79534679603586245
-0.5   1.4020159931442007
-0.5   2.9849289441439844
-0.5   1.5882060497205241
-0.5   1.6184213628460045
-0.5   1.4839230186779844
-0.5   1.1811447031126319
-0.5   1.411739482381611
-0.5   2.3612194480612665
-0.5   0.98891854405666768
-0.5   1.9161923268740679
-0.5   1.7983608206229911
-0.5   1.0441129707649306
-0.5   1.8921393475541266
-0.5   1.7338254768060994
-0.5   0.83171898470973549
-0.5   0.81851491278388511
-0.5   1.4739225262386177
-0.5   0.53032596216531713
-0.5   0.75453891585989896
-0.5   1.4913968360843068
-0.5   1.3830748921681841
-0.5   1.4959117860812476
-0.5   0.54565215274617329
-0.5   0.53598578026512667
-0.5   1.329662836689905
-0.5   1.4650316480604211
-0.5   0.80356571859019876
-0.5   0.58441127531398318
-0.5   1.6525976072068067
-0.5   1.9303469128529329
-0.5   1.7320502527044113
-0.5   2.1343657533995724
-0.5   2.1822474507862073
-0.5   1.4501852769812267
-0.5   0.56730195704865349
-0.5   0.57009946399500921
-0.5   0.59857032084922568
-0.5   1.4814849234712533
-0.5   0.51818179864463043
-0.5   0.67936088409599527
-0.5   1.522818296242392
-0.5   1.867672951169185
-0.5   2.3272681875426282
-0.5   1.5231478011263491
-0.5   1.5009031156210835
-0.5   1.4635429009737608
-0.5   0.81691051049135943
-0.5   1.4243098702619799
-0.5   0.97016371989320427
-0.5   0.62001943399061266
-0.5   1.251350132774967
-0.5   0.50713682871042276
-0.5   0.5164384011588381
-0.5   0.53411304146405336
-0.5   0.55095791528063898
-0.5   1.0061307379129698
-0.5   0.98412555791928669
-0.5   1.1823467769629341
-0.5   1.9013097920180577
-0.5   2.4139984859506054
-0.5   1.7747515080459437
-0.5   2.3197520917395518
-0.5   1.6353615790200542
-0.5   2.7805256820055337
-0.5   0.75070524516486548
-0.5   1.8424022249222474
-0.5   1.5136967244855666
-0.5   1.0636561719464408
-0.5   1.4497805963712642
-0.5   1.5261822234321851
-0.5   0.90858233121783227
-0.5   1.2679004470079815
-0.5   0.56592331519239569
-0.5   1.4731448528431135
-0.5   0.7365976869079669
-0.5   1.0750815386900279
-0.5   0.51844930584038451
-0.5   1.173881149655599
-0.5   0.92520770312343648
-0.5   1.3680317073253359
-0.5   1.4231461102861365
-0.5   1.4929809418464335
-0.5   2.2957712562913386
-0.5   0.89302875046684882
-0.5   1.4702513988548043
-0.5   2.3909783724694202
-0.5   0.51826242094673103
-0.5   0.56146536114567036
-0.5   1.4838740464269564
-0.5   0.58366867312654813
-0.5   0.54461815865453467
-0.5   0.70600680714121222
-0.5   1.4988309782877525
-0.5   1.4310138830149757
-0.5   1.4239766897957491
-0.5   0.59354508256974614
-0.5   2.3125193384720037
-0.5   1.4991088913892223
-0.5   1.0761265314553765
-0.5   0.77870542096033257
-0.5   1.5034748966437581
-0.5   1.431905100562443
-0.5   2.4129502562703165
-0.5   0.84873906090199736
-0.5   1.5980098431682026
-0.5   1.5145296516224085
-0.5   2.395722344723592
-0.5   1.5859224784993899
-0.5   2.4771223712770429
-0.5   2.3909445097757649
-0.5   3.3924866861268135

0.5   0.52297453325797161
0.5   0.58763555496878661
0.5   1.2943284739726877
0.5   0.88957323588437642
0.5   1.0000982887546364
0.5   1.3003805782746725
0.5   0.8683546448245596
0.5   1.4248580290200805
0.5   1.332049856295608
0.5   2.3683794782125309
0.5   1.2913610029034608
0.5   0.87888359058100574
0.5   1.4862006830300853
0.5   2.4457681035427759
0.5   0.5850328330536505
0.5   1.4841210187294125
0.5   0.61481893271872678
0.5   1.3769702532051755
0.5   0.53624177379609583
0.5   2.0593053766617015
0.5   1.4294204177679082
0.5   1.3493775976304001
0.5   0.55182882845056658
0.5   0.82343643076637485
0.5   1.4890066196960277
0.5   1.244444660976125
0.5   1.1583617139645659
0.5   1.3140459254581769
0.5   0.55739285166258568
0.5   1.9838821520526015
0.5   1.4382305380633347
0.5   1.74654348127198
0.5   0.78197958622911101
0.5   1.7738031648878239
0.5   2.0504487185032172
0.5   2.0040248735118862
0.5   1.2131040915371512
0.5   1.6040283104411683
0.5   2.0697136062027326
0.5   1.5525267317308238
0.5   2.3714982499581447
0.5   1.4754105179621637
0.5   1.4244391724691765
0.5   1.9891988030603693
0.5   1.0298149967769681
0.5   2.9252638984732946
0.5   1.9997936768703646
0.5   1.7952627338069438
0.5   1.8973353088947911
0.5   1.6836767562920238
0.5   1.3064095413401648
0.5   1.640429414180836
0.5   1.5577267350851161
0.5   1.5262066869465718
0.5   1.6482516050596274
0.5   1.4428881606647954
0.5   1.7689215351538365
0.5   1.5255531341365005
0.5   1.7843574537225817
0.5   1.0957301605190062
0.5   2.3878684474775254
0.5   0.64321587606078312
0.5   1.4323320551912671
0.5   0.92121237692662472
0.5   0.65151654428550532
0.5   1.2607616228503842
0.5   0.72654051715070977
0.5   1.4679827095898967
0.5   1.396631676725808
0.5   1.7163954933254537
0.5   1.4364924378624366
0.5   0.59501719017057408
0.5   1.7691916664521612
0.5   1.4346876204542827
0.5   1.9694616294138347
0.5   1.3945254445653494
0.5   1.6170968640613177
0.5   1.0135762239787907
0.5   2.1979923485166064
0.5   1.1783632259813368
0.5   1.0185966100967039
0.5   1.0765773574263906
0.5   1.29689937649293
0.5   1.4863649219769282
0.5   0.58861592306045729
0.5   1.249995167350282
0.5   0.70748146310455629
0.5   0.96061313824954642
0.5   1.5000624577201513
0.5   1.499251327081039
0.5   1.4042020583043393
0.5   1.4542296236293524
0.5   1.4682424615946568
0.5   0.65110267212228412
0.5   1.8529131264582372
0.5   1.8875779620480264
0.5   1.2320218625780783
0.5   2.095965011361212
0.5   1.5033122255274312
0.5   1.8214726812954756
0.5   1.7326670004198244
0.5   1.6797844429511182
0.5   1.8760477005588556
0.5   1.7340370763729189
0.5   1.579765394867628
0.5   1.9147164742243152
0.5   1.9749779869768762
0.5   1.667119112103153
0.5   1.7795069080513732
0.5   2.1810881350628968
0.5   2.0490839618753793
0.5   1.5085446238937386
0.5   1.6605585391636919
0.5   1.6457720706173049
0.5   1.4224714900776319
0.5   1.4511141737702662
0.5   2.1293368800450505
0.5   1.9818483465002221
0.5   2.1969576340070542
0.5   2.1915392435422119
0.5   1.8128476846133599
0.5   0.53667940373638534
0.5   0.56223505409236996
0.5   1.228129930581688
0.5   0.92653793145947438
0.5   1.493031500070626
0.5   0.54196116390595717
0.5   0.70224588052496317
0.5   1.4033805895951965
0.5   1.4851070038074972
0.5   1.4976856777735814
0.5   1.6359002833433633
0.5   1.4597896745751284
0.5   1.9227720989247286
0.5   1.1940497958198002
0.5   1.203603439236576
0.5   2.4272524989977828
0.5   1.4877210710725648
0.5   1.2214157076244878
0.5   1.3699237788030432
0.5   2.3375313454282707
0.5   2.1577382895748163
0.5   1.4940766747340215
0.5   0.93414769010114873
0.5   1.4861998922773121
0.5   1.5660288428639979
0.5   1.4124203682893584
0.5   3.0040240006811754
0.5   1.1541289171287654
0.5   1.4884587416324075
0.5   2.0532403827865706
0.5   1.4332864523740407
0.5   1.443569909751617
0.5   0.98519200060182777
0.5   2.0467159757446374
0.5   0.71745050306134561
0.5   1.4470199329018907
0.5   1.1794070362485594
0.5   1.031619868718737
0.5   2.320539536374405
0.5   1.032081555950858
0.5   2.3143021948268965
0.5   0.74957713825018657
0.5   1.4816634583985591
0.5   1.4530729462647636
0.5   0.70865061486156078
0.5   1.9122647896066538
0.5   1.9439965825966201
0.5   0.79534679603583269
0.5   1.402015993144202
0.5   2.9849289441440114
0.5   1.588206049720537
0.5   1.6184213628459934
0.5   1.4839230186779853
0.5   1.1811447031126414
0.5   1.411739482381605
0.5   2.3612194480612607
0.5   0.98891854405649848
0.5   1.9161923268740293
0.5   1.7983608206230972
0.5   1.0441129707649976
0.5   1.8921393475541421
0.5   1.7338254768060968
0.5   0.83171898470974903
0.5   0.81851491278389132
0.5   1.4739225262386069
0.5   0.53032596216531847
0.5   0.75453891585987809
0.5   1.4913968360843033
0.5   1.3830748921682003
0.5   1.4959117860812499
0.5   0.54565215274617529
0.5   0.53598578026510579
0.5   1.3296628366898835
0.5   1.465031648060424
0.5   0.80356571859024584
0.5   0.58441127531396986
0.5   1.6525976072067774
0.5   1.9303469128528277
0.5   1.7320502527043877
0.5   2.1343657533996736
0.5   2.1822474507862495
0.5   1.4501852769812338
0.5   0.56730195704865793
0.5   0.57009946399500788
0.5   0.5985703208492128
0.5   1.4814849234712544
0.5   0.51818179864463509
0.5   0.67936088409593953
0.5   1.5228182962439636
0.5   1.8676729511678594
0.5   2.3272681875426562
0.5   1.5231478011263264
0.5   1.5009031156210746
0.5   1.4635429009737486
0.5   0.81691051049138474
0.5   1.4243098702619548
0.5   0.97016371989321915
0.5   0.62001943399062576
0.5   1.2513501327749654
0.5   0.50713682871042121
0.5   0.516438401158827
0.5   0.53411304146405669
0.5   0.55095791528066607
0.5   1.0061307379128859
0.5   0.98412555791949208
0.5   1.1823467769630029
0.5   1.9013097920178956
0.5   2.4139984859506178
0.5   1.774751508045938
0.5   2.3197520917395758
0.5   1.6353615790200831
0.5   2.7805256820054884
0.5   0.75070524516495363
0.5   1.8424022249224992
0.5   1.513696724485512
0.5   1.0636561719460691
0.5   1.4497805963712218
0.5   1.5261822234322362
0.5   0.9085823312179353
0.5   1.2679004470079447
0.5   0.56592331519240791
0.5   1.4731448528431212
0.5   0.73659768690792271
0.5   1.0750815386900245
0.5   0.51844930584039073
0.5   1.1738811496555943
0.5   0.92520770312338874
0.5   1.368031707325372
0.5   1.4231461102861529
0.5   1.4929809418464197
0.5   2.2957712562913741
0.5   0.89302875046679819
0.5   1.4702513988548107
0.5   2.3909783724694496
0.5   0.51826242094672414
0.5   0.56146536114567414
0.5   1.4838740464269533
0.5   0.58366867312651216
0.5   0.54461815865461505
0.5   0.70600680714123398
0.5   1.4988309782877425
0.5   1.4310138830149626
0.5   1.4239766897957284
0.5   0.59354508256975214
0.5   2.3125193384720859
0.5   1.499108891389221
0.5   1.0761265314551909
0.5   0.77870542096030682
0.5   1.5034748966437883
0.5   1.4319051005623913
0.5   2.4129502562702729
0.5   0.84873906090195961
0.5   1.5980098431683394
0.5   1.5145296516224849
0.5   2.3957223447235458
0.5   1.5859224784993735
0.5   2.4771223712770327
0.5   2.3909445097757875
0.5   3.3924866861268232

1.5   1.5009812056159699
1.5   1.5024331242295452
1.5   1.6288806232912569
1.5   1.5092031451556851
1.5   2.4065563207975829
1.5   1.5355957416584007
1.5   1.5068992721391616
1.5   2.4603859057881596
1.5   1.5056867062429773
1.5   2.2768226886550069
1.5   1.7762373500563347
1.5   1.5311113993062366
1.5   1.5153701529632313
1.5   1.5177427609828236
1.5   1.5402527744139909
1.5   2.4772841745859715
1.5   1.602658778607609
1.5   1.8415446652741205
1.5   2.1580858534407699
1.5   2.0421326079247315
1.5   1.8011998270325367
1.5   1.81766694250787
1.5   1.5339125676863126
1.5   3.3670767519133871
1.5   1.6272545173648258
1.5   2.7678006415285958
1.5   2.2802239402299977
1.5   2.0149115439816478
1.5   2.4732893534713201
1.5   2.2611909620091439
1.5   1.7015286931917948
1.5   1.7515676452189402
1.5   1.9455388176876398
1.5   2.1980749440219949
1.5   2.2276484115196413
1.5   1.5967974367257645
1.5   2.439032231567233
1.5   1.5436146142113105
1.5   1.526841884649659
1.5   1.5057319549595238
1.5   1.5160017114524011
1.5   2.4807912328038921
1.5   1.5143607127595717
1.5   1.5234913841311504
1.5   2.4484916992199954
1.5   1.5548775240418387
1.5   2.4360298306060133
1.5   1.5626827878060174
1.5   1.5019444474325669
1.5   1.539118066952347
1.5   1.5139995223907423
1.5   1.9524621200673509
1.5   1.9525194359862703
1.5   1.5123081552262847
1.5   1.9959325059978235
1.5   1.9881301965308298
1.5   2.0575906160147874
1.5   2.0465693891540693
1.5   2.3796395659779885
1.5   2.0672056033339228
1.5   2.104869832395353
1.5   2.1713139348638077
1.5   2.6203768569455481
1.5   2.4061120626720571
1.5   1.8482842104172557
1.5   1.8655991732338881
1.5   2.1077530047721837
1.5   2.1878010993079977
1.5   2.0663121997224319
1.5   2.2206334659679943
1.5   2.0447248885227607
1.5   2.2994603278175445
1.5   2.2486787130891144
1.5   2.0103943514004738
1.5   1.504744418696613
1.5   1.5107659360198822
1.5   1.5190183953065892
1.5   1.5023690467092137
1.5   1.5168994608036441
1.5   1.5654350014492913
1.5   2.3966708998470945
1.5   2.2644658839295162
1.5   1.6851302471388445
1.5   1.8244487958043885
1.5   1.9584485800605336
1.5   2.1749939510976395
1.5   2.4336294303019423
1.5   1.5050704960195147
1.5   1.513157096075751
1.5   3.2793797671527369
1.5   2.2527118482008617
1.5   1.8509156957007904
1.5   1.6460959581602488
1.5   1.6960458990179856
1.5   2.4376321638008949
1.5   1.5463906501386111
1.5   2.3230608477686023
1.5   1.7435334023801485
1.5   2.4416582133815807
1.5   1.5470335537956594
1.5   1.5134739857794934
1.5   1.5819017364725605
1.5   3.023593358653486
1.5   2.4193806509998619
1.5   1.5096552645711654
1.5   2.2452435704536757
1.5   1.5193375783000458
1.5   1.5169509022652004
1.5   2.4650413019016253
1.5   2.0697841268152222
1.5   1.9399202931764763
1.5   2.1108935870732779
1.5   2.0212270085129127
1.5   1.5908283044526144
1.5   1.5021921003440717
1.5   1.5078086659688221
1.5   1.5039112450177194
1.5   1.5046202060326941
1.5   1.5047779223861659
1.5   1.7517532858288445
1.5   1.7286703407053139
1.5   1.5303597845921435
1.5   2.3287509223907437
1.5   2.2897757060989492
1.5   1.5038651966219287
1.5   1.5350782266076237
1.5   2.1280399695578005
1.5   2.1140001475669465
1.5   1.9618915246625996
1.5   1.9588450345385904
1.5   1.5032404131881067
1.5   1.5041453896998038
1.5   1.5072248601643525
1.5   1.9088087928368078
1.5   1.9865731565554841
1.5   1.8839580954979662
1.5   1.5196875263615244
1.5   1.9678685559276685
1.5   2.0956084687439143
1.5   3.3793061299674183
1.5   1.5013739368220098
1.5   2.4898108021980434
1.5   1.5829834661105511
1.5   1.5082667512015884
1.5   1.5015148366477118
1.5   1.5123790533355534
1.5   1.5047101012243762
1.5   1.566482137530838
1.5   1.5026113649653312
1.5   2.4432810802313591
1.5   1.5049263024760062
1.5   2.4942705364996716
1.5   1.501593063879497
1.5   1.5385495833547584
1.5   1.5226155660627465
1.5   1.5009692636232272
1.5   1.5411832621742714
1.5   2.3220405183618915
1.5   1.7138807090491288
1.5   1.6465040532125284
1.5   1.9111846514332154
1.5   2.0792823037337742
1.5   1.6823311086994486
1.5   2.4655988106199516
1.5   1.6422100078045014
1.5   2.4746912489866641
1.5   2.4000313300026854
1.5   3.403568695276304

2.5   2.5000598512655658
2.5   2.5000814395802036
2.5   2.5011893133282692
2.5   2.5043704468188008
2.5   2.5052215700788225
2.5   2.5525693393707427
2.5   3.4261058237154258
2.5   2.9170349722013342
2.5   3.1283706837059047
2.5   2.5157753323218834
2.5   2.5238294079681687
2.5   2.5131544876757737
2.5   2.5064730988002051
2.5   2.5009161970213065
2.5   2.5006278914720084
2.5   2.5059420411486117
2.5   3.070518452302085
2.5   2.511491012573948
2.5   3.0995214914219438
2.5   2.5033734063968063
2.5   2.5665253756263748
2.5   2.6983960690390689
2.5   2.8766180788503322
2.5   2.7688036667358906
2.5   2.5029740403049003
2.5   2.5699417877846877
2.5   2.5117537005190869
2.5   2.500260714970755
2.5   2.5019928272168639
2.5   2.500059278220983
2.5   3.4779742520943615
2.5   2.5003101377219799
2.5   2.5146814905667489
2.5   2.5025635720729822
2.5   2.5006230712495263
2.5   3.4931465736064813
2.5   2.5000194172609218
2.5   2.5011762683302856
2.5   2.5000687901373566
2.5   2.5051369842798108
2.5   2.5000257515407851
2.5   2.5003743666254907
2.5   2.5007751126849516
2.5   2.5000667596594455
2.5   2.500059843528776
2.5   2.6824167209458123
2.5   3.3552996392858274
2.5   2.5000265791558518
2.5   2.5002416164769845
2.5   2.5000425903853731
2.5   2.5000363659350908
2.5   2.5005847505772216
2.5   2.5000170282267571
2.5   2.5921853943181588
2.5   2.5000701178363318
2.5   3.4286266081214514

3.5   3.4999999999999996
3.5   3.5
3.5   3.4999999999999996
3.5   3.4999999999999996
3.5   3.4999999999999996
3.5   3.5
3.5   3.5
3.5   3.4999999999999996

