-2   2
-2   2
-2   1.9999999999999996
-2   2
-2   2

-1   1.0067736352971426
-1   1.0038273765353765
-1   1.0332039307241125
-1   1.9720108112212205
-1   1.9872558582632909
-1   1.0049222777223836
-1   1.0166577084430557
-1   1.0004842929933089
-1   1.0624046184836047
-1   1.9558402596092876
-1   1.0027230039239152
-1   1.0092458835494207
-1   1.9663954021589776
-1   1.0004422312638401
-1   1.0523458669430381
-1   1.0019956199537141
-1   1.0002254589764883
-1   1.0244694972468706
-1   1.0000334888917637
-1   1.984029634121554

0   0.014625739613835509
0   1.0000000000000007
0   1
0   0.99999999999999978
0   0.11806608552418274
0   1.5605839527414158
0   0.99999999999999956
0   1.9422381660347301
0   1.0000000000000002
0   0.99999999999999978
0   0.13616711549831673
0   1.0000000000000002
0   0.0039779496213731003
0   0.99999999999999978
0   1.9962328224775412
0   0.99999999999999911
0   1.0000000000000011
0   1.5605839527414185
0   0.99999999999999845
0   1.0000000000000009
0   1.0000000000000007
0   0.0018405586590761747
0   0.0039779496213729892
0   1.000000000000002
0   0.010160214276777602
0   0.99999999999999845
0   0.095982373696268386
0   0.99999999999999845
0   1.0000000000000002
0   1.976981655010102

1   1.0067736352971426
1   1.0038273765353762
1   1.0332039307241125
1   1.97201081122122
1   1.9872558582632904
1   1.0049222777223836
1   1.0166577084430581
1   1.0004842929933089
1   1.0624046184836027
1   1.9558402596092881
1   1.0027230039239148
1   1.0092458835494205
1   1.9663954021589776
1   1.0004422312638397
1   1.0523458669430377
1   1.0019956199537137
1   1.0002254589764887
1   1.0244694972468698
1   1.0000334888917641
1   1.9840296341215562

2   2
2   2
2   1.9999999999999996
2   2
2   2

