-4   3.9999999999999991
-4   3.9999999999999991
-4   4
-4   4
-4   4
-4   4
-4   4
-4   4
-4   4

-3   3.0000232396195683
-3   3.0000359040893705
-3   3.0003364969382891
-3   3.0009795189200026
-3   3.0001433625316567
-3   3.0207084251568697
-3   3.0071819974667022
-3   3.8754934815013602
-3   3.0004139144475417
-3   3.1327047692426975
-3   3.8725636075699823
-3   3.1454723011638039
-3   3.001025332576686
-3   3.000127774734521
-3   3.0046286862142395
-3   3.0003241000406513
-3   3.0019125444565873
-3   3.0001487881473135
-3   3.8040637287604842
-3   3.0005625055235767
-3   3.0202428347962251
-3   3.173479212920034
-3   3.00324500956288
-3   3.0442156899422788
-3   3.0081931119421981
-3   3.0015618581754988
-3   3.7668219314419993
-3   3.0002538522384716
-3   3.2676714959852129
-3   3.0000873142979421
-3   3.0028141710036782
-3   3.0000442252516852
-3   3.0015652116260227
-3   3.0027587841794907
-3   3.3051706426747733
-3   3.0022871535938433
-3   3.1422554753550962
-3   3.6099684085582346
-3   3.0048741014915934
-3   3.0052500555577768
-3   3.0655786392001039
-3   3.0080448314931219
-3   3.9401031413623304
-3   3.0000665805983866
-3   3.0001272579522924
-3   3.0001772535876845
-3   3.0010559789959883
-3   3.0000742153861792
-3   3.0000106583066781
-3   3.782215360524857
-3   3.0000333838016835
-3   3.2605508643606615
-3   3.0000104657069815
-3   3.0017187082171959
-3   3.0001117449086565
-3   3.0001412057495171
-3   3.0000049377278466
-3   3.0000209502362072
-3   3.028324074250937
-3   3.0000106923822289
-3   3.9364783678514117
-3   3.0000604659475671
-3   3.0520021068559839
-3   3.0000267431805159
-3   3.0000339677277053
-3   3.0001741322471323
-3   3.0000244528766653
-3   3.0000624970698544
-3   3.0000160939740277
-3   3.0972577755413111
-3   3.0000644974467816
-3   3.9223770763033654

-2   2.0002805780610426
-2   2.0004492064445043
-2   2.0009937450089601
-2   2.1412656114872246
-2   2.0092188245871392
-2   2.8912140618621485
-2   2.0030418212303029
-2   2.1115856280266447
-2   2.0039277373379014
-2   2.9067363432791256
-2   2.0012677978637381
-2   2.0033586709485811
-2   2.8766130017530043
-2   2.1407766685439977
-2   2.0208693134047579
-2   2.0105543881021779
-2   2.0154482664656168
-2   2.0190350412155111
-2   2.0156365721913234
-2   2.8783769764398808
-2   2.1399669875191276
-2   2.0035788130838901
-2   2.0887146141747732
-2   2.9622087263175279
-2   2.7226656680660146
-2   2.7292543779147178
-2   2.031073915982978
-2   2.2973669989986658
-2   2.2416704795565789
-2   2.4410576263339898
-2   2.7100227146436002
-2   2.1121045964557581
-2   3.0571959365751269
-2   2.568546890890834
-2   2.3346776667993887
-2   2.119889720991472
-2   2.8678685848265353
-2   2.470215850508334
-2   2.3001884207366636
-2   3.2447829195489168
-2   2.3667361066486703
-2   2.5629417144885642
-2   3.0561404671150423
-2   2.3235871841504827
-2   2.3786716806555654
-2   2.3296222549880743
-2   2.2391280950731778
-2   2.5896837110972766
-2   2.2233608188138483
-2   2.1208065909198535
-2   2.5015234233869248
-2   2.3978403913056994
-2   2.0117768620418461
-2   2.001985906099887
-2   2.0081326976580374
-2   2.0075182170483226
-2   2.0542694447318874
-2   2.106127164373357
-2   2.9150019406672647
-2   2.5828536919237988
-2   2.3742162562205933
-2   2.9623556864853309
-2   2.0841668834074984
-2   2.0705662613759435
-2   2.1124941566653104
-2   2.0221336897871827
-2   2.3154232354022009
-2   2.5198062717338181
-2   2.0489027185520143
-2   3.0343756374374187
-2   2.390682494688209
-2   2.0902749008739585
-2   3.2663929135951228
-2   2.5283106529759771
-2   2.9284008437416937
-2   2.1186728285271332
-2   2.6984402192229742
-2   2.0466595657432269
-2   2.0809186233474186
-2   2.0567347857092946
-2   2.0992541327167116
-2   2.7275079978954335
-2   2.301406979651222
-2   2.2633021731687366
-2   2.2505521523820873
-2   2.1956643698826577
-2   2.0641883252583737
-2   2.7541372662833612
-2   2.4467230263110613
-2   2.0171012755474247
-2   2.4404747650369329
-2   2.0647067218827315
-2   2.6716856568457321
-2   2.6847895128323631
-2   2.708845250357689
-2   2.7048072729035915
-2   2.9850858702222864
-2   2.379439989382496
-2   2.6632404711101656
-2   2.7006531411994845
-2   2.0594172424815382
-2   2.0027603558626419
-2   2.0250338896644342
-2   2.0284692220598903
-2   2.075064101930657
-2   2.2751471101187066
-2   2.1403217992098358
-2   2.3171040805515379
-2   2.4814130122631015
-2   2.8146323191859799
-2   2.031411122672266
-2   2.0057840049658893
-2   2.9835279177511045
-2   2.0143195661066402
-2   2.0073663242503734
-2   2.0038760624980889
-2   2.0133264237249096
-2   2.027666569226882
-2   2.061828599062896
-2   2.1526901740773172
-2   2.5126942050603174
-2   2.3575251004590498
-2   2.1433088053856379
-2   2.4309485776939841
-2   2.0865029751773405
-2   2.7464121443935512
-2   2.65716364361547
-2   3.2664821886086868
-2   2.8413836416625191
-2   2.3046362260919677
-2   3.2346661618113952
-2   2.6806639176430243
-2   2.2901122340385784
-2   2.2811918746850135
-2   2.6903081662464032
-2   2.3546958665721438
-2   2.4122956904688544
-2   2.3167001604944257
-2   2.7322899255223225
-2   2.592756340557326
-2   3.7563161270088798
-2   2.016833991093741
-2   2.0025784778797857
-2   2.0338788867690987
-2   2.0027511646872163
-2   2.4564639934846282
-2   2.5123325536899772
-2   2.053707650138815
-2   2.2033383011772099
-2   2.1233135056630745
-2   2.7836293128386873
-2   2.0211513090598126
-2   2.0008783934138648
-2   2.926141357125172
-2   2.6653197612963275
-2   2.4108124919646401
-2   2.0916700826049972
-2   2.0042293907339594
-2   2.992614277853054
-2   2.0081726434727547
-2   2.0009802457282047
-2   2.0048543775853447
-2   2.0076055412888634
-2   2.0108463859855243
-2   2.0397129335770443
-2   2.8989228444872945
-2   2.0072465384079323
-2   2.0173403029756605
-2   2.1338200429586847
-2   3.8063152468694854
-2   2.1769428640646269
-2   2.2080506557098771
-2   2.7032474340430834
-2   2.8299428391099508
-2   2.9339707413807292
-2   2.3652101234513747
-2   2.0663757999232755
-2   2.0300397210067378
-2   2.0768141085093568
-2   2.0611195285164401
-2   2.9587971114054197
-2   2.0004076374856643
-2   2.0049796071658186
-2   2.0009493345151736
-2   2.0041325545067066
-2   2.0017944893855577
-2   2.0020693903995519
-2   2.0048150041226371
-2   2.2021863662378642
-2   2.167535482613284
-2   2.6674897060274283
-2   2.6836085248176902
-2   2.1993920426580345
-2   2.2056763213924242
-2   2.0294629242162339
-2   2.0250626958660964
-2   2.001404395184915
-2   2.0123941938713807
-2   2.5569447552256555
-2   2.7723692250246965
-2   2.4327940879005991
-2   2.1710651513511996
-2   2.1017438466620368
-2   2.1221498175507865
-2   2.0027471420326948
-2   2.0472151846690356
-2   2.1780146258303166
-2   2.2288114608128691
-2   2.1966991145919881
-2   2.7005224530891949
-2   2.8181858784377707
-2   2.0012576824754165
-2   2.0161504560657888
-2   2.0400762827422598
-2   3.4006616200633153
-2   2.8771738596875838
-2   3.0198500053311386
-2   2.7751277231931826
-2   2.1047294779761878
-2   2.0515308743368643
-2   2.0021755519011895
-2   2.0028635145623848
-2   2.0007286841064031
-2   2.0032023418954963
-2   2.0222757662695057
-2   2.0018355016745031
-2   2.9788500678168637
-2   2.0145267766369059
-2   2.0029486748719951
-2   2.9863969506445009
-2   2.0022441377134319
-2   2.0046927546308413
-2   2.0232083345705845
-2   2.0089860079304973
-2   2.0200853820579052
-2   2.0100987285342762
-2   2.8644147082261839
-2   2.0755647190796433
-2   2.1517453952668038
-2   2.0524520616025028
-2   2.0544009457425441
-2   2.481252057437771
-2   2.4779808880438337
-2   2.1480169565754879
-2   2.1954277358623497
-2   2.7590311923866682
-2   2.199766789720186
-2   2.9716947039235104
-2   2.1623170058662691
-2   2.9610655807577455
-2   2.8740610352776925
-2   3.880638753778098

-1   1.0254378111112676
-1   1.0759368842990651
-1   1.127483331850093
-1   1.6441949722687723
-1   1.054552778783288
-1   1.4437037989766892
-1   1.3972599141375901
-1   1.1295093472745075
-1   1.3621907835183975
-1   1.7024841001057327
-1   1.9125962562283436
-1   1.2275221970025922
-1   1.8769301406048511
-1   1.8131808917075998
-1   2.8393055079365062
-1   1.0319607169573197
-1   1.9395283769102374
-1   1.2552284361695916
-1   1.1127472644847054
-1   2.0577827274860439
-1   1.866657501241979
-1   2.7943731420679585
-1   1.2738418901364235
-1   1.1166238670353843
-1   1.9057652654363522
-1   1.0211072201395668
-1   1.3702943758409991
-1   2.5917481099340511
-1   1.7475993401403525
-1   2.0769107178250961
-1   1.0559038266578831
-1   1.3524060704619822
-1   1.3600127547458729
-1   1.599172000983538
-1   1.2863452942204678
-1   1.8332525491539524
-1   1.3551431378318681
-1   1.4219323770638506
-1   1.3913211003047909
-1   1.6554037000651425
-1   1.7768744049589653
-1   1.2640258937580344
-1   1.5963112655519418
-1   1.3364453086716266
-1   1.3969841416651221
-1   2.7473241803882664
-1   1.1227837528551237
-1   1.2381588174065596
-1   1.760574935523826
-1   1.3522675091423981
-1   1.0955666495494667
-1   1.8693428868426203
-1   1.8102315329684431
-1   1.9115677195713401
-1   1.872063749453297
-1   1.2582834568467733
-1   2.0312007203793661
-1   2.1525600345970806
-1   2.1159129726536126
-1   2.4226974830865502
-1   2.5020844037520025
-1   1.8125640445731412
-1   1.501717629445118
-1   1.9275438708564336
-1   2.5041237927670554
-1   2.8088895947189814
-1   1.825487677906267
-1   1.7105670795362431
-1   1.6406951075354512
-1   1.9795161210878272
-1   2.3090227794130569
-1   1.9010859591807092
-1   2.0974288237669532
-1   2.550477215243967
-1   1.9178524676716489
-1   1.7181561400373258
-1   1.7012919402434279
-1   1.6166273480395033
-1   1.8188320446556552
-1   1.7144893412251805
-1   1.7490053674791723
-1   2.6597512112092239
-1   2.0250427921435636
-1   2.2988850633999802
-1   2.0496435374879907
-1   1.8789825713309445
-1   1.4731179254468174
-1   2.7573813079236755
-1   1.8255953779156422
-1   2.1938580312371299
-1   1.5802505747032942
-1   1.3959080877379908
-1   1.6111893340991252
-1   1.7677880030473094
-1   1.2595980661549266
-1   2.4002312037390499
-1   1.8938848179013923
-1   1.5005268560025611
-1   1.0684184946938662
-1   1.9399291294238337
-1   1.2736645682288432
-1   1.6661959562363631
-1   2.8167649600787623
-1   1.7693049303890187
-1   1.9882512349175885
-1   1.1450955434444949
-1   1.3376042758224578
-1   1.1506164450536802
-1   1.9192996037680956
-1   1.1204809097109032
-1   1.8531286152099864
-1   1.8161044813524154
-1   1.9151560686396003
-1   1.1694680691319816
-1   1.0881673227755082
-1   1.071548746255045
-1   1.9219285684138563
-1   2.1668227473550532
-1   1.9040049547359681
-1   2.2330070301084208
-1   2.1190931975681986
-1   1.6696723024253988
-1   1.5652353235819931
-1   2.4175348343187548
-1   1.6133818582755164
-1   2.5122970294192992
-1   1.4112025230157508
-1   1.2479814054305762
-1   1.8084169888066026
-1   1.8781022985643752
-1   1.7677549474225103
-1   1.5869154611294718
-1   1.8174440578112336
-1   1.520283196279983
-1   1.5348705323542973
-1   1.7289052722652758
-1   1.3344264469731315
-1   1.4301204331035227
-1   1.8354973076880747
-1   2.0775519436031731
-1   1.7479901461357685
-1   1.7902253624211935
-1   1.6583969742906453
-1   2.039987966313034
-1   1.8396139711034842
-1   2.5599033000286497
-1   2.1129357939559217
-1   2.7505200026123204
-1   1.6710832903645092
-1   2.6174560379786396
-1   1.4611564143883573
-1   2.416014227968621
-1   1.6571384075120719
-1   1.7114213150683493
-1   1.6283798771693325
-1   1.9995161769766319
-1   1.466986079141031
-1   1.5993011988865655
-1   1.6169280586044468
-1   1.6442192546904435
-1   2.3165826176747166
-1   1.5910524253604676
-1   1.4492224316522262
-1   1.4374402053585666
-1   2.4869330271007688
-1   1.6871958207510529
-1   2.1301256134707116
-1   1.1990575702488497
-1   1.500356447029235
-1   1.7327134251877001
-1   1.4196976832907422
-1   1.3710848817132706
-1   1.6145577511657905
-1   1.254714992676204
-1   2.3873956882184038
-1   1.5912594723019065
-1   2.2444160612445554
-1   2.0983109651343304
-1   1.8548355295620196
-1   2.1935034985060371
-1   1.8676371400976715
-1   1.9558705629118931
-1   1.1405568116611824
-1   1.7449607395606024
-1   1.7436091502320372
-1   1.0636387465766712
-1   2.0080360220537505
-1   2.2166768904104464
-1   1.3617304819167255
-1   3.0917955470566203
-1   1.7948471789130886
-1   1.5250591905913251
-1   2.6840889210514947
-1   1.2291380607682665
-1   2.5758471898285311
-1   1.6633154381773596
-1   2.3371199966857126
-1   2.6988483072476881
-1   1.9225619769643183
-1   1.148552741890442
-1   1.4256471683790055
-1   1.6480391601477029
-1   1.0605158248427284
-1   1.9287269152013247
-1   1.0602454484726314
-1   1.6675152444534715
-1   1.2204390280678861
-1   1.2633593025012679
-1   1.5671445851608903
-1   1.2224064266431858
-1   1.9660238608730589
-1   1.7350019478719538
-1   2.0438484230176304
-1   1.8746012754841108
-1   1.3398875676109767
-1   1.5097314799589565
-1   1.7870798089896609
-1   1.4015503187446228
-1   2.2884520452849899
-1   1.491553435827055
-1   2.1675622166607482
-1   1.8680891393129775
-1   1.9999764395758284
-1   1.9835369698196148
-1   1.2570168738445555
-1   1.303604519116544
-1   1.2589669932127652
-1   1.8638481508407954
-1   2.0627219921125626
-1   2.0535069630315181
-1   1.8695401309254422
-1   1.2155677546627601
-1   1.1709720086470103
-1   1.6835016133695424
-1   1.6964263831783737
-1   1.4698895575677628
-1   1.6823412012319094
-1   1.6708308479216716
-1   1.483952907712818
-1   1.3528840632226069
-1   1.9143389130246473
-1   2.0505382136727235
-1   1.8530447198613924
-1   2.1762564536666242
-1   1.7175932533682565
-1   1.8481335601351199
-1   2.4207072779383272
-1   1.8600248806406241
-1   2.2644652401653982
-1   1.6169935106955071
-1   2.5263412748909997
-1   2.4705000841295801
-1   2.2322678801239153
-1   2.6797493694010388
-1   1.5124743225882211
-1   1.9911675447688251
-1   3.2611356032115641
-1   2.1719076707209823
-1   1.6696381164773491
-1   2.4468662368712435
-1   1.6272549964974017
-1   1.5179805493065612
-1   2.1207881797083541
-1   2.3296723246486306
-1   1.6684625114550937
-1   1.5666386982441942
-1   1.7268403250583662
-1   2.3581924770181657
-1   2.5698107911228876
-1   2.0329943215156372
-1   2.3677491086330904
-1   1.5380021624005642
-1   3.8065711728528422
-1   1.0835100031916209
-1   1.9405281636447809
-1   1.1077878398025027
-1   1.221609420549101
-1   1.0610212408880204
-1   1.7648902305899914
-1   1.1376879967812794
-1   1.3142403198293686
-1   1.7507555810123239
-1   1.9159763679174602
-1   1.2096415461151633
-1   1.3424715155338656
-1   2.0461516602799432
-1   1.5612314452452569
-1   2.6114927231610308
-1   1.4811057989876772
-1   1.6831855852042108
-1   1.95809975594576
-1   1.7783900741448369
-1   2.9161822558262847
-1   1.2580171681873182
-1   1.9822671008874546
-1   1.0132911635965733
-1   1.0275765145952509
-1   1.6843137048721153
-1   1.0065954956621157
-1   1.4298705029976617
-1   1.0456373506356333
-1   1.7772931082098511
-1   1.7985759337287166
-1   2.2524426409422031
-1   2.4264825661683829
-1   1.8711318826533208
-1   2.0870400052637148
-1   1.5862233766390967
-1   1.9777253314922625
-1   1.9745778902117896
-1   1.1652077242029919
-1   1.5080990593159593
-1   2.2416937666180234
-1   1.9312084538289098
-1   1.8388507309268247
-1   1.1903029007305361
-1   1.3449563769178789
-1   1.7917980945269121
-1   1.889534299842468
-1   1.8079798263412057
-1   2.0323411913001559
-1   1.9080422770955106
-1   1.1345642515071681
-1   2.490535764671185
-1   1.1445230209452921
-1   1.8384783769679047
-1   2.0567174461773088
-1   1.825821300353927
-1   1.1526886854488438
-1   1.2409453228708256
-1   1.4174683651300424
-1   1.4272033910086044
-1   3.6121356708640615
-1   1.2223566044699994
-1   1.6073230977656512
-1   1.3925981411076813
-1   1.410973287168934
-1   2.4102106974948443
-1   1.3418821766481099
-1   1.6277077036909962
-1   1.9967585111782022
-1   2.7125942294308096
-1   2.0412388464914977
-1   1.6769485717272885
-1   1.3112468420346404
-1   2.0702317931461973
-1   1.9758802145778342
-1   1.7313917448055762
-1   1.990733955967086
-1   1.3121743457539947
-1   1.6822800027282456
-1   1.0536357112238643
-1   1.1043119148493405
-1   1.5427357326722291
-1   1.8264433348509859
-1   2.8631579803084946
-1   1.7390423634126271
-1   1.0194580125604142
-1   1.3313299073879092
-1   1.8200030511975309
-1   1.8776375815643669
-1   1.727578489412501
-1   1.3143058027730725
-1   1.0131715201700253
-1   1.5885173837016042
-1   1.9159566797687249
-1   1.9865620703861073
-1   1.006040525229096
-1   1.0044142711777613
-1   1.0370108674925682
-1   1.4023002820406574
-1   1.0295818532060395
-1   1.6882019802722961
-1   2.2504190114190892
-1   2.1707382730727023
-1   1.397411152978469
-1   1.3055673972211472
-1   1.3071122824356025
-1   1.327348051481386
-1   2.5475744929251252
-1   2.6442548865470941
-1   1.0623993125148901
-1   1.1521999062415782
-1   1.7360579520054009
-1   1.7749731701701958
-1   1.9247524323299352
-1   1.2620228252422814
-1   1.1879064513930613
-1   1.2327673397928525
-1   1.8274807110253466
-1   1.8759260463103362
-1   1.8722352968651208
-1   1.0608818761381651
-1   1.0280472279039587
-1   1.0771153670644098
-1   1.0515077935194386
-1   1.0275400532724261
-1   1.9744070450461839
-1   1.5221791974860444
-1   2.2856458959276669
-1   2.2377149441501958
-1   1.5985937265001873
-1   2.1876468796512918
-1   1.809608703169626
-1   1.4727114947792597
-1   1.9071973808783209
-1   1.1776881791346678
-1   1.5539410731603458
-1   1.371705794140943
-1   1.0092580325466307
-1   1.0132638496213295
-1   1.0171570393317759
-1   1.9901655272166643
-1   1.0331413948736146
-1   1.8317774092331756
-1   1.0592841370478785
-1   1.9794566917130312
-1   1.0340320113910546
-1   1.1305467969937824
-1   1.3825815186216657
-1   2.467437091573482
-1   2.2649837181533825
-1   2.4197279374887031
-1   2.6683802937207508
-1   1.683366178940763
-1   1.5460907862178357
-1   2.0105843697213026
-1   2.0641869176635566
-1   1.5706478366745054
-1   1.568700021904831
-1   1.3839765708520568
-1   1.9901525455109548
-1   1.2394251250195214
-1   1.7417320723467884
-1   3.106792305037942
-1   2.3832285308824663
-1   1.2523971862260987
-1   2.8155872185047817
-1   1.8457769486619342
-1   1.8326878176123471
-1   1.7183418376434241
-1   1.3802551268084242
-1   1.0957426130788803
-1   1.9683141973258036
-1   1.0186260429397522
-1   1.0244047409029635
-1   1.2212136285218476
-1   1.1934890054118932
-1   1.8134822427808079
-1   1.7971665572233864
-1   1.0905965183008839
-1   1.1091350914301588
-1   1.1194218510169935
-1   1.9707253778741634
-1   1.6476088048083546
-1   1.5364934994765975
-1   1.8211715146072587
-1   1.977903822040965
-1   1.3296869049908469
-1   2.4803737058986286
-1   1.8616856586152029
-1   1.957205997377589
-1   2.9208615712522419
-1   1.014340700619518
-1   1.0304903537933299
-1   1.011668117032559
-1   1.9062217897180687
-1   1.0363071747306805
-1   1.1380596522154012
-1   1.1567197263886144
-1   1.0848771341721644
-1   1.8276464259663521
-1   1.1968407746039003
-1   1.2000165358449053
-1   1.1016585922814901
-1   1.8505847362421948
-1   1.2060717535069192
-1   1.8109472707600958
-1   1.9450949905314534
-1   1.927796081794396
-1   1.2412650196585571
-1   1.0967074561775549
-1   2.7328534044332367
-1   1.6283420334284791
-1   1.9495098419966164
-1   1.1545865576789089
-1   1.8198196066235592
-1   1.7527887103054924
-1   1.3262598775900265
-1   1.9929812015804922
-1   2.434350152297641
-1   1.9871576221660732
-1   1.3142260819387357
-1   2.0481377187533223
-1   1.9929313974699059
-1   1.3872448958434016
-1   2.5776507677825711
-1   2.3961424052299312
-1   2.020795896084663
-1   2.8845929119404401
-1   2.0481777337706002
-1   2.9498466141299131
-1   2.8432663333024499
-1   3.8639524059956161

0   0.034280235744132415
0   1.002561880608478
0   0.70419624684291038
0   1.0415944818559753
0   1.0027146337280568
0   1.2143614469846771
0   1.0145038625875513
0   0.1678692847706208
0   1.4867489419892219
0   1.0503521560494518
0   1.003144178294902
0   1.997151085889266
0   0.61198916442844298
0   1.0282258870587264
0   1.0038699993456488
0   1.6843942172401425
0   1.2745583562636709
0   1.9610517800679768
0   1.772437946440252
0   2.805553695420254
0   1.0018401894420466
0   1.6545150192046196
0   1.0031871486809008
0   1.0025378868213946
0   1.1242764166853381
0   1.8913094334330092
0   1.8894883120870367
0   2.7955035758532891
0   0.54865644049658235
0   1.2140631260798076
0   1.0936337565014285
0   1.8095061727001962
0   0.3151783362398678
0   1.099729063176502
0   1.0021829838407488
0   0.68905796332945046
0   2.6808415953280273
0   0.073062835694577277
0   1.8765500723442807
0   1.6282065384329631
0   1.4290570892739989
0   1.0022956918372736
0   0.80110351876438379
0   1.949951969765471
0   1.0023999137644333
0   1.0997968935032356
0   1.9937069298263852
0   1.1064916783742047
0   0.26215559998010585
0   1.6958439691447347
0   1.011516878680331
0   1.3477940480016719
0   1.9477136440934917
0   1.9445375070029254
0   1.0359426204898516
0   0.9112468373318221
0   1.5037569319740287
0   0.31646696322489487
0   1.0163462379578878
0   2.4187998676963476
0   1.0680845262998564
0   0.90189524479808258
0   1.6264169852335031
0   1.0311288669026824
0   1.0346439516877359
0   1.5279984153005848
0   1.1456604916724034
0   1.821169480199039
0   1.1647638506907838
0   2.2954876307061278
0   1.3435133771291987
0   1.0264590343340874
0   0.82109157780885123
0   1.8069240982087389
0   1.6219490601971107
0   2.7344171302281168
0   1.7766068742368684
0   1.1499337887713768
0   1.0392463651088293
0   2.0179256257501312
0   2.4746998486948497
0   1.7125321114412775
0   1.662141001580645
0   3.3388162436012552
0   1.9557835212623331
0   1.8496062898424701
0   1.2004312212417927
0   1.9342444638894261
0   1.4738906089603843
0   2.3315282576469842
0   1.6460615430307493
0   1.2756041507024591
0   2.0994369468532983
0   1.7548668778317364
0   1.6786180527827823
0   1.7208025567839438
0   2.069807924663519
0   0.64774322677135276
0   2.2953628165818007
0   1.2795691020752409
0   1.9741905818860852
0   1.2045906663986772
0   1.8141401457607458
0   2.3046033299162989
0   1.365104630606456
0   1.741748667268936
0   1.457439889321861
0   1.6442038717141663
0   2.4484965055723493
0   1.6874500995440003
0   1.6175783277829798
0   1.6698349954248606
0   1.4195685075630362
0   2.0008369493922249
0   1.9413770681766787
0   1.2552908125512372
0   1.511188816954844
0   1.6242647466681754
0   1.0939790355601617
0   1.1604243762047692
0   1.8725427506933388
0   2.4652415591768864
0   1.3578270557475576
0   1.7390550614193296
0   0.59506494241464458
0   1.1747710263020505
0   2.7024345417187496
0   1.3242993870907203
0   1.1042848734635922
0   1.4125729477564344
0   1.5691328489943026
0   1.01442539168041
0   1.2465440033931023
0   1.3359954107831273
0   0.46290117425255739
0   1.0327436004090986
0   1.0452129570658628
0   1.6407037934294508
0   1.0062117647588749
0   1.9726211842852934
0   1.9582625363618718
0   1.32369229162059
0   1.0211969595244808
0   1.1272581544400944
0   1.5953876647606853
0   1.0066351731593068
0   0.20730081465202688
0   1.8967032153045627
0   1.8893231213952868
0   2.4922626598495481
0   1.7608882568551478
0   1.9320002260096016
0   0.69644345251106121
0   2.0797424419404078
0   1.5323887341910924
0   1.8536637296341669
0   1.9246874031842349
0   0.64046510332134043
0   2.2655883277704847
0   0.66079601684880673
0   1.6577493122068594
0   1.1866149624364446
0   1.1488846663223073
0   1.109975756170215
0   1.944333537671155
0   1.7728952568553451
0   1.8687578204927457
0   1.1425441770755969
0   1.2592425322256737
0   1.1285826268181927
0   1.3728081801345628
0   1.4868052498282787
0   1.8461428032947804
0   2.2420247510389131
0   1.7064426650728901
0   1.6074132774122467
0   1.1735455767719278
0   1.915286829445773
0   2.1967148797123044
0   1.372710844692179
0   1.2161946162502062
0   0.98869162718228476
0   2.4815730763897519
0   2.5076210876621858
0   1.2251801898407462
0   1.8063475810744838
0   2.7248364576694097
0   2.0293312243209876
0   1.9273751114702904
0   1.045777549508327
0   1.5009549235927713
0   1.6007626316329362
0   1.080288156267023
0   1.7025760065416069
0   1.5446723087078835
0   1.1634672615339685
0   1.6439287775142537
0   1.8858853205153712
0   2.0567830188114096
0   1.4376493638937495
0   1.6806738106695449
0   1.1952527771390598
0   1.5765446080289527
0   1.172148707920055
0   1.3518104172972378
0   1.6703195582156702
0   0.43851015773043256
0   2.2828350727496916
0   2.0207305867194867
0   1.1072163808289159
0   1.2202963894774723
0   1.5412264981294346
0   1.3959271055924878
0   1.5216356770179948
0   1.0751935462209554
0   2.1370728206471186
0   1.9659890901507913
0   0.78323957178061754
0   1.8902775610793729
0   1.4171709675046624
0   1.1811223941660511
0   1.3458165602998593
0   1.9121236023569392
0   1.5633539168102182
0   1.5637384259079896
0   1.6760286022439943
0   1.9283793421462767
0   2.0967168073817657
0   1.7489194349633506
0   1.0083987428695631
0   1.0330267672329159
0   1.0231544555172325
0   0.68990290637201968
0   1.9846663716466559
0   2.0107908193342947
0   1.9633239430227292
0   1.7964944025399614
0   0.26310247381765217
0   2.3585133410213435
0   2.4377632739510426
0   1.5562730802327462
0   1.5564440624349429
0   2.2382802726701834
0   2.3347232279550423
0   1.0525066319893179
0   2.4061366318678274
0   2.3646172220262911
0   1.0477481611306476
0   0.88246827909754821
0   1.958041562932074
0   1.0139395906537343
0   0.083446050911175296
0   1.0134350642131407
0   0.76013910584904965
0   1.3777675366647872
0   1.9521160003892133
0   1.0194761908718828
0   1.0069691418238373
0   1.9733078810896862
0   1.077999992529604
0   1.9279510804590765
0   1.3186727050705989
0   1.3097318534259124
0   1.1915085450785714
0   1.0167156865648139
0   1.3067457363830821
0   1.3064636069044566
0   1.1795410405816493
0   1.1239764306808566
0   1.3447934814655755
0   1.0241596892218778
0   1.2201667000126921
0   1.1204355615295674
0   1.6239647865730591
0   2.2117059371500938
0   2.6189415130672256
0   0.94699129512782387
0   1.0459639015835591
0   1.9460372873679272
0   1.952184887095298
0   1.3759539666727214
0   0.58760374891470701
0   1.0127837821248935
0   1.8234905739650351
0   1.5042340346284147
0   1.9805547351973991
0   2.3652025800468421
0   1.3917405130551741
0   1.8801489871260202
0   1.0111388854128094
0   1.0192762404852331
0   0.8330117788481648
0   1.2536393085394282
0   1.9677818185791547
0   1.8153744977324404
0   1.6433218263983593
0   1.6683559948207134
0   1.0482094744568509
0   1.0711207503384472
0   1.5671261600551047
0   1.0414519496405283
0   1.8282951789339439
0   1.8551332901499165
0   1.7474137555223237
0   1.3835871243476232
0   1.9099293755517475
0   1.7091464960028642
0   1.8629376665856743
0   1.9085860356720286
0   2.5718614076680022
0   1.0603126232928546
0   2.2600872548135134
0   2.3519291949648635
0   1.9126580386908496
0   2.8742080766608322
0   1.2076715133923572
0   3.2516535533931448
0   2.0382515361680684
0   1.9340854268286405
0   2.8084497498523433
0   1.5685782284658676
0   1.8738677125578653
0   1.3331184142859551
0   0.52310115505213384
0   1.5260631603728663
0   1.0640890832026748
0   2.3565012526787346
0   1.9248630605048143
0   1.953744434525551
0   2.0661740127870232
0   1.3005828294651771
0   2.5896309123616712
0   2.4338361795224079
0   1.9820637037032149
0   1.9313356246268238
0   1.0767365289968107
0   0.44368770773615707
0   3.8493953612959935
0   1.0158259620619796
0   1.0223022474125498
0   1.9325196643362101
0   0.33285722913722016
0   1.0402152432339888
0   1.0014270635985729
0   1.8734083911134198
0   1.0137383912387907
0   0.21521738814006786
0   1.2968132416258564
0   1.0427856874845898
0   1.5038196343584649
0   1.8377395023317962
0   0.4791160211840011
0   1.0743302805090849
0   1.0589372588342156
0   1.9011350168174128
0   2.1767506634299409
0   1.3781211428741453
0   2.1551053831444569
0   1.785548775615299
0   1.0111852562117949
0   0.77637635762678414
0   1.4938268183671595
0   1.7076690172548035
0   2.9552425845647723
0   1.0043532868339937
0   1.6193532362888079
0   0.94334665591579836
0   1.0131135127274367
0   1.0180426129673634
0   0.87362039128042523
0   1.0041622527590821
0   1.651733910370301
0   1.00423562985272
0   1.06755453268161
0   1.4628876688784453
0   1.4463689067252685
0   1.7651773178452346
0   1.8087052618188815
0   1.7932522128871433
0   1.6684925586121704
0   2.0181698001866235
0   2.490639202940514
0   1.6135642567619222
0   0.95757718974035622
0   0.99033570635180013
0   1.0016404097778189
0   1.064496217804328
0   1.3317105492793935
0   2.8328684648381066
0   1.8403009579670946
0   1.7814577337862372
0   1.3095502450217229
0   1.3263496401247483
0   1.0048590152123591
0   1.0122254229277146
0   1.9811055602332881
0   1.9940229049082032
0   1.3978066258549622
0   1.773207957961906
0   1.0021375022967622
0   2.8376282552625356
0   0.66690776121289752
0   0.27367162422025504
0   1.0267354069413783
0   1.768823729839625
0   1.489626713606607
0   1.0036709413669791
0   1.991450791271772
0   1.0583173858915176
0   1.7145275772095072
0   0.69864595511940419
0   3.4116541058347569
0   1.47880510730524
0   1.4825345861831623
0   1.1836923864723274
0   2.1113181722122136
0   1.4830714435475503
0   1.0203893004440214
0   1.1522878751871448
0   1.4696911615454635
0   0.79685402438532571
0   2.5424381550035
0   1.1656486226146541
0   1.0628337310564691
0   1.4500356347024153
0   1.3713015531951513
0   1.5165314938905965
0   1.561989720518806
0   1.7815486468370394
0   2.3883950275684724
0   2.1782484381653506
0   2.1602710145336164
0   1.1630461967590631
0   1.2949070992144218
0   0.66378262730932502
0   0.60830656542477968
0   1.6207631156071156
0   1.9964040950414206
0   1.335626916793941
0   1.0074945211690389
0   1.0049791667307002
0   2.6476209571226401
0   1.7761398249938534
0   1.0100690224843782
0   1.0027133285353558
0   0.70156517954478059
0   0.39967299131577694
0   1.0039694510444941
0   1.9817700100697144
0   1.9773154361973631
0   1.996083620842843
0   1.0009639643851658
0   1.0035377561440155
0   1.9838659744961609
0   1.9173024231458258
0   1.004505838843482
0   1.0007076672487889
0   0.051045388758823917
0   1.0391729748890304
0   0.028137803167635256
0   0.055469265952194813
0   0.51729571979063049
0   1.0355577430751153
0   1.0046252110204197
0   1.8367493615712167
0   0.30266125517301157
0   1.9471624762956732
0   2.9498025761122397
0   1.8970201478143105
0   2.8850439757526201
0   1.0327953952299531
0   1.0008663848091301
0   1.0817790000481133
0   1.9930539442174622
0   1.9188554448782704
0   1.0076567959966645
0   1.0145782983513023
0   1.0368480983848769
0   1.486018892830427
0   1.0829596491497522
0   1.0340525470414417
0   1.9362473160637164
0   0.51065902792286821
0   1.0024697414575312
0   1.0025501957061898
0   1.9812453219341792
0   1.9397625954615285
0   1.0652329145342947
0   0.30501469961572092
0   1.0276242900032588
0   1.0053190734195143
0   0.23310971627879906
0   1.0090757850086447
0   0.075548055196438479
0   1.0097798059666208
0   0.85079279478521808
0   0.17129351259302528
0   1.3318825226622775
0   0.24990056491370705
0   1.6399375844526536
0   2.5808845104150464
0   1.9475448817818717
0   1.8117404697320336
0   2.145492228991893
0   1.5995793234951083
0   0.37894778354026304
0   1.9844320768024293
0   1.9799370861523475
0   1.1391431906408935
0   1.0377494336962381
0   1.099110494006212
0   0.057852865073338866
0   0.065712601657842651
0   1.0043756256435634
0   1.0037313642581993
0   0.58865013619056783
0   1.0041871635218862
0   1.7997550727927627
0   1.0188078220397161
0   0.92915889284219078
0   1.0088171457441555
0   1.9678524786802645
0   1.2016839525887797
0   1.6360403301388344
0   1.0397427189315156
0   0.56578181517378212
0   1.0069563841806919
0   2.7361107480136111
0   1.9382255220796765
0   2.8003865237578069
0   1.8183513706472132
0   0.82073754370331842
0   1.0201424197375317
0   1.8763040101765616
0   1.8688992091186378
0   1.3115187970543589
0   1.1954017233909373
0   0.55479818280984805
0   1.8959219435068153
0   2.6106836917848746
0   1.9138969130449555
0   1.5862840904689035
0   1.1583234247026746
0   0.46341354993667783
0   1.2273841526228819
0   2.1195503647869094
0   1.9603572066322794
0   3.0868861750508692
0   1.4941434394538602
0   1.4241286039916379
0   1.9573525415152844
0   1.9953822464675399
0   1.008133219875923
0   1.3154926659925557
0   1.0812704779637994
0   1.9349214463385347
0   0.054004384600894961
0   1.0046300452951469
0   1.0048562697410313
0   0.26374071688366352
0   0.47431993907745773
0   1.0054053662701883
0   1.0045776806127704
0   1.1235278472812795
0   1.8055086009450352
0   1.8814265808031418
0   1.525050520465884
0   1.0071712803021142
0   1.1847706811452434
0   1.0232892018872
0   1.8919360305068644
0   1.6871442685913491
0   1.0185511136901246
0   1.0067283928996396
0   1.1343749893793815
0   1.4261616835969559
0   2.854156488532849
0   1.9681531686840428
0   1.8390910158043896
0   0.058067291645793606
0   2.9170202564630552
0   1.0008983260933586
0   0.10208905402070823
0   1.0076419967636667
0   1.0018650371247544
0   0.13306464483669311
0   1.9868120360810222
0   1.0156517489228245
0   0.10846217429983318
0   1.0191600574937629
0   1.0176231545011085
0   0.3517466548045759
0   1.0107385629372521
0   1.9854686548135221
0   1.1453914547148794
0   1.0330615751645573
0   1.0135373874716138
0   1.910545852304816
0   0.43093375808704404
0   1.0487647119417576
0   1.9356146352893409
0   1.7991107658343295
0   1.9491129727725065
0   0.43547830158373213
0   1.0993408622693699
0   2.7809214203747343
0   1.0184490165649203
0   0.81596979360629129
0   1.9936861638841661
0   1.037916864422916
0   1.3267832524314549
0   1.8929835223329068
0   1.9915309709336508
0   1.0779678875793066
0   1.8833224739501033
0   2.3186043241033545
0   0.8857039235973283
0   2.13260564318167
0   1.0680586433294095
0   1.9533952811441582
0   1.868448764743837
0   1.3173253753835474
0   2.9365129606137135
0   2.0361796976591795
0   1.9859632210821854
0   2.849949144747189
0   2.0315934566306768
0   2.954958197296738
0   2.8472065720998874
0   3.8571143815261433

1   1.0254378111112501
1   1.0759368842990584
1   1.1274833318500801
1   1.6441949722687434
1   1.0545527787832405
1   1.4437037989767167
1   1.3972599141376507
1   1.1295093472743603
1   1.3621907835184059
1   1.7024841001058375
1   1.9125962562283516
1   1.2275221970025203
1   1.8769301406049137
1   1.8131808917076055
1   2.8393055079365155
1   1.0319607169573155
1   1.9395283769102774
1   1.2552284361695796
1   1.1127472644849088
1   2.0577827274859084
1   1.8666575012419653
1   2.7943731420679381
1   1.2738418901364947
1   1.1166238670354096
1   1.9057652654363326
1   1.0211072201395579
1   1.3702943758408435
1   2.5917481099341009
1   1.747599340140606
1   2.0769107178250086
1   1.0559038266577223
1   1.3524060704621406
1   1.3600127547457062
1   1.5991720009832608
1   1.2863452942207507
1   1.8332525491539791
1   1.3551431378319225
1   1.4219323770638772
1   1.3913211003047605
1   1.6554037000651274
1   1.7768744049589906
1   1.2640258937580899
1   1.596311265551976
1   1.336445308671623
1   1.396984141665039
1   2.7473241803882904
1   1.1227837528551043
1   1.2381588174067619
1   1.7605749355236595
1   1.3522675091423992
1   1.095566649549486
1   1.8693428868425963
1   1.8102315329683831
1   1.9115677195713938
1   1.8720637494532935
1   1.258283456846826
1   2.0312007203793652
1   2.1525600345970188
1   2.1159129726535233
1   2.4226974830865826
1   2.5020844037518626
1   1.8125640445732665
1   1.5017176294449914
1   1.9275438708564994
1   2.5041237927692355
1   2.8088895947172174
1   1.8254876779061147
1   1.710567079536419
1   1.6406951075352492
1   1.9795161210879053
1   2.3090227794130667
1   1.9010859591806324
1   2.0974288237670211
1   2.5504772152438684
1   1.9178524676713593
1   1.7181561400373755
1   1.7012919402437467
1   1.6166273480393016
1   1.8188320446556112
1   1.7144893412251969
1   1.7490053674793899
1   2.659751211209636
1   2.0250427921436494
1   2.2988850633995526
1   2.0496435374876611
1   1.8789825713308868
1   1.4731179254471456
1   2.7573813079236147
1   1.8255953779157488
1   2.1938580312371596
1   1.5802505747034905
1   1.3959080877378969
1   1.6111893340988361
1   1.7677880030473347
1   1.2595980661550112
1   2.400231203739152
1   1.8938848179014589
1   1.5005268560024558
1   1.0684184946938591
1   1.9399291294237537
1   1.2736645682287961
1   1.6661959562364075
1   2.8167649600787734
1   1.7693049303890436
1   1.9882512349176205
1   1.1450955434445071
1   1.3376042758224462
1   1.1506164450536436
1   1.9192996037681267
1   1.1204809097118049
1   1.8531286152093598
1   1.8161044813523981
1   1.9151560686395328
1   1.1694680691320782
1   1.0881673227754924
1   1.0715487462550581
1   1.9219285684138647
1   2.1668227473551296
1   1.904004954735818
1   2.2330070301084159
1   2.1190931975681075
1   1.6696723024253095
1   1.565235323582173
1   2.4175348343188054
1   1.6133818582755421
1   2.5122970294192841
1   1.4112025230157765
1   1.2479814054305163
1   1.8084169888066475
1   1.8781022985643827
1   1.7677549474225267
1   1.5869154611295055
1   1.8174440578111577
1   1.5202831962801233
1   1.5348705323540925
1   1.7289052722653251
1   1.334426446973153
1   1.4301204331035213
1   1.8354973076880712
1   2.0775519436031469
1   1.7479901461357885
1   1.790225362421177
1   1.6583969742906959
1   2.0399879663130416
1   1.8396139711036112
1   2.559903300028648
1   2.1129357939557818
1   2.7505200026123515
1   1.6710832903645323
1   2.6174560379787435
1   1.4611564143883318
1   2.4160142279685037
1   1.6571384075120794
1   1.7114213150683169
1   1.6283798771693361
1   1.9995161769766319
1   1.4669860791410094
1   1.5993011988866033
1   1.616928058604516
1   1.6442192546904595
1   2.31658261767461
1   1.5910524253605121
1   1.449222431652228
1   1.4374402053585678
1   2.4869330271006702
1   1.6871958207512376
1   2.1301256134706787
1   1.1990575702488584
1   1.5003564470292456
1   1.7327134251877139
1   1.4196976832907613
1   1.3710848817132832
1   1.6145577511657563
1   1.2547149926762919
1   2.3873956882184468
1   1.5912594723018163
1   2.2444160612445057
1   2.0983109651343108
1   1.8548355295620444
1   2.1935034985060486
1   1.8676371400976493
1   1.9558705629118855
1   1.1405568116612157
1   1.7449607395605895
1   1.7436091502320594
1   1.0636387465766615
1   2.0080360220532074
1   2.2166768904104455
1   1.3617304819174791
1   3.0917955470566385
1   1.7948471789130735
1   1.5250591905913269
1   2.6840889210515
1   1.2291380607681501
1   2.575847189828874
1   1.6633154381796835
1   2.3371199966853284
1   2.698848307246196
1   1.9225619769642748
1   1.1485527418905039
1   1.4256471683789087
1   1.6480391601477882
1   1.0605158248427387
1   1.9287269152013184
1   1.0602454484726231
1   1.6675152444535093
1   1.2204390280678539
1   1.2633593025012866
1   1.5671445851608587
1   1.2224064266431856
1   1.9660238608730691
1   1.7350019478718988
1   2.0438484230176854
1   1.8746012754841153
1   1.3398875676110285
1   1.509731479958941
1   1.7870798089896445
1   1.4015503187446183
1   2.2884520452848749
1   1.4915534358271656
1   2.1675622166607886
1   1.8680891393129384
1   1.9999764395758231
1   1.9835369698196286
1   1.257016873844534
1   1.3036045191165808
1   1.25896699321279
1   1.8638481508408002
1   2.0627219921125399
1   2.0535069630315221
1   1.8695401309254502
1   1.215567754662759
1   1.1709720086470023
1   1.6835016133695402
1   1.6964263831783746
1   1.4698895575678281
1   1.6823412012318633
1   1.6708308479217195
1   1.4839529077127724
1   1.35288406322263
1   1.9143389130246544
1   2.0505382136726551
1   1.8530447198613667
1   2.1762564536666869
1   1.7175932533682481
1   1.8481335601351105
1   2.420707277938289
1   1.860024880640673
1   2.264465240165344
1   1.6169935106954925
1   2.5263412748909366
1   2.4705000841295779
1   2.2322678801239966
1   2.679749369401061
1   1.5124743225882198
1   1.9911675447688015
1   3.2611356032115912
1   2.1719076707209419
1   1.6696381164773881
1   2.4468662368713243
1   1.6272549964974061
1   1.5179805493065883
1   2.1207881797083408
1   2.3296723246483553
1   1.6684625114554388
1   1.566638698244208
1   1.7268403250583506
1   2.3581924770181564
1   2.5698107911229058
1   2.0329943215156381
1   2.3677491086330966
1   1.5380021624005593
1   3.8065711728528191
1   1.0835100031916964
1   1.9405281636447791
1   1.1077878398025034
1   1.2216094205491272
1   1.0610212408880284
1   1.7648902305899865
1   1.1376879967812847
1   1.3142403198293608
1   1.7507555810123088
1   1.9159763679174726
1   1.2096415461151355
1   1.3424715155338578
1   2.046151660279977
1   1.5612314452452476
1   2.6114927231610201
1   1.4811057989876777
1   1.6831855852042334
1   1.9580997559457476
1   1.7783900741448186
1   2.9161822558262687
1   1.258017168187324
1   1.9822671008874422
1   1.0132911635965702
1   1.0275765145952527
1   1.6843137048721144
1   1.006595495662117
1   1.429870502997665
1   1.045637350635634
1   1.7772931082098555
1   1.7985759337286717
1   2.2524426409421934
1   2.4264825661684455
1   1.8711318826531507
1   2.0870400052636642
1   1.5862233766392921
1   1.9777253314922647
1   1.9745778902117981
1   1.1652077242030001
1   1.5080990593160459
1   2.2416937666179644
1   1.931208453828908
1   1.8388507309268176
1   1.1903029007305475
1   1.3449563769179009
1   1.7917980945269036
1   1.889534299842464
1   1.8079798263411879
1   2.0323411913001519
1   1.908042277095503
1   1.134564251507181
1   2.4905357646712183
1   1.1445230209452575
1   1.8384783769679278
1   2.0567174461773114
1   1.8258213003539749
1   1.1526886854487655
1   1.240945322870783
1   1.4174683651300208
1   1.4272033910086159
1   3.6121356708639221
1   1.2223566044699874
1   1.6073230977660389
1   1.3925981411076787
1   1.4109732871689558
1   2.4102106974948527
1   1.3418821766481388
1   1.6277077036910423
1   1.9967585111780317
1   2.7125942294307772
1   2.0412388464913844
1   1.6769485717275052
1   1.3112468420347165
1   2.0702317931461822
1   1.9758802145778187
1   1.7313917448057898
1   1.9907339559671011
1   1.3121743457539825
1   1.6822800027280569
1   1.0536357112238621
1   1.1043119148492475
1   1.5427357326722606
1   1.8264433348509654
1   2.8631579803085252
1   1.7390423634126009
1   1.0194580125604165
1   1.3313299073879354
1   1.8200030511975638
1   1.8776375815644002
1   1.7275784894125081
1   1.3143058027730183
1   1.0131715201699161
1   1.5885173837016482
1   1.915956679768724
1   1.9865620703861162
1   1.0060405252290956
1   1.0044142711777613
1   1.0370108674925658
1   1.402300282040696
1   1.0295818532060563
1   1.6882019802722597
1   2.2504190114190563
1   2.1707382730726339
1   1.3974111529785194
1   1.3055673972213597
1   1.3071122824353822
1   1.3273480514813938
1   2.5475744929251025
1   2.6442548865471309
1   1.06239931251498
1   1.1521999062415802
1   1.7360579520052917
1   1.7749731701702136
1   1.9247524323299419
1   1.2620228252423646
1   1.1879064513930462
1   1.2327673397928265
1   1.8274807110254261
1   1.8759260463103717
1   1.8722352968650866
1   1.0608818761381791
1   1.0280472279039621
1   1.0771153670643954
1   1.0515077935194292
1   1.0275400532724808
1   1.9744070450461844
1   1.5221791974859071
1   2.2856458959278827
1   2.237714944150281
1   1.5985937265002126
1   2.1876468796514792
1   1.809608703169447
1   1.4727114947787967
1   1.9071973808784937
1   1.1776881791346725
1   1.5539410731603041
1   1.3717057941408515
1   1.0092580325466358
1   1.01326384962133
1   1.017157039331773
1   1.9901655272166687
1   1.0331413948735979
1   1.8317774092331667
1   1.0592841370478978
1   1.979456691712929
1   1.0340320113909995
1   1.1305467969940135
1   1.3825815186216686
1   2.4674370915735588
1   2.2649837181532484
1   2.4197279374885667
1   2.6683802937208538
1   1.6833661789408367
1   1.5460907862180795
1   2.0105843697213301
1   2.064186917663887
1   1.5706478366744356
1   1.5687000219044314
1   1.3839765708519634
1   1.9901525455108429
1   1.2394251250196939
1   1.7417320723473009
1   3.1067923050375992
1   2.3832285308826773
1   1.2523971862257732
1   2.8155872185046107
1   1.8457769486620408
1   1.832687817612578
1   1.7183418376433295
1   1.3802551268083927
1   1.0957426130788483
1   1.9683141973258107
1   1.0186260429397851
1   1.0244047409029426
1   1.2212136285217616
1   1.1934890054119132
1   1.8134822427810082
1   1.7971665572238589
1   1.0905965183001296
1   1.1091350914299483
1   1.1194218510166698
1   1.9707253778744476
1   1.6476088048076312
1   1.5364934994773067
1   1.8211715146074248
1   1.9779038220409331
1   1.3296869049909124
1   2.4803737058985345
1   1.8616856586151691
1   1.9572059973775939
1   2.9208615712522348
1   1.0143407006195153
1   1.030490353793315
1   1.0116681170325454
1   1.9062217897179234
1   1.0363071747307053
1   1.1380596522156294
1   1.1567197263885296
1   1.0848771341721868
1   1.8276464259663086
1   1.1968407746038932
1   1.2000165358449788
1   1.1016585922814863
1   1.8505847362422272
1   1.2060717535067704
1   1.8109472707601637
1   1.9450949905313544
1   1.9277960817946576
1   1.2412650196582731
1   1.0967074561776966
1   2.7328534044331754
1   1.6283420334285461
1   1.9495098419967039
1   1.1545865576789813
1   1.8198196066235748
1   1.7527887103054436
1   1.3262598775899104
1   1.9929812015804784
1   2.4343501522980797
1   1.9871576221655576
1   1.3142260819388332
1   2.0481377187533578
1   1.9929313974702176
1   1.3872448958433719
1   2.5776507677828802
1   2.3961424052293201
1   2.0207958960847021
1   2.8845929119403801
1   2.0481777337705078
1   2.949846614129946
1   2.8432663333024841
1   3.863952405995648

2   2.0002805780610418
2   2.0004492064445047
2   2.0009937450089597
2   2.1412656114872322
2   2.0092188245871396
2   2.8912140618621467
2   2.0030418212303007
2   2.1115856280266772
2   2.0039277373378996
2   2.9067363432790967
2   2.0012677978637381
2   2.0033586709485807
2   2.8766130017529634
2   2.1407766685440546
2   2.0208693134047562
2   2.0105543881021792
2   2.0154482664656439
2   2.0190350412155169
2   2.0156365721913168
2   2.8783769764397884
2   2.1399669875192258
2   2.0035788130838905
2   2.0887146141747701
2   2.9622087263175314
2   2.7226656680660333
2   2.7292543779148004
2   2.031073915982966
2   2.2973669989984771
2   2.241670479556567
2   2.4410576263339285
2   2.7100227146437406
2   2.1121045964557412
2   3.0571959365751518
2   2.5685468908907145
2   2.3346776667996081
2   2.1198897209914915
2   2.8678685848265069
2   2.470215850508255
2   2.3001884207367098
2   3.2447829195489168
2   2.3667361066485957
2   2.5629417144885216
2   3.0561404671150427
2   2.323587184150492
2   2.3786716806556538
2   2.3296222549880605
2   2.2391280950731463
2   2.5896837110972655
2   2.223360818813811
2   2.1208065909198801
2   2.501523423387026
2   2.3978403913056328
2   2.0117768620418466
2   2.0019859060998879
2   2.0081326976580378
2   2.0075182170483203
2   2.0542694447319305
2   2.1061271643733677
2   2.9150019406672381
2   2.5828536919237717
2   2.3742162562206124
2   2.9623556864853033
2   2.0841668834075238
2   2.070566261375939
2   2.112494156665321
2   2.022133689787172
2   2.3154232354021933
2   2.5198062717338239
2   2.048902718552017
2   3.0343756374373574
2   2.3906824946882494
2   2.090274900873911
2   3.2663929135951366
2   2.5283106529759727
2   2.9284008437417666
2   2.1186728285270995
2   2.6984402192229737
2   2.0466595657432234
2   2.0809186233474337
2   2.0567347857093536
2   2.0992541327167022
2   2.7275079978953851
2   2.3014069796512322
2   2.2633021731687384
2   2.2505521523820819
2   2.1956643698826559
2   2.0641883252583586
2   2.7541372662833776
2   2.4467230263110631
2   2.0171012755474229
2   2.4404747650369174
2   2.0647067218827382
2   2.6716856568457374
2   2.6847895128323684
2   2.708845250357705
2   2.7048072729035324
2   2.9850858702223473
2   2.3794399893825329
2   2.6632404711101278
2   2.700653141199469
2   2.0594172424815338
2   2.0027603558626415
2   2.0250338896644298
2   2.0284692220598912
2   2.0750641019306606
2   2.2751471101187168
2   2.1403217992098198
2   2.3171040805516205
2   2.4814130122630145
2   2.8146323191859937
2   2.0314111226722602
2   2.0057840049658884
2   2.9835279177511063
2   2.0143195661066393
2   2.007366324250373
2   2.0038760624980867
2   2.0133264237249096
2   2.0276665692268838
2   2.0618285990628857
2   2.1526901740772875
2   2.5126942050603311
2   2.3575251004590818
2   2.1433088053856424
2   2.4309485776939832
2   2.0865029751773339
2   2.746412144393545
2   2.6571636436154753
2   3.2664821886086157
2   2.8413836416625786
2   2.3046362260919593
2   3.2346661618114134
2   2.6806639176430251
2   2.2901122340385931
2   2.2811918746850126
2   2.6903081662464059
2   2.3546958665721225
2   2.4122956904688517
2   2.3167001604944448
2   2.7322899255223261
2   2.5927563405573406
2   3.756316127008863
2   2.0168339910937396
2   2.0025784778797853
2   2.0338788867690942
2   2.0027511646872149
2   2.4564639934846149
2   2.5123325536899945
2   2.0537076501388158
2   2.2033383011772103
2   2.123313505663071
2   2.78362931283869
2   2.0211513090598094
2   2.0008783934138603
2   2.9261413571251382
2   2.6653197612963671
2   2.4108124919645948
2   2.0916700826050376
2   2.004229390733959
2   2.9926142778530527
2   2.0081726434727547
2   2.0009802457282047
2   2.0048543775853442
2   2.007605541288862
2   2.0108463859855243
2   2.0397129335770425
2   2.8989228444873043
2   2.0072465384079337
2   2.01734030297566
2   2.1338200429586718
2   3.806315246869481
2   2.1769428640646931
2   2.2080506557098691
2   2.703247434043087
2   2.8299428391099588
2   2.9339707413807323
2   2.365210123451337
2   2.0663757999232435
2   2.0300397210067462
2   2.0768141085093843
2   2.061119528516433
2   2.9587971114054166
2   2.0004076374856656
2   2.0049796071658146
2   2.000949334515175
2   2.004132554506707
2   2.001794489385559
2   2.0020693903995523
2   2.0048150041226327
2   2.2021863662378718
2   2.1675354826132791
2   2.6674897060274225
2   2.6836085248176742
2   2.1993920426580318
2   2.2056763213924637
2   2.0294629242162143
2   2.0250626958661022
2   2.0014043951849132
2   2.0123941938713812
2   2.5569447552262701
2   2.7723692250249772
2   2.4327940878999872
2   2.1710651513508838
2   2.101743846662004
2   2.1221498175507545
2   2.0027471420326926
2   2.047215184669021
2   2.1780146258303392
2   2.2288114608128917
2   2.1966991145920027
2   2.7005224530891718
2   2.818185878437764
2   2.0012576824754102
2   2.0161504560657977
2   2.0400762827422425
2   3.4006616200633912
2   2.8771738596875904
2   3.019850005331095
2   2.775127723193179
2   2.1047294779762327
2   2.0515308743368053
2   2.0021755519011872
2   2.0028635145623865
2   2.0007286841064067
2   2.0032023418955016
2   2.0222757662695057
2   2.0018355016745009
2   2.978850067816865
2   2.0145267766368842
2   2.0029486748719836
2   2.9863969506445165
2   2.0022441377134301
2   2.0046927546308426
2   2.0232083345706076
2   2.0089860079304533
2   2.0200853820578888
2   2.0100987285342957
2   2.8644147082261933
2   2.0755647190796718
2   2.1517453952667873
2   2.0524520616024935
2   2.0544009457427452
2   2.4812520574376786
2   2.4779808880437209
2   2.1480169565755038
2   2.1954277358622645
2   2.7590311923867463
2   2.1997667897202384
2   2.9716947039234904
2   2.1623170058662056
2   2.9610655807577979
2   2.8740610352776783
2   3.8806387537780882

3   3.0000232396195665
3   3.0000359040893696
3   3.0003364969382864
3   3.0009795189200008
3   3.0001433625316545
3   3.0207084251568723
3   3.0071819974667
3   3.8754934815013362
3   3.0004139144475421
3   3.1327047692427241
3   3.8725636075699876
3   3.1454723011637999
3   3.0010253325766878
3   3.000127774734521
3   3.0046286862142395
3   3.0003241000406518
3   3.0019125444565882
3   3.0001487881473139
3   3.8040637287604477
3   3.0005625055235763
3   3.0202428347962331
3   3.1734792129200682
3   3.0032450095628804
3   3.044215689942281
3   3.0081931119421976
3   3.0015618581754988
3   3.7668219314420002
3   3.0002538522384716
3   3.2676714959851827
3   3.0000873142979745
3   3.0028141710036782
3   3.0000442252516857
3   3.0015652116260236
3   3.0027587841794903
3   3.3051706426747609
3   3.0022871535938433
3   3.1422554753551299
3   3.6099684085582169
3   3.0048741014915934
3   3.0052500555577768
3   3.0655786392001012
3   3.0080448314931227
3   3.9401031413623331
3   3.0000665805983884
3   3.0001272579522915
3   3.0001772535876832
3   3.0010559789959879
3   3.0000742153861779
3   3.000010658306679
3   3.7822153605248676
3   3.0000333838016835
3   3.2605508643606451
3   3.0000104657069819
3   3.0017187082171941
3   3.0001117449086578
3   3.0001412057495194
3   3.0000049377278457
3   3.0000209502362072
3   3.0283240742509374
3   3.0000106923822281
3   3.9364783678514277
3   3.0000604659475676
3   3.0520021068559609
3   3.0000267431805145
3   3.0000339677277044
3   3.0001741322471323
3   3.0000244528766662
3   3.0000624970698544
3   3.0000160939740264
3   3.0972577755412956
3   3.0000644974467825
3   3.9223770763033787

4   3.9999999999999991
4   3.9999999999999991
4   4
4   4
4   4
4   4
4   4
4   4
4   4

