0   -36.0344   0.0290542   0.112692   7.67772e-07   0.248417   0.109836   0.109836   0.248417   7.67772e-07   0.112692   0.0290542   
1   -47.1449   0.015571   0.0374808   0.0889789   0.155321   0.202648   0.202648   0.155321   0.0889789   0.0374808   0.015571   
2   -48.1062   0.0143547   0.0369105   0.0914838   0.154836   0.202415   0.202415   0.154836   0.0914838   0.0369105   0.0143547   
3   -48.3201   0.0196944   0.0447333   0.100993   0.148447   0.186132   0.186132   0.148447   0.100993   0.0447333   0.0196944   
4   -48.3161   0.021528   0.0494151   0.104801   0.146812   0.177443   0.177443   0.146812   0.104801   0.0494151   0.021528   
5   -48.3161   0.021528   0.0494151   0.104801   0.146812   0.177443   0.177443   0.146812   0.104801   0.0494151   0.021528   
6   -48.3201   0.0196944   0.0447333   0.100993   0.148447   0.186132   0.186132   0.148447   0.100993   0.0447333   0.0196944   
7   -48.1062   0.0143547   0.0369105   0.0914838   0.154836   0.202415   0.202415   0.154836   0.0914838   0.0369105   0.0143547   
8   -47.1449   0.015571   0.0374808   0.0889789   0.155321   0.202648   0.202648   0.155321   0.0889789   0.0374808   0.015571   
9   -36.0344   0.0290542   0.112692   7.67772e-07   0.248417   0.109836   0.109836   0.248417   7.67772e-07   0.112692   0.0290542   
