-2   2
-2   2
-2   2.0000000000000004
-2   2.0000000000000004
-2   2.0000000000000004

-1   1.0156961180762782
-1   1.0079381998571084
-1   1.0503930567599209
-1   1.9500592368023413
-1   1.9683635078493111
-1   1.0128870092806677
-1   1.0424661411686595
-1   1.0009815155217245
-1   1.1294073047181392
-1   1.9052910433123271
-1   1.0062454774798131
-1   1.019826591994397
-1   1.9333832919770786
-1   1.0009992462393675
-1   1.1008156024229208
-1   1.0045955225801233
-1   1.0004800438920276
-1   1.0494942626985557
-1   1.0000677089351953
-1   1.9670016721765986

0   0.032997947260443361
0   1.0000000000000009
0   1
0   0.19024362363774361
0   1.0000000000000002
0   1.5594074403643798
0   0.99999999999999933
0   1.8862389458551867
0   1.0000000000000004
0   1.0000000000000002
0   0.26155476762066243
0   0.99999999999999911
0   0.008764183656669311
0   1.0000000000000002
0   1.9918563805266269
0   0.99999999999999933
0   0.99999999999999956
0   1.5594074403643807
0   0.99999999999999822
0   0.99999999999999911
0   1
0   0.0039228552439271036
0   0.0087641836566692
0   0.99999999999999889
0   0.023392955436496554
0   1.0000000000000002
0   0.17067888907824391
0   0.99999999999999911
0   1.0000000000000007
0   1.9552674262038203

1   1.0156961180762787
1   1.0079381998571078
1   1.0503930567599205
1   1.9500592368023413
1   1.9683635078493107
1   1.0128870092806674
1   1.0424661411686595
1   1.0009815155217248
1   1.1294073047181357
1   1.9052910433123289
1   1.0062454774798126
1   1.0198265919943967
1   1.9333832919770799
1   1.000999246239368
1   1.1008156024229205
1   1.0045955225801235
1   1.0004800438920285
1   1.0494942626985564
1   1.0000677089351955
1   1.967001672176599

2   2
2   2
2   2.0000000000000004
2   2.0000000000000004
2   2.0000000000000004

