-2   1.9999999999999996
-2   2
-2   2
-2   2
-2   1.9999999999999996

-1   1.0283733955866878
-1   1.0129641119543846
-1   1.0602467405981542
-1   1.9263689746972856
-1   1.9421665927222889
-1   1.0262754097735722
-1   1.0777948436818057
-1   1.001585174074654
-1   1.2015295120773439
-1   1.8460530159635935
-1   1.0113075830052782
-1   1.0334337722776927
-1   1.8974284682766847
-1   1.0017830943066086
-1   1.1503607663454987
-1   1.0083806136716718
-1   1.0008129828391712
-1   1.0775075609354119
-1   1.0001065528014847
-1   1.9469663155798669

0   0.058493569808185431
0   0.99999999999999845
0   0.99999999999999978
0   0.24864897051543522
0   1
0   1.557803623630627
0   0.99999999999999845
0   1.8211919998073212
0   0.99999999999999933
0   0.99999999999999978
0   0.39359088863721725
0   1.0000000000000002
0   0.015212816778333638
0   0.99999999999999978
0   1.9860999462730353
0   0.99999999999999978
0   0.99999999999999889
0   1.5578036236306252
0   1.0000000000000013
0   0.99999999999999978
0   0.99999999999999933
0   0.0066141440430990128
0   0.015212816778333527
0   1.0000000000000002
0   0.042376777796006904
0   1.0000000000000016
0   0.24038344203694939
0   1.0000000000000007
0   0.999999999999998
0   1.9313538679233724

1   1.0283733955866867
1   1.0129641119543846
1   1.0602467405981553
1   1.9263689746972825
1   1.9421665927222871
1   1.0262754097735733
1   1.0777948436818066
1   1.0015851740746538
1   1.2015295120773444
1   1.8460530159635926
1   1.0113075830052782
1   1.033433772277693
1   1.8974284682766842
1   1.0017830943066086
1   1.150360766345498
1   1.0083806136716711
1   1.000812982839171
1   1.0775075609354117
1   1.0001065528014845
1   1.9469663155798669

2   1.9999999999999996
2   2
2   2
2   2
2   1.9999999999999996

