0   -36.6343   0.0290306   0.112663   7.3953e-07   0.248446   0.109859   0.109859   0.248446   7.3953e-07   0.112663   0.0290306   
1   -47.9778   0.015553   0.0374449   0.0889483   0.155338   0.202715   0.202715   0.155338   0.0889483   0.0374449   0.015553   
2   -48.9786   0.0143307   0.0368518   0.0914646   0.154837   0.202516   0.202516   0.154837   0.0914646   0.0368518   0.0143307   
3   -49.2098   0.0196034   0.0447341   0.100926   0.1486   0.186136   0.186136   0.1486   0.100926   0.0447341   0.0196034   
4   -49.2169   0.0216055   0.0494753   0.104914   0.146695   0.177309   0.177309   0.146695   0.104914   0.0494753   0.0216055   
5   -49.2169   0.0216055   0.0494753   0.104914   0.146695   0.177309   0.177309   0.146695   0.104914   0.0494753   0.0216055   
6   -49.2098   0.0196034   0.0447341   0.100926   0.1486   0.186136   0.186136   0.1486   0.100926   0.0447341   0.0196034   
7   -48.9786   0.0143307   0.0368518   0.0914646   0.154837   0.202516   0.202516   0.154837   0.0914646   0.0368518   0.0143307   
8   -47.9778   0.015553   0.0374449   0.0889483   0.155338   0.202715   0.202715   0.155338   0.0889483   0.0374449   0.015553   
9   -36.6343   0.0290306   0.112663   7.3953e-07   0.248446   0.109859   0.109859   0.248446   7.3953e-07   0.112663   0.0290306   
