-3.5   3.5
-3.5   3.4999999999999996
-3.5   3.4999999999999996
-3.5   3.4999999999999996
-3.5   3.5
-3.5   3.5
-3.5   3.5
-3.5   3.4999999999999991

-2.5   2.5001246733316407
-2.5   2.5001404853304319
-2.5   2.5021522653610542
-2.5   2.5084762789684247
-2.5   2.5078632774895562
-2.5   2.5917996231087828
-2.5   3.3633960947848842
-2.5   2.8421417785622101
-2.5   3.1843915491155266
-2.5   2.5085147877247249
-2.5   2.5672195509328573
-2.5   2.5221673412454861
-2.5   2.5095199895481008
-2.5   2.501922321520555
-2.5   2.5011840562917551
-2.5   2.5111766836917062
-2.5   3.0690009505704778
-2.5   2.5083969269202702
-2.5   3.0968042168773593
-2.5   2.5051691152480684
-2.5   2.567355763335835
-2.5   2.6969703843471415
-2.5   2.8751068544713569
-2.5   2.7696102063171955
-2.5   2.5036445827335299
-2.5   2.5705279558607765
-2.5   2.5213216643785348
-2.5   2.5004557821631703
-2.5   2.5024413057279959
-2.5   2.5001136283485379
-2.5   3.4579818578353554
-2.5   2.5006362682569239
-2.5   2.5304011350509645
-2.5   2.5045511366581987
-2.5   2.5010531813867329
-2.5   3.4872024592565736
-2.5   2.5000367380737734
-2.5   2.502836314448587
-2.5   2.5001302650909536
-2.5   2.5091077347411668
-2.5   2.5000534854652114
-2.5   2.5006750182252397
-2.5   2.5014817015901101
-2.5   2.500120242442736
-2.5   2.5001107543973595
-2.5   2.7351634802591311
-2.5   3.3101442623399295
-2.5   2.5000450913742118
-2.5   2.5004314498178313
-2.5   2.5000796649597836
-2.5   2.5000611492586144
-2.5   2.5004580286867837
-2.5   2.5000217537683382
-2.5   2.6331079385398009
-2.5   2.5001392575383039
-2.5   3.3960851458480721

-1.5   1.5026355198213377
-1.5   1.5055545007374556
-1.5   1.6920986958186335
-1.5   1.5162431877003932
-1.5   2.3553365993356215
-1.5   1.5619004186373573
-1.5   1.513152423052198
-1.5   2.4307096458697979
-1.5   1.5079397751241221
-1.5   2.3362625237212793
-1.5   1.6803923960170213
-1.5   1.5593449968197315
-1.5   1.5301734499302042
-1.5   1.5347351357312449
-1.5   1.5801687481091182
-1.5   2.4549716860059667
-1.5   1.6857441468067127
-1.5   1.8251250254715337
-1.5   2.0444967953668725
-1.5   1.9637214152213511
-1.5   1.9176570848191368
-1.5   1.8408837683692125
-1.5   1.5440666827855689
-1.5   3.2701929100301941
-1.5   1.895684170219837
-1.5   2.5019322589762987
-1.5   2.0558952042284413
-1.5   2.1879297163695588
-1.5   2.4937176697938428
-1.5   2.2891799671933328
-1.5   1.7539910178192755
-1.5   1.8953831116234054
-1.5   1.988693302382722
-1.5   2.1446243420256357
-1.5   2.252174735186927
-1.5   1.6336382550550614
-1.5   2.3903430415998042
-1.5   1.5756208629848536
-1.5   1.5483740049549666
-1.5   1.5093155586845723
-1.5   1.5243985636839468
-1.5   2.4667634410150527
-1.5   1.5216535917926217
-1.5   1.5544987589216026
-1.5   2.4181913675116498
-1.5   1.56387927424286
-1.5   2.3993171473957102
-1.5   1.6009376902891521
-1.5   1.5034074117628622
-1.5   1.5716762319053466
-1.5   1.9519357447057986
-1.5   1.9512130560024374
-1.5   1.5397796888456203
-1.5   1.9735511181157301
-1.5   1.9737321809457922
-1.5   1.531053624480414
-1.5   2.0563793922492466
-1.5   2.0490874353889499
-1.5   2.3875231652323259
-1.5   2.0564019577382489
-1.5   2.0916442852052812
-1.5   2.1710031258869193
-1.5   2.6298125545613456
-1.5   2.4047365421793869
-1.5   1.8471853758136798
-1.5   1.8623076166274264
-1.5   2.104733376055421
-1.5   2.1928322079655955
-1.5   2.0690493276262685
-1.5   2.1934079368572474
-1.5   2.0631240914400513
-1.5   2.2925640107654717
-1.5   2.2501392801437459
-1.5   2.0103259356157297
-1.5   1.5088588119927806
-1.5   1.5203176784531429
-1.5   1.5351426164198019
-1.5   1.5047045297757538
-1.5   1.5329304563105763
-1.5   1.6057569908853684
-1.5   2.2859157639260457
-1.5   1.8392793878852154
-1.5   1.9610615126168676
-1.5   2.1189996166405614
-1.5   1.937986378022666
-1.5   2.3772254859789395
-1.5   2.2484181350657941
-1.5   1.5633762167719576
-1.5   1.5218244142751534
-1.5   3.0528851556770982
-1.5   2.2750663775137498
-1.5   2.1127021960063925
-1.5   1.5370643755792179
-1.5   1.7712126124043572
-1.5   2.408367642169206
-1.5   1.5816121562289598
-1.5   2.2612333192428586
-1.5   1.8200089967408157
-1.5   2.4032678820830444
-1.5   1.5730483391598229
-1.5   1.5322939048033044
-1.5   1.7323387397031818
-1.5   2.8612539145976128
-1.5   2.296527542718692
-1.5   1.5182763010086351
-1.5   2.4253899679806263
-1.5   1.5226014141498472
-1.5   1.5268459898453433
-1.5   2.4267142323320541
-1.5   1.9936115542480835
-1.5   1.9464610482094415
-1.5   2.1108203833058452
-1.5   2.0904870728811273
-1.5   1.6289377931524651
-1.5   1.5038104270336219
-1.5   1.5138725420784409
-1.5   1.5070510191083208
-1.5   1.507241694267444
-1.5   1.5074005514412483
-1.5   1.7498429674284455
-1.5   1.7335476452964893
-1.5   1.5687012065501933
-1.5   2.3207423327665269
-1.5   2.2595574700381182
-1.5   1.5076558305668839
-1.5   1.5892120694700651
-1.5   2.0079355452867631
-1.5   1.9319990370777274
-1.5   2.0753397950030799
-1.5   2.1015324674298106
-1.5   1.5124439683938107
-1.5   1.5075387312054276
-1.5   1.5119650462474965
-1.5   1.9640470737473987
-1.5   1.9214148672465337
-1.5   1.8733132274934592
-1.5   1.9974804744269381
-1.5   1.6207933887742128
-1.5   2.0363225963721359
-1.5   3.319366843640688
-1.5   2.4838195842454716
-1.5   1.5041161002373782
-1.5   1.6449899895386504
-1.5   1.5102891377919585
-1.5   1.5027405805462979
-1.5   1.5224212953729825
-1.5   1.5082922155714349
-1.5   1.5967120436048678
-1.5   1.5044961274062945
-1.5   2.4121328912785867
-1.5   1.5095007485686267
-1.5   2.489416456490078
-1.5   1.5026411400836239
-1.5   1.5680859652667749
-1.5   1.5451115051283164
-1.5   1.50240560428339
-1.5   1.5587311586041626
-1.5   2.1506594711535909
-1.5   1.9016351826562352
-1.5   1.6878997879527353
-1.5   1.6886513538596923
-1.5   1.7383336551907473
-1.5   2.214016044352356
-1.5   1.7301319312630263
-1.5   2.4549686987392576
-1.5   2.4577877856219454
-1.5   2.3572022755194237
-1.5   3.3638293424735473

-0.5   0.58005676160914588
-0.5   0.6790359828296868
-0.5   1.2121383700106052
-0.5   0.95499607225103578
-0.5   0.99953974232685194
-0.5   0.91645548370940011
-0.5   1.3570865737423743
-0.5   1.4169846993117534
-0.5   1.2614474619958476
-0.5   2.3224670175645956
-0.5   1.165941961391832
-0.5   1.0540068620302654
-0.5   1.4748534322777767
-0.5   2.4041942513214791
-0.5   0.66354940001257945
-0.5   1.4674061278871897
-0.5   1.2736783852187936
-0.5   0.69514136562037998
-0.5   0.55965916271009952
-0.5   2.1212052835803648
-0.5   1.410027470375758
-0.5   1.2715798932867983
-0.5   0.99498854549691029
-0.5   0.61292961513402022
-0.5   1.1309700773370366
-0.5   1.481049184654857
-0.5   1.3092878839685935
-0.5   1.2681492453000605
-0.5   0.61205373479126779
-0.5   1.7527001981115675
-0.5   1.4219283263334463
-0.5   1.9121867830546817
-0.5   1.0111066889609199
-0.5   1.771726884637721
-0.5   1.8979912494502975
-0.5   2.1063393176838971
-0.5   1.1007091279744563
-0.5   1.7468588904042508
-0.5   2.0648010200015796
-0.5   1.5747960584386105
-0.5   1.5822148844295461
-0.5   1.9463399378539052
-0.5   1.3959897041936447
-0.5   1.9463732252765027
-0.5   1.3085129144018826
-0.5   2.751731175079676
-0.5   2.0219507503975986
-0.5   1.5712799829166473
-0.5   1.4175161995567152
-0.5   1.8742849581477414
-0.5   1.8319302478947908
-0.5   1.6655675399564109
-0.5   1.7897389413290337
-0.5   1.4854957048800714
-0.5   1.3541916329987089
-0.5   1.6817538453010963
-0.5   1.9822728058732677
-0.5   1.328912874962483
-0.5   1.8815077723607296
-0.5   1.1107117666961825
-0.5   2.2932596249413439
-0.5   0.70950470237475471
-0.5   1.0720164759617596
-0.5   1.3845329616466517
-0.5   0.74455728831713763
-0.5   1.1890818935033143
-0.5   0.86463508292843017
-0.5   1.4399112061459145
-0.5   1.3381683481409909
-0.5   1.6408798326040159
-0.5   1.4111145328254004
-0.5   0.59915741044448745
-0.5   1.8388603606720357
-0.5   1.389973537549436
-0.5   1.6363635285212497
-0.5   1.3279373451747483
-0.5   1.9982346231642247
-0.5   1.2850365236476602
-0.5   2.0169291077848661
-0.5   1.0442808515032143
-0.5   1.0307560065011463
-0.5   1.2919469781798507
-0.5   1.3329763909779428
-0.5   1.4767187075122614
-0.5   0.66825546654702594
-0.5   1.4998011433826188
-0.5   1.5000766738078108
-0.5   1.1317648140719057
-0.5   0.84317512261788385
-0.5   1.2183937022437099
-0.5   1.4102404887600315
-0.5   1.3907930014669696
-0.5   1.3899188507089779
-0.5   1.8501948971913684
-0.5   1.8849182921980137
-0.5   0.80707926982820899
-0.5   2.0812184867814931
-0.5   1.1726123771155983
-0.5   1.5076319139571019
-0.5   1.713054835630774
-0.5   1.7537408131792045
-0.5   1.6848270205599869
-0.5   1.877077942386721
-0.5   1.7125492849653416
-0.5   1.5472877165370975
-0.5   1.8856632169888043
-0.5   1.9777913108312939
-0.5   1.6549551571212779
-0.5   1.7493365245311816
-0.5   2.1815358676532908
-0.5   1.9952226312396411
-0.5   1.5116432829344899
-0.5   1.6863646664843199
-0.5   1.6423033956902842
-0.5   1.2928106411289892
-0.5   1.473326869390462
-0.5   2.0217292916939824
-0.5   2.0911772132655266
-0.5   2.2523541923395518
-0.5   1.9286116536766449
-0.5   2.1865556658476928
-0.5   0.56682833392503285
-0.5   0.6108073009865651
-0.5   1.1303310670509177
-0.5   1.0427820043705058
-0.5   1.4870889307388813
-0.5   0.56992683218626028
-0.5   0.67707644790249777
-0.5   1.437184851969336
-0.5   1.4780171950927803
-0.5   1.4945337953648665
-0.5   1.4953394543091096
-0.5   1.4118881628351374
-0.5   2.1418426752160062
-0.5   1.3363600233241946
-0.5   1.1368062494871571
-0.5   2.4146824254619901
-0.5   1.356647401931685
-0.5   1.4637660760261224
-0.5   1.4023565776766709
-0.5   1.9775241285169844
-0.5   2.2679133524386614
-0.5   1.4601590509928599
-0.5   0.99375671743672611
-0.5   1.3143004959941522
-0.5   1.5026021545005763
-0.5   1.4124053724647585
-0.5   3.0800634588366558
-0.5   1.0952236760657184
-0.5   1.4756921917517698
-0.5   1.9706440756008781
-0.5   1.6115757886721971
-0.5   1.5875086205640443
-0.5   0.92951501435007855
-0.5   2.0323131415610458
-0.5   0.86286286875680251
-0.5   1.4012844157098392
-0.5   1.1667724772598349
-0.5   1.1287663457902182
-0.5   2.3245890757876384
-0.5   0.87913816224454822
-0.5   2.2900394741104906
-0.5   0.82997761421055971
-0.5   1.4715146720783183
-0.5   1.8356014022658451
-0.5   1.8377659066761884
-0.5   1.3825249653561749
-0.5   0.75460922635986849
-0.5   0.78078906805920312
-0.5   1.3750116540090975
-0.5   3.0058228472703656
-0.5   1.7208353082756651
-0.5   1.4004103505122869
-0.5   1.503265342156876
-0.5   1.5959510052315835
-0.5   1.3728268659820766
-0.5   2.3228849081835903
-0.5   1.6611745858951257
-0.5   1.7106528722543706
-0.5   1.317984487372803
-0.5   1.342165647297648
-0.5   1.6971087556280122
-0.5   1.7399519007858388
-0.5   0.86512305933889988
-0.5   0.88760271593953344
-0.5   1.4603894080903408
-0.5   0.56247481489312889
-0.5   0.82599283725200223
-0.5   1.4878443702100677
-0.5   1.3543135602307428
-0.5   1.4919190818369568
-0.5   0.58055907152148278
-0.5   0.56759850545398916
-0.5   1.2828942554850418
-0.5   1.4246857328433098
-0.5   0.87855034617168082
-0.5   0.66399845159666393
-0.5   1.75209556064998
-0.5   1.9304038374506107
-0.5   1.6390859423425281
-0.5   2.1114432238197423
-0.5   2.1424178002003957
-0.5   1.4273262576215326
-0.5   0.61995189633339365
-0.5   0.61478283308523052
-0.5   0.65442827896461964
-0.5   1.4720186056405959
-0.5   0.53730289095528816
-0.5   0.81228041248734373
-0.5   1.4954910205970096
-0.5   1.8524094117568106
-0.5   2.1674609824511211
-0.5   1.5091505426878418
-0.5   1.4821465975385679
-0.5   0.98520347243353412
-0.5   1.4630880521203051
-0.5   1.4144039796757772
-0.5   1.010094226058027
-0.5   0.68932047692824971
-0.5   1.2813704588100747
-0.5   0.51346522656613725
-0.5   0.52950825614696773
-0.5   0.58064795717088025
-0.5   0.68187618012771645
-0.5   1.3000119683346969
-0.5   1.147661541638465
-0.5   0.93809807406599854
-0.5   1.778162500542035
-0.5   2.3502247302867501
-0.5   2.3727657443545001
-0.5   1.7023131986016993
-0.5   1.5964901184537821
-0.5   2.3813388517765328
-0.5   1.9168947735208235
-0.5   1.1987274089004329
-0.5   1.6893744596286511
-0.5   0.79574331193235937
-0.5   1.3957741630588538
-0.5   1.6279876917040301
-0.5   0.98283112964808539
-0.5   1.330748863122527
-0.5   0.5993276726416441
-0.5   1.4495767965863169
-0.5   0.86130081956531712
-0.5   1.0211272368797355
-0.5   0.52313269995151335
-0.5   1.2231565624674539
-0.5   1.0009626967043734
-0.5   1.2778633170187281
-0.5   1.3774662849271426
-0.5   1.4879362246645742
-0.5   1.0751353008082347
-0.5   2.2456443957372501
-0.5   1.4843623269730477
-0.5   2.3309955942677756
-0.5   0.53315351939062405
-0.5   0.60981555186312209
-0.5   1.4732743531532493
-0.5   0.66057969437587305
-0.5   0.56761668300999535
-0.5   0.84816124430699613
-0.5   1.4946723176789622
-0.5   1.3744768478364582
-0.5   1.350453521358653
-0.5   0.68045804484112349
-0.5   2.1197249563432852
-0.5   1.4767188368190893
-0.5   1.4457657638256349
-0.5   0.88019327417096527
-0.5   1.4923018268413193
-0.5   1.406315681811904
-0.5   0.97094888554062875
-0.5   2.3065789162519845
-0.5   1.7244052499340317
-0.5   1.5222591725471086
-0.5   2.3371643092684851
-0.5   1.6007858907642749
-0.5   2.4621019040253018
-0.5   2.3588037289546677
-0.5   3.3488405130336418

0.5   0.58005676160911745
0.5   0.67903598282970301
0.5   1.2121383700106281
0.5   0.95499607225100958
0.5   0.99953974232692833
0.5   0.91645548370930507
0.5   1.3570865737424398
0.5   1.4169846993117496
0.5   1.2614474619957829
0.5   2.3224670175645961
0.5   1.1659419613918409
0.5   1.0540068620302738
0.5   1.4748534322777749
0.5   2.4041942513214574
0.5   0.66354940001258633
0.5   1.4674061278871804
0.5   1.2736783852188014
0.5   0.69514136562037665
0.5   0.55965916271011062
0.5   2.1212052835804753
0.5   1.4100274703756062
0.5   1.271579893286831
0.5   0.99498854549687299
0.5   0.61292961513410105
0.5   1.1309700773369025
0.5   1.4810491846548537
0.5   1.3092878839686746
0.5   1.2681492453000369
0.5   0.61205373479135927
0.5   1.7527001981115187
0.5   1.4219283263333009
0.5   1.9121867830546959
0.5   1.0111066889610749
0.5   1.7717268846377348
0.5   1.8979912494503264
0.5   2.1063393176838878
0.5   1.1007091279744352
0.5   1.7468588904042881
0.5   2.0648010200015787
0.5   1.5747960584386216
0.5   1.5822148844295363
0.5   1.9463399378539492
0.5   1.3959897041936853
0.5   1.9463732252764894
0.5   1.3085129144017527
0.5   2.7517311750796605
0.5   2.0219507503975707
0.5   1.5712799829167228
0.5   1.4175161995567838
0.5   1.8742849581476828
0.5   1.8319302478947548
0.5   1.6655675399564571
0.5   1.7897389413290425
0.5   1.4854957048800659
0.5   1.3541916329987711
0.5   1.6817538453008711
0.5   1.9822728058731913
0.5   1.3289128749627079
0.5   1.8815077723607572
0.5   1.1107117666961785
0.5   2.2932596249413701
0.5   0.7095047023747556
0.5   1.0720164759617052
0.5   1.3845329616466266
0.5   0.7445572883171736
0.5   1.189081893503293
0.5   0.86463508292850544
0.5   1.4399112061458894
0.5   1.3381683481409925
0.5   1.6408798326040412
0.5   1.411114532825402
0.5   0.59915741044447901
0.5   1.8388603606720157
0.5   1.3899735375494384
0.5   1.6363635285212794
0.5   1.3279373451747423
0.5   1.9982346231642092
0.5   1.2850365236477033
0.5   2.0169291077848497
0.5   1.0442808515031856
0.5   1.0307560065011898
0.5   1.2919469781798325
0.5   1.3329763909779129
0.5   1.4767187075122581
0.5   0.66825546654701728
0.5   1.4998011433826195
0.5   1.5000766738078113
0.5   1.1317648140719316
0.5   0.84317512261788452
0.5   1.2183937022436671
0.5   1.4102404887600213
0.5   1.3907930014669856
0.5   1.3899188507089484
0.5   1.8501948971913449
0.5   1.8849182921980643
0.5   0.80707926982818701
0.5   2.0812184867814545
0.5   1.1726123771156414
0.5   1.5076319139570957
0.5   1.7130548356307953
0.5   1.7537408131792245
0.5   1.684827020559982
0.5   1.877077942386701
0.5   1.7125492849653461
0.5   1.5472877165370749
0.5   1.8856632169888208
0.5   1.9777913108312868
0.5   1.6549551571212846
0.5   1.7493365245312078
0.5   2.181535867653297
0.5   1.9952226312396379
0.5   1.5116432829344957
0.5   1.6863646664843355
0.5   1.6423033956902771
0.5   1.29281064112893
0.5   1.4733268693904926
0.5   2.0217292916938163
0.5   2.0911772132656758
0.5   2.2523541923395638
0.5   1.92861165367664
0.5   2.1865556658476986
0.5   0.56682833392502929
0.5   0.61080730098655822
0.5   1.1303310670509519
0.5   1.0427820043704679
0.5   1.4870889307388777
0.5   0.56992683218626383
0.5   0.67707644790244159
0.5   1.4371848519693713
0.5   1.4780171950927765
0.5   1.4945337953648665
0.5   1.4953394543091236
0.5   1.4118881628351456
0.5   2.1418426752159943
0.5   1.3363600233241919
0.5   1.136806249487156
0.5   2.4146824254619852
0.5   1.3566474019316981
0.5   1.4637660760261271
0.5   1.402356577676658
0.5   1.9775241285169787
0.5   2.2679133524386543
0.5   1.460159050992853
0.5   0.99375671743672855
0.5   1.3143004959941387
0.5   1.5026021545005768
0.5   1.4124053724647589
0.5   3.0800634588366518
0.5   1.0952236760657177
0.5   1.4756921917517705
0.5   1.970644075600879
0.5   1.6115757886721931
0.5   1.5875086205640421
0.5   0.92951501435007877
0.5   2.0323131415610542
0.5   0.86286286875680163
0.5   1.4012844157098403
0.5   1.1667724772598349
0.5   1.1287663457902173
0.5   2.3245890757876344
0.5   0.87913816224453689
0.5   2.2900394741104897
0.5   0.82997761421055549
0.5   1.4715146720783192
0.5   1.8356014022658211
0.5   1.8377659066761796
0.5   1.3825249653562113
0.5   0.7546092263599018
0.5   0.78078906805919868
0.5   1.3750116540090975
0.5   3.005822847270351
0.5   1.7208353082756567
0.5   1.4004103505123064
0.5   1.5032653421568725
0.5   1.5959510052315671
0.5   1.3728268659820786
0.5   2.3228849081835925
0.5   1.6611745858951394
0.5   1.710652872254343
0.5   1.3179844873728601
0.5   1.3421656472976276
0.5   1.69710875562801
0.5   1.7399519007858752
0.5   0.86512305933884437
0.5   0.88760271593951567
0.5   1.460389408090339
0.5   0.56247481489313289
0.5   0.82599283725197603
0.5   1.4878443702100692
0.5   1.3543135602307663
0.5   1.4919190818369581
0.5   0.58055907152146746
0.5   0.56759850545398405
0.5   1.2828942554850351
0.5   1.4246857328433069
0.5   0.87855034617167727
0.5   0.66399845159666748
0.5   1.7520955606500124
0.5   1.9304038374507502
0.5   1.6390859423425268
0.5   2.1114432238196144
0.5   2.1424178002003744
0.5   1.4273262576215373
0.5   0.61995189633338921
0.5   0.61478283308523429
0.5   0.65442827896460498
0.5   1.4720186056405953
0.5   0.53730289095529549
0.5   0.812280412487284
0.5   1.4954910205961283
0.5   1.8524094117575345
0.5   2.1674609824511499
0.5   1.5091505426878875
0.5   1.4821465975387145
0.5   0.98520347243348327
0.5   1.4630880521201883
0.5   1.414403979675775
0.5   1.0100942260579855
0.5   0.68932047692824794
0.5   1.2813704588101147
0.5   0.5134652265661348
0.5   0.52950825614695729
0.5   0.58064795717087381
0.5   0.68187618012783546
0.5   1.3000119683347189
0.5   1.1476615416384446
0.5   0.93809807406618217
0.5   1.7781625005420696
0.5   2.3502247302866368
0.5   2.3727657443545382
0.5   1.7023131986016509
0.5   1.5964901184537341
0.5   2.3813388517765235
0.5   1.9168947735208248
0.5   1.1987274089006139
0.5   1.6893744596284579
0.5   0.7957433119323849
0.5   1.3957741630587837
0.5   1.6279876917040452
0.5   0.98283112964819197
0.5   1.3307488631224764
0.5   0.5993276726416239
0.5   1.4495767965863329
0.5   0.86130081956534821
0.5   1.0211272368796147
0.5   0.52313269995151401
0.5   1.2231565624674785
0.5   1.000962696704387
0.5   1.2778633170186915
0.5   1.3774662849271813
0.5   1.4879362246645924
0.5   1.0751353008081521
0.5   2.2456443957374015
0.5   1.4843623269728674
0.5   2.3309955942677885
0.5   0.53315351939062383
0.5   0.6098155518630719
0.5   1.4732743531532733
0.5   0.66057969437599984
0.5   0.56761668300989054
0.5   0.84816124430690398
0.5   1.4946723176789551
0.5   1.3744768478365468
0.5   1.3504535213586908
0.5   0.68045804484105843
0.5   2.119724956343259
0.5   1.4767188368191237
0.5   1.4457657638256236
0.5   0.88019327417093862
0.5   1.4923018268412893
0.5   1.4063156818118132
0.5   0.97094888554061498
0.5   2.306578916252092
0.5   1.7244052499340001
0.5   1.5222591725471304
0.5   2.3371643092685117
0.5   1.6007858907643535
0.5   2.4621019040253036
0.5   2.358803728954646
0.5   3.3488405130336103

1.5   1.5026355198213368
1.5   1.5055545007374551
1.5   1.6920986958186415
1.5   1.5162431877003959
1.5   2.3553365993356161
1.5   1.5619004186373906
1.5   1.5131524230521967
1.5   2.4307096458697743
1.5   1.5079397751241235
1.5   2.3362625237212713
1.5   1.6803923960170293
1.5   1.5593449968197297
1.5   1.5301734499302029
1.5   1.5347351357312489
1.5   1.5801687481091164
1.5   2.4549716860059667
1.5   1.685744146806694
1.5   1.8251250254715403
1.5   2.0444967953669106
1.5   1.9637214152214004
1.5   1.9176570848190915
1.5   1.8408837683692023
1.5   1.5440666827855707
1.5   3.2701929100301768
1.5   1.8956841702197411
1.5   2.5019322589763067
1.5   2.0558952042284528
1.5   2.187929716369589
1.5   2.4937176697938672
1.5   2.2891799671933448
1.5   1.7539910178192724
1.5   1.8953831116233766
1.5   1.9886933023827407
1.5   2.1446243420256255
1.5   2.2521747351869541
1.5   1.6336382550550606
1.5   2.3903430415997966
1.5   1.5756208629848545
1.5   1.5483740049549648
1.5   1.5093155586845728
1.5   1.5243985636839499
1.5   2.4667634410150492
1.5   1.5216535917926248
1.5   1.554498758921607
1.5   2.4181913675116444
1.5   1.56387927424288
1.5   2.3993171473956982
1.5   1.6009376902891539
1.5   1.5034074117628622
1.5   1.5716762319053439
1.5   1.9519357447058012
1.5   1.9512130560024357
1.5   1.5397796888456163
1.5   1.9735511181157221
1.5   1.9737321809457979
1.5   1.5310536244804185
1.5   2.0563793922492368
1.5   2.0490874353889494
1.5   2.3875231652323201
1.5   2.0564019577382355
1.5   2.0916442852052581
1.5   2.1710031258869145
1.5   2.6298125545613633
1.5   2.4047365421794158
1.5   1.847185375813694
1.5   1.8623076166274188
1.5   2.1047333760554015
1.5   2.1928322079656088
1.5   2.0690493276262241
1.5   2.1934079368572581
1.5   2.0631240914400815
1.5   2.292564010765465
1.5   2.2501392801437547
1.5   2.0103259356157288
1.5   1.5088588119927802
1.5   1.5203176784531411
1.5   1.5351426164198005
1.5   1.5047045297757542
1.5   1.5329304563105741
1.5   1.6057569908853679
1.5   2.2859157639260514
1.5   1.8392793878852132
1.5   1.9610615126168782
1.5   2.1189996166405543
1.5   1.9379863780226665
1.5   2.3772254859789603
1.5   2.2484181350657928
1.5   1.5633762167719296
1.5   1.5218244142751547
1.5   3.0528851556770928
1.5   2.2750663775137552
1.5   2.1127021960063961
1.5   1.5370643755792157
1.5   1.7712126124043492
1.5   2.408367642169206
1.5   1.5816121562289611
1.5   2.2612333192428418
1.5   1.8200089967408317
1.5   2.4032678820830409
1.5   1.5730483391598269
1.5   1.5322939048033062
1.5   1.7323387397031755
1.5   2.8612539145976066
1.5   2.2965275427186982
1.5   1.5182763010086329
1.5   2.4253899679806401
1.5   1.522601414149849
1.5   1.5268459898453437
1.5   2.4267142323320532
1.5   1.9936115542481008
1.5   1.9464610482094318
1.5   2.1108203833058625
1.5   2.0904870728811091
1.5   1.6289377931524687
1.5   1.5038104270336214
1.5   1.51387254207844
1.5   1.5070510191083213
1.5   1.5072416942674471
1.5   1.507400551441251
1.5   1.7498429674284433
1.5   1.7335476452964893
1.5   1.5687012065501773
1.5   2.3207423327665273
1.5   2.2595574700381271
1.5   1.507655830566883
1.5   1.5892120694700784
1.5   2.0079355452867929
1.5   1.9319990370777593
1.5   2.0753397950030457
1.5   2.1015324674297693
1.5   1.5124439683938187
1.5   1.5075387312054289
1.5   1.5119650462474929
1.5   1.9640470737474129
1.5   1.9214148672465363
1.5   1.8733132274934676
1.5   1.9974804744269168
1.5   1.6207933887741044
1.5   2.0363225963722145
1.5   3.3193668436406956
1.5   2.4838195842454711
1.5   1.5041161002373715
1.5   1.6449899895386655
1.5   1.5102891377919532
1.5   1.5027405805462966
1.5   1.5224212953730012
1.5   1.508292215571434
1.5   1.5967120436048456
1.5   1.5044961274062949
1.5   2.4121328912785835
1.5   1.5095007485686343
1.5   2.4894164564900776
1.5   1.5026411400836155
1.5   1.5680859652667936
1.5   1.5451115051283315
1.5   1.5024056042833971
1.5   1.558731158604151
1.5   2.1506594711535381
1.5   1.9016351826562903
1.5   1.6878997879527815
1.5   1.6886513538594907
1.5   1.7383336551907709
1.5   2.2140160443524883
1.5   1.7301319312629939
1.5   2.4549686987392367
1.5   2.457787785621989
1.5   2.3572022755194086
1.5   3.3638293424735206

2.5   2.5001246733316407
2.5   2.5001404853304314
2.5   2.5021522653610546
2.5   2.5084762789684225
2.5   2.5078632774895571
2.5   2.5917996231087908
2.5   3.3633960947848749
2.5   2.8421417785622705
2.5   3.1843915491154768
2.5   2.5085147877247307
2.5   2.5672195509328564
2.5   2.5221673412454861
2.5   2.5095199895481004
2.5   2.501922321520555
2.5   2.5011840562917556
2.5   2.5111766836917053
2.5   3.0690009505704721
2.5   2.5083969269202666
2.5   3.0968042168773651
2.5   2.5051691152480693
2.5   2.5673557633358337
2.5   2.696970384347142
2.5   2.8751068544713743
2.5   2.7696102063171901
2.5   2.503644582733537
2.5   2.570527955860765
2.5   2.521321664378533
2.5   2.5004557821631708
2.5   2.5024413057279955
2.5   2.5001136283485379
2.5   3.4579818578353554
2.5   2.5006362682569252
2.5   2.530401135050965
2.5   2.5045511366581996
2.5   2.5010531813867329
2.5   3.4872024592565718
2.5   2.500036738073772
2.5   2.5028363144485861
2.5   2.5001302650909523
2.5   2.5091077347411668
2.5   2.5000534854652128
2.5   2.5006750182252411
2.5   2.5014817015901101
2.5   2.5001202424427356
2.5   2.5001107543973604
2.5   2.7351634802591285
2.5   3.3101442623399358
2.5   2.5000450913742132
2.5   2.5004314498178322
2.5   2.5000796649597854
2.5   2.500061149258614
2.5   2.5004580286867837
2.5   2.5000217537683374
2.5   2.6331079385398044
2.5   2.5001392575383039
2.5   3.3960851458480681

3.5   3.5
3.5   3.4999999999999996
3.5   3.4999999999999996
3.5   3.4999999999999996
3.5   3.5
3.5   3.5
3.5   3.5
3.5   3.4999999999999991

