-2.5   2.4999999999999996
-2.5   2.4999999999999996
-2.5   2.5
-2.5   2.5
-2.5   2.5
-2.5   2.5000000000000004

-1.5   1.548046824264933
-1.5   1.7036797742990566
-1.5   1.5120187446794766
-1.5   2.1254495084034448
-1.5   1.5633205536991266
-1.5   1.6757901482965702
-1.5   1.6679289799988828
-1.5   1.9620728108317498
-1.5   2.1583966131600034
-1.5   1.6041574872512361
-1.5   1.7679474774364414
-1.5   1.6844409539295713
-1.5   1.6533595410616204
-1.5   1.6623262650294377
-1.5   1.9327256874720646
-1.5   1.5494999573833574
-1.5   1.8820555804996189
-1.5   1.6949851847656765
-1.5   1.7981825514516663
-1.5   1.5679089309975689
-1.5   1.607984919658985
-1.5   1.6262848888647436
-1.5   2.1722379770685443
-1.5   1.5108280468500186
-1.5   1.5091518452441646
-1.5   1.8550156691929027
-1.5   1.7094532269570157
-1.5   1.5568666620745746
-1.5   1.5053567216053336
-1.5   2.0491654334738794

-0.5   1.1821185930953997
-0.5   1.1564761011556628
-0.5   1.2606745638204153
-0.5   1.2674810287632119
-0.5   1.0920397474870942
-0.5   1.0514989170675786
-0.5   1.2626880323314582
-0.5   1.1418651674140461
-0.5   1.0104707482019151
-0.5   1.2271452752719616
-0.5   1.0642346687539046
-0.5   1.2680074801923322
-0.5   1.2564853770699367
-0.5   1.3957976754779171
-0.5   1.2705689703472678
-0.5   1.2519406523384526
-0.5   1.0997307588502887
-0.5   1.3904078886474751
-0.5   1.4495153211950416
-0.5   1.2809068527771352
-0.5   0.92073992293769602
-0.5   1.368815322576773
-0.5   1.4830838553938857
-0.5   1.0234542427445574
-0.5   1.2402984950885549
-0.5   0.91231888692902841
-0.5   1.1263536613518847
-0.5   1.5141940553189825
-0.5   1.2845232786961527
-0.5   1.7057878097810524
-0.5   1.5031872946059135
-0.5   1.8171760316418739
-0.5   1.2406539948068624
-0.5   1.2907448800769765
-0.5   1.2959540722591931
-0.5   1.3735853328348113
-0.5   1.0285936624491234
-0.5   1.1266188121193152
-0.5   1.4712731120535947
-0.5   0.89395117874984997
-0.5   1.0203162934881991
-0.5   1.0033936019134972
-0.5   1.046383350786191
-0.5   1.3038105831899556
-0.5   0.91233553529394551
-0.5   1.0695337051763905
-0.5   1.3564008716009319
-0.5   1.5196889180886735
-0.5   1.0453103554730647
-0.5   1.0697619048119504
-0.5   0.94422749053841248
-0.5   1.1876666579705979
-0.5   0.60620517473469016
-0.5   0.70428178900462091
-0.5   0.9211264365416354
-0.5   1.3183864842958464
-0.5   1.1952696231373914
-0.5   1.3079452785395611
-0.5   1.2685576171888873
-0.5   2.0825891127119656

0.5   1.1821185930954019
0.5   1.1564761011556641
0.5   1.2606745638204164
0.5   1.2674810287632121
0.5   1.0920397474870955
0.5   1.0514989170675806
0.5   1.2626880323314587
0.5   1.1418651674140488
0.5   1.0104707482019197
0.5   1.2271452752719627
0.5   1.064234668753905
0.5   1.2680074801923331
0.5   1.2564853770699371
0.5   1.395797675477918
0.5   1.2705689703472587
0.5   1.2519406523384524
0.5   1.0997307588502963
0.5   1.3904078886474762
0.5   1.449515321195042
0.5   1.280906852777135
0.5   0.92073992293769469
0.5   1.3688153225767734
0.5   1.4830838553938863
0.5   1.0234542427445568
0.5   1.2402984950885532
0.5   0.91231888692902841
0.5   1.1263536613518847
0.5   1.514194055318983
0.5   1.2845232786961549
0.5   1.7057878097810577
0.5   1.5031872946059104
0.5   1.8171760316418748
0.5   1.2406539948068644
0.5   1.2907448800769763
0.5   1.2959540722591922
0.5   1.373585332834814
0.5   1.0285936624491283
0.5   1.1266188121193157
0.5   1.4712731120535953
0.5   0.89395117874984575
0.5   1.0203162934881982
0.5   1.0033936019135028
0.5   1.0463833507861884
0.5   1.3038105831899558
0.5   0.91233553529393863
0.5   1.0695337051763936
0.5   1.3564008716009595
0.5   1.5196889180886499
0.5   1.0453103554730654
0.5   1.0697619048119547
0.5   0.94422749053840049
0.5   1.1876666579706152
0.5   0.60620517473469149
0.5   0.70428178900462179
0.5   0.92112643654163207
0.5   1.3183864842958473
0.5   1.1952696231373949
0.5   1.3079452785395631
0.5   1.2685576171888839
0.5   2.0825891127119616

1.5   1.5480468242649326
1.5   1.7036797742990561
1.5   1.5120187446794757
1.5   2.1254495084034457
1.5   1.5633205536991261
1.5   1.6757901482965694
1.5   1.6679289799988828
1.5   1.9620728108317507
1.5   2.1583966131600048
1.5   1.6041574872512365
1.5   1.7679474774364423
1.5   1.6844409539295708
1.5   1.6533595410616213
1.5   1.6623262650294386
1.5   1.9327256874720637
1.5   1.5494999573833579
1.5   1.8820555804996175
1.5   1.6949851847656765
1.5   1.7981825514516672
1.5   1.5679089309975689
1.5   1.6079849196589855
1.5   1.626284888864745
1.5   2.1722379770685452
1.5   1.5108280468500195
1.5   1.5091518452441641
1.5   1.8550156691929018
1.5   1.7094532269570153
1.5   1.5568666620745741
1.5   1.5053567216053336
1.5   2.049165433473878

2.5   2.4999999999999996
2.5   2.4999999999999996
2.5   2.5
2.5   2.5
2.5   2.5
2.5   2.5000000000000004

