-2.5   2.5
-2.5   2.5
-2.5   2.5
-2.5   2.5
-2.5   2.5
-2.5   2.5

-1.5   1.5011083108356007
-1.5   1.5052690791900241
-1.5   1.5222069389804744
-1.5   1.5182389894004453
-1.5   2.4395367041111853
-1.5   1.5850625884919309
-1.5   2.4248663034960725
-1.5   1.5656866631813648
-1.5   1.5001018967403179
-1.5   1.50795441875999
-1.5   1.509261736875454
-1.5   1.5177741861048295
-1.5   1.5041140828130057
-1.5   2.2614131049981112
-1.5   1.7937033135161298
-1.5   1.9467549655176826
-1.5   2.1371998567673893
-1.5   1.5011452738446529
-1.5   1.5056563733563935
-1.5   1.502018407296676
-1.5   1.500397786711908
-1.5   1.560715662683978
-1.5   2.4537885964247632
-1.5   1.5000518370561213
-1.5   1.5020787470744326
-1.5   1.5017243792809611
-1.5   1.500017960036903
-1.5   1.5871217596019962
-1.5   1.5000989772694866
-1.5   2.4387192913653721

-0.5   0.53368217732159917
-0.5   0.52310024058632942
-0.5   1.4781333730119679
-0.5   1.4863162580656064
-0.5   0.53083878395441531
-0.5   0.57437117380198921
-0.5   1.2360434630080916
-0.5   1.454467458975264
-0.5   0.91566505954074873
-0.5   1.492591397991397
-0.5   1.8555147852765259
-0.5   1.2422679578253764
-0.5   0.77406964729263139
-0.5   1.3510981438405463
-0.5   2.207050860821425
-0.5   1.4862618030151069
-0.5   1.4829183228355087
-0.5   0.59178292964863211
-0.5   0.5373356072048785
-0.5   1.4796761832940517
-0.5   0.52085779310673841
-0.5   0.55295084858208376
-0.5   1.4984371136648802
-0.5   0.94163376822154432
-0.5   1.1740828041809996
-0.5   1.3989784794167781
-0.5   1.0458963257306182
-0.5   1.5229734999671352
-0.5   2.214515220403988
-0.5   1.4963361452502264
-0.5   0.85003603437916375
-0.5   2.4060662739158167
-0.5   0.61509569914286866
-0.5   1.4853719024900549
-0.5   0.5221565630844458
-0.5   1.4986559580283432
-0.5   1.4851798214090521
-0.5   0.52506514245534919
-0.5   0.59918081772537768
-0.5   0.92995396013404186
-0.5   1.2259341577726852
-0.5   0.98465291169953328
-0.5   1.193712695373891
-0.5   2.3811602231420634
-0.5   1.4698333008003408
-0.5   0.70542566203419987
-0.5   0.53113515449969206
-0.5   0.50318156466521757
-0.5   0.52035786335013379
-0.5   0.53064320242009799
-0.5   1.4674796018313692
-0.5   0.55424146623464687
-0.5   1.4816319005349514
-0.5   0.53870243230783599
-0.5   0.72290039240587944
-0.5   1.4106590256108948
-0.5   0.66354322739884952
-0.5   1.4959801950213625
-0.5   1.4588561020237043
-0.5   2.4328824880928752

0.5   0.53368217732159828
0.5   0.52310024058632854
0.5   1.4781333730119672
0.5   1.4863162580656051
0.5   0.53083878395441353
0.5   0.57437117380198943
0.5   1.2360434630080976
0.5   1.4544674589752618
0.5   0.91566505954074517
0.5   1.4925913979913881
0.5   1.855514785276533
0.5   1.2422679578253821
0.5   0.77406964729262429
0.5   1.3510981438405567
0.5   2.2070508608214148
0.5   1.486261803015112
0.5   1.4829183228355121
0.5   0.59178292964863344
0.5   0.53733560720487783
0.5   1.4796761832940508
0.5   0.52085779310673819
0.5   0.55295084858208443
0.5   1.4984371136648795
0.5   0.94163376822154343
0.5   1.1740828041810007
0.5   1.3989784794167803
0.5   1.0458963257306158
0.5   1.522973499967136
0.5   2.2145152204039862
0.5   1.4963361452502266
0.5   0.85003603437916464
0.5   2.4060662739158167
0.5   0.61509569914286821
0.5   1.485371902490054
0.5   0.52215656308444602
0.5   1.4986559580283438
0.5   1.485179821409051
0.5   0.52506514245534852
0.5   0.59918081772538057
0.5   0.9299539601340352
0.5   1.2259341577726934
0.5   0.98465291169952485
0.5   1.1937126953739039
0.5   2.3811602231420643
0.5   1.4698333008003417
0.5   0.7054256620341941
0.5   0.53113515449968962
0.5   0.50318156466521802
0.5   0.52035786335013356
0.5   0.53064320242009999
0.5   1.467479601831372
0.5   0.55424146623464954
0.5   1.4816319005349541
0.5   0.53870243230783665
0.5   0.72290039240590276
0.5   1.4106590256108766
0.5   0.66354322739884086
0.5   1.4959801950213678
0.5   1.4588561020237052
0.5   2.4328824880928726

1.5   1.501108310835602
1.5   1.5052690791900241
1.5   1.5222069389804744
1.5   1.5182389894004462
1.5   2.4395367041111857
1.5   1.5850625884919332
1.5   2.4248663034960707
1.5   1.5656866631813644
1.5   1.500101896740317
1.5   1.50795441875999
1.5   1.5092617368754544
1.5   1.5177741861048295
1.5   1.5041140828130057
1.5   2.261413104998109
1.5   1.7937033135161315
1.5   1.9467549655176764
1.5   2.1371998567673942
1.5   1.5011452738446529
1.5   1.5056563733563939
1.5   1.5020184072966769
1.5   1.500397786711908
1.5   1.5607156626839771
1.5   2.4537885964247645
1.5   1.5000518370561209
1.5   1.502078747074433
1.5   1.5017243792809611
1.5   1.500017960036903
1.5   1.5871217596019984
1.5   1.5000989772694862
1.5   2.4387192913653717

2.5   2.5
2.5   2.5
2.5   2.5
2.5   2.5
2.5   2.5
2.5   2.5

