-3   2.9999999999999996
-3   3
-3   2.9999999999999996
-3   3
-3   3
-3   3.0000000000000004
-3   2.9999999999999996

-2   2.0000100730465036
-2   2.0010452516473252
-2   2.001368584969601
-2   2.0034950450816451
-2   2.0081001391302773
-2   2.9697089628898121
-2   2.002190555493939
-2   2.0336868592119761
-2   2.949713917620739
-2   2.0573003421426241
-2   2.0036771062792424
-2   2.0201881640608716
-2   2.0011742066830744
-2   2.3919240767834413
-2   2.0002866332812186
-2   2.0002116587669012
-2   2.1562741073995921
-2   2.5373933635501276
-2   2.0096176074933787
-2   2.0005052798796643
-2   2.9579213979917847
-2   2.0362857462290629
-2   2.0004286861593057
-2   2.0158043465622417
-2   2.0000003045070156
-2   2.9951697836519662
-2   2.0000678376220362
-2   2.0014379216933356
-2   2.0000343148758821
-2   2.0001392407052538
-2   2.0040223140516029
-2   2.0001187553758255
-2   2.9519953680739088
-2   2.0000595560480159
-2   2.0617254046643008
-2   2.0000082559704899
-2   2.0001728256868612
-2   2.0009214255701462
-2   2.000008841515919
-2   2.0578213626807451
-2   2.0000436450969619
-2   2.9572480777547985

-1   1.0034401815091383
-1   1.0529035094928825
-1   1.0054162622212153
-1   1.9644396564598159
-1   1.00629312507278
-1   1.9900838149737066
-1   1.0095092218062347
-1   1.0342291755183755
-1   1.9783542443081084
-1   1.0184771824272849
-1   1.0668867539446647
-1   1.6290011872178911
-1   1.9536187744211944
-1   1.4854624902600166
-1   2.0259262241463198
-1   2.2905861980320541
-1   1.3491403167844052
-1   1.1738585917059048
-1   1.7043387262997718
-1   1.3786673676385073
-1   1.666611209838341
-1   2.6710972591042137
-1   1.2038845983283517
-1   1.8088699109989741
-1   1.9245810345294143
-1   1.7393036495862506
-1   1.094963499357775
-1   1.0222850059602344
-1   1.0021020600816939
-1   1.9991012478751733
-1   1.0284316529792965
-1   1.5084974837955376
-1   1.533858327553538
-1   1.6927764222941755
-1   1.7858536045604243
-1   1.899093303886072
-1   1.5255725599958838
-1   1.3424794995352967
-1   1.5274131447602137
-1   1.6398648215642311
-1   1.7226564065555756
-1   1.2964218735607651
-1   1.7546487612181059
-1   1.8887293386372788
-1   1.0109358566367324
-1   1.0714347757709373
-1   1.7459344103939207
-1   1.3680847214204304
-1   1.0354366236719088
-1   1.9539356093723659
-1   2.9537320799872102
-1   1.0178524756866267
-1   2.0079273950995717
-1   1.3145467507055935
-1   1.6125031047779372
-1   1.8127107972612158
-1   1.5030480198151679
-1   1.2677548562984533
-1   1.9775537387633033
-1   1.8151915283573188
-1   2.3862719834424926
-1   1.0018458825404002
-1   1.0363791734313581
-1   1.6616030295707742
-1   1.4568956997950271
-1   1.0014333360723038
-1   1.9783205720069459
-1   1.0025681026616928
-1   1.0140622962093619
-1   1.0919586189305841
-1   1.704498852037911
-1   1.911823582387159
-1   1.2792252741719037
-1   1.0523097373218284
-1   1.1656199797036657
-1   1.9862327382675553
-1   1.9884473030027938
-1   1.022552505371773
-1   1.005005240531976
-1   1.0246468694065847
-1   2.5729396042472192
-1   1.7723609791880981
-1   1.0015007300943943
-1   1.9113461142311352
-1   1.3115205953234887
-1   1.8129649635249345
-1   1.0157347976871152
-1   1.0040537864239683
-1   1.0016746928904579
-1   1.0050081212080555
-1   1.9971365721165344
-1   1.0157588900839787
-1   1.0052767581456863
-1   1.9860189541417861
-1   1.0147017889339869
-1   1.0092055442506354
-1   1.0408514764553367
-1   1.8822210319481836
-1   1.1582571279565004
-1   1.1485519993758446
-1   1.9475933826654992
-1   1.1060383774489877
-1   1.9888571078134922
-1   1.9544111630236167
-1   2.9457956418416824

0   0.0095492896080666689
0   1.0012768594937951
0   0.28812906978230424
0   1.001650136995023
0   1.0013152287734621
0   1.9224057651632194
0   1.0009221179238081
0   1.9949578461800939
0   1.0011418452922474
0   0.37869830018852113
0   0.019807834282551173
0   1.0011378706091374
0   1.0155526286989902
0   1.8937244894110266
0   0.017844811827845808
0   1.003187099801925
0   1.2705257361717479
0   1.9934947008238639
0   1.3332633613249185
0   1.3192111190279245
0   1.5955943797732117
0   2.4455739573844291
0   1.0065194226122907
0   1.9706703119905313
0   1.1339651600686698
0   1.3663131842842384
0   1.0793557812217611
0   2.4600880598541224
0   1.2826600676420601
0   0.31052880607565547
0   1.0225926285053617
0   1.7907597484910398
0   1.8850335335344397
0   1.9601175988584134
0   0.25659580436985729
0   1.000064829033168
0   0.055787859293192632
0   1.0012105242839586
0   1.0114861974542046
0   1.9538376630713423
0   1.0010878387630258
0   0.19664899575454375
0   1.3022606821473239
0   1.302274167272466
0   1.0098094025278979
0   0.84445423593154345
0   1.0003485181146217
0   1.1592340885794401
0   0.98546225186021208
0   2.026590682762246
0   1.9514125582953672
0   1.0012634792163584
0   1.2402600485627353
0   1.5067574061872566
0   1.2015386681624001
0   1.6305703799208868
0   1.4906491898605323
0   1.8757489061586061
0   1.4178204625687525
0   1.0032329817611945
0   0.04618913447339823
0   1.9916641024489583
0   1.0040813525051342
0   1.0321459788309995
0   1.0326311949480655
0   1.9927412885310787
0   1.000696913351095
0   0.61796583238480474
0   2.9659367827125767
0   1.7993983658027122
0   1.0002604403160078
0   1.9904233451916222
0   1.9946027232477728
0   1.0103849732119559
0   0.011563079290703659
0   0.041786202725345944
0   1.3037125525971509
0   1.3035571150660903
0   1.0001771697108639
0   2.815702723958267
0   1.3025882119531693
0   1.0754863105367038
0   1.9995820107898039
0   1.00160808565888
0   1.0000624260760183
0   1.0000218134739687
0   1.997818936786806
0   0.0035548170570166571
0   1.0012656227393548
0   0.20205731794078008
0   1.0004721709279412
0   0.082747923183757011
0   1.0007526852799922
0   0.072174768182606597
0   1.9509755223311509
0   1.9740793227013995
0   1.0000735743472977
0   1.0001791395960229
0   1.0021362692708904
0   1.9928602805068767
0   1.9893773122567913
0   1.0168850425028926
0   1.0001035870512454
0   0.072298789498413285
0   0.042345816362327926
0   1.0035501936480047
0   2.7746915182364962
0   1.2519211223044375
0   0.047924397069105895
0   1.0002779227237775
0   1.3198229301518725
0   1.0003010743312095
0   1.9863345909926919
0   1.4201866529926011
0   0.054180497893910551
0   0.010681609092081712
0   1.0000955740373536
0   1.0036880641529495
0   1.0004232662574866
0   1.0022575233683506
0   0.92301922347704335
0   0.038976935392553869
0   1.6190269841554654
0   1.0000086109941544
0   1.0025416316620266
0   1.9873468349963352
0   0.010960494264491638
0   1.0000644017187839
0   0.13278574128023812
0   1.000023152941802
0   1.0035907314392201
0   1.9996886885599396
0   1.0233757128439527
0   0.30100648643188599
0   1.0000087595002543
0   1.9436931675112357
0   1.1015577201719868
0   1.9969323976534534
0   1.9508554826775586
0   2.9413749063571086

1   1.0034401815091387
1   1.052903509492884
1   1.0054162622212148
1   1.9644396564598194
1   1.0062931250727816
1   1.9900838149737132
1   1.0095092218062311
1   1.0342291755183763
1   1.9783542443081021
1   1.0184771824272842
1   1.0668867539446596
1   1.6290011872178516
1   1.9536187744211944
1   1.4854624902600515
1   2.0259262241462088
1   2.2905861980321518
1   1.3491403167843887
1   1.173858591705923
1   1.704338726299802
1   1.3786673676385612
1   1.6666112098382952
1   2.6710972591042172
1   1.2038845983283364
1   1.8088699109989408
1   1.9245810345294201
1   1.7393036495862484
1   1.0949634993577768
1   1.0222850059602362
1   1.0021020600816948
1   1.9991012478751724
1   1.0284316529792963
1   1.5084974837955505
1   1.53385832755353
1   1.6927764222941688
1   1.7858536045604327
1   1.8990933038860662
1   1.5255725599958603
1   1.3424794995353173
1   1.5274131447602382
1   1.6398648215642062
1   1.7226564065555738
1   1.2964218735607786
1   1.754648761218109
1   1.8887293386372752
1   1.0109358566367317
1   1.0714347757709379
1   1.7459344103939092
1   1.3680847214204415
1   1.0354366236719077
1   1.9539356093723663
1   2.953732079987212
1   1.0178524756866276
1   2.0079273950995744
1   1.3145467507055972
1   1.6125031047779448
1   1.8127107972612135
1   1.503048019815159
1   1.2677548562984191
1   1.9775537387633144
1   1.8151915283573463
1   2.3862719834424837
1   1.0018458825403989
1   1.0363791734313561
1   1.6616030295707556
1   1.4568956997950413
1   1.0014333360723033
1   1.9783205720069468
1   1.0025681026616933
1   1.0140622962093579
1   1.0919586189305917
1   1.7044988520379296
1   1.9118235823871608
1   1.2792252741719026
1   1.0523097373218173
1   1.1656199797036395
1   1.986232738267554
1   1.9884473030027929
1   1.0225525053717759
1   1.0050052405319756
1   1.0246468694065796
1   2.5729396042472308
1   1.7723609791881021
1   1.0015007300943948
1   1.911346114231113
1   1.3115205953234879
1   1.8129649635249434
1   1.0157347976871087
1   1.004053786423968
1   1.0016746928904576
1   1.0050081212080593
1   1.9971365721165348
1   1.0157588900839862
1   1.0052767581456923
1   1.9860189541417825
1   1.0147017889339829
1   1.0092055442506318
1   1.0408514764553702
1   1.8822210319481254
1   1.1582571279565534
1   1.1485519993758955
1   1.947593382665465
1   1.1060383774489653
1   1.9888571078135056
1   1.9544111630236216
1   2.9457956418416842

2   2.0000100730465036
2   2.0010452516473247
2   2.001368584969601
2   2.0034950450816451
2   2.0081001391302791
2   2.9697089628898086
2   2.0021905554939377
2   2.0336868592119788
2   2.9497139176207359
2   2.0573003421426272
2   2.0036771062792433
2   2.0201881640608716
2   2.001174206683074
2   2.3919240767834404
2   2.000286633281219
2   2.0002116587669017
2   2.1562741073996747
2   2.5373933635500543
2   2.0096176074933783
2   2.0005052798796648
2   2.9579213979917842
2   2.0362857462290629
2   2.0004286861593052
2   2.0158043465622413
2   2.0000003045070156
2   2.9951697836519666
2   2.0000678376220375
2   2.0014379216933347
2   2.0000343148758826
2   2.0001392407052543
2   2.0040223140516025
2   2.0001187553758251
2   2.9519953680739013
2   2.0000595560480154
2   2.0617254046643088
2   2.0000082559704899
2   2.0001728256868612
2   2.000921425570148
2   2.0000088415159198
2   2.057821362680734
2   2.0000436450969623
2   2.957248077754806

3   2.9999999999999996
3   3
3   2.9999999999999996
3   3
3   3
3   3.0000000000000004
3   2.9999999999999996

