0   -28.7347   0.0294337   0.113149   1.29525e-06   0.247953   0.109463   0.109463   0.247953   1.29525e-06   0.113149   0.0294337   
1   -37.0126   0.0158737   0.0380786   0.0894901   0.155023   0.201535   0.201535   0.155023   0.0894901   0.0380786   0.0158737   
2   -37.4952   0.0148873   0.0380936   0.0920595   0.154661   0.200298   0.200298   0.154661   0.0920595   0.0380936   0.0148873   
3   -37.5132   0.0210518   0.0451568   0.10176   0.146451   0.185581   0.185581   0.146451   0.10176   0.0451568   0.0210518   
4   -37.3862   0.0176605   0.0445448   0.0987307   0.151837   0.187227   0.187227   0.151837   0.0987307   0.0445448   0.0176605   
5   -37.3862   0.0176605   0.0445448   0.0987307   0.151837   0.187227   0.187227   0.151837   0.0987307   0.0445448   0.0176605   
6   -37.5132   0.0210518   0.0451568   0.10176   0.146451   0.185581   0.185581   0.146451   0.10176   0.0451568   0.0210518   
7   -37.4952   0.0148873   0.0380936   0.0920595   0.154661   0.200298   0.200298   0.154661   0.0920595   0.0380936   0.0148873   
8   -37.0126   0.0158737   0.0380786   0.0894901   0.155023   0.201535   0.201535   0.155023   0.0894901   0.0380786   0.0158737   
9   -28.7347   0.0294337   0.113149   1.29525e-06   0.247953   0.109463   0.109463   0.247953   1.29525e-06   0.113149   0.0294337   
