-3   3
-3   3.0000000000000009
-3   3
-3   3.0000000000000004
-3   2.9999999999999996
-3   3.0000000000000004
-3   3

-2   2.0000578158822684
-2   2.0031596324543206
-2   2.0043701255574131
-2   2.007616135158639
-2   2.0231819719863826
-2   2.9085849624057913
-2   2.0045425572716007
-2   2.1023053006131178
-2   2.8949655756496671
-2   2.0107087728755508
-2   2.1094530253225083
-2   2.0855589007902453
-2   2.0033464174819806
-2   2.3142781190321386
-2   2.0012922968769389
-2   2.0006759998363139
-2   2.1536955215949716
-2   2.5560046638436558
-2   2.0320239845274832
-2   2.0018858860682438
-2   2.915599349394062
-2   2.0467755629402395
-2   2.0012351318765278
-2   2.0473998814548833
-2   2.0000026280799701
-2   2.98516306376019
-2   2.0002014610219589
-2   2.0044887063235155
-2   2.0000961053571156
-2   2.0003964597605335
-2   2.0121514624451162
-2   2.0003785131555971
-2   2.8964225857177537
-2   2.000181248751872
-2   2.1267980910251949
-2   2.0000253767582845
-2   2.0005010510734769
-2   2.0017707151210149
-2   2.0000157926244495
-2   2.1296913406498836
-2   2.0001456641590467
-2   2.902164056564994

-1   1.0148730307741733
-1   1.1252769468861274
-1   1.0135718678597692
-1   1.9082598343768802
-1   1.0234527042264066
-1   1.9699632444416713
-1   1.0262652714991527
-1   1.2252928417936313
-1   1.8476469480469957
-1   1.0654459550582143
-1   1.174465154118183
-1   1.499376194672031
-1   1.8783520998446646
-1   1.6138962728891384
-1   2.1867613667723012
-1   1.507124378368788
-1   1.984892567465081
-1   1.2700430409236823
-1   1.4968619861177141
-1   2.1850988803618363
-1   1.7119476666420272
-1   1.6842449928340439
-1   1.2760458129922043
-1   2.1771358098902103
-1   1.8151390886472512
-1   1.7385319509698594
-1   1.2075768959288615
-1   1.0559601728862096
-1   1.0059040257329983
-1   1.9959589840792322
-1   1.1351233318568905
-1   1.4765128957865523
-1   1.4588685206266794
-1   1.6631451303027314
-1   1.7742143037231339
-1   1.9234655935955889
-1   1.5289970983464491
-1   1.3667404725196479
-1   1.5143638623161157
-1   1.6445776086088446
-1   1.7120086893385413
-1   1.2985444989627752
-1   1.745833220300149
-1   1.8924935639901408
-1   1.0371845846876064
-1   1.1698804687489786
-1   1.5593181861849423
-1   1.5996344985061595
-1   1.0644338259201009
-1   1.8856954494172395
-1   2.8929481131353523
-1   1.0667904607598788
-1   1.8515647448849055
-1   1.4774708243153607
-1   1.620851054739826
-1   1.7652196961900319
-1   1.6150979821792402
-1   1.9222718572336346
-1   1.9586713619978537
-1   1.1055675784421792
-1   2.3902270749611221
-1   1.0060551765455095
-1   1.0763525530578528
-1   1.5077995106467159
-1   1.5631747009622434
-1   1.0752474049966096
-1   1.9547503390133509
-1   1.0072053841222186
-1   1.0393259472621108
-1   1.6047591128194942
-1   1.8103720661818676
-1   1.1195295027504968
-1   1.1757523605285933
-1   1.1797975278257156
-1   1.4117499388374812
-1   1.9601930501985225
-1   1.965890178948166
-1   1.021013757922197
-1   1.0820077006439301
-1   1.6273121543707099
-1   1.7015967294175769
-1   1.5915902054115145
-1   2.403997216138245
-1   1.0050771075574085
-1   1.3880287659377384
-1   1.8280854329127134
-1   1.0166192959658522
-1   1.0099391086965694
-1   1.0052423664474663
-1   1.0156031464436033
-1   1.9889540931504817
-1   1.0504663791505717
-1   1.0193968780883373
-1   1.9540075730798545
-1   1.0437384815354338
-1   1.0365128127883836
-1   1.1302655634706762
-1   1.5825902852118761
-1   1.4628680807629266
-1   1.2494442834275377
-1   1.1870084062237434
-1   1.9263658865577193
-1   1.9782428502096558
-1   1.893369820641722
-1   2.8915404006228553

0   0.040167028608380506
0   1.0059690880405194
0   0.55365773482863134
0   1.0035608967521401
0   1.0058064919636611
0   1.805727439612824
0   1.0023183078690687
0   1.9842721542123058
0   1.0062241482646326
0   0.61730109857162274
0   0.063735673758854472
0   1.0035980655617147
0   1.0373897555052289
0   1.7911931418900098
0   0.050530068725859856
0   1.319319186008995
0   1.0131133983068827
0   1.9715903001351749
0   1.2911352308556734
0   1.8505246083090792
0   1.0117737357137333
0   2.3239908133653295
0   1.0049461282043544
0   1.3908405142052795
0   1.9223910042401569
0   1.9289726846149295
0   1.3715976638632943
0   1.1911293920226722
0   1.3158080609153007
0   0.95781762892343769
0   2.1781302054992278
0   1.0620937997737114
0   1.915809675129474
0   1.5060282422704026
0   0.52747959181403559
0   1.0002639952910284
0   1.0036292972912957
0   0.13130000046735124
0   1.0327483303271658
0   1.8282167897733119
0   1.0032644678400087
0   1.3017950668780907
0   1.301895211702367
0   0.54227226304721232
0   1.0139722904368633
0   0.84882346235836481
0   1.0010362656931535
0   1.1552101981477871
0   0.98799015112972377
0   2.0314745250264656
0   1.9514039684068503
0   1.0037780621891954
0   1.2209848848584508
0   1.5042664966863408
0   1.2052612262912554
0   1.6389735233162739
0   1.4838397725449819
0   1.8690595681341056
0   1.4136733214605905
0   1.0105013281126458
0   1.9688634220828818
0   0.13002768723674629
0   1.0143840997665128
0   1.09268467583991
0   1.0585321642288885
0   1.9774201481329867
0   1.002765176199035
0   0.79097008295155202
0   2.91704987185445
0   1.7192287303428522
0   1.0005437132037931
0   1.9802622380245305
0   1.9818979753621484
0   1.024683837643481
0   1.3015033966104392
0   1.3057493364467867
0   0.05444952199008235
0   0.10883765734127337
0   1.0005035830614208
0   2.7550964796949349
0   1.3030784897536123
0   1.1824797126347861
0   1.9987292796379537
0   1.005014548277487
0   1.0002110764675156
0   1.9938570850080488
0   1.0000856290530409
0   0.011104809327727616
0   1.0040550087098337
0   0.49790107983007792
0   1.0013733087613055
0   0.15790667340204145
0   1.0019953263937309
0   0.26400317720374356
0   1.8467095278938181
0   1.9200436452587919
0   1.0003662093192778
0   1.0003919452721701
0   1.0089728955097903
0   1.9774654668395129
0   1.9627336320183213
0   1.0579631124955489
0   1.0002851941796536
0   0.29667072299783181
0   0.12331958551343958
0   1.0751618432095544
0   1.5910794330860836
0   2.4499009587675613
0   0.176610492428385
0   1.0007595921289307
0   0.80865182127975466
0   1.0009702506681697
0   1.945448984749039
0   1.8020383505924316
0   0.085528594990319728
0   0.036666697880666788
0   1.0004573117091757
0   1.0112812305728587
0   1.0010830040426617
0   0.96160122289906069
0   1.0064682618176137
0   0.11454522137569001
0   1.0095741367841908
0   1.0002081391665556
0   1.5999810135876245
0   1.957114018086036
0   0.033523014427047748
0   1.0003452459941582
0   0.36830351662267446
0   1.0197967365765432
0   1.0000749192091756
0   1.99899982820929
0   0.42729972993608401
0   1.061086336063273
0   1.0000258746927693
0   1.8780047308655892
0   1.1691336639468461
0   1.9903003426146872
0   1.9101210391956096
0   2.8807698508767667

1   1.014873030774172
1   1.125276946886139
1   1.0135718678597661
1   1.9082598343768717
1   1.0234527042264034
1   1.9699632444416686
1   1.0262652714991574
1   1.2252928417935709
1   1.8476469480470432
1   1.0654459550582129
1   1.1744651541181703
1   1.4993761946720188
1   1.8783520998446734
1   1.6138962728891428
1   2.1867613667722776
1   1.5071243783687835
1   1.984892567465117
1   1.2700430409236678
1   1.4968619861177066
1   2.1850988803619709
1   1.7119476666419065
1   1.6842449928340466
1   1.2760458129922054
1   2.1771358098901943
1   1.8151390886472591
1   1.7385319509698598
1   1.20757689592886
1   1.055960172886212
1   1.0059040257329976
1   1.9959589840792327
1   1.1351233318568903
1   1.4765128957865479
1   1.4588685206266765
1   1.6631451303027323
1   1.7742143037231357
1   1.9234655935955991
1   1.5289970983464443
1   1.3667404725196615
1   1.5143638623161242
1   1.6445776086088384
1   1.7120086893385378
1   1.2985444989627735
1   1.7458332203001468
1   1.8924935639901306
1   1.037184584687606
1   1.1698804687489803
1   1.5593181861849379
1   1.5996344985061648
1   1.0644338259201023
1   1.8856954494172382
1   2.8929481131353469
1   1.0667904607598802
1   1.8515647448848958
1   1.4774708243153662
1   1.620851054739842
1   1.7652196961900311
1   1.6150979821792357
1   1.922271857233639
1   1.9586713619978564
1   1.105567578442175
1   2.390227074961123
1   1.0060551765455115
1   1.0763525530578526
1   1.507799510646711
1   1.5631747009622301
1   1.0752474049966361
1   1.9547503390133536
1   1.0072053841222186
1   1.0393259472621132
1   1.6047591128194938
1   1.8103720661822962
1   1.1195295027498833
1   1.1757523605285727
1   1.1797975278257109
1   1.4117499388374932
1   1.9601930501985216
1   1.9658901789481673
1   1.0210137579221974
1   1.0820077006439255
1   1.6273121543708751
1   1.7015967294175769
1   1.5915902054113396
1   2.4039972161382326
1   1.0050771075574099
1   1.3880287659377304
1   1.8280854329127312
1   1.016619295965854
1   1.0099391086965694
1   1.0052423664474659
1   1.0156031464436015
1   1.9889540931504825
1   1.0504663791505788
1   1.0193968780883371
1   1.9540075730798465
1   1.0437384815354309
1   1.0365128127883865
1   1.1302655634706087
1   1.5825902852118983
1   1.4628680807629466
1   1.2494442834275226
1   1.1870084062237616
1   1.9263658865577318
1   1.9782428502096732
1   1.8933698206417282
1   2.89154040062285

2   2.0000578158822684
2   2.0031596324543206
2   2.0043701255574127
2   2.0076161351586372
2   2.0231819719863826
2   2.9085849624057936
2   2.0045425572715989
2   2.1023053006131169
2   2.8949655756496711
2   2.0107087728755513
2   2.1094530253225079
2   2.0855589007902453
2   2.0033464174819806
2   2.3142781190321413
2   2.0012922968769393
2   2.0006759998363135
2   2.15369552159502
2   2.5560046638436114
2   2.0320239845274828
2   2.0018858860682442
2   2.9155993493940633
2   2.0467755629402404
2   2.0012351318765278
2   2.0473998814548842
2   2.0000026280799701
2   2.9851630637601891
2   2.0002014610219598
2   2.0044887063235155
2   2.0000961053571147
2   2.0003964597605326
2   2.0121514624451167
2   2.0003785131555976
2   2.8964225857177595
2   2.0001812487518715
2   2.1267980910251842
2   2.000025376758285
2   2.000501051073476
2   2.0017707151210145
2   2.0000157926244513
2   2.1296913406498921
2   2.0001456641590467
2   2.9021640565649869

3   3
3   3.0000000000000009
3   3
3   3.0000000000000004
3   2.9999999999999996
3   3.0000000000000004
3   3

