-4   4
-4   3.9999999999999991
-4   3.9999999999999991
-4   4
-4   3.9999999999999991
-4   4
-4   4
-4   3.9999999999999991
-4   3.9999999999999991

-3   3.0000226993523387
-3   3.0000350072571536
-3   3.0003297469892836
-3   3.0009579132269901
-3   3.0001610859742507
-3   3.0201454090289324
-3   3.0070519468245043
-3   3.8781804184207882
-3   3.0004064561890211
-3   3.1300324507495927
-3   3.8738129908482684
-3   3.1441994637846347
-3   3.0010007501121883
-3   3.0001255119006625
-3   3.0045477314852822
-3   3.0003172866968182
-3   3.0018711468415997
-3   3.0001449861744978
-3   3.8049836017662635
-3   3.0005522086591467
-3   3.0195395169055601
-3   3.174039463557214
-3   3.003181109285828
-3   3.0432841289000514
-3   3.0079912341540904
-3   3.0015434956213993
-3   3.7670157319136459
-3   3.0002487477765811
-3   3.2677499620129771
-3   3.0000855123610175
-3   3.0027532728266397
-3   3.0000433039235612
-3   3.0015339909256418
-3   3.002673131238931
-3   3.3060068929152244
-3   3.002262968713417
-3   3.1361945583790436
-3   3.6148228010005719
-3   3.0047756887881727
-3   3.005147699572865
-3   3.0644006936434973
-3   3.0078967275041588
-3   3.941219155855725
-3   3.0000651535458931
-3   3.0001248112509282
-3   3.000173450937119
-3   3.0010341282311477
-3   3.0000729646767579
-3   3.0000104154676333
-3   3.7869754808127309
-3   3.0000326970155711
-3   3.255179296337757
-3   3.0000102290340114
-3   3.0016847623304113
-3   3.0001093275421726
-3   3.0001382131735514
-3   3.0000048205061485
-3   3.000020523874261
-3   3.0278149329081292
-3   3.0000104076750995
-3   3.9374811095531417
-3   3.0000592619886808
-3   3.0512608003967183
-3   3.0000261603332965
-3   3.0000332367257472
-3   3.0001700199094281
-3   3.0000240288500972
-3   3.0000665616231124
-3   3.0000159291407726
-3   3.0960090595698992
-3   3.0000628874568505
-3   3.9233941299562218

-2   2.0002742348746065
-2   2.000438746864313
-2   2.0009629656191317
-2   2.1394626578669729
-2   2.0090214572849132
-2   2.8926935757741519
-2   2.0029656184868068
-2   2.1102116416690331
-2   2.0038544946265118
-2   2.9080256318978495
-2   2.0012318173162824
-2   2.0032919688653177
-2   2.8765944537035377
-2   2.1413056040666523
-2   2.0203716048655114
-2   2.0103234719781788
-2   2.0148826137956171
-2   2.0184612559588677
-2   2.015486328038147
-2   2.8807014643301061
-2   2.1376937214553013
-2   2.0034957668058588
-2   2.0871381673998495
-2   2.9628909355285766
-2   2.7248347348754667
-2   2.7341446316048361
-2   2.0307271615986182
-2   2.2926221075976363
-2   2.2404150398194309
-2   2.4255499662415256
-2   2.727679757133417
-2   2.1105121130094733
-2   3.0584433481105342
-2   2.564261808731148
-2   2.3427107333560708
-2   2.1162383965209783
-2   2.8682607968148233
-2   2.4632330369179845
-2   2.2956965604974355
-2   3.2530911214561047
-2   2.366391050769943
-2   2.567195665485515
-2   3.0571564621222334
-2   2.3196771757010812
-2   2.3719693506308079
-2   2.3301093523197109
-2   2.2436184516305229
-2   2.5907766237693899
-2   2.2198576174298923
-2   2.115583915501948
-2   2.5114332211861532
-2   2.390566361366397
-2   2.0115759974843161
-2   2.0019443413302027
-2   2.0079806469411379
-2   2.0073550230243611
-2   2.0547198349137585
-2   2.1038045688159337
-2   2.916035939112287
-2   2.5873279652060917
-2   2.372228395849592
-2   2.9639591381139452
-2   2.0805891905437894
-2   2.0689188492954189
-2   2.1068465446711895
-2   2.0217389207096814
-2   2.3173517319532331
-2   2.5182598753955578
-2   2.0472413538323528
-2   3.0405586414546537
-2   2.3933409727008952
-2   2.0916894554757834
-2   3.2734493076018758
-2   2.5173144483533303
-2   2.9315790743988104
-2   2.1144975264339663
-2   2.6997541353160703
-2   2.0457727492713
-2   2.0790297435485674
-2   2.0525267805574772
-2   2.1024138923884266
-2   2.7342568187523395
-2   2.2968388248372307
-2   2.2605883126745487
-2   2.2498760950163312
-2   2.194342506522811
-2   2.0658559904834615
-2   2.7537660333348746
-2   2.4561195742717685
-2   2.0165196926786537
-2   2.4321089056799301
-2   2.0636877673423655
-2   2.6721750214721522
-2   2.6851447481473034
-2   2.7088161666159083
-2   2.7047793446860187
-2   2.9853136888195109
-2   2.3793645184559966
-2   2.6647386468611369
-2   2.7007382483546332
-2   2.057317598255664
-2   2.0026989257788359
-2   2.0239398554601453
-2   2.0274494586718754
-2   2.0744471505782731
-2   2.2762818711602626
-2   2.1405673348659469
-2   2.321300737995839
-2   2.4775611320952469
-2   2.8158125090712129
-2   2.0307624416556909
-2   2.0057065161762573
-2   2.9839102892538465
-2   2.0140432911085564
-2   2.0071802727524246
-2   2.0037289404900922
-2   2.0129755967310508
-2   2.0270081742468555
-2   2.059864648901867
-2   2.1479091895912528
-2   2.5129305905150265
-2   2.3594034041663536
-2   2.1418944688915564
-2   2.4170027510511223
-2   2.1052769953822734
-2   2.7426515404087572
-2   2.6639848925550971
-2   3.268509008852535
-2   2.8385170248108054
-2   2.3070967285762332
-2   3.2355387665298365
-2   2.6793139728853972
-2   2.2841168651151351
-2   2.279639037691596
-2   2.6882727683079648
-2   2.3634503334922754
-2   2.4128029601480065
-2   2.3131842278194021
-2   2.7349627239252254
-2   2.585669127112876
-2   3.7619258695360642
-2   2.0165537592708467
-2   2.0025274493283329
-2   2.0329670347279074
-2   2.0026796855029185
-2   2.4558332151369875
-2   2.5151527919303955
-2   2.0530738324141349
-2   2.2021952799836995
-2   2.120997810798428
-2   2.7856085884802795
-2   2.0205608525416348
-2   2.0008569106284382
-2   2.9272529899597566
-2   2.6681775766553466
-2   2.4077370000807385
-2   2.090369883555518
-2   2.0041596703439564
-2   2.9927443757337548
-2   2.0080260170987576
-2   2.000955830881268
-2   2.0047339110049887
-2   2.0073895522381768
-2   2.0106223558138887
-2   2.0388372625880984
-2   2.9013683986429153
-2   2.0070560350160656
-2   2.0171826038111274
-2   2.1307469657463791
-2   3.8104939691007953
-2   2.1757125603901817
-2   2.2069662842604365
-2   2.7024423211823563
-2   2.8310936782639788
-2   2.9348328943331494
-2   2.3644755465540555
-2   2.0631618838404169
-2   2.0299792691539413
-2   2.0765851306935508
-2   2.0599863913418326
-2   2.9595632279541206
-2   2.000400382109218
-2   2.0048387374915815
-2   2.0009297713157626
-2   2.0040461189479011
-2   2.0017572388560789
-2   2.0020233167289661
-2   2.0047276141253887
-2   2.2023954985023568
-2   2.1673523836623674
-2   2.670938760391413
-2   2.6869569008178704
-2   2.1965349485210743
-2   2.2037634408277134
-2   2.0276321320992401
-2   2.0235613300307538
-2   2.0013731344264314
-2   2.0121098126633941
-2   2.5529581947161328
-2   2.7750851284467482
-2   2.4386643597796556
-2   2.169617964456156
-2   2.0999317084482718
-2   2.1203492404539634
-2   2.0026918461375791
-2   2.0466378465512074
-2   2.162790444237241
-2   2.2285540174353993
-2   2.2109841948512217
-2   2.7011401789461518
-2   2.8184727952114343
-2   2.0012164735900098
-2   2.0159303992885746
-2   2.0392669819977725
-2   3.408947327647224
-2   2.8783734533771574
-2   3.010822856839547
-2   2.7761536287971245
-2   2.1024152165934971
-2   2.0524940168603316
-2   2.0021500619565709
-2   2.0028043489425831
-2   2.0007132345602865
-2   2.0031387381828751
-2   2.0217827482711441
-2   2.0017938604135916
-2   2.9793141675206858
-2   2.0142075414105585
-2   2.0028859501542398
-2   2.9866971904288926
-2   2.00219874233533
-2   2.004608957659697
-2   2.0226783898777545
-2   2.00871168283276
-2   2.0195269250052066
-2   2.0100438336498643
-2   2.8679548441821536
-2   2.0747025725416339
-2   2.1476851952818587
-2   2.0517661462920929
-2   2.0540159813079053
-2   2.4945257793289146
-2   2.4661466906262515
-2   2.1466868569073934
-2   2.201047252967649
-2   2.7559078485627801
-2   2.1973799624183172
-2   2.9720422589795095
-2   2.15956546516979
-2   2.96165057452076
-2   2.8756610394646684
-2   3.8821800341146009

-1   1.0244481225967133
-1   1.0740824026288409
-1   1.126372888249825
-1   1.6488114135543821
-1   1.0536851563070131
-1   1.4385157652832274
-1   1.4025577137178546
-1   1.1299926203262241
-1   1.362002314683459
-1   1.6963001928845447
-1   1.912334835862513
-1   1.2274590541294608
-1   1.8776911217678802
-1   1.8149782425119527
-1   2.8409145925728456
-1   1.0312473333887997
-1   1.9412953908243686
-1   1.2494066994796857
-1   1.1135702278030688
-1   2.0556888431361173
-1   1.8696064814338627
-1   2.7979042692395018
-1   1.268331051210843
-1   1.1143231241654143
-1   1.9079170630506916
-1   1.0206753638624473
-1   1.3621608584685394
-1   2.598802529586326
-1   1.7537399402258584
-1   2.075211390798835
-1   1.0553275054428608
-1   1.3507182411026426
-1   1.3531504291689003
-1   1.5817071056418941
-1   1.3125323151703236
-1   1.8380610945415472
-1   1.3473406356357029
-1   1.4150840971455922
-1   1.3931518203592481
-1   1.6577821062644964
-1   1.7757035844219575
-1   1.2668359491000638
-1   1.5915181752586549
-1   1.3338750959214642
-1   1.3984240291088872
-1   2.7498997144415953
-1   1.1219536720898562
-1   1.2344824478689544
-1   1.764901707824416
-1   1.3456918951089218
-1   1.0935356176729365
-1   1.8718880419778623
-1   1.8137259017861429
-1   1.9093496053134142
-1   1.8680052431897742
-1   1.2509103862964774
-1   2.0338467554546282
-1   2.1534817649883875
-1   2.1230611407965871
-1   2.447714457869631
-1   2.4788542599454648
-1   1.8107455708549174
-1   1.4961693272380412
-1   1.9306356201635535
-1   2.4292708280396789
-1   2.885254836258849
-1   1.8241961995851241
-1   1.7015147614618322
-1   1.6472088001896998
-1   1.9861868732332599
-1   2.3109121723001977
-1   1.9158664607887483
-1   2.0840447309670234
-1   2.5451789704783208
-1   1.8877087921805469
-1   1.7213941395538828
-1   1.7216918858349195
-1   1.6161771064828288
-1   1.8130048471937501
-1   1.7206759395679314
-1   1.7498322463766471
-1   2.6553179258901869
-1   2.0232263044818124
-1   2.3107933160078824
-1   2.0366504226736999
-1   1.8826228038865689
-1   1.4887254631680393
-1   2.7539165406316952
-1   1.8230693443093107
-1   2.1942820862202872
-1   1.5761515361715248
-1   1.3953933679588757
-1   1.6156780237415598
-1   1.7635906435429392
-1   1.2564358780501244
-1   2.4131038112353966
-1   1.8940844063118587
-1   1.4927154730053203
-1   1.0667052123413798
-1   1.9352973236907989
-1   1.2741836310208954
-1   1.6593880560985488
-1   2.8180397779610371
-1   1.7738072002318623
-1   1.9880131786376118
-1   1.1421590765107013
-1   1.3371125895716649
-1   1.1479343383484135
-1   1.9180125918666437
-1   1.111148015662389
-1   1.8603959015039959
-1   1.8191668374672139
-1   1.9164644773888577
-1   1.1669445201685262
-1   1.0855229212370316
-1   1.0700487443014437
-1   1.9238781802002367
-1   2.1726150566781728
-1   1.9010666753513692
-1   2.2322725644476491
-1   2.1114981079420314
-1   1.6687210365745102
-1   1.5659141648439219
-1   2.4187861829129709
-1   1.62682653871226
-1   2.505855559587471
-1   1.4074739572488291
-1   1.2459431612125063
-1   1.8099441258541531
-1   1.8798768607982255
-1   1.7657351332259936
-1   1.5734407182645573
-1   1.8256019041205374
-1   1.5146851191988882
-1   1.5413481235548367
-1   1.7298516981633147
-1   1.3343469509255825
-1   1.4249109782578513
-1   1.8370200925107198
-1   2.0773040728388019
-1   1.758321492112155
-1   1.7874116472678589
-1   1.6687988629248198
-1   2.0441112572831623
-1   1.8355222270830107
-1   2.5670030691698078
-1   2.1041022930661422
-1   2.7417091346279041
-1   1.7592946382946155
-1   2.5681617876369467
-1   1.4632856896089204
-1   2.4119983428908407
-1   1.6537112330147741
-1   1.7128174780617131
-1   1.622200216893686
-1   2.0018179839452381
-1   1.4615225390726625
-1   1.6104505882648064
-1   1.6083442674457018
-1   1.6425993514874824
-1   2.3199381505957621
-1   1.5851664910101335
-1   1.4506023186600749
-1   1.4362632768693737
-1   2.4923355548873207
-1   1.6856119009171726
-1   2.1273014885563004
-1   1.1963126258324694
-1   1.496636057636602
-1   1.7344776402389188
-1   1.4186607243491027
-1   1.3730086008942419
-1   1.6141365299116877
-1   1.2472632819538716
-1   2.3918706084764794
-1   1.5937194409326625
-1   2.0950488288968061
-1   2.2416126997106858
-1   1.8625221802568106
-1   2.1909731319498853
-1   1.8682568226687337
-1   1.9569824699601113
-1   1.1378263070540113
-1   1.745465177645066
-1   1.7442433483884319
-1   1.0621317125488736
-1   1.7962772894145234
-1   2.2166793180739219
-1   1.6166854450869974
-1   3.0925478124144661
-1   1.7947121417602547
-1   1.5251387890616965
-1   2.6843627956981706
-1   1.2291562673461185
-1   2.5783443367073104
-1   1.6705297837667734
-1   2.3349676626361546
-1   2.6939110857094866
-1   1.9243476094569285
-1   1.1451761944910221
-1   1.4225521319367613
-1   1.6518045912368611
-1   1.0593320802609729
-1   1.9312072835412093
-1   1.0581509423028606
-1   1.67395873264008
-1   1.2124933564792697
-1   1.2641142211341954
-1   1.5572795181506942
-1   1.2222938890562014
-1   1.9651974025405159
-1   1.7361936969918652
-1   2.0469024332368417
-1   1.8755617232637052
-1   1.3409387645466182
-1   1.5093802939006218
-1   1.7913588581315674
-1   1.4013609532016691
-1   2.2958007426834621
-1   1.4819574087804135
-1   2.1651541876333722
-1   1.8713168911032714
-1   1.9996165712174832
-1   1.9783863678859488
-1   1.2561958595415277
-1   1.3027523265123513
-1   1.261905607150698
-1   1.866147844053919
-1   2.0665735780218077
-1   2.0513929170487861
-1   1.8705958643059053
-1   1.2101640600095793
-1   1.1672739283046185
-1   1.6803865269643024
-1   1.6949065748307737
-1   1.4746024238243309
-1   1.6797726143301421
-1   1.6838992661577343
-1   1.4691787325420684
-1   1.3512140951157556
-1   1.9185555882663405
-1   2.0376800769239152
-1   1.8516249029566603
-1   2.1892518074508809
-1   1.7094506956201814
-1   1.8491835315690608
-1   2.4213074022011738
-1   1.8476878034968132
-1   2.2722763143438116
-1   1.6153029666532901
-1   2.5321112806576473
-1   2.4770061361695714
-1   2.2283403361408305
-1   2.6833309876263942
-1   1.4296554454992636
-1   2.0583713936311581
-1   3.2650069681738452
-1   2.1713993704872574
-1   1.6599531280212609
-1   2.4471442692571337
-1   1.6173990610347984
-1   1.5178425577445345
-1   2.111335865838158
-1   2.3247465051105052
-1   1.687443083494593
-1   1.5685513594120941
-1   1.7231561396328567
-1   2.3626331911683756
-1   2.5799741336445194
-1   2.0300614964792065
-1   2.3636164875038115
-1   1.5301691232421564
-1   3.8102698936656543
-1   1.0811655316368076
-1   1.9421003836663027
-1   1.1051725942639947
-1   1.2216731394399214
-1   1.0593104655579144
-1   1.7634281979152524
-1   1.1375479916598121
-1   1.3119976209373061
-1   1.7551955748240666
-1   1.9154922295177719
-1   1.205342370049828
-1   1.3388061516918746
-1   2.0489496831086682
-1   1.5627237051309599
-1   2.617351245575386
-1   1.4732124507305477
-1   1.6778129781271418
-1   1.9609987479003888
-1   1.7811862369315912
-1   2.917340122747484
-1   1.2541102664021992
-1   1.9825792815734475
-1   1.0130280451372111
-1   1.0271234573346351
-1   1.6857452348165043
-1   1.0064461577894128
-1   1.4282706924226793
-1   1.0445421611429675
-1   1.7792797298959577
-1   1.8012743329503595
-1   2.254245637116246
-1   2.4302791047746184
-1   1.8688035564037482
-1   2.0812714473878775
-1   1.5839767381170282
-1   1.978125596170357
-1   1.9752616789446145
-1   1.1629665271546765
-1   1.5167317077942197
-1   2.2353747233862848
-1   1.9317894597723115
-1   1.8398607777177349
-1   1.1888134933754588
-1   1.3429157823613853
-1   1.79190583650169
-1   1.8902429058479666
-1   1.8041626485977642
-1   2.0319282607086624
-1   1.9098934817875022
-1   1.132882785014657
-1   2.4946771437968112
-1   1.1411906326325327
-1   1.8405361546608265
-1   2.0555777336900611
-1   1.8265566399948616
-1   1.1507236596494359
-1   1.2420023813529464
-1   1.4123277891435559
-1   1.4225353717502083
-1   3.6217461374540401
-1   1.2199796394959206
-1   1.603467616990736
-1   1.3833145737828854
-1   1.4075061675453933
-1   2.4257854621811208
-1   1.3481303102304951
-1   1.6303677889585368
-1   2.0002136235518844
-1   2.7152147885364726
-1   2.016828481747214
-1   1.6977604333875429
-1   1.3097037925456718
-1   2.0733226764345534
-1   1.9768730252495037
-1   1.7061626395912795
-1   1.990286842861547
-1   1.307879637204221
-1   1.6888288579449089
-1   1.052950831752878
-1   1.102935070691339
-1   1.5383335568717889
-1   1.8276094773000984
-1   2.8645482180783759
-1   1.7410523397125535
-1   1.019088054952173
-1   1.3293519645107152
-1   1.8267596611707533
-1   1.8828655276624304
-1   1.7225240236848607
-1   1.3066530533752263
-1   1.0139898650375256
-1   1.5857866247521524
-1   1.9156619017857599
-1   1.9875477741161656
-1   1.005900018114215
-1   1.0043131672531518
-1   1.0361584519554718
-1   1.3975955753236766
-1   1.0288925440403809
-1   1.6926164560021326
-1   2.254147630753998
-1   2.1732246599335934
-1   1.389830164507218
-1   1.2884763990438692
-1   1.3186314284636245
-1   1.3293397450870617
-1   2.5488932564543827
-1   2.6467013657885596
-1   1.0623062938573122
-1   1.1516266219493065
-1   1.7367619457001671
-1   1.7737250816848564
-1   1.925864224756086
-1   1.258030971121491
-1   1.1876991054138586
-1   1.2320614743136133
-1   1.8274989225988163
-1   1.8760644427409368
-1   1.8745503071178646
-1   1.0594174557511986
-1   1.0274603865929304
-1   1.0759228123914479
-1   1.0500112994973947
-1   1.0265353151060872
-1   1.9765013837046439
-1   1.5163498895762428
-1   2.2974287952481602
-1   2.2421024417565865
-1   1.6145295844081269
-1   2.1730279212811774
-1   1.8025782190926316
-1   1.4764880719088607
-1   1.90352689436012
-1   1.1787633149523975
-1   1.5508790339809586
-1   1.3687729351387798
-1   1.0090685311120042
-1   1.0128619046177669
-1   1.0168109466135313
-1   1.9903852545647895
-1   1.0322729748716279
-1   1.832531446454245
-1   1.0574616644272086
-1   1.9795401612101049
-1   1.0338998638127335
-1   1.1267133533232532
-1   1.3800531979354567
-1   2.4733615431445917
-1   2.266188867505126
-1   2.4183778118551604
-1   2.6706203387366365
-1   1.6814915797166594
-1   1.5435356989884155
-1   1.9745955201111234
-1   2.0454114665300849
-1   1.6158763779648342
-1   1.5909767126557361
-1   1.3942255797299286
-1   1.9916678228719968
-1   1.2381120142079356
-1   1.7058679565361978
-1   3.1308095850398909
-1   2.3793548884333324
-1   1.2537544901214794
-1   2.8153144014812259
-1   1.8472684633782985
-1   1.8259516629117405
-1   1.7179664653050986
-1   1.3768740270124089
-1   1.0941874570742616
-1   1.9686794193283452
-1   1.0182203597037627
-1   1.0237412585347982
-1   1.2204264209460522
-1   1.1925979585431621
-1   1.8148653559368331
-1   1.8013266764742752
-1   1.0864163814196313
-1   1.1071962487843341
-1   1.1163550169871295
-1   1.9714180278845408
-1   1.6589206626476813
-1   1.5236599637537109
-1   1.8211827499981714
-1   1.9785305606887058
-1   1.3279331519678201
-1   2.480705156825175
-1   1.8617761389325911
-1   1.9581617243444165
-1   2.9221863424698253
-1   1.0140332069774469
-1   1.0298872497647904
-1   1.0113537529987058
-1   1.908652000195322
-1   1.0354317056314577
-1   1.1345382285427636
-1   1.1545845900786744
-1   1.082155052879793
-1   1.831003326524316
-1   1.1973756843002028
-1   1.1958547102291648
-1   1.0992353482814485
-1   1.8523327973289221
-1   1.2024602855525806
-1   1.8149247761788141
-1   1.9466143787912538
-1   1.9288034769919711
-1   1.240549571901848
-1   1.0914805192743753
-1   2.7414141040047788
-1   1.6132376152759291
-1   1.9527863800167737
-1   1.1472195371238378
-1   1.8259168035161575
-1   1.7580137422283721
-1   1.3156578088261421
-1   1.9930916349767145
-1   2.4542951139907467
-1   1.9645018069514126
-1   1.3114478815692225
-1   2.0472312565123003
-1   1.9929236920956028
-1   1.3814852766635892
-1   2.5896151266353953
-1   2.3851834205286573
-1   2.0204829281839576
-1   2.886331485818574
-1   2.0479093345706514
-1   2.9506521028564996
-1   2.8449377742985655
-1   3.8656053372094403

0   0.033558592913107921
0   1.002543467944081
0   0.69468385354626916
0   1.0403903718675152
0   1.0026504921696047
0   1.2307572098954249
0   1.014100166565431
0   0.16473498329985226
0   1.4746347098224677
0   1.0501514128669258
0   1.0030659491981551
0   1.9972453451568182
0   0.60939938853125608
0   1.0279794065362993
0   1.0037765578197491
0   1.6880882648641662
0   1.2720958378458842
0   1.9618858243779789
0   1.7732504349209477
0   2.8078818413573172
0   1.0018031859937537
0   1.6618904693701033
0   1.0030996513705623
0   0.98884462345137281
0   1.1230839850495435
0   1.8941980087224928
0   1.8919304707139379
0   2.7987221464373637
0   0.53773127764108808
0   1.2111286310810407
0   1.092220581011585
0   1.8128475796136709
0   0.31098715086365691
0   1.09751634362388
0   1.0021114139040883
0   0.68365025079923503
0   2.6836334912612014
0   0.072130694347779634
0   1.8781258495344302
0   1.6298038532581045
0   1.4274749206147659
0   1.0022379048927015
0   0.79986205428595136
0   1.950903518332904
0   1.0023402746569317
0   1.0978826717320052
0   1.9938924916454566
0   1.1031000918389029
0   0.2570485629330973
0   1.7009027154897689
0   1.0113477316300106
0   1.3437657939602845
0   1.9548165623871481
0   1.94589629880462
0   1.0348683355249737
0   0.89030633586404173
0   1.5044015947149409
0   0.30978464949337181
0   1.0158865731283271
0   2.4243567609222079
0   1.0661504760432012
0   0.86821412036767032
0   1.6486198665705905
0   1.030429514082293
0   1.0350486275156576
0   1.5318386087795228
0   1.1428100265121934
0   1.8230378847340627
0   1.1606163604908757
0   2.3046867100488901
0   1.3376807482527648
0   1.0245585554852334
0   0.80370610297737288
0   1.8026627765734209
0   1.618693746931712
0   2.7401418966880207
0   1.7781180096878568
0   1.1594333084569832
0   1.0372908181945477
0   1.994205915159557
0   2.4922372116697957
0   1.7164680790265483
0   1.6696229538156375
0   3.3473475650252822
0   1.9570137053065553
0   1.8493016215131171
0   1.1898446020683293
0   1.9253397384224744
0   1.466505651062419
0   2.3290926047866334
0   1.6534561096342597
0   1.2689107640105584
0   2.1024515222140079
0   1.7476065136123506
0   1.6661826725176372
0   1.7275655482826573
0   2.0677344326874181
0   0.63686929068355669
0   2.3143939003433793
0   1.2823365425752569
0   1.973645571973083
0   1.2001022815152274
0   1.8184360916263684
0   2.3096587087834348
0   1.3645135473349508
0   1.7379405089212656
0   1.4409503929561556
0   1.6442464873771505
0   2.4660050854581135
0   1.6961094767747884
0   1.5975482679341959
0   1.6711432479048551
0   1.4105402191074103
0   2.01063306748746
0   1.9209048424309594
0   1.2801446178018638
0   1.5099409573724145
0   1.6219289366926
0   1.0930693024462292
0   1.1577615891522257
0   1.9013685149214985
0   2.4423642672408903
0   1.3547436504426642
0   1.7412110634347924
0   0.5871273380577684
0   1.1689581956596116
0   2.7087558949940629
0   1.3034321224449585
0   1.1004973204373381
0   1.4331813397740705
0   1.0158023668822356
0   1.5759271688650283
0   1.2439452052543394
0   1.3229778253072508
0   0.45710691367210299
0   1.0322132787221121
0   1.0443428232907075
0   1.648253929235592
0   1.006134244080781
0   1.9730514750621979
0   1.9592177975117147
0   1.3210017214697141
0   1.0207163115926667
0   1.1249096573818023
0   1.5910178901805461
0   1.0065212454457266
0   0.20342835490697142
0   1.900552675976539
0   1.8916898233563328
0   2.489147093171185
0   1.7764944842416863
0   1.9331593765469099
0   0.66613267330642012
0   2.077027697850359
0   1.5372497088638148
0   1.8545272129806061
0   1.9322447301233381
0   0.62621614209333587
0   2.2621308856369158
0   0.6661301768348058
0   1.6750223285680494
0   1.1663830312907342
0   1.1652310054421298
0   1.107205350541679
0   1.9412148042003214
0   1.7647474283494171
0   1.8619298864304046
0   1.1373631429986624
0   1.2652574740906124
0   1.1284432858573556
0   1.3612384140052307
0   1.471179507728406
0   1.8608321951125348
0   2.2482768200684098
0   1.7052308277353401
0   1.6038669251749647
0   1.1727421459072063
0   1.917937252031821
0   2.203684888794927
0   1.3726942664458195
0   1.2060414995302702
0   0.98323670299095434
0   2.4939821866266261
0   2.5155445692028682
0   1.228612230084809
0   1.8093959009279708
0   2.7284331837472391
0   2.0417823208315484
0   1.9010973883847604
0   1.0490303963503154
0   1.5042336850185181
0   1.6020957823052209
0   1.0776038289517686
0   1.6931961865588692
0   1.5380932899041477
0   1.1619043754901017
0   1.6403157273702842
0   1.8871153594475643
0   2.0644937800830818
0   1.4367568883305362
0   1.6848736253908654
0   1.1969883698717305
0   1.5828759437955209
0   1.1602977971852524
0   1.3439307923546084
0   1.677326536101599
0   0.43015608640872804
0   2.2791684567216701
0   2.0199690491658071
0   1.1059862385254986
0   1.2162945129751057
0   1.5487333436243582
0   1.3914459361172242
0   1.5149534981548589
0   1.076294213951249
0   2.1452042391610964
0   1.9668420630773942
0   0.77769007764019782
0   1.8891513801922288
0   1.4213361342985631
0   1.1765278020403291
0   1.3468177937981345
0   1.9084252348045694
0   1.5631827541465757
0   1.5635930717048172
0   1.6777251523356886
0   1.9303313860854012
0   2.0954423445850821
0   1.7510558573747397
0   1.0080085798668921
0   1.0324629638668215
0   1.0226090518424737
0   0.64393039712802369
0   1.9844966868524905
0   2.0108948098141592
0   1.9637335699163807
0   1.8183647406369956
0   0.25966363927807001
0   2.3587205077271123
0   2.4377703083062978
0   1.5563241855976409
0   1.5564805169497022
0   2.2398241915186667
0   2.33530302637682
0   1.0521222942519677
0   2.4057765751885323
0   2.3647872423430685
0   1.0467840708691263
0   0.88231221003408278
0   1.9589319712819555
0   1.0137257462454661
0   0.08201973329533252
0   1.0131908186990057
0   0.78954019495519345
0   1.3562740878904616
0   1.9533313402157795
0   1.0191271223847207
0   1.0068182821456459
0   1.9740034432608775
0   1.0766274117632237
0   1.9304715685645473
0   1.3155109487081769
0   1.3083672105999251
0   1.1877983795244231
0   1.0150954938116417
0   1.3072597071563088
0   1.3096250956329427
0   1.1574586049430409
0   1.1740974923876928
0   1.3513050639121238
0   1.0266260422321969
0   1.1778047411795318
0   1.1453878599078593
0   1.6251174515320757
0   2.2148244216753898
0   2.604585599082391
0   0.96087702711551404
0   1.0411355136293647
0   1.9430868547043065
0   1.9530400627523745
0   1.3684775933687681
0   0.58435436752878411
0   1.0125035114777821
0   1.8319614375335971
0   1.5503330516966347
0   1.9809562641262648
0   2.3374499408269029
0   1.3817624745749193
0   1.8811722800364978
0   1.0108195058259901
0   1.0190077935469961
0   0.82150294167131666
0   1.2235855353114875
0   1.9693789904300276
0   1.8230141349493487
0   1.6664291942944192
0   1.6664937682094898
0   1.04760971346218
0   1.0602111409067585
0   1.5651369056157103
0   1.0378587651039695
0   1.8322854550031131
0   1.8567133985811113
0   1.7474434942377637
0   1.3817294088603589
0   1.9074811628906061
0   1.7148715384941178
0   1.8610717297386925
0   1.9158549698116292
0   2.5637800155752828
0   2.2566146526838384
0   1.0496737652821821
0   2.3646474105912776
0   1.9057225434205329
0   2.8781296844135285
0   1.2071408853948995
0   3.252457111012887
0   2.0455656039680741
0   1.9352095791323949
0   2.8120405017823802
0   1.5577876733749103
0   1.876577328514951
0   1.3274866875325042
0   0.51787187136870871
0   1.5291197507744476
0   1.0626052185038872
0   2.3571328495867303
0   1.9195335590162368
0   1.9519639710922432
0   2.0643978239337515
0   1.3008616796737662
0   2.5982023498492928
0   2.4347166317230355
0   1.9833251127861433
0   1.9304233666513571
0   1.0755149882780941
0   0.43877909275707538
0   3.8522958206880435
0   1.0156023381506689
0   1.0217765348529582
0   1.9333215681018219
0   0.32736018566407232
0   1.0393235713699671
0   1.0014002085756675
0   1.876328540048509
0   1.0135461672285171
0   0.20843159307470971
0   1.2809777838540795
0   1.0420079635641111
0   1.5136867004830372
0   1.8417444822709403
0   0.47229594784731688
0   1.0729652629594195
0   1.0581327758304524
0   1.9033842782490522
0   2.1931557527730412
0   1.381465325817163
0   2.139336527391634
0   1.7824941396864862
0   1.0109677874853658
0   0.77187316214265111
0   1.4941130051765672
0   1.7102629873572517
0   2.9560395057051521
0   1.0042950052656656
0   1.6244774110692544
0   0.93529774088868001
0   1.0128721121358604
0   1.0177350009320674
0   0.87252940425255243
0   1.0040647962403844
0   1.6523430718492329
0   1.0041408309203808
0   1.0642329208914632
0   1.4693248667651788
0   1.451536714823753
0   1.7683495186548313
0   1.8169291803329353
0   1.7966930166778572
0   1.6669017401187771
0   2.0102456784543672
0   2.4860676362545888
0   1.6136285875998833
0   0.95076260476879604
0   0.98508322736998744
0   1.0015880471534111
0   1.0664552130756493
0   1.3321244800131873
0   2.8318053486946604
0   1.843763157917135
0   1.7815420266554916
0   1.3083646745443747
0   1.3221588815879961
0   1.0047374628983463
0   1.0116409398519579
0   1.9809135418411761
0   1.9941624929264941
0   1.3976229044337283
0   1.7763172510019323
0   1.0020784473904918
0   2.8387775739425849
0   0.66053915953402553
0   0.2699081440046408
0   1.0260331667317217
0   1.769653533427419
0   1.4808945978109311
0   1.0035770415252334
0   1.9916605254284687
0   1.0564710445952572
0   1.7087438085416236
0   0.68090555178870704
0   3.4348328776004453
0   1.4710816040193906
0   1.4571406609502524
0   1.2059241281847886
0   2.1000343768220393
0   1.5000188640652561
0   1.0185477894594872
0   1.1616207000864447
0   1.4828715316651677
0   0.78938648618123231
0   2.5162634298728013
0   1.2001182613577739
0   1.0740702202586951
0   1.4436514501539921
0   1.3689391496232362
0   1.5474094800964213
0   1.537459483910002
0   1.7811161063390424
0   2.3742460149446023
0   2.1901672193706587
0   2.156665458274158
0   1.1573452827494002
0   1.2966044034366035
0   0.67083802798938885
0   0.60344959047928737
0   1.6175715587453237
0   1.9966826167152352
0   1.3313990490319529
0   1.0076549308190745
0   1.0049145833216835
0   2.649940005067049
0   1.7786772858799349
0   1.0098305890800727
0   1.0026530327521754
0   0.69563658326383893
0   0.39889541991873811
0   1.0038501003309732
0   1.9809561803388704
0   1.97776555770022
0   1.996197194076895
0   1.0009420203613426
0   1.0034648521006253
0   1.9846293584453156
0   1.9177073628091663
0   1.0044121218822843
0   1.0006979524120683
0   0.049964634837724509
0   1.0382720201826927
0   0.027633536900932953
0   0.054244802414302074
0   0.50984223219290947
0   1.0347362639248585
0   1.0045289819349967
0   1.8399816047603657
0   0.2964297386225917
0   1.9483417165211749
0   2.9508777976268434
0   1.8996569334663631
0   2.8874250043976568
0   1.0331877239170801
0   1.0008746566091686
0   1.0797365937341732
0   1.9933176683348335
0   1.9076780366196342
0   1.0077708595020272
0   1.0137558840740257
0   1.0361483671178122
0   1.5011503061727987
0   1.0809355595638326
0   1.0331091699932848
0   1.9373186069188373
0   0.50732806037149114
0   1.0024167166405802
0   1.0024755626350597
0   1.9814424130000061
0   1.9411801964860862
0   1.0638557250141321
0   0.30075296522732908
0   1.0270342643039425
0   1.0052103611503094
0   0.22842057695079243
0   1.0090061321272195
0   0.073424102009187919
0   1.0095235241434184
0   0.8410218410739545
0   0.16267077893865833
0   1.3213982146690038
0   0.24162746919977407
0   1.6467113360396919
0   2.5860532895509252
0   1.9660413560199794
0   1.8169925100941322
0   2.1371858040562182
0   1.5946620373770375
0   0.37532655065653531
0   1.984725695885122
0   1.9809835831406848
0   1.1368053648917156
0   1.0368037956248308
0   1.0970965323852464
0   0.05682551600624608
0   0.064535539556320964
0   1.004274552374631
0   1.0036670255562314
0   0.58589389977191209
0   1.0040306409503326
0   1.80119090084838
0   1.0182801083275637
0   0.9277595368856395
0   1.0085322647433945
0   1.9684515096761759
0   1.19925940813846
0   1.6363690666591668
0   1.0385832641376769
0   0.56020923187175442
0   1.0067855866003166
0   2.7418317773288101
0   1.9395391001177313
0   2.8065837124518995
0   1.8214322669529994
0   0.81721594189702174
0   1.0198978021151317
0   1.8775553320438609
0   1.8715165666444826
0   1.3039478998227647
0   1.18452744104573
0   0.55921620208615153
0   1.8685198940899261
0   2.6157060504030145
0   1.9446111805385091
0   1.583856090149641
0   1.1518269444956215
0   0.45774294901972723
0   1.2201709422275064
0   2.1273857215015295
0   1.9620109249950461
0   3.0896371466533861
0   1.4905481071679423
0   1.4248585941479164
0   1.9553810490139596
0   1.9954250647053198
0   0.99414660131620347
0   1.3131517958684022
0   1.0797752104846945
0   1.936023616895854
0   0.052878047405932715
0   1.0045356247451636
0   1.004758635729653
0   0.25932505580644083
0   0.47000179908067197
0   1.0052381188712387
0   1.0045627180834824
0   1.119158045644385
0   1.8226571359984134
0   1.8826451755685691
0   1.5091560780991111
0   1.0070770927663171
0   1.188437866461568
0   1.0227632854206525
0   1.8888224337585213
0   1.6990273441400521
0   0.99848779329543946
0   1.0068031277725664
0   1.1328627313758397
0   1.4271320200640119
0   2.8543967600572646
0   1.9684833107925774
0   1.8417081945823894
0   0.05711234808955501
0   2.9182737386720836
0   1.0008653631733031
0   0.10029749400300825
0   1.0074764173119302
0   1.0018259097290032
0   0.13050338970043529
0   1.9871118177253759
0   1.0152731529858587
0   0.10647092384267753
0   1.0186488194399788
0   1.0171637889020542
0   0.34556619994105908
0   1.0104494648005582
0   1.9857974651477357
0   1.1430297659845521
0   1.0321517327478558
0   1.0132723752971138
0   1.916910572566715
0   0.41230027143570958
0   1.0478855428381886
0   1.9374068320532123
0   1.8051251909677388
0   1.950435132770056
0   0.42741369190616763
0   1.0976070365235067
0   2.7860309427436891
0   1.0178746928737086
0   0.80288198538305267
0   1.9938150289391539
0   1.0371428248375758
0   1.3199976493247598
0   1.8952905870252295
0   1.9917812622722035
0   1.0765853619456023
0   1.8930980066705101
0   2.3443757609657081
0   0.86214191142578178
0   2.1042969764501946
0   1.066750398783233
0   1.9542888027229774
0   1.870593609921694
0   1.314976344302303
0   2.9376113896621017
0   2.0356526139531734
0   1.9861902175871444
0   2.8523264038165146
0   2.0315584976793897
0   2.9557029541626272
0   2.8485338639643607
0   3.8588711515886844

1   1.0244481225967232
1   1.0740824026288758
1   1.1263728882498214
1   1.6488114135543848
1   1.0536851563070031
1   1.4385157652832699
1   1.4025577137178553
1   1.1299926203261801
1   1.3620023146834084
1   1.6963001928847694
1   1.9123348358625067
1   1.2274590541293504
1   1.8776911217678376
1   1.8149782425119336
1   2.8409145925728101
1   1.0312473333888117
1   1.9412953908244388
1   1.2494066994796176
1   1.113570227803256
1   2.055688843136033
1   1.8696064814338431
1   2.7979042692394418
1   1.2683310512108583
1   1.1143231241654243
1   1.9079170630507347
1   1.0206753638624486
1   1.3621608584686205
1   2.598802529586266
1   1.753739940225838
1   2.0752113907989105
1   1.0553275054428268
1   1.3507182411025882
1   1.3531504291689747
1   1.5817071056417467
1   1.3125323151705026
1   1.8380610945414824
1   1.3473406356356803
1   1.4150840971456253
1   1.3931518203591742
1   1.6577821062645035
1   1.7757035844220339
1   1.2668359490998546
1   1.5915181752586669
1   1.333875095921454
1   1.3984240291091035
1   2.7498997144415638
1   1.1219536720898438
1   1.2344824478688061
1   1.764901707824583
1   1.3456918951088437
1   1.0935356176729165
1   1.8718880419778587
1   1.8137259017861727
1   1.9093496053134111
1   1.8680052431897716
1   1.2509103862964384
1   2.0338467554545776
1   2.1534817649887557
1   2.1230611407962803
1   2.4477144578701351
1   2.4788542599449683
1   1.8107455708548845
1   1.4961693272379786
1   1.9306356201635224
1   2.4292708280378603
1   2.8852548362604624
1   1.8241961995852587
1   1.70151476146158
1   1.6472088001897838
1   1.9861868732332941
1   2.3109121723000414
1   1.9158664607890725
1   2.0840447309669474
1   2.5451789704782835
1   1.8877087921802298
1   1.7213941395537971
1   1.7216918858352437
1   1.6161771064827906
1   1.8130048471938638
1   1.7206759395676743
1   1.74983224637674
1   2.6553179258899267
1   2.023226304481891
1   2.3107933160083802
1   2.0366504226740409
1   1.8826228038875499
1   1.4887254631675604
1   2.7539165406308652
1   1.8230693443093098
1   2.1942820862202881
1   1.5761515361715523
1   1.3953933679588528
1   1.6156780237415171
1   1.7635906435429454
1   1.2564358780500617
1   2.413103811235402
1   1.8940844063119044
1   1.4927154730053527
1   1.0667052123414098
1   1.9352973236909747
1   1.2741836310209544
1   1.6593880560983552
1   2.8180397779610109
1   1.7738072002319076
1   1.9880131786376327
1   1.1421590765106682
1   1.3371125895716924
1   1.1479343383484746
1   1.91801259186663
1   1.111148015662496
1   1.8603959015038689
1   1.8191668374672041
1   1.9164644773888337
1   1.1669445201685673
1   1.0855229212370527
1   1.0700487443014171
1   1.9238781802002429
1   2.172615056678211
1   1.9010666753513519
1   2.2322725644477832
1   2.1114981079418822
1   1.6687210365749237
1   1.5659141648437931
1   2.4187861829127755
1   1.6268265387121694
1   2.5058555595875207
1   1.4074739572488189
1   1.2459431612124643
1   1.8099441258541775
1   1.8798768607982264
1   1.7657351332259896
1   1.5734407182645476
1   1.8256019041205178
1   1.5146851191989139
1   1.5413481235545166
1   1.7298516981633401
1   1.3343469509259118
1   1.4249109782578624
1   1.8370200925107176
1   2.077304072838793
1   1.7583214921122297
1   1.7874116472678594
1   1.6687988629247621
1   2.0441112572830673
1   1.8355222270830809
1   2.5670030691700174
1   2.1041022930661981
1   2.7417091346276177
1   1.7592946382947461
1   2.5681617876368348
1   1.4632856896089375
1   2.4119983428908882
1   1.6537112330147252
1   1.712817478061722
1   1.6222002168936944
1   2.0018179839452848
1   1.4615225390726523
1   1.6104505882647242
1   1.6083442674456805
1   1.6425993514874953
1   2.319938150595763
1   1.5851664910102281
1   1.4506023186601009
1   1.4362632768693779
1   2.4923355548872697
1   1.6856119009171646
1   2.1273014885563586
1   1.1963126258324748
1   1.4966360576365745
1   1.7344776402389126
1   1.4186607243490805
1   1.373008600894277
1   1.6141365299117179
1   1.247263281953912
1   2.3918706084764856
1   1.5937194409326305
1   2.0950488288968208
1   2.2416126997106693
1   1.8625221802567924
1   2.1909731319498551
1   1.8682568226687049
1   1.9569824699601259
1   1.137826307054046
1   1.7454651776450616
1   1.7442433483884399
1   1.0621317125488667
1   1.7962772894125068
1   2.2166793180739264
1   1.6166854450891606
1   3.092547812414451
1   1.7947121417602654
1   1.5251387890616805
1   2.6843627956980782
1   1.2291562673461414
1   2.5783443367066559
1   1.6705297837660775
1   2.3349676626369829
1   2.6939110857099409
1   1.9243476094569072
1   1.1451761944910563
1   1.4225521319366186
1   1.6518045912369885
1   1.0593320802609762
1   1.9312072835412177
1   1.0581509423028466
1   1.6739587326401089
1   1.2124933564792466
1   1.2641142211342042
1   1.5572795181506658
1   1.2222938890562105
1   1.9651974025405115
1   1.7361936969918803
1   2.0469024332368884
1   1.8755617232637034
1   1.3409387645466522
1   1.5093802939006125
1   1.7913588581315953
1   1.4013609532016567
1   2.2958007426837161
1   1.4819574087800134
1   2.1651541876333309
1   1.8713168911032749
1   1.999616571217476
1   1.9783863678858791
1   1.2561958595415448
1   1.302752326512354
1   1.2619056071507277
1   1.8661478440539074
1   2.0665735780217092
1   2.051392917048918
1   1.870595864305908
1   1.2101640600095669
1   1.167273928304619
1   1.6803865269643277
1   1.6949065748307701
1   1.4746024238242799
1   1.6797726143301519
1   1.6838992661578294
1   1.4691787325419559
1   1.3512140951157785
1   1.9185555882663432
1   2.0376800769238756
1   1.8516249029566194
1   2.1892518074509382
1   1.7094506956201614
1   1.8491835315690404
1   2.4213074022011405
1   1.8476878034968451
1   2.2722763143437867
1   1.6153029666533025
1   2.5321112806577757
1   2.4770061361695697
1   2.2283403361407421
1   2.68333098762636
1   1.4296554454992931
1   2.0583713936311394
1   3.2650069681738856
1   2.1713993704871761
1   1.6599531280212276
1   2.4471442692571714
1   1.6173990610348228
1   1.5178425577445052
1   2.1113358658379213
1   2.3247465051107605
1   1.6874430834945522
1   1.5685513594121065
1   1.7231561396328834
1   2.3626331911683582
1   2.5799741336445048
1   2.0300614964792101
1   2.3636164875038359
1   1.5301691232421497
1   3.8102698936656738
1   1.0811655316367361
1   1.9421003836663076
1   1.1051725942639925
1   1.2216731394399178
1   1.0593104655579182
1   1.7634281979152657
1   1.1375479916598041
1   1.3119976209372934
1   1.7551955748240844
1   1.9154922295177714
1   1.205342370049848
1   1.3388061516918632
1   2.0489496831086744
1   1.5627237051309639
1   2.6173512455753745
1   1.4732124507305326
1   1.6778129781271427
1   1.9609987479003981
1   1.7811862369315916
1   2.917340122747476
1   1.2541102664022166
1   1.9825792815734511
1   1.0130280451372102
1   1.0271234573346359
1   1.685745234816491
1   1.0064461577894128
1   1.4282706924226907
1   1.0445421611429715
1   1.7792797298959599
1   1.8012743329503627
1   2.2542456371162656
1   2.4302791047745651
1   1.8688035564037788
1   2.0812714473879601
1   1.5839767381169434
1   1.9781255961704041
1   1.975261678944602
1   1.1629665271546634
1   1.5167317077941838
1   2.2353747233862822
1   1.9317894597723155
1   1.8398607777177505
1   1.1888134933754662
1   1.342915782361394
1   1.7919058365016762
1   1.8902429058479635
1   1.8041626485977642
1   2.0319282607086668
1   1.9098934817875057
1   1.1328827850146714
1   2.4946771437968129
1   1.1411906326325105
1   1.8405361546608141
1   2.0555777336900656
1   1.8265566399948914
1   1.1507236596494468
1   1.2420023813529244
1   1.4123277891435531
1   1.4225353717502136
1   3.6217461374540632
1   1.2199796394958984
1   1.6034676169906703
1   1.3833145737829045
1   1.4075061675454021
1   2.4257854621811101
1   1.348130310230337
1   1.6303677889585115
1   2.0002136235519301
1   2.7152147885364459
1   2.0168284817472117
1   1.6977604333874416
1   1.3097037925459523
1   2.073322676434604
1   1.9768730252495206
1   1.7061626395913247
1   1.990286842861571
1   1.3078796372042323
1   1.6888288579448134
1   1.0529508317528695
1   1.1029350706914329
1   1.5383335568716388
1   1.8276094773000957
1   2.8645482180784141
1   1.7410523397125237
1   1.0190880549521739
1   1.3293519645107528
1   1.8267596611706862
1   1.882865527662406
1   1.7225240236849588
1   1.3066530533752523
1   1.0139898650374903
1   1.585786624752147
1   1.9156619017857595
1   1.9875477741161713
1   1.0059000181142153
1   1.0043131672531513
1   1.0361584519554694
1   1.3975955753236664
1   1.0288925440403938
1   1.6926164560021468
1   2.2541476307540491
1   2.1732246599336893
1   1.3898301645072815
1   1.2884763990439072
1   1.3186314284634415
1   1.3293397450869662
1   2.5488932564543805
1   2.6467013657885281
1   1.0623062938573404
1   1.1516266219492406
1   1.7367619457002488
1   1.7737250816848493
1   1.9258642247560922
1   1.258030971121441
1   1.1876991054139512
1   1.2320614743135334
1   1.8274989225988616
1   1.8760644427408737
1   1.8745503071178384
1   1.0594174557511973
1   1.0274603865929421
1   1.0759228123914804
1   1.0500112994973765
1   1.0265353151060481
1   1.9765013837046581
1   1.516349889576142
1   2.2974287952482331
1   2.2421024417567472
1   1.6145295844083858
1   2.1730279212808927
1   1.8025782190922959
1   1.476488071909154
1   1.9035268943602572
1   1.1787633149523651
1   1.5508790339808263
1   1.3687729351387785
1   1.0090685311120033
1   1.0128619046177736
1   1.0168109466135313
1   1.9903852545647998
1   1.0322729748716208
1   1.832531446454285
1   1.0574616644272021
1   1.9795401612101551
1   1.0338998638127814
1   1.1267133533230764
1   1.38005319793548
1   2.4733615431445157
1   2.2661888675052753
1   2.4183778118551951
1   2.6706203387364935
1   1.6814915797167553
1   1.5435356989882867
1   1.9745955201106127
1   2.0454114665304064
1   1.6158763779653249
1   1.5909767126557695
1   1.3942255797297285
1   1.9916678228720532
1   1.2381120142078079
1   1.705867956537058
1   3.1308095850394526
1   2.3793548884331779
1   1.2537544901217026
1   2.8153144014813516
1   1.8472684633784411
1   1.8259516629113506
1   1.7179664653049782
1   1.3768740270123834
1   1.0941874570742784
1   1.9686794193283674
1   1.0182203597037627
1   1.0237412585347681
1   1.220426420946028
1   1.1925979585432915
1   1.8148653559367425
1   1.8013266764745777
1   1.0864163814191163
1   1.1071962487845415
1   1.1163550169869094
1   1.9714180278846642
1   1.6589206626477648
1   1.5236599637536621
1   1.8211827499981443
1   1.9785305606887116
1   1.3279331519679642
1   2.4807051568251643
1   1.861776138932528
1   1.9581617243444245
1   2.9221863424698067
1   1.0140332069774354
1   1.0298872497648026
1   1.0113537529987084
1   1.9086520001953535
1   1.0354317056314397
1   1.1345382285426253
1   1.154584590078729
1   1.0821550528799035
1   1.8310033265242072
1   1.1973756843001067
1   1.1958547102292896
1   1.0992353482814419
1   1.852332797329006
1   1.2024602855526516
1   1.8149247761787985
1   1.9466143787912324
1   1.9288034769919706
1   1.2405495719020732
1   1.0914805192742845
1   2.7414141040046029
1   1.6132376152761072
1   1.9527863800167817
1   1.1472195371239482
1   1.8259168035161291
1   1.7580137422281825
1   1.3156578088262776
1   1.9930916349766781
1   2.4542951139910847
1   1.9645018069511089
1   1.3114478815693256
1   2.0472312565122404
1   1.9929236920956384
1   1.381485276663323
1   2.589615126635441
1   2.3851834205285409
1   2.02048292818399
1   2.8863314858187086
1   2.0479093345706976
1   2.9506521028564858
1   2.8449377742985673
1   3.8656053372094226

2   2.0002742348746061
2   2.000438746864313
2   2.000962965619133
2   2.1394626578669804
2   2.0090214572849119
2   2.8926935757741421
2   2.0029656184868059
2   2.110211641669054
2   2.0038544946265149
2   2.908025631897841
2   2.0012318173162846
2   2.0032919688653177
2   2.8765944537035244
2   2.1413056040666714
2   2.0203716048655092
2   2.0103234719781762
2   2.0148826137956224
2   2.0184612559588659
2   2.0154863280381496
2   2.8807014643301301
2   2.1376937214552711
2   2.0034957668058611
2   2.0871381673998464
2   2.9628909355285713
2   2.724834734875464
2   2.7341446316047366
2   2.030727161598632
2   2.2926221075977935
2   2.2404150398194189
2   2.425549966241483
2   2.7276797571334828
2   2.1105121130094733
2   3.0584433481104663
2   2.5642618087311559
2   2.3427107333560975
2   2.1162383965210134
2   2.8682607968148166
2   2.4632330369178672
2   2.2956965604974395
2   3.2530911214561335
2   2.3663910507700274
2   2.5671956654854875
2   3.0571564621222032
2   2.3196771757010475
2   2.3719693506308053
2   2.3301093523197802
2   2.2436184516305095
2   2.5907766237694352
2   2.2198576174299012
2   2.1155839155018974
2   2.5114332211861052
2   2.3905663613664476
2   2.0115759974843197
2   2.0019443413302049
2   2.0079806469411379
2   2.0073550230243593
2   2.0547198349138038
2   2.1038045688159479
2   2.9160359391122563
2   2.5873279652060606
2   2.3722283958496173
2   2.9639591381139305
2   2.0805891905438068
2   2.0689188492954247
2   2.1068465446711944
2   2.0217389207096823
2   2.3173517319532166
2   2.5182598753955703
2   2.0472413538323484
2   3.0405586414546386
2   2.3933409727009112
2   2.0916894554757501
2   3.2734493076018536
2   2.5173144483533432
2   2.9315790743988881
2   2.1144975264339076
2   2.6997541353160681
2   2.0457727492712983
2   2.0790297435485674
2   2.0525267805574661
2   2.1024138923884248
2   2.7342568187523506
2   2.2968388248372458
2   2.260588312674551
2   2.2498760950163534
2   2.194342506522803
2   2.0658559904834437
2   2.7537660333348679
2   2.4561195742716717
2   2.0165196926786582
2   2.4321089056800376
2   2.063687767342361
2   2.672175021472154
2   2.6851447481473327
2   2.7088161666158936
2   2.7047793446860444
2   2.9853136888194456
2   2.3793645184560188
2   2.6647386468611449
2   2.7007382483546478
2   2.0573175982556622
2   2.0026989257788363
2   2.0239398554601475
2   2.0274494586718759
2   2.0744471505782753
2   2.2762818711602604
2   2.1405673348659535
2   2.3213007379958559
2   2.4775611320952335
2   2.8158125090712054
2   2.0307624416556904
2   2.0057065161762582
2   2.98391028925385
2   2.0140432911085564
2   2.0071802727524259
2   2.0037289404900873
2   2.0129755967310512
2   2.0270081742468555
2   2.0598646489018599
2   2.1479091895912492
2   2.5129305905150288
2   2.3594034041663487
2   2.1418944688915604
2   2.4170027510511396
2   2.1052769953822477
2   2.7426515404087275
2   2.6639848925551295
2   3.2685090088525959
2   2.8385170248107561
2   2.3070967285762363
2   3.2355387665298401
2   2.6793139728853861
2   2.2841168651151529
2   2.2796390376915898
2   2.6882727683079524
2   2.3634503334922847
2   2.4128029601480345
2   2.3131842278193862
2   2.7349627239252157
2   2.5856691271128862
2   3.7619258695360571
2   2.0165537592708462
2   2.0025274493283334
2   2.0329670347279096
2   2.002679685502919
2   2.4558332151369946
2   2.5151527919303902
2   2.0530738324141362
2   2.2021952799836999
2   2.1209978107984244
2   2.7856085884802813
2   2.0205608525416348
2   2.0008569106284382
2   2.9272529899597677
2   2.6681775766553124
2   2.4077370000807714
2   2.0903698835554976
2   2.0041596703439555
2   2.9927443757337602
2   2.0080260170987532
2   2.0009558308812676
2   2.0047339110049887
2   2.0073895522381777
2   2.0106223558138896
2   2.0388372625880953
2   2.9013683986429171
2   2.0070560350160638
2   2.0171826038111331
2   2.1307469657463796
2   3.8104939691008441
2   2.1757125603901559
2   2.2069662842604347
2   2.7024423211822799
2   2.8310936782639784
2   2.9348328943331592
2   2.3644755465540954
2   2.0631618838403969
2   2.029979269153932
2   2.0765851306935561
2   2.0599863913418321
2   2.9595632279541286
2   2.0004003821092171
2   2.0048387374915859
2   2.0009297713157626
2   2.0040461189479011
2   2.0017572388560811
2   2.0020233167289638
2   2.0047276141253927
2   2.2023954985023502
2   2.167352383662362
2   2.6709387603914378
2   2.6869569008178238
2   2.196534948521049
2   2.2037634408277658
2   2.0276321320992543
2   2.0235613300307507
2   2.0013731344264305
2   2.0121098126633945
2   2.5529581947164779
2   2.7750851284471305
2   2.4386643597793132
2   2.1696179644557452
2   2.0999317084482447
2   2.1203492404538946
2   2.0026918461375818
2   2.0466378465512185
2   2.162790444237225
2   2.2285540174354224
2   2.210984194851171
2   2.7011401789461913
2   2.8184727952114139
2   2.0012164735900049
2   2.0159303992885755
2   2.0392669819977618
2   3.4089473276473772
2   2.8783734533771783
2   3.0108228568393911
2   2.7761536287971125
2   2.1024152165934007
2   2.0524940168603978
2   2.0021500619565686
2   2.0028043489425857
2   2.0007132345602869
2   2.0031387381828729
2   2.0217827482711375
2   2.0017938604135952
2   2.979314167520684
2   2.0142075414105673
2   2.0028859501542491
2   2.9866971904288828
2   2.00219874233533
2   2.0046089576596993
2   2.0226783898777612
2   2.0087116828327427
2   2.0195269250052093
2   2.0100438336498905
2   2.8679548441820844
2   2.0747025725415611
2   2.1476851952819329
2   2.0517661462920898
2   2.0540159813079213
2   2.4945257793288387
2   2.4661466906263585
2   2.1466868569073441
2   2.2010472529678418
2   2.7559078485626771
2   2.1973799624183763
2   2.9720422589795334
2   2.159565465169671
2   2.961650574520879
2   2.8756610394646058
2   3.8821800341145618

3   3.0000226993523378
3   3.0000350072571527
3   3.0003297469892849
3   3.0009579132269892
3   3.0001610859742494
3   3.0201454090289341
3   3.0070519468245043
3   3.8781804184208246
3   3.0004064561890211
3   3.1300324507495536
3   3.8738129908482719
3   3.1441994637846324
3   3.0010007501121887
3   3.0001255119006625
3   3.0045477314852818
3   3.0003172866968177
3   3.0018711468415997
3   3.0001449861744982
3   3.8049836017662528
3   3.0005522086591463
3   3.0195395169055796
3   3.1740394635572091
3   3.0031811092858276
3   3.0432841289000474
3   3.00799123415409
3   3.0015434956213993
3   3.7670157319136477
3   3.0002487477765807
3   3.2677499620129744
3   3.0000855123610157
3   3.0027532728266393
3   3.0000433039235612
3   3.0015339909256422
3   3.002673131238931
3   3.3060068929152382
3   3.002262968713417
3   3.1361945583790392
3   3.614822801000563
3   3.0047756887881718
3   3.005147699572865
3   3.0644006936434982
3   3.0078967275041593
3   3.9412191558557232
3   3.000065153545894
3   3.0001248112509287
3   3.000173450937119
3   3.0010341282311477
3   3.0000729646767579
3   3.0000104154676328
3   3.7869754808127274
3   3.0000326970155706
3   3.2551792963377628
3   3.0000102290340118
3   3.0016847623304099
3   3.0001093275421722
3   3.0001382131735506
3   3.0000048205061471
3   3.0000205238742601
3   3.0278149329081367
3   3.0000104076750986
3   3.9374811095531221
3   3.0000592619886799
3   3.0512608003967303
3   3.0000261603332952
3   3.0000332367257454
3   3.0001700199094317
3   3.0000240288500968
3   3.0000665616231128
3   3.0000159291407749
3   3.096009059569921
3   3.0000628874568513
3   3.9233941299562076

4   4
4   3.9999999999999991
4   3.9999999999999991
4   4
4   3.9999999999999991
4   4
4   4
4   3.9999999999999991
4   3.9999999999999991

