0   -28.9075   0.0525216   0.0297248   0.0856652   0.173845   0.0175068   0.281473   0.0175068   0.173845   0.0856652   0.0297248   0.0525216   
1   -36.1787   0.0114685   0.0277073   0.0668551   0.12287   0.172723   0.196753   0.172723   0.12287   0.0668551   0.0277073   0.0114685   
2   -36.5515   0.00984064   0.0252836   0.0650808   0.123764   0.175221   0.201621   0.175221   0.123764   0.0650808   0.0252836   0.00984064   
3   -36.459   0.0176577   0.0377554   0.0830047   0.117891   0.159586   0.16821   0.159586   0.117891   0.0830047   0.0377554   0.0176577   
4   -36.347   0.0113339   0.0313131   0.0711228   0.12556   0.166187   0.188966   0.166187   0.12556   0.0711228   0.0313131   0.0113339   
5   -36.389   0.00859397   0.0214327   0.0611376   0.124728   0.178651   0.210913   0.178651   0.124728   0.0611376   0.0214327   0.00859397   
6   -36.347   0.0113339   0.0313131   0.0711228   0.12556   0.166187   0.188966   0.166187   0.12556   0.0711228   0.0313131   0.0113339   
7   -36.459   0.0176577   0.0377554   0.0830047   0.117891   0.159586   0.16821   0.159586   0.117891   0.0830047   0.0377554   0.0176577   
8   -36.5515   0.00984064   0.0252836   0.0650808   0.123764   0.175221   0.201621   0.175221   0.123764   0.0650808   0.0252836   0.00984064   
9   -36.1787   0.0114685   0.0277073   0.0668551   0.12287   0.172723   0.196753   0.172723   0.12287   0.0668551   0.0277073   0.0114685   
10   -28.9075   0.0525216   0.0297248   0.0856652   0.173845   0.0175068   0.281473   0.0175068   0.173845   0.0856652   0.0297248   0.0525216   
