-3.5   3.5
-3.5   3.5
-3.5   3.5
-3.5   3.5
-3.5   3.5000000000000009
-3.5   3.5
-3.5   3.5
-3.5   3.4999999999999996

-2.5   2.5001733974396698
-2.5   2.5001768435233473
-2.5   2.5027715835354427
-2.5   2.5111593533966126
-2.5   2.5092066279379077
-2.5   2.6159548529569956
-2.5   3.322456036354307
-2.5   2.818038407122013
-2.5   3.1988208116827401
-2.5   2.5336576165958276
-2.5   2.5664452663300623
-2.5   2.5275038050370497
-2.5   2.5109165388931944
-2.5   2.5026475432550366
-2.5   2.5015602426861023
-2.5   2.5147261685784859
-2.5   3.0680954238213753
-2.5   2.507170429516195
-2.5   3.094194141222232
-2.5   2.5061980255237959
-2.5   2.5677828122587947
-2.5   2.6962396391564911
-2.5   2.8743439793952534
-2.5   2.7700010953107972
-2.5   2.5040114597135794
-2.5   2.5708034302312801
-2.5   2.5273558045155187
-2.5   2.5005773225487355
-2.5   2.5024969140369828
-2.5   2.5001521842605361
-2.5   3.4440011623360718
-2.5   2.5008727623083522
-2.5   2.5422177748922783
-2.5   2.5058061332285613
-2.5   2.5013103420727045
-2.5   3.4832280519145815
-2.5   2.5000484840372099
-2.5   2.5042417895559996
-2.5   2.5001719773544688
-2.5   2.511510173484981
-2.5   2.5000739478436462
-2.5   2.5008684850149496
-2.5   2.5019633644057953
-2.5   2.5001546753167738
-2.5   2.5001442077120157
-2.5   2.7570218127653483
-2.5   3.2908075036914872
-2.5   2.5000563592466163
-2.5   2.5005524615979944
-2.5   2.5001045176962471
-2.5   2.5000755296406174
-2.5   2.5002668568116539
-2.5   2.5000225404212659
-2.5   2.6531606889342312
-2.5   2.5001874402971156
-2.5   3.3799687868520922

-1.5   1.5055380285098745
-1.5   1.5080267873116875
-1.5   1.7215813835326563
-1.5   1.5204777073560813
-1.5   2.3285073474795714
-1.5   1.5772109262648968
-1.5   1.5174117141909549
-1.5   2.4127425852512592
-1.5   1.5090622600186157
-1.5   2.3463668715841277
-1.5   1.6524764278336397
-1.5   1.5773705718702429
-1.5   1.5415687386962191
-1.5   1.5471116863841923
-1.5   1.6075303376776593
-1.5   2.4362562206302441
-1.5   1.7190734424202954
-1.5   1.8148107916775835
-1.5   1.996853983188406
-1.5   1.9404811455275057
-1.5   1.9624155535508629
-1.5   1.8431135845858018
-1.5   1.5595421879522604
-1.5   3.1947674085744611
-1.5   2.0064027484996263
-1.5   2.096427293660251
-1.5   2.394558478223638
-1.5   2.1570999263512447
-1.5   2.4462458207567219
-1.5   2.3030896010077053
-1.5   1.7726033200335829
-1.5   1.9767384548485971
-1.5   2.0200507284725955
-1.5   2.1294202664247996
-1.5   2.2671692734217199
-1.5   1.6513441109808857
-1.5   2.3596516112178896
-1.5   1.594841703236082
-1.5   1.5622131336274006
-1.5   1.5114904434958074
-1.5   1.5288737629794737
-1.5   2.4578640943016064
-1.5   1.525730126708853
-1.5   1.5739058314955092
-1.5   2.4016503751450529
-1.5   1.5653812458717886
-1.5   2.3792991390412292
-1.5   1.6218414150048788
-1.5   1.5045527756754447
-1.5   1.5920816703695211
-1.5   1.950889332137058
-1.5   1.951409002599739
-1.5   1.609238272104403
-1.5   1.9732878655371269
-1.5   1.9147665631182504
-1.5   1.5322629698785035
-1.5   2.055289576751568
-1.5   2.0507289131763131
-1.5   2.3918591009417831
-1.5   2.0511846077424734
-1.5   2.0841278182623206
-1.5   2.1706668606919965
-1.5   2.6335057523317928
-1.5   2.402775047938233
-1.5   1.8465341147288981
-1.5   1.8605737163084752
-1.5   2.1031362745466935
-1.5   2.1952615669934894
-1.5   2.071263180729066
-1.5   2.1740938026378491
-1.5   2.0764926128206969
-1.5   2.28907961170394
-1.5   2.250811637032565
-1.5   2.0102519119148199
-1.5   1.5116640882265431
-1.5   1.5268631650263371
-1.5   1.5457208277033163
-1.5   1.5065105353753863
-1.5   1.5446101099604324
-1.5   1.6262940521378884
-1.5   2.2162851951613254
-1.5   1.9206682283288572
-1.5   1.8316145153736336
-1.5   2.2172162482927344
-1.5   1.9314903841862439
-1.5   2.3476112450775468
-1.5   2.2992755613689573
-1.5   1.5981513772004803
-1.5   1.528624817146166
-1.5   2.8939497458867116
-1.5   2.2618791509540652
-1.5   2.2645975564699623
-1.5   1.5208726055543025
-1.5   1.8020061479477234
-1.5   2.3930860463382198
-1.5   1.6030874144057035
-1.5   2.2338277630126662
-1.5   1.8528388678379875
-1.5   2.3807605398636764
-1.5   1.5874819850705002
-1.5   1.5487222421702262
-1.5   1.847495960028545
-1.5   2.7891832850031242
-1.5   2.1951777718742096
-1.5   1.5244757113080785
-1.5   1.5239910475889791
-1.5   2.4915218327214741
-1.5   1.5324204854578434
-1.5   2.3946769068451035
-1.5   1.9671667572038825
-1.5   1.9658385953199673
-1.5   2.1103186642824014
-1.5   2.1115517924462281
-1.5   1.6451421904933028
-1.5   1.5068469606102735
-1.5   1.5181987061862747
-1.5   1.5088074905702307
-1.5   1.5086072697485124
-1.5   1.5087533854024628
-1.5   1.7483917322791611
-1.5   1.7353575378730004
-1.5   1.585571998190098
-1.5   2.3166618566044739
-1.5   2.2457849567083961
-1.5   1.5103951591385001
-1.5   1.6456594920303824
-1.5   1.9626545576263585
-1.5   1.8354239319723087
-1.5   2.1118003497717255
-1.5   2.1476847960906134
-1.5   1.520542434120026
-1.5   1.5097869459135356
-1.5   1.5146813016780909
-1.5   1.955508961053849
-1.5   1.9214563017299771
-1.5   1.875454064965866
-1.5   2.0205554074707837
-1.5   2.0446529955916626
-1.5   1.62297761813163
-1.5   3.2768650336477307
-1.5   2.478722058926353
-1.5   1.5119277919811567
-1.5   1.6780155057211017
-1.5   1.5113147538446552
-1.5   1.5035387530063091
-1.5   1.5288418634816225
-1.5   1.5105212940479302
-1.5   1.6102701786073412
-1.5   1.5056728759804812
-1.5   2.3959082887786045
-1.5   1.5126823981154027
-1.5   2.4861960194440118
-1.5   1.5032335111886348
-1.5   1.5854697879608262
-1.5   1.5598324331080988
-1.5   1.5039909645525902
-1.5   1.5672261477013518
-1.5   2.0538411669672465
-1.5   1.9998811729037378
-1.5   1.7100881982650415
-1.5   1.6582590765656113
-1.5   1.7577666371472493
-1.5   2.1831575499651756
-1.5   1.8033258510920489
-1.5   2.4488140573025952
-1.5   2.4467772872711002
-1.5   2.3376631919954018
-1.5   3.3436762274647203

-0.5   0.65867710814078739
-0.5   0.73909018060969656
-0.5   1.1428709405337145
-0.5   0.93509633925580737
-0.5   1.0441639888199326
-0.5   0.94372962065194832
-0.5   1.3639277356198385
-0.5   1.4091993234172555
-0.5   1.2344245540765362
-0.5   2.2977845281156615
-0.5   1.1143690813157687
-0.5   1.1227107437224459
-0.5   1.4675228540455796
-0.5   2.3783516249972951
-0.5   0.71835578780182474
-0.5   1.4558575781020979
-0.5   1.2236014342797219
-0.5   0.73975338385264688
-0.5   0.5759253897952723
-0.5   2.1355659263042512
-0.5   1.2442471334922804
-0.5   1.4148532388338524
-0.5   1.0733131897658899
-0.5   0.7846200904780587
-0.5   1.0064732260211742
-0.5   1.475378664088544
-0.5   1.3291607261582983
-0.5   1.2595907239988264
-0.5   1.665361626348802
-0.5   0.64726830109178124
-0.5   1.4249419218729522
-0.5   1.919726497002463
-0.5   1.1615265934713694
-0.5   1.7969683493694952
-0.5   1.7818454982908132
-0.5   2.1386340157381598
-0.5   1.0602658375245713
-0.5   1.8435168647977798
-0.5   1.9848852072624203
-0.5   1.5855975094505443
-0.5   1.6480839629910893
-0.5   1.7506735150999346
-0.5   1.3809884838182964
-0.5   1.9546455906015074
-0.5   1.4819514292211677
-0.5   2.6505068296711052
-0.5   1.9826398920822763
-0.5   1.4815741745405393
-0.5   1.4216032566603063
-0.5   1.9135970295454903
-0.5   1.8639913379455457
-0.5   1.672962623989025
-0.5   1.8769725467059817
-0.5   1.4712158298004081
-0.5   1.2815603124073949
-0.5   1.7612162577194614
-0.5   2.0248376346395793
-0.5   1.2870432391845879
-0.5   1.9148218648903237
-0.5   1.1262920725060568
-0.5   2.2264270746231873
-0.5   0.74521149765233607
-0.5   1.1574354122288186
-0.5   1.3580687058789207
-0.5   0.79314474281462277
-0.5   1.1540278083310289
-0.5   0.93319245431179931
-0.5   1.4317015064916156
-0.5   1.3148552987846247
-0.5   1.6144310750793296
-0.5   1.3873386328769286
-0.5   0.60609456470112288
-0.5   1.8548552097818836
-0.5   1.5273060832481691
-0.5   1.3717651410833611
-0.5   1.3015247475651459
-0.5   2.0946219134971753
-0.5   1.9935005085076729
-0.5   1.3119327883496918
-0.5   0.99033868847643847
-0.5   1.0470806208777685
-0.5   1.380853183825002
-0.5   1.3482434063467001
-0.5   1.4707792836408831
-0.5   0.72168069291050818
-0.5   1.4998634091672614
-0.5   1.5002536545424632
-0.5   1.100671365706507
-0.5   1.1789447839134937
-0.5   1.4037212956263012
-0.5   1.1723206640831119
-0.5   1.2749766638885371
-0.5   1.391627774963498
-0.5   1.8410953549244233
-0.5   1.8648441458208902
-0.5   1.1359975942792873
-0.5   2.0630573696113363
-0.5   0.92892510237118553
-0.5   1.509329568724751
-0.5   1.701946192326504
-0.5   1.6896272080915318
-0.5   1.6884498085904647
-0.5   1.8758743960892121
-0.5   1.7003038058563438
-0.5   1.526151089216266
-0.5   1.8683527302596947
-0.5   1.979261112023988
-0.5   1.650028364844133
-0.5   1.7359784418721333
-0.5   2.1796813231802012
-0.5   1.9202300859710562
-0.5   1.7419910727463712
-0.5   1.5133336225334406
-0.5   1.6386379207211883
-0.5   1.3294720180909694
-0.5   1.4872887737052118
-0.5   2.0120862691434418
-0.5   2.0999719404224724
-0.5   2.2524117947651248
-0.5   1.9456274797199176
-0.5   2.1832137569796055
-0.5   0.58763000416388733
-0.5   0.6418544904801271
-0.5   1.0977152240363164
-0.5   1.4828943153132248
-0.5   1.0791663930091133
-0.5   0.58745873527327919
-0.5   0.68440597761131139
-0.5   1.4467987859226106
-0.5   1.476879987952435
-0.5   1.4893187235902188
-0.5   1.3944749760990409
-0.5   1.4564743141927059
-0.5   1.3886481279951695
-0.5   2.2209697459701121
-0.5   1.0948598924250408
-0.5   2.3958094239586276
-0.5   1.3274280464233248
-0.5   1.5483837740111315
-0.5   1.4535668920155318
-0.5   1.8669332070805265
-0.5   2.2258458973036102
-0.5   1.4127355687307848
-0.5   1.005648618960314
-0.5   1.2753476227069358
-0.5   1.4648902589749078
-0.5   1.511786789733006
-0.5   3.0630380662442414
-0.5   1.0791566345462402
-0.5   1.4989074290324427
-0.5   1.8994363056607106
-0.5   1.6904537194218578
-0.5   1.6496282235566171
-0.5   0.9003227776864251
-0.5   2.036076908798754
-0.5   0.94413188355880528
-0.5   1.3751777215421011
-0.5   1.137208324903545
-0.5   1.1726760716754976
-0.5   2.3137660041158066
-0.5   0.84728071287723794
-0.5   2.2795092644768506
-0.5   0.86466691922318439
-0.5   1.466424637687137
-0.5   1.8066177394806955
-0.5   1.8014800778242166
-0.5   1.3359041470770221
-0.5   0.76348102390538219
-0.5   0.81719809885072858
-0.5   1.3692585376766513
-0.5   2.992255548763143
-0.5   1.7674951335123485
-0.5   1.2996582318515695
-0.5   1.5096660791288055
-0.5   1.7676351748829195
-0.5   1.3557586611665944
-0.5   2.3020751192681792
-0.5   1.5954709651667796
-0.5   1.6715278734837553
-0.5   1.4521955100407644
-0.5   1.3918505924303355
-0.5   1.6048011601761374
-0.5   1.5640033225220242
-0.5   1.1369164668959435
-0.5   0.91509647895468871
-0.5   1.4515500464769955
-0.5   0.58577042139905777
-0.5   0.85705148962063227
-0.5   1.4862626893157569
-0.5   1.3430827345374927
-0.5   1.4888089542614042
-0.5   0.60273477405464004
-0.5   0.5951488998915988
-0.5   1.2601820576905793
-0.5   1.3964329301557761
-0.5   0.90975753083495925
-0.5   0.71453270797845247
-0.5   1.7961138677436645
-0.5   1.9243232570096049
-0.5   1.593236911426112
-0.5   2.1022509602054709
-0.5   2.1168578916152452
-0.5   1.4154899592841395
-0.5   0.65552684943418837
-0.5   0.6441639160035495
-0.5   0.68445700069511761
-0.5   1.4671096311392737
-0.5   0.55252732930246906
-0.5   0.88931018518347082
-0.5   1.4705089329743688
-0.5   1.8467306881816472
-0.5   2.0577393175288261
-0.5   1.5111128602979744
-0.5   1.44520430545045
-0.5   1.0780601081453882
-0.5   1.4702593383425462
-0.5   1.4246258897904485
-0.5   1.0508083761322975
-0.5   0.7266686794011683
-0.5   1.2892126385202114
-0.5   0.51885892609101636
-0.5   0.53778745691993546
-0.5   0.62568209153067977
-0.5   0.84143595720041109
-0.5   1.3869140948126304
-0.5   1.1932759044498544
-0.5   0.93029082917363803
-0.5   1.6653100942077721
-0.5   2.2759241668471231
-0.5   2.3633417256090623
-0.5   1.6644114782999893
-0.5   1.5749583211703371
-0.5   2.0819660030921323
-0.5   1.9134462091422648
-0.5   1.5439857403029489
-0.5   1.7687988695926009
-0.5   0.77305140311287501
-0.5   1.3490284909158308
-0.5   1.6759619573330369
-0.5   1.0295223015713904
-0.5   1.3459426703193724
-0.5   0.61817362671551335
-0.5   1.432656543244424
-0.5   0.92302961039601783
-0.5   1.0128307633761917
-0.5   0.52578183704011594
-0.5   1.106758270763498
-0.5   1.1615728680984814
-0.5   1.2270577020147218
-0.5   1.3578155566367227
-0.5   1.4846525280111893
-0.5   1.1623795852416314
-0.5   2.166099720467344
-0.5   1.5666236992156484
-0.5   2.2966487149414605
-0.5   0.54291810628297199
-0.5   0.64202948893498979
-0.5   1.4667705555618136
-0.5   0.71886445427562262
-0.5   0.57540079858231818
-0.5   0.92329624412573041
-0.5   1.4749123073684971
-0.5   1.32347218695461
-0.5   1.3406135211309349
-0.5   0.74153395914187703
-0.5   2.0305713411015445
-0.5   1.3951870851033104
-0.5   1.0072723178961478
-0.5   1.583387872261059
-0.5   1.4718206196503798
-0.5   1.3956675483321697
-0.5   1.0533765995199413
-0.5   2.2282708401349436
-0.5   1.8095609529557959
-0.5   1.5262488347743135
-0.5   1.6083923000399802
-0.5   2.3038206875124581
-0.5   2.4533716405864108
-0.5   2.3457287058491114
-0.5   3.3265129487083351

0.5   0.65867710814083869
0.5   0.73909018060968923
0.5   1.1428709405336703
0.5   0.93509633925581603
0.5   1.0441639888199334
0.5   0.94372962065199251
0.5   1.3639277356198367
0.5   1.4091993234172564
0.5   1.2344245540765346
0.5   2.2977845281156442
0.5   1.1143690813157889
0.5   1.1227107437224306
0.5   1.4675228540455865
0.5   2.3783516249972938
0.5   0.71835578780185783
0.5   1.4558575781020997
0.5   1.2236014342796941
0.5   0.73975338385265066
0.5   0.57592538979528474
0.5   2.1355659263042717
0.5   1.2442471334923391
0.5   1.4148532388338653
0.5   1.0733131897658208
0.5   0.78462009047796166
0.5   1.0064732260212366
0.5   1.4753786640885376
0.5   1.3291607261583118
0.5   1.2595907239988127
0.5   1.6653616263487883
0.5   0.64726830109179079
0.5   1.4249419218728197
0.5   1.9197264970024688
0.5   1.1615265934713208
0.5   1.7969683493696214
0.5   1.7818454982909486
0.5   2.1386340157380865
0.5   1.0602658375245828
0.5   1.8435168647978113
0.5   1.9848852072624337
0.5   1.5855975094504746
0.5   1.6480839629911941
0.5   1.750673515099761
0.5   1.3809884838183362
0.5   1.9546455906014901
0.5   1.4819514292211797
0.5   2.6505068296711021
0.5   1.9826398920822972
0.5   1.4815741745405615
0.5   1.4216032566603076
0.5   1.9135970295455182
0.5   1.8639913379454227
0.5   1.672962623989048
0.5   1.8769725467061078
0.5   1.4712158298003823
0.5   1.2815603124072916
0.5   1.7612162577196737
0.5   2.0248376346396375
0.5   1.2870432391844004
0.5   1.9148218648902846
0.5   1.1262920725060659
0.5   2.2264270746231714
0.5   0.74521149765232364
0.5   1.1574354122288446
0.5   1.3580687058789003
0.5   0.79314474281465031
0.5   1.1540278083309776
0.5   0.93319245431174491
0.5   1.4317015064916749
0.5   1.3148552987846231
0.5   1.6144310750793429
0.5   1.3873386328769253
0.5   0.60609456470112311
0.5   1.8548552097818924
0.5   1.5273060832481988
0.5   1.371765141083364
0.5   1.3015247475651426
0.5   2.0946219134971478
0.5   1.9935005085077271
0.5   1.3119327883495913
0.5   0.99033868847645046
0.5   1.0470806208777772
0.5   1.3808531838250173
0.5   1.3482434063466935
0.5   1.4707792836408831
0.5   0.72168069291050108
0.5   1.49986340916726
0.5   1.5002536545424707
0.5   1.1006713657065061
0.5   1.1789447839135705
0.5   1.4037212956263181
0.5   1.172320664083021
0.5   1.2749766638885127
0.5   1.3916277749634967
0.5   1.8410953549244384
0.5   1.8648441458209035
0.5   1.135997594279301
0.5   2.0630573696113421
0.5   0.92892510237114223
0.5   1.5093295687247883
0.5   1.7019461923264427
0.5   1.6896272080915415
0.5   1.6884498085904753
0.5   1.8758743960891944
0.5   1.7003038058563611
0.5   1.5261510892162407
0.5   1.868352730259708
0.5   1.9792611120239743
0.5   1.6500283648441689
0.5   1.7359784418721316
0.5   2.1796813231802163
0.5   1.9202300859720789
0.5   1.741991072745269
0.5   1.5133336225334424
0.5   1.6386379207211674
0.5   1.3294720180909587
0.5   1.4872887737052303
0.5   2.0120862691435142
0.5   2.0999719404223942
0.5   2.2524117947651332
0.5   1.9456274797199185
0.5   2.1832137569796028
0.5   0.58763000416388489
0.5   0.641854490480118
0.5   1.0977152240363068
0.5   1.4828943153132319
0.5   1.079166393009124
0.5   0.5874587352732823
0.5   0.68440597761130095
0.5   1.4467987859226186
0.5   1.4768799879524357
0.5   1.489318723590215
0.5   1.3944749760990431
0.5   1.4564743141927221
0.5   1.3886481279951739
0.5   2.2209697459701094
0.5   1.0948598924250246
0.5   2.3958094239586272
0.5   1.327428046423343
0.5   1.5483837740111257
0.5   1.45356689201553
0.5   1.8669332070805278
0.5   2.2258458973036066
0.5   1.412735568730783
0.5   1.0056486189603167
0.5   1.2753476227069442
0.5   1.4648902589749107
0.5   1.5117867897330064
0.5   3.0630380662442653
0.5   1.0791566345462178
0.5   1.4989074290324258
0.5   1.8994363056607084
0.5   1.6904537194218352
0.5   1.6496282235566322
0.5   0.90032277768640512
0.5   2.0360769087987647
0.5   0.94413188355880373
0.5   1.3751777215421026
0.5   1.1372083249035394
0.5   1.1726760716755009
0.5   2.3137660041158097
0.5   0.84728071287725282
0.5   2.2795092644768582
0.5   0.86466691922318328
0.5   1.466424637687137
0.5   1.8066177394806973
0.5   1.8014800778242166
0.5   1.3359041470770239
0.5   0.76348102390537931
0.5   0.81719809885073902
0.5   1.3692585376766482
0.5   2.9922555487631333
0.5   1.7674951335123543
0.5   1.2996582318515686
0.5   1.5096660791288081
0.5   1.7676351748829227
0.5   1.3557586611665946
0.5   2.3020751192681757
0.5   1.5954709651667711
0.5   1.6715278734837296
0.5   1.4521955100408004
0.5   1.3918505924303299
0.5   1.6048011601761467
0.5   1.5640033225219225
0.5   1.1369164668960983
0.5   0.9150964789547027
0.5   1.4515500464769779
0.5   0.58577042139905711
0.5   0.85705148962064981
0.5   1.486262689315762
0.5   1.3430827345374858
0.5   1.4888089542614029
0.5   0.60273477405464337
0.5   0.59514889989156949
0.5   1.2601820576905938
0.5   1.3964329301557648
0.5   0.90975753083497479
0.5   0.71453270797847246
0.5   1.7961138677435917
0.5   1.9243232570096596
0.5   1.5932369114261089
0.5   2.102250960205422
0.5   2.1168578916153149
0.5   1.415489959284149
0.5   0.65552684943418815
0.5   0.64416391600358081
0.5   0.68445700069510185
0.5   1.4671096311392768
0.5   0.5525273293024795
0.5   0.88931018518350768
0.5   1.4705089329740322
0.5   1.8467306881819048
0.5   2.0577393175288439
0.5   1.511112860297942
0.5   1.4452043054504808
0.5   1.0780601081453829
0.5   1.4702593383425282
0.5   1.4246258897904376
0.5   1.0508083761322919
0.5   0.7266686794011501
0.5   1.2892126385202218
0.5   0.51885892609102391
0.5   0.53778745691993279
0.5   0.62568209153066534
0.5   0.84143595720043307
0.5   1.386914094812691
0.5   1.193275904449915
0.5   0.93029082917320682
0.5   1.6653100942077526
0.5   2.2759241668473305
0.5   2.3633417256091827
0.5   1.6644114782998938
0.5   1.5749583211703673
0.5   2.081966003091829
0.5   1.9134462091422209
0.5   1.543985740303266
0.5   1.7687988695924521
0.5   0.77305140311298048
0.5   1.3490284909157932
0.5   1.6759619573330555
0.5   1.0295223015714678
0.5   1.345942670319372
0.5   0.61817362671553311
0.5   1.4326565432444778
0.5   0.92302961039595077
0.5   1.012830763376205
0.5   0.5257818370401266
0.5   1.1067582707635393
0.5   1.1615728680984754
0.5   1.2270577020147175
0.5   1.3578155566367285
0.5   1.4846525280112064
0.5   1.1623795852415815
0.5   2.1660997204672667
0.5   1.5666236992156848
0.5   2.2966487149415031
0.5   0.54291810628297021
0.5   0.64202948893505574
0.5   1.4667705555617527
0.5   0.71886445427567569
0.5   0.57540079858229753
0.5   0.92329624412572109
0.5   1.4749123073684605
0.5   1.3234721869546104
0.5   1.340613521130962
0.5   0.74153395914186349
0.5   2.0305713411015009
0.5   1.3951870851034991
0.5   1.0072723178958052
0.5   1.5833878722611194
0.5   1.4718206196504051
0.5   1.3956675483322329
0.5   1.0533765995198434
0.5   2.2282708401356413
0.5   1.809560952954969
0.5   1.5262488347743099
0.5   1.608392300039974
0.5   2.3038206875124567
0.5   2.4533716405864117
0.5   2.3457287058491554
0.5   3.32651294870836

1.5   1.5055380285098718
1.5   1.5080267873116875
1.5   1.7215813835326723
1.5   1.5204777073560782
1.5   2.3285073474795595
1.5   1.5772109262649039
1.5   1.5174117141909571
1.5   2.4127425852512512
1.5   1.5090622600186161
1.5   2.3463668715841064
1.5   1.6524764278336579
1.5   1.5773705718702487
1.5   1.5415687386962191
1.5   1.5471116863841994
1.5   1.607530337677662
1.5   2.4362562206302609
1.5   1.7190734424202794
1.5   1.814810791677572
1.5   1.9968539831884091
1.5   1.9404811455275706
1.5   1.9624155535507866
1.5   1.843113584585804
1.5   1.5595421879522755
1.5   3.1947674085744082
1.5   2.006402748499724
1.5   2.0964272936603257
1.5   2.3945584782236025
1.5   2.1570999263511506
1.5   2.4462458207567725
1.5   2.3030896010077173
1.5   1.7726033200335385
1.5   1.9767384548486451
1.5   2.0200507284725369
1.5   2.1294202664248125
1.5   2.267169273421719
1.5   1.6513441109808804
1.5   2.3596516112178945
1.5   1.5948417032360847
1.5   1.5622131336273908
1.5   1.5114904434958079
1.5   1.5288737629794769
1.5   2.4578640943016064
1.5   1.5257301267088494
1.5   1.5739058314955021
1.5   2.4016503751450538
1.5   1.5653812458717775
1.5   2.3792991390412448
1.5   1.6218414150048832
1.5   1.5045527756754433
1.5   1.5920816703695202
1.5   1.950889332137058
1.5   1.9514090025997386
1.5   1.6092382721044172
1.5   1.9732878655371184
1.5   1.9147665631182322
1.5   1.532262969878504
1.5   2.0552895767515786
1.5   2.0507289131763171
1.5   2.3918591009417876
1.5   2.0511846077424809
1.5   2.0841278182622909
1.5   2.1706668606919934
1.5   2.6335057523318004
1.5   2.4027750479382526
1.5   1.8465341147288905
1.5   1.8605737163084486
1.5   2.1031362745467055
1.5   2.1952615669934845
1.5   2.0712631807291233
1.5   2.1740938026376702
1.5   2.0764926128208345
1.5   2.2890796117039418
1.5   2.2508116370325606
1.5   2.0102519119148221
1.5   1.5116640882265426
1.5   1.5268631650263362
1.5   1.5457208277033172
1.5   1.506510535375388
1.5   1.5446101099604279
1.5   1.6262940521378861
1.5   2.2162851951613334
1.5   1.920668228328851
1.5   1.8316145153736327
1.5   2.2172162482927384
1.5   1.9314903841862501
1.5   2.347611245077557
1.5   2.2992755613689582
1.5   1.5981513772004639
1.5   1.52862481714617
1.5   2.8939497458867178
1.5   2.2618791509540608
1.5   2.2645975564699485
1.5   1.5208726055543034
1.5   1.8020061479477252
1.5   2.3930860463382184
1.5   1.6030874144057004
1.5   2.2338277630126782
1.5   1.8528388678379799
1.5   2.3807605398636795
1.5   1.5874819850705029
1.5   1.5487222421702227
1.5   1.847495960028545
1.5   2.7891832850031215
1.5   2.1951777718742096
1.5   1.5244757113080762
1.5   1.5239910475889773
1.5   2.4915218327214825
1.5   1.5324204854578438
1.5   2.3946769068451101
1.5   1.9671667572038833
1.5   1.9658385953199629
1.5   2.1103186642824028
1.5   2.1115517924462295
1.5   1.6451421904933028
1.5   1.506846960610273
1.5   1.5181987061862738
1.5   1.5088074905702316
1.5   1.5086072697485133
1.5   1.5087533854024646
1.5   1.7483917322791713
1.5   1.7353575378729995
1.5   1.5855719981900873
1.5   2.3166618566044765
1.5   2.2457849567083921
1.5   1.5103951591385019
1.5   1.645659492030398
1.5   1.9626545576263381
1.5   1.8354239319723207
1.5   2.1118003497717415
1.5   2.1476847960905889
1.5   1.5205424341200255
1.5   1.5097869459135351
1.5   1.5146813016780953
1.5   1.9555089610538627
1.5   1.9214563017299886
1.5   1.8754540649658424
1.5   2.0205554074708392
1.5   2.0446529955917598
1.5   1.6229776181314901
1.5   3.2768650336476939
1.5   2.4787220589263503
1.5   1.5119277919811491
1.5   1.678015505721115
1.5   1.5113147538446623
1.5   1.5035387530063078
1.5   1.5288418634816239
1.5   1.5105212940479293
1.5   1.6102701786073186
1.5   1.5056728759804807
1.5   2.3959082887786085
1.5   1.5126823981154098
1.5   2.4861960194440145
1.5   1.5032335111886339
1.5   1.5854697879608328
1.5   1.5598324331080962
1.5   1.5039909645526004
1.5   1.567226147701354
1.5   2.0538411669670427
1.5   1.9998811729039132
1.5   1.7100881982650882
1.5   1.6582590765655674
1.5   1.7577666371472809
1.5   2.1831575499651987
1.5   1.8033258510919947
1.5   2.4488140573025934
1.5   2.4467772872710816
1.5   2.337663191995381
1.5   3.3436762274647265

2.5   2.5001733974396676
2.5   2.5001768435233478
2.5   2.5027715835354436
2.5   2.5111593533966108
2.5   2.5092066279379077
2.5   2.6159548529569725
2.5   3.3224560363543318
2.5   2.8180384071220477
2.5   3.1988208116827042
2.5   2.5336576165958378
2.5   2.5664452663300463
2.5   2.5275038050370555
2.5   2.5109165388931962
2.5   2.5026475432550375
2.5   2.5015602426861014
2.5   2.5147261685784854
2.5   3.0680954238213731
2.5   2.5071704295162025
2.5   3.094194141222224
2.5   2.5061980255237932
2.5   2.5677828122587889
2.5   2.696239639156492
2.5   2.8743439793952605
2.5   2.7700010953107976
2.5   2.5040114597135785
2.5   2.5708034302312819
2.5   2.5273558045155196
2.5   2.500577322548736
2.5   2.5024969140369833
2.5   2.5001521842605361
2.5   3.4440011623360691
2.5   2.5008727623083522
2.5   2.5422177748922814
2.5   2.5058061332285626
2.5   2.5013103420727059
2.5   3.4832280519145824
2.5   2.5000484840372112
2.5   2.504241789556001
2.5   2.5001719773544693
2.5   2.511510173484981
2.5   2.5000739478436462
2.5   2.5008684850149483
2.5   2.5019633644057957
2.5   2.5001546753167738
2.5   2.5001442077120157
2.5   2.7570218127653416
2.5   3.290807503691493
2.5   2.5000563592466172
2.5   2.5005524615979957
2.5   2.500104517696248
2.5   2.5000755296406174
2.5   2.5002668568116544
2.5   2.5000225404212664
2.5   2.6531606889342543
2.5   2.5001874402971169
2.5   3.3799687868520767

3.5   3.5
3.5   3.5
3.5   3.5
3.5   3.5
3.5   3.5000000000000009
3.5   3.5
3.5   3.5
3.5   3.4999999999999996

