-1.5   1.5
-1.5   1.5
-1.5   1.4999999999999998
-1.5   1.4999999999999998

-0.5   0.50199742032638572
-0.5   0.5
-0.5   1.4996434338816786
-0.5   0.50000000000000022
-0.5   1.4988297927373542
-0.5   0.50066138132272076
-0.5   1.5
-0.5   0.5
-0.5   0.50034025677507188
-0.5   0.50284498257263532
-0.5   0.50000000000000022
-0.5   1.498600730058931

0.5   0.50199742032638595
0.5   0.50000000000000022
0.5   1.4996434338816773
0.5   0.49999999999999978
0.5   1.4988297927373537
0.5   0.50066138132272076
0.5   1.5000000000000004
0.5   0.50000000000000022
0.5   0.5003402567750721
0.5   0.5028449825726351
0.5   0.50000000000000022
0.5   1.4986007300589321

1.5   1.5
1.5   1.5
1.5   1.4999999999999998
1.5   1.4999999999999998

