0   -28.6347   0.0294405   0.113157   1.30592e-06   0.247945   0.109456   0.109456   0.247945   1.30592e-06   0.113157   0.0294405   
1   -36.8738   0.0158794   0.0380896   0.0894995   0.155017   0.201514   0.201514   0.155017   0.0894995   0.0380896   0.0158794   
2   -37.3499   0.0148999   0.0381195   0.0920753   0.154655   0.20025   0.20025   0.154655   0.0920753   0.0381195   0.0148999   
3   -37.3655   0.0210717   0.0451728   0.101766   0.146427   0.185562   0.185562   0.146427   0.101766   0.0451728   0.0210717   
4   -37.2376   0.0175235   0.0443267   0.0984962   0.151997   0.187657   0.187657   0.151997   0.0984962   0.0443267   0.0175235   
5   -37.2376   0.0175235   0.0443267   0.0984962   0.151997   0.187657   0.187657   0.151997   0.0984962   0.0443267   0.0175235   
6   -37.3655   0.0210717   0.0451728   0.101766   0.146427   0.185562   0.185562   0.146427   0.101766   0.0451728   0.0210717   
7   -37.3499   0.0148999   0.0381195   0.0920753   0.154655   0.20025   0.20025   0.154655   0.0920753   0.0381195   0.0148999   
8   -36.8738   0.0158794   0.0380896   0.0894995   0.155017   0.201514   0.201514   0.155017   0.0894995   0.0380896   0.0158794   
9   -28.6347   0.0294405   0.113157   1.30592e-06   0.247945   0.109456   0.109456   0.247945   1.30592e-06   0.113157   0.0294405   
