-2.5   2.5
-2.5   2.5
-2.5   2.5
-2.5   2.4999999999999996
-2.5   2.5
-2.5   2.5000000000000004

-1.5   1.5016424099377628
-1.5   1.5082382531797816
-1.5   1.5307646884096546
-1.5   1.5246326552331437
-1.5   2.4132770030819932
-1.5   1.6015174731670152
-1.5   2.4062625538048987
-1.5   1.5940436729701197
-1.5   1.5000855523929975
-1.5   1.5126786142887698
-1.5   1.5141237730879675
-1.5   1.5239408984703822
-1.5   1.505124702541548
-1.5   2.2470985812570374
-1.5   1.8001345192182572
-1.5   2.0014763297278142
-1.5   2.0802736843023695
-1.5   1.5017035558290202
-1.5   1.5086032334495418
-1.5   1.5031427959703478
-1.5   1.5006177339185292
-1.5   1.5807061741318202
-1.5   2.4372843627999394
-1.5   1.500076901261215
-1.5   1.5030672537777132
-1.5   1.5026268680522024
-1.5   1.5000324319530147
-1.5   1.6181046682815188
-1.5   1.5001474826989893
-1.5   2.4157612639684514

-0.5   0.55649725027305541
-0.5   0.53802369488208956
-0.5   1.4616619623648837
-0.5   1.4751615557204159
-0.5   0.55323435499438478
-0.5   0.61951049582319673
-0.5   1.2226638280154654
-0.5   1.4360624326092042
-0.5   1.5644933524326778
-0.5   0.93475667461443801
-0.5   1.7319718366734986
-0.5   1.2749480894720058
-0.5   0.88461997328898434
-0.5   1.4748092780786339
-0.5   2.0744142321943078
-0.5   1.4852969108909042
-0.5   1.4731604813328671
-0.5   0.63455053183538168
-0.5   0.55579434450137
-0.5   1.4689264265248629
-0.5   0.53501535942596434
-0.5   0.57410402579912767
-0.5   1.4959515385216435
-0.5   0.95640353138523659
-0.5   1.1604004552639224
-0.5   1.4447824366225133
-0.5   1.0873977374964581
-0.5   1.4324071703754813
-0.5   2.1560154625319212
-0.5   1.4760544052853624
-0.5   1.0061536606701897
-0.5   2.3755562333153768
-0.5   0.66276656940341749
-0.5   1.4794823648274253
-0.5   0.53118152334531121
-0.5   1.4979334206284156
-0.5   1.4802762501301834
-0.5   0.53277439280340255
-0.5   0.65859585979408797
-0.5   1.0379152009697432
-0.5   0.93368612525960404
-0.5   1.1345910300896485
-0.5   1.24598286742797
-0.5   2.306801779632667
-0.5   1.4582553933583182
-0.5   0.81463150873028889
-0.5   0.5412186894719484
-0.5   0.50435188726258895
-0.5   0.52920939338376138
-0.5   0.54383184635332182
-0.5   1.4498719788158492
-0.5   0.58399464191730699
-0.5   1.4712526526271021
-0.5   0.56332293027095681
-0.5   0.77957894527818894
-0.5   1.3899719030557942
-0.5   0.69652125924264019
-0.5   1.4962051393531659
-0.5   1.4399216060720155
-0.5   2.4130149207318521

0.5   0.55649725027305808
0.5   0.53802369488209001
0.5   1.4616619623648832
0.5   1.4751615557204221
0.5   0.55323435499437967
0.5   0.6195104958231954
0.5   1.2226638280154654
0.5   1.4360624326092064
0.5   1.5644933524326814
0.5   0.93475667461444112
0.5   1.7319718366734924
0.5   1.2749480894720051
0.5   0.88461997328900055
0.5   1.4748092780786135
0.5   2.074414232194326
0.5   1.4852969108909018
0.5   1.4731604813328685
0.5   0.63455053183538124
0.5   0.55579434450136889
0.5   1.4689264265248614
0.5   0.53501535942596434
0.5   0.57410402579912656
0.5   1.4959515385216435
0.5   0.95640353138524081
0.5   1.1604004552639227
0.5   1.4447824366225148
0.5   1.0873977374964585
0.5   1.432407170375479
0.5   2.1560154625319239
0.5   1.4760544052853632
0.5   1.006153660670184
0.5   2.3755562333153786
0.5   0.66276656940341794
0.5   1.4794823648274287
0.5   0.53118152334531255
0.5   1.4979334206284163
0.5   1.4802762501301843
0.5   0.53277439280340744
0.5   0.65859585979409285
0.5   1.0379152009697552
0.5   0.93368612525960559
0.5   1.1345910300896365
0.5   1.2459828674279698
0.5   2.306801779632667
0.5   1.4582553933583193
0.5   0.81463150873028889
0.5   0.54121868947195151
0.5   0.50435188726258851
0.5   0.52920939338376072
0.5   0.54383184635331716
0.5   1.4498719788158467
0.5   0.58399464191730632
0.5   1.4712526526271059
0.5   0.56332293027096103
0.5   0.7795789452781885
0.5   1.3899719030557902
0.5   0.69652125924262198
0.5   1.4962051393531641
0.5   1.4399216060720152
0.5   2.4130149207318574

1.5   1.5016424099377645
1.5   1.5082382531797816
1.5   1.5307646884096577
1.5   1.5246326552331442
1.5   2.4132770030819923
1.5   1.6015174731670156
1.5   2.4062625538048987
1.5   1.5940436729701197
1.5   1.5000855523929975
1.5   1.5126786142887694
1.5   1.5141237730879675
1.5   1.5239408984703831
1.5   1.5051247025415484
1.5   2.2470985812570392
1.5   1.8001345192182567
1.5   2.0014763297278173
1.5   2.0802736843023673
1.5   1.5017035558290215
1.5   1.5086032334495418
1.5   1.5031427959703483
1.5   1.5006177339185296
1.5   1.580706174131822
1.5   2.4372843627999421
1.5   1.5000769012612172
1.5   1.5030672537777141
1.5   1.5026268680522028
1.5   1.5000324319530161
1.5   1.6181046682815143
1.5   1.5001474826989893
1.5   2.4157612639684567

2.5   2.5
2.5   2.5
2.5   2.5
2.5   2.4999999999999996
2.5   2.5
2.5   2.5000000000000004

