0   -46.1509   0.0515244   0.0291424   0.085992   0.174107   0.0176858   0.283097   0.0176858   0.174107   0.085992   0.0291424   0.0515244   
1   -59.5073   0.0110667   0.0268745   0.0659785   0.122804   0.173979   0.198596   0.173979   0.122804   0.0659785   0.0268745   0.0110667   
2   -60.9765   0.0094896   0.0243323   0.0643471   0.123755   0.176013   0.204127   0.176013   0.123755   0.0643471   0.0243323   0.0094896   
3   -61.354   0.0128355   0.0332034   0.0755173   0.124923   0.163361   0.18032   0.163361   0.124923   0.0755173   0.0332034   0.0128355   
4   -61.3961   0.0152456   0.0352693   0.0821798   0.12055   0.16325   0.167011   0.16325   0.12055   0.0821798   0.0352693   0.0152456   
5   -61.4011   0.0182019   0.0385239   0.0876095   0.11717   0.159422   0.158145   0.159422   0.11717   0.0876095   0.0385239   0.0182019   
6   -61.3961   0.0152456   0.0352693   0.0821798   0.12055   0.16325   0.167011   0.16325   0.12055   0.0821798   0.0352693   0.0152456   
7   -61.354   0.0128355   0.0332034   0.0755173   0.124923   0.163361   0.18032   0.163361   0.124923   0.0755173   0.0332034   0.0128355   
8   -60.9765   0.0094896   0.0243323   0.0643471   0.123755   0.176013   0.204127   0.176013   0.123755   0.0643471   0.0243323   0.0094896   
9   -59.5073   0.0110667   0.0268745   0.0659785   0.122804   0.173979   0.198596   0.173979   0.122804   0.0659785   0.0268745   0.0110667   
10   -46.1509   0.0515244   0.0291424   0.085992   0.174107   0.0176858   0.283097   0.0176858   0.174107   0.085992   0.0291424   0.0515244   
