-2.5   2.5
-2.5   2.4999999999999996
-2.5   2.5
-2.5   2.5
-2.5   2.4999999999999996
-2.5   2.5

-1.5   1.501684906904905
-1.5   1.5084852511415767
-1.5   1.5314248815774447
-1.5   1.5250929793501733
-1.5   2.4112480016617717
-1.5   1.6026022482559417
-1.5   2.4049600562694993
-1.5   1.5962035356319104
-1.5   1.5000848883336313
-1.5   1.5130791782419823
-1.5   1.5145194902572268
-1.5   1.5244008892228211
-1.5   1.505194237849989
-1.5   2.24615080851604
-1.5   1.8004147749295107
-1.5   2.0047237899928643
-1.5   2.0767161827987346
-1.5   1.5017483435624484
-1.5   1.5088449769696228
-1.5   1.5032364686076112
-1.5   1.5006360030391992
-1.5   1.5821442443238083
-1.5   2.4360650971031417
-1.5   1.5000789411403108
-1.5   1.5031462457496496
-1.5   1.5027004627304326
-1.5   1.5000338062475578
-1.5   1.6203630626436771
-1.5   1.5001513233720529
-1.5   2.4140616863147999

-0.5   0.55850053478576411
-0.5   0.53931653451218442
-0.5   1.4601657978373561
-0.5   1.4741452562944768
-0.5   0.55520081303952096
-0.5   0.62323788243631517
-0.5   1.2217937425416199
-0.5   1.4346854717455759
-0.5   1.5687887745032447
-0.5   0.93608664629246108
-0.5   1.7229617306954701
-0.5   1.2768344060338843
-0.5   0.89298666792069481
-0.5   1.4833622033455509
-0.5   2.0646906765173747
-0.5   1.4852503150548455
-0.5   1.4723580822792839
-0.5   0.6379332506613391
-0.5   0.55728037323659607
-0.5   1.4680281672937587
-0.5   0.53628544404971246
-0.5   0.57567780702230142
-0.5   1.4956695477620845
-0.5   0.95987766424988408
-0.5   1.1596994620871415
-0.5   1.4462917343720281
-0.5   1.09023590649724
-0.5   1.4258444554859446
-0.5   2.1509492873617195
-0.5   1.4741627064748852
-0.5   1.0180204669700943
-0.5   2.3733668864002428
-0.5   0.66632931311637256
-0.5   1.4790322395724176
-0.5   0.53188142816319495
-0.5   1.4978745709656991
-0.5   1.479923734275673
-0.5   0.5333147266965057
-0.5   0.66357065385244951
-0.5   1.0444939507910764
-0.5   0.93064343602807509
-0.5   1.1287240884084184
-0.5   1.2491401116215028
-0.5   2.3004875767819226
-0.5   1.4573614747395374
-0.5   0.82332182204338467
-0.5   0.5419648195648743
-0.5   0.50444777892333614
-0.5   0.529912933735184
-0.5   0.54485339006821021
-0.5   1.4484232121381082
-0.5   0.58643514441224531
-0.5   1.4703786906358356
-0.5   0.56543024962179933
-0.5   0.78347482703283977
-0.5   1.3885676717535318
-0.5   0.69865313826886766
-0.5   1.4962047852444871
-0.5   1.4384780143732792
-0.5   2.4115907314977392

0.5   0.55850053478576478
0.5   0.53931653451218353
0.5   1.4601657978373568
0.5   1.4741452562944799
0.5   0.55520081303951585
0.5   0.62323788243631695
0.5   1.2217937425416183
0.5   1.4346854717455733
0.5   1.568788774503254
0.5   0.93608664629246352
0.5   1.7229617306954581
0.5   1.2768344060338814
0.5   0.89298666792070414
0.5   1.4833622033455574
0.5   2.0646906765173747
0.5   1.485250315054844
0.5   1.4723580822792832
0.5   0.63793325066133666
0.5   0.55728037323659674
0.5   1.4680281672937572
0.5   0.53628544404971046
0.5   0.57567780702230054
0.5   1.4956695477620843
0.5   0.95987766424988319
0.5   1.1596994620871408
0.5   1.4462917343720294
0.5   1.0902359064972389
0.5   1.425844455485948
0.5   2.1509492873617204
0.5   1.4741627064748914
0.5   1.0180204669700925
0.5   2.3733668864002402
0.5   0.66632931311637256
0.5   1.4790322395724156
0.5   0.5318814281631945
0.5   1.497874570965702
0.5   1.4799237342756788
0.5   0.53331472669649549
0.5   0.66357065385244574
0.5   1.0444939507910695
0.5   0.93064343602806665
0.5   1.1287240884084258
0.5   1.2491401116215106
0.5   2.3004875767819275
0.5   1.4573614747395387
0.5   0.82332182204338733
0.5   0.54196481956487408
0.5   0.50444777892333659
0.5   0.529912933735184
0.5   0.54485339006821065
0.5   1.4484232121381104
0.5   0.5864351444122371
0.5   1.470378690635832
0.5   0.56543024962180066
0.5   0.78347482703283999
0.5   1.3885676717535278
0.5   0.69865313826885767
0.5   1.496204785244482
0.5   1.4384780143732812
0.5   2.4115907314977445

1.5   1.501684906904905
1.5   1.5084852511415776
1.5   1.5314248815774447
1.5   1.5250929793501711
1.5   2.4112480016617672
1.5   1.602602248255939
1.5   2.4049600562694988
1.5   1.5962035356319118
1.5   1.5000848883336309
1.5   1.5130791782419823
1.5   1.5145194902572263
1.5   1.5244008892228202
1.5   1.5051942378499885
1.5   2.2461508085160418
1.5   1.8004147749295094
1.5   2.0047237899928598
1.5   2.0767161827987382
1.5   1.5017483435624488
1.5   1.5088449769696224
1.5   1.5032364686076103
1.5   1.5006360030391996
1.5   1.5821442443238065
1.5   2.4360650971031426
1.5   1.5000789411403108
1.5   1.5031462457496492
1.5   1.5027004627304317
1.5   1.5000338062475573
1.5   1.6203630626436771
1.5   1.5001513233720525
1.5   2.4140616863147994

2.5   2.5
2.5   2.4999999999999996
2.5   2.5
2.5   2.5
2.5   2.4999999999999996
2.5   2.5

