-4   4
-4   4
-4   4
-4   4
-4   4
-4   4
-4   4
-4   4
-4   4

-3   3.0000220078421704
-3   3.0000338622662723
-3   3.0003210576034598
-3   3.0009301957969332
-3   3.000191056599776
-3   3.0194225121376919
-3   3.0068838850033948
-3   3.881639737711347
-3   3.0003968880078191
-3   3.1265769618914696
-3   3.8754504292357748
-3   3.1425256702629025
-3   3.0009693122310424
-3   3.0001225939285816
-3   3.0044430748793798
-3   3.0003085313030677
-3   3.001818012876591
-3   3.0001401348770105
-3   3.8061836240065334
-3   3.0005388986082209
-3   3.0185950403383477
-3   3.1747789959998354
-3   3.0030988409884731
-3   3.0420846141031945
-3   3.0077331485603631
-3   3.0015194269051606
-3   3.7672627924909241
-3   3.0002421755426822
-3   3.2678519748427748
-3   3.0000831952402378
-3   3.0026751063213606
-3   3.0000421198189753
-3   3.0014937955604841
-3   3.0025650867755282
-3   3.3072297338445602
-3   3.0022300001783058
-3   3.1281471669655487
-3   3.6211312174130708
-3   3.0046491485235811
-3   3.0050158878447908
-3   3.0628754528403888
-3   3.0077053562417961
-3   3.9426616188745474
-3   3.0000633215209791
-3   3.0001216568666931
-3   3.0001685680718437
-3   3.0010060305938113
-3   3.0000713466852211
-3   3.0000101048179095
-3   3.7931495420472947
-3   3.0000318132268715
-3   3.248191129939888
-3   3.0000099258268822
-3   3.0016410525026571
-3   3.000106224654485
-3   3.0001343686729691
-3   3.0000046715907231
-3   3.000019975304971
-3   3.0271566486028245
-3   3.000010044602845
-3   3.9387818301730535
-3   3.0000577118025702
-3   3.0502962267635723
-3   3.00002541234206
-3   3.0000322981684056
-3   3.0001647603470389
-3   3.000023479526881
-3   3.0000718114139082
-3   3.0000157099506524
-3   3.0943787150161146
-3   3.0000608299755473
-3   3.924721055679055

-2   2.0002661592260882
-2   2.0004262287213876
-2   2.0009241035555956
-2   2.1371052979353102
-2   2.0087677036688327
-2   2.894623122549318
-2   2.0028684329134108
-2   2.1084130445084486
-2   2.0037597730719559
-2   2.9097055313710816
-2   2.0011865362805463
-2   2.0032059693030471
-2   2.8765483874205979
-2   2.1420127228012014
-2   2.0197350250116934
-2   2.0100274112000309
-2   2.0141738513919152
-2   2.0177363943432369
-2   2.015280799593111
-2   2.8836918116821519
-2   2.1347443286025074
-2   2.0033896877352428
-2   2.0850906382047389
-2   2.9637741646487616
-2   2.7275885169360934
-2   2.7405095835030493
-2   2.0304397270479373
-2   2.2864157724242542
-2   2.4055511524089215
-2   2.2387168903123569
-2   2.7504463002205921
-2   2.1085039910916623
-2   3.0597356730449889
-2   2.5581614037456966
-2   2.3536208248943247
-2   2.1116111533445183
-2   2.8688427230706859
-2   2.4540923751762289
-2   2.2898884894957665
-2   3.2639229839641444
-2   2.3659331880193051
-2   2.5726814058832113
-2   3.0583922323927251
-2   2.3144928920871264
-2   2.3632833151745696
-2   2.3307711064894217
-2   2.2497008924374162
-2   2.5917445246097777
-2   2.2152645126062054
-2   2.1090764084759126
-2   2.5243069684460089
-2   2.3810778791446658
-2   2.0113172245534994
-2   2.0018909764759565
-2   2.0077847332385312
-2   2.0071457572467368
-2   2.0553387776742209
-2   2.1008293776545943
-2   2.9173059199659934
-2   2.593099518621425
-2   2.3696328830600071
-2   2.9659370078149694
-2   2.0761412862353485
-2   2.0668088384853021
-2   2.021226156155834
-2   2.0996718164979002
-2   2.3195948707768865
-2   2.5161826651008772
-2   2.0450717568296861
-2   3.0486040280167872
-2   2.3967753369190712
-2   2.0936401051548046
-2   3.2809814414601046
-2   2.5048767205671907
-2   2.9356204832401835
-2   2.1093330901010052
-2   2.7014623922885663
-2   2.0446359464591501
-2   2.076609180742877
-2   2.0474202032705331
-2   2.1066463359454652
-2   2.7427065674621254
-2   2.290751339581429
-2   2.2570070082746598
-2   2.2489216776610768
-2   2.1926622729181013
-2   2.0681308674690486
-2   2.7532373251224609
-2   2.4688294114064862
-2   2.0157852834116277
-2   2.4206567661403202
-2   2.0623677148321562
-2   2.6728036914582547
-2   2.6856008400941995
-2   2.7087767278040027
-2   2.704742191542012
-2   2.9856083688458974
-2   2.3792663273744794
-2   2.666602362248383
-2   2.7008458026292401
-2   2.0546917008246375
-2   2.002620210557966
-2   2.0225914047638742
-2   2.0261613725235064
-2   2.0735501616134542
-2   2.2777447353579445
-2   2.1408983402567268
-2   2.3267765357806178
-2   2.4724918967308205
-2   2.8173547715879068
-2   2.029928344676025
-2   2.0056060548157335
-2   2.9843990199213088
-2   2.0136864284857774
-2   2.006942931910753
-2   2.0035432311054922
-2   2.0125297268212257
-2   2.0261677273428966
-2   2.0574274019757666
-2   2.1418757648889883
-2   2.5130779981904521
-2   2.3615835831452983
-2   2.140112957000158
-2   2.4016444316158574
-2   2.1267987563845656
-2   2.737804602521269
-2   2.6727621067161471
-2   3.2708613914791416
-2   2.8349326299558872
-2   2.3103950146071868
-2   3.2365078975097323
-2   2.6774627610320607
-2   2.276445649841107
-2   2.2776480650870097
-2   2.6854625083841173
-2   2.3748277782929295
-2   2.4136532819448049
-2   2.3085254360428364
-2   2.7384347596845924
-2   2.5764496082177262
-2   3.7691260392408905
-2   2.0161894194300536
-2   2.0024620369806043
-2   2.0318090909997162
-2   2.0025887268595373
-2   2.4549840623043138
-2   2.5188224200818587
-2   2.0522439195584203
-2   2.200663618691328
-2   2.1180056651949899
-2   2.7882093451408085
-2   2.0198074379953801
-2   2.0008294654675458
-2   2.9287004147821025
-2   2.6719729118131661
-2   2.4036414177035308
-2   2.0886727307502375
-2   2.0040692925121544
-2   2.9929124718125513
-2   2.0078367710345484
-2   2.0009247220849811
-2   2.0045802942842865
-2   2.0071157338683303
-2   2.0103345493476756
-2   2.0377121184034004
-2   2.90450966607921
-2   2.0068133604776515
-2   2.0169713705117367
-2   2.1267874062959216
-2   3.8158709454943098
-2   2.1740830869453793
-2   2.2055264138932751
-2   2.7014735299366737
-2   2.8326078523713289
-2   2.9359525054604525
-2   2.3634403516105156
-2   2.0590989413353689
-2   2.0298945626286904
-2   2.0762619242625315
-2   2.0585219233648919
-2   2.9605509060610014
-2   2.0003910418287076
-2   2.0046602563361091
-2   2.000904635441743
-2   2.003935011757219
-2   2.0017093615523409
-2   2.0019642316932327
-2   2.0046153422422011
-2   2.202673248145933
-2   2.1671092757179702
-2   2.6754046386224464
-2   2.6913217578639612
-2   2.1926695694933738
-2   2.20106187042061
-2   2.025458411095542
-2   2.0217739367940024
-2   2.0013329464640122
-2   2.0117451465323026
-2   2.547706790485877
-2   2.7786676840339237
-2   2.4463345193776616
-2   2.1676694590707428
-2   2.0975803720372115
-2   2.1180033930590847
-2   2.0026196096558584
-2   2.0458714867807699
-2   2.1400028243033655
-2   2.2282198003720111
-2   2.2323046650642926
-2   2.7018818718109276
-2   2.8188449868318304
-2   2.0011650371982306
-2   2.015648962432997
-2   2.0382319536944435
-2   3.4198374874396968
-2   2.8799413366118278
-2   2.998866835016774
-2   2.777493386922179
-2   2.099407684096827
-2   2.0537233411141376
-2   2.0021166711245253
-2   2.0027282750928639
-2   2.0006934313655558
-2   2.0030567388738079
-2   2.0211497349692356
-2   2.0017405187449748
-2   2.9799100185060561
-2   2.0137979595785405
-2   2.0028053926987894
-2   2.9870823148271439
-2   2.0021402808691819
-2   2.0045005137553096
-2   2.0219995665960324
-2   2.0083620129298789
-2   2.0188169109629133
-2   2.0099707958204527
-2   2.8724778507508799
-2   2.0735644274795759
-2   2.1424881379072862
-2   2.0508683247620842
-2   2.0535228858250956
-2   2.5118794493569623
-2   2.4504916164944226
-2   2.1449636560054786
-2   2.2090108238274242
-2   2.7512105774825875
-2   2.1942690587312375
-2   2.9724897822946197
-2   2.1560606115949721
-2   2.9624033234211584
-2   2.8777531094811746
-2   3.8841860334960305

-1   1.0232105554241293
-1   1.071700420193612
-1   1.124879070927121
-1   1.6548145868374964
-1   1.0525595934917262
-1   1.4318160067153751
-1   1.4099875245460682
-1   1.1309514574980342
-1   1.6874392143529553
-1   1.361733371836475
-1   1.9118838039996331
-1   1.2275220728382545
-1   1.87861359352177
-1   1.8173518481873439
-1   2.8430152311733861
-1   1.0303347810644818
-1   1.9435344029403887
-1   1.2419212027714173
-1   1.1153486446193535
-1   2.0525029710677547
-1   1.8734055796554685
-1   2.8024677051611304
-1   1.2612317812396501
-1   1.1113573515554946
-1   1.9106735959107035
-1   1.0201216142738265
-1   1.351445470603633
-1   2.6077602045359001
-1   1.7618000357750638
-1   2.0732926769757554
-1   1.0545753129728335
-1   1.348287731574312
-1   1.3442941840528169
-1   1.5552541337972086
-1   1.3498907883510269
-1   1.8439880669647666
-1   1.3372265687209497
-1   1.4064912371148566
-1   1.3955950515482973
-1   1.6609344805892592
-1   1.7740698843060376
-1   1.2703974992980791
-1   1.5852987352785419
-1   1.3305211706623012
-1   1.4003328008113634
-1   2.7532569324145104
-1   1.1208921987071891
-1   1.2297383288224675
-1   1.7704688820453094
-1   1.3371667318892069
-1   1.09091958283756
-1   1.8751974459800307
-1   1.8184679696631449
-1   1.906133641112242
-1   1.8630416575660464
-1   1.2415646112493011
-1   2.0371043575399801
-1   2.1530237836986856
-1   2.1338810725417199
-1   2.4822574629321674
-1   2.446014523512265
-1   1.8082948122480591
-1   1.4890312072010159
-1   1.9346216923199782
-1   2.3388089877581208
-1   2.9739881442060638
-1   1.8227257434126587
-1   1.6895320924839421
-1   1.6553266244815008
-1   1.9941256985882623
-1   2.3126970238516207
-1   1.9357866183115018
-1   2.0674881082567
-1   2.5374013887398972
-1   1.8465859361968189
-1   1.7271672315514466
-1   1.7489346720982351
-1   1.6150929704586328
-1   1.80620541134039
-1   1.727944769649985
-1   1.7511786556073567
-1   2.6493360478248325
-1   2.0205936665483653
-1   2.326740661670232
-1   2.017281405627779
-1   1.8872750112041539
-1   1.5119349626524912
-1   2.7493912677605343
-1   1.8196908675896371
-1   2.1947820353030743
-1   1.5706879585870146
-1   1.3948256514102357
-1   1.6216783894356745
-1   1.7579371624052298
-1   1.2522606698760337
-1   2.4297319823204289
-1   1.8944348256821359
-1   1.4825465093315555
-1   1.0645429388169476
-1   1.9292960456847332
-1   1.2749721269767069
-1   1.6504590884431578
-1   2.8196007657046103
-1   1.7796502800629912
-1   1.987678594856785
-1   1.1384047027555448
-1   1.3365326109206357
-1   1.1444823063433152
-1   1.9162616167195985
-1   1.1004819232684615
-1   1.8687738837534651
-1   1.823102698782392
-1   1.9181748205055205
-1   1.1636500343018015
-1   1.0821795599722763
-1   1.0681222488622919
-1   1.926400476625306
-1   2.1802788866091731
-1   1.8972558517951947
-1   2.2312659560593437
-1   2.101503055747858
-1   1.6674107405985215
-1   1.5671411982010635
-1   2.4202289455310453
-1   1.6445667940537971
-1   2.4971693379861071
-1   1.4025450523860876
-1   1.2433320849747174
-1   1.811993752307004
-1   1.8822112035178042
-1   1.7630996157369743
-1   1.5557816472791255
-1   1.8359900696460292
-1   1.5070908952748243
-1   1.5468790796700196
-1   1.7310417295581506
-1   1.3378080393126108
-1   1.4187430560362579
-1   1.8389078118176365
-1   2.0763688806432516
-1   1.7728803109345113
-1   1.7832988178733826
-1   1.6829197523273307
-1   2.0491452184474368
-1   1.830890749198463
-1   2.5756972578159583
-1   2.0916320399986046
-1   2.7301300837713969
-1   1.9196606212140579
-1   2.4633418504155498
-1   1.466039048435589
-1   2.4058954719430945
-1   1.6494874491847926
-1   1.7149930131501603
-1   1.6138922867311103
-1   2.0046224598235765
-1   1.4542933862750544
-1   1.625326883498349
-1   1.5970209151914583
-1   1.6403825527704097
-1   2.324006873613885
-1   1.5776566339620346
-1   1.4524420779345693
-1   1.4347125830854226
-1   2.4992935266005656
-1   1.6835962639288082
-1   2.1235831562995502
-1   1.1927895581971451
-1   1.4916292612299953
-1   1.7367371560384282
-1   1.4173680363858692
-1   1.3758882018330776
-1   1.6137630642217631
-1   1.2376535287774362
-1   2.3976027729834435
-1   1.5968596589435404
-1   2.0906609905480464
-1   2.2378538116040585
-1   1.8728208874934706
-1   2.1874616784288454
-1   1.8690378519672826
-1   1.9584200356298074
-1   1.1343419067187515
-1   1.7461094451518386
-1   1.745046211638682
-1   1.0602255919083234
-1   1.4164834424331414
-1   2.2166561214731217
-1   1.965037308050265
-1   3.0935177384123809
-1   1.7945409167977382
-1   1.5252496307043852
-1   2.6847163773075935
-1   1.2292101517061591
-1   2.5815487385870313
-1   1.6797600261158099
-1   2.3321818586172207
-1   2.6875366237672274
-1   1.9266198396000167
-1   1.1408858156636519
-1   1.4184980073733762
-1   1.6566884554670729
-1   1.0578003026719489
-1   1.9343288922676218
-1   1.0555364745110976
-1   1.6823318740225686
-1   1.2024470765261628
-1   1.2649540684985205
-1   1.5443495284344504
-1   1.2220461295423029
-1   1.9640958636697561
-1   1.7376963488955841
-1   2.0509148291067891
-1   1.8768046483101508
-1   1.3423451731947083
-1   1.5089308482842054
-1   1.7970854165667194
-1   1.4012784049632308
-1   2.3053643887311566
-1   1.4692436398522479
-1   2.1617303461281741
-1   1.8759927020514353
-1   1.9991507498639498
-1   1.9705242594128372
-1   1.255204659087013
-1   1.302877098514132
-1   1.2654743497819427
-1   1.8690446143411013
-1   2.0715792768040608
-1   2.0485936530556881
-1   1.8719758928634804
-1   1.2032325323450266
-1   1.1625313485400144
-1   1.6755800871063533
-1   1.6927755740864647
-1   1.481622455327277
-1   1.676312220390082
-1   1.7009652157633477
-1   1.4497541013944679
-1   1.349164302076524
-1   1.9232404515537898
-1   2.0219706891133229
-1   1.8507123251409103
-1   2.2049618668964706
-1   1.6985956446448327
-1   1.8505760222027723
-1   2.4221472028048758
-1   1.8327597933082829
-1   2.281179305171674
-1   1.6130497839518103
-1   2.5355013980774301
-1   2.48538602559446
-1   2.2288842757927489
-1   2.687688593444431
-1   1.3352435384162495
-1   2.1305262563955574
-1   3.2694210013896101
-1   2.1707783986423146
-1   1.6472514832563161
-1   2.4470594698000325
-1   1.6047825387484083
-1   1.5177876125637511
-1   2.0992274961875692
-1   2.316237658308137
-1   1.7141112961658291
-1   1.5711142493556651
-1   1.7188408229624113
-1   2.36845580231379
-1   2.5930010471056288
-1   2.026587393004454
-1   2.3578926745110778
-1   1.5198882860553939
-1   3.8150126934243129
-1   1.0782213957586557
-1   1.9440856613536703
-1   1.1018142342441339
-1   1.2221224155324171
-1   1.0571473692157598
-1   1.7613505564536385
-1   1.1372468113627583
-1   1.309049925704314
-1   1.7609452223108448
-1   1.9149560856579475
-1   1.1997875290045006
-1   1.333974768875539
-1   2.0525357117993628
-1   2.6248985104616485
-1   1.5646998388300459
-1   1.462980352632107
-1   1.670878672111018
-1   1.964668112240858
-1   1.784835212174146
-1   2.9188394626548901
-1   1.2490105562810123
-1   1.9829827615686857
-1   1.0126898924149155
-1   1.0265362814787027
-1   1.6876456031250409
-1   1.006254974357718
-1   1.426142192443862
-1   1.0431418417323166
-1   1.7819230459160762
-1   1.8048897742690522
-1   2.2566307598190409
-1   2.4352106062376881
-1   1.8656699884207848
-1   2.0736404047944035
-1   1.5813100507873235
-1   1.978342128395953
-1   1.9761214027981051
-1   1.1600680976353996
-1   1.5285677622968614
-1   2.2266897858586034
-1   1.9325509469633642
-1   1.8410978128378019
-1   1.1868738209863401
-1   1.3404029116419147
-1   1.7920703014876183
-1   1.8911745271931468
-1   1.7990907125492841
-1   2.0313642843440061
-1   1.9122857678705998
-1   1.13068177486465
-1   2.5000858070189378
-1   1.1369092334701092
-1   1.8432345266752441
-1   2.0540661413040082
-1   1.8275163355942121
-1   1.1481782890665126
-1   1.2431298858579247
-1   1.4057800815991748
-1   1.4165050728101378
-1   3.6340158097486732
-1   1.216846766762095
-1   1.5977573344621634
-1   1.3728555631138386
-1   1.4033419324270564
-1   2.4438808454692835
-1   1.3583797069181467
-1   1.6336115607824473
-1   2.0038827028621298
-1   2.7184797177136417
-1   1.9674306786153575
-1   1.7456377852378049
-1   1.3076821613569785
-1   2.0771823133916612
-1   1.9782568696784817
-1   1.6725542338421344
-1   1.989627810305314
-1   1.3024186573819656
-1   1.6973385421656029
-1   1.0520558268158786
-1   1.1010309834955712
-1   1.5326565395267919
-1   1.8291442767508781
-1   2.8663536994103467
-1   1.7437033521992111
-1   1.0186112998737942
-1   1.3267296447198123
-1   1.835496028758675
-1   1.8894142274395747
-1   1.7160179348599551
-1   1.2969440964777852
-1   1.0156520494756409
-1   1.5817297832084583
-1   1.9154034759099035
-1   1.9887194972959001
-1   1.0057201876762591
-1   1.0041838705996928
-1   1.0350663034563858
-1   1.3914209847094388
-1   1.0280122687614726
-1   1.6983911885782246
-1   2.2589315063910065
-1   2.1763877739564297
-1   1.3794359587599185
-1   1.2651762551740353
-1   1.3343601899411983
-1   1.3325144113649463
-1   2.5505686816730004
-1   2.6498691816697169
-1   1.0622946793461447
-1   1.1510253159410513
-1   1.7375988471953718
-1   1.7720875533226903
-1   1.9272318020294676
-1   1.2527992568020805
-1   1.1874562202119749
-1   1.2311516587814686
-1   1.8275757687792682
-1   1.8762280028330203
-1   1.877551035170987
-1   1.0575429536874563
-1   1.026704681202451
-1   1.0743739116948379
-1   1.0481267083581451
-1   1.0253015926203863
-1   1.9791717353353437
-1   1.5083567217489642
-1   2.312917475477835
-1   2.2477025348893322
-1   1.6357276990194491
-1   2.1534291892488007
-1   1.7931683085191223
-1   1.4816749196374313
-1   1.8988310876504695
-1   1.1802352161362344
-1   1.5468147479210965
-1   1.3648936797225542
-1   1.0088253034352885
-1   1.0123558190810933
-1   1.01636631272114
-1   1.9906647475071324
-1   1.0311607357227108
-1   1.8335357706290463
-1   1.0551657657409681
-1   1.9796936397455513
-1   1.0337143587992064
-1   1.1218744135167769
-1   1.3766958267209097
-1   2.4810222721192141
-1   2.2677159543814516
-1   2.416499460260356
-1   2.6733948003192167
-1   1.6789968614311177
-1   1.5407975468107664
-1   1.8870614547538747
-1   2.0082168440254042
-1   1.7170680983425264
-1   1.6341504073881739
-1   1.4077061067781138
-1   1.9938576755403927
-1   1.2366442668276265
-1   1.6619521270253128
-1   3.1594160007044954
-1   2.3741259600091409
-1   1.255589341409209
-1   2.8149690226052426
-1   1.8491717193071087
-1   1.8171776544958971
-1   1.7174979040992886
-1   1.3724376274471091
-1   1.0921821851436
-1   1.9691573903292459
-1   1.017700510059109
-1   1.0228957964344338
-1   1.2193792828369387
-1   1.1914022376069635
-1   1.8166662600883212
-1   1.8062938788809668
-1   1.081602960098238
-1   1.1046938901453465
-1   1.1124456252298669
-1   1.9722992213834205
-1   1.6739626029696049
-1   1.5063677222451042
-1   1.8212090408585468
-1   1.9793241424426578
-1   1.3256163535492158
-1   2.4811527269652158
-1   1.8619181452203484
-1   1.9593870047012039
-1   2.9238992956562075
-1   1.0136385275627264
-1   1.0291115252534235
-1   1.0109542617757781
-1   1.9117525225504486
-1   1.034315423420042
-1   1.1300362741129031
-1   1.1518011240641381
-1   1.0787072238356217
-1   1.8353281732187603
-1   1.1980002324325467
-1   1.1904739222152634
-1   1.096133725233825
-1   1.8545091807966072
-1   1.1978779818069347
-1   1.8200491055706287
-1   1.9485284629713635
-1   1.9300934190885912
-1   1.2386389547292878
-1   1.0857833649441397
-1   2.7522243307262606
-1   1.9566372443969309
-1   1.5939636942945286
-1   1.1382118448684677
-1   1.833531713930896
-1   1.7648175704322431
-1   1.3021986272624828
-1   1.9932412858329775
-1   2.4803674870471837
-1   1.9341466678400812
-1   1.307777509693048
-1   2.0460055600612042
-1   1.99292358506084
-1   1.3741280887336149
-1   2.6052503247188628
-1   2.3706758513157951
-1   2.0200740220119684
-1   2.8885849715850624
-1   2.0475739343421226
-1   2.951695797416058
-1   2.8471284160311403
-1   3.8677593568418009

0   0.032650015370606522
0   1.0025235199474352
0   0.682132219615458
0   1.038845043828118
0   1.0025684218182818
0   1.2520824091418548
0   1.0135855698386314
0   0.16068344565649528
0   1.4584978751018343
0   1.0498531459981915
0   1.0029661184265044
0   1.9973647462552471
0   0.60608687033681918
0   1.0276472066768267
0   1.0036571996137107
0   1.6928671424286756
0   1.2689034753171411
0   1.9629569643600604
0   1.7743759364689207
0   2.8109025834776715
0   1.0017556992945362
0   1.6714659935134772
0   1.0029887253812773
0   0.97086952365287615
0   1.1215194127723411
0   1.8978808625336789
0   1.8950662319128222
0   2.802901433432869
0   0.52361821968918232
0   1.2072772109969698
0   1.0903803425173935
0   1.8171577939396069
0   0.3055213993972018
0   1.0946764163790099
0   1.0020227436803286
0   0.6765409197748069
0   2.6872936933414091
0   0.07096740800613599
0   1.8801674147560101
0   1.6319137246727751
0   1.425340284577435
0   1.0021642323018762
0   0.79817662404457157
0   1.952127880853697
0   1.0022638312606225
0   1.0954128993050829
0   1.9941265286904235
0   1.0988059664457499
0   0.25048610918047831
0   1.7078424096004312
0   1.0111281932743292
0   1.3382500057436788
0   1.9635484519861826
0   1.9476370446792837
0   1.0335065619970956
0   0.86285829582600493
0   1.5052455410975338
0   0.30115906811708093
0   1.0153204537973515
0   2.4316311955190177
0   1.0636025054372489
0   0.82585452861876552
0   1.6754644678838204
0   1.0295582006115782
0   1.0355672462359216
0   1.1391305312831628
0   1.5369048935304996
0   1.8255453576947986
0   1.1553135987647341
0   2.3166937085141868
0   1.3299290480510018
0   1.0221445454858935
0   0.78162171755116061
0   1.7971448139278348
0   1.6132844170146319
0   2.7472360524678612
0   1.7801326815905552
0   1.1723846508431859
0   1.0354029271142342
0   1.9646054904829833
0   2.5134309467831129
0   1.7215943898991948
0   1.6796353372586652
0   3.3583457395794332
0   1.9586048359773072
0   1.8484749069304525
0   1.1765829625852962
0   1.9140479831961246
0   1.4570937770047172
0   2.3253870008247146
0   1.6615428437925361
0   1.2635933882923087
0   2.1058331753267945
0   1.73867770917035
0   1.7367437254318712
0   1.6490484769775806
0   2.0642242692724726
0   0.62252091852766633
0   2.3389741236740136
0   1.2861403070439739
0   1.1943082201655097
0   1.9725384484880881
0   1.8239544971937374
0   2.3161028273965165
0   1.3636546836992445
0   1.7330240117890239
0   1.4180471459147745
0   1.644461142653546
0   2.4893836571347712
0   1.7073507533084995
0   1.5726265061947733
0   1.6730103148681708
0   1.3988234290880581
0   2.0223089378263954
0   1.8814867702833942
0   1.3283969605648815
0   1.5082521660471735
0   1.6187626681749463
0   1.0918801547658203
0   1.1543083868827697
0   1.9413277984886319
0   2.4098307218282247
0   1.3507017384835229
0   1.7440202981454314
0   0.57683272241961414
0   1.1615943445101782
0   2.7168321908411226
0   1.2751414619274231
0   1.0944895958873917
0   1.4603413653114612
0   1.0187836203569545
0   1.584942545954652
0   1.2405482724000323
0   1.305696518288102
0   0.4495492751954514
0   1.0315254759331083
0   1.0432221603552883
0   1.6579494771564591
0   1.0060329254438918
0   1.9736060557917203
0   1.9604411409704077
0   1.317761335253202
0   1.0201002120443234
0   1.121848963255387
0   1.5852099539972309
0   1.0063910588872842
0   0.19842839212935404
0   1.9056905066378604
0   1.8947339352321984
0   2.4849649560152862
0   1.7954683430982343
0   1.9346571189968871
0   0.62786798763503593
0   2.0730381400151483
0   1.5441270500497226
0   1.8556141883681834
0   1.9422102590816701
0   0.60766635853343876
0   2.2574309398129064
0   0.6729315330566874
0   1.6978766439173287
0   1.1402103337654006
0   1.1036742240048307
0   1.1856203024499481
0   1.9371181798802009
0   1.7545583897866588
0   1.8520314540457381
0   1.1307423504388734
0   1.2732670302978626
0   1.1284862961855511
0   1.3464260210564909
0   1.4504407992675807
0   1.8798715010178069
0   2.2559377060848611
0   1.7036212497213983
0   1.5990058038065089
0   1.1717565925073183
0   1.9212895728503434
0   2.2129446630108114
0   1.3726516337640855
0   1.1931137062660222
0   0.97613953793873232
0   2.5102175005201981
0   2.5257380908302696
0   1.2331899246152505
0   1.8133914218080776
0   2.7330474689964692
0   2.0547788250715122
0   1.8694108929044715
0   1.0533118806502835
0   1.5088702895386348
0   1.6033408242632072
0   1.0740942967596929
0   1.680284046235375
0   1.5297860579224074
0   1.1599109853854233
0   1.6354949376290038
0   1.8888908069341341
0   2.0747370834234773
0   1.4355562845835022
0   1.6904665382398774
0   1.1990728096036536
0   1.5911533108185365
0   1.1446381221446249
0   1.3337126115442588
0   1.6867032674480491
0   0.41938958375024471
0   2.2742037030436286
0   2.0189995405952494
0   1.1043724337505088
0   1.2110291031953089
0   1.5587023833269642
0   1.3855062659275896
0   1.505902464021903
0   1.0777615832005156
0   2.155958871524724
0   1.9679195681664448
0   0.77047117436123158
0   1.8876212814167181
0   1.4268668976406824
0   1.170464273528919
0   1.3481032153514005
0   1.9034106070360539
0   1.5630056373907837
0   1.563445759628789
0   1.6799755920708175
0   1.9328599605019812
0   2.0937417073809383
0   1.7538578678580294
0   1.0075280211903279
0   1.0317366507697581
0   1.0219090615377393
0   0.59003464421781859
0   1.9842257704913284
0   2.0110187447083514
0   1.9642638544721867
0   1.8424519239191128
0   0.25542210513000962
0   2.3589872919033623
0   2.4377534436984285
0   1.5563907326160344
0   1.5565296896971792
0   2.2418288301907188
0   2.336049210302197
0   1.0516232115941044
0   2.4053081026697405
0   2.3650055905054113
0   1.0455474053808151
0   0.8821041461694703
0   1.9600765046829389
0   1.0134475274762715
0   0.080176546401338422
0   1.0128749339283325
0   0.8342769665183063
0   1.3225275661950611
0   1.9548770338228172
0   1.0186762476897111
0   1.006625380218682
0   1.9748861059173808
0   1.0748585751096607
0   1.9335667067251938
0   1.3112693947626362
0   1.3064712439569703
0   1.1830527784273912
0   1.0130280886762411
0   1.3080203269844939
0   1.3139054622106456
0   1.1278211374111691
0   1.235487029856247
0   1.3567290816575162
0   1.0300629995031438
0   1.122191183655306
0   1.1884600698249708
0   1.6266848145248836
0   2.2188616806696544
0   2.5814082618854561
0   0.98026184023307872
0   1.0347334134859165
0   1.9391743542630464
0   1.9541457813148626
0   1.3589058838275661
0   0.58010945244877865
0   1.0121440937540012
0   1.8425390811374291
0   1.6086647635229627
0   1.9814719077971583
0   2.3009097541099983
0   1.3691496547360864
0   1.8825255420952263
0   1.0104230839141832
0   1.0186611538445967
0   0.80844556679729118
0   1.189456187059766
0   1.9713277107372682
0   1.8328253363402705
0   1.6916645445430296
0   1.6629153113444812
0   1.0468135958558313
0   1.046003042085494
0   1.5626092894657715
0   1.0341075506767443
0   1.8375679787239436
0   1.8590464399470608
0   1.7467976889459478
0   1.3792143407308171
0   1.9040121151779381
0   1.7220141724784943
0   1.8588968384325537
0   1.9254615485732778
0   2.5536700943656094
0   2.251775481949696
0   1.0357317008081912
0   2.3807461125758702
0   1.8963484441844218
0   2.8832669942125153
0   1.2063193994639716
0   3.2541662614757971
0   2.0543487384004755
0   1.9366393336858776
0   2.8166322047169596
0   1.543716165009211
0   1.8800806756707962
0   1.3202792207257401
0   0.51106051633805372
0   1.5332198282507941
0   1.0608251095121004
0   2.3575283177679331
0   1.9125290968794704
0   1.9496941880487442
0   2.0626257274209054
0   1.3012287234494557
0   2.6092184407151295
0   2.4358274125531767
0   1.9849461862050908
0   1.9293603452468231
0   1.0739328941073221
0   0.43237035770358079
0   3.8559958947792028
0   1.01531093059876
0   1.0211030328802775
0   1.9343612359481761
0   0.32024334594120563
0   1.0381798415772523
0   1.0013663894320888
0   1.8799003819633064
0   1.0132935088459607
0   0.2003653274992423
0   1.259733814896606
0   1.041003083695544
0   1.5269218367519719
0   1.8468434024287124
0   0.4633929037602329
0   1.0712037360925157
0   1.0570845006463747
0   1.9062700469463332
0   2.2147831461055048
0   1.3860090703915957
0   2.1182242721191682
0   1.7783547677468441
0   1.0106881374792493
0   0.76589105348323194
0   1.4944890773301982
0   1.7136899534329486
0   2.957069104173395
0   1.0042211279515278
0   1.6312113080543496
0   0.92463615154806944
0   1.0125604782820394
0   1.0173368780405336
0   0.87108716670432984
0   1.0039401346108734
0   1.6531506972526055
0   1.0040195951142845
0   1.0602450146543101
0   1.4780792715647311
0   1.4585132357271622
0   1.7725038224014322
0   1.8275748272896801
0   1.8012913063809184
0   1.6645933081849615
0   1.999461556212129
0   2.4799229022532323
0   1.6136996866869726
0   0.94177695152824148
0   0.97823009802744432
0   1.0015552484686316
0   1.0692376238737202
0   1.3326463114795477
0   2.8303103853156424
0   1.8473453355033436
0   1.7816518450904799
0   1.3067919300006534
0   1.3179018246668213
0   1.0045823988764766
0   1.0108921769970831
0   1.9806327968038517
0   1.9943408273406518
0   1.3974337174774625
0   1.780381972903871
0   1.0020033815997096
0   2.8402720071786209
0   0.65215735746444747
0   0.26503309696990629
0   1.0251384700279884
0   1.7707310459730237
0   1.4694924195962047
0   1.0034580231127854
0   1.9919268022270065
0   1.0541487161074707
0   1.7019097945803017
0   0.65807136529823707
0   3.463541940714042
0   1.4605510954195928
0   1.3973228522660395
0   1.2623877013784135
0   2.0864647813219324
0   1.5215237763598712
0   1.0163735006024679
0   1.1741406692185057
0   1.5005891404614182
0   0.77950169181060969
0   1.9654187450568359
0   1.9180352346457048
0   1.0909188107047516
0   1.4352875213747283
0   1.3661644493286214
0   1.5898953705819974
0   1.5041543624356657
0   1.7803828696267625
0   2.3545773305788282
0   2.2050682937402568
0   2.1520086557805662
0   1.1496938457476418
0   1.2988646091076108
0   0.6803128839322965
0   0.59703448718868879
0   1.6133350189649041
0   1.9970010370747655
0   1.3258696790603377
0   1.0078733873092951
0   1.0048302620010534
0   2.6529973893283691
0   1.782016039423242
0   1.0095255317985694
0   1.0025757083890487
0   0.68781743205166013
0   0.3982856836580233
0   1.0036992395375759
0   1.9797433918631606
0   1.9783462125925255
0   1.9963407558347313
0   1.0009139226661987
0   1.0033711037327542
0   1.9855749361221999
0   1.9182903619026166
0   1.00429165180976
0   1.0006854024959682
0   0.048577011195893527
0   1.0371173157166249
0   0.026987774082425364
0   0.052672270990345549
0   0.50011110119477187
0   1.0336846728232543
0   1.0044052509946064
0   1.8441588349148215
0   0.28839317867594538
0   1.949851246386165
0   2.9522564146230432
0   1.9030227062077363
0   2.890418510203641
0   1.0337913017618845
0   1.000886220528858
0   1.0795930915027692
0   1.9936480982311537
0   1.8907993088499095
0   1.0079082129739345
0   1.0128904745409286
0   1.0350729829354126
0   1.5214185044428388
0   1.0783544283211957
0   1.0319049451307707
0   1.9387244623604998
0   0.50295369032480131
0   1.0023496521762258
0   1.0023818492867602
0   1.9816923043267005
0   1.9429921657140996
0   1.0620805082614684
0   0.29519659127489617
0   1.0262761376485863
0   1.0050713008818164
0   0.22237766988043639
0   1.0089120132517535
0   0.070739754542909261
0   1.0091975455880107
0   0.82808863595628646
0   0.15187538900745468
0   1.3079179275508797
0   0.23144080071586437
0   1.6555375016758433
0   2.5928624610982047
0   1.9900409332878226
0   1.8234372820372542
0   2.12600504442285
0   1.5880671191971429
0   0.37082998495434927
0   1.9851040495226062
0   1.9822440164351436
0   1.1337811370090132
0   1.0355982371636134
0   1.09450371775842
0   0.055498327583328066
0   0.063013864838088018
0   1.0041452485246014
0   1.0035836769381408
0   0.5822425478559583
0   1.0038340212775931
0   1.8030803908412674
0   1.0176107502033265
0   0.92593830188696069
0   1.0081736231976732
0   1.9692312003371324
0   1.1960882437584677
0   1.6368062487264354
0   1.0371141559955264
0   1.0065453065903023
0   0.55290709839919461
0   2.7492003329473764
0   1.9412235239261304
0   2.8144333190749045
0   1.8254064367005869
0   0.8125151489717326
0   1.0195681441614268
0   1.8792227387869325
0   1.8749208646807198
0   1.2941924805086895
0   1.1716141131186057
0   0.56514422629238514
0   1.8301753065873188
0   2.6225617468814946
0   1.9855187961917506
0   1.5807023580834993
0   1.1438168050329618
0   0.45048832289581042
0   1.2106788405321045
0   2.1373583450384608
0   1.9640397262343718
0   3.0928605079097622
0   1.4856837434251686
0   1.4258209232438259
0   1.9527147405650527
0   1.995478850223956
0   0.97599051648229795
0   1.3100631027240446
0   1.0778373895812994
0   1.937442601633335
0   0.051435746981550845
0   1.0044143491965567
0   1.0046329483613512
0   0.25362700468609845
0   0.46432516770186216
0   1.0050267317026633
0   1.0045430981438057
0   1.1135388808779776
0   1.8432600195923627
0   1.8842519381018681
0   1.4905453802023496
0   1.0069591200283252
0   1.1931060849691455
0   1.0220829861309246
0   1.8843393802799326
0   1.7140822944335179
0   0.97242085029473024
0   1.006913003356269
0   1.1308831619420079
0   1.4284127167519449
0   2.8547078264471475
0   1.9689145731428725
0   1.8451076573371292
0   0.055878595441825385
0   2.9198966283811703
0   1.000823869685159
0   0.09798259035583734
0   1.0072642611372571
0   1.0017757050392802
0   0.12719840814803474
0   1.987495875410898
0   1.0147899937328386
0   0.10389944572568033
0   1.0179967103614789
0   1.0165781789824704
0   0.33757646570454269
0   1.0100977740135617
0   1.9862189396649099
0   1.1399523400033298
0   1.0309938981193212
0   1.0129314293521081
0   1.9243027872094989
0   0.38986875057857073
0   1.0467463836086923
0   1.9396778509017971
0   1.8127499805046843
0   1.952125290875586
0   0.41702079560191851
0   1.0953526436858887
0   2.792575840958067
0   1.0171601333741043
0   0.78594487978866123
0   1.9939789628749924
0   1.3112410394796352
0   1.0361230050273336
0   1.8981874107435339
0   1.9920999504074994
0   1.0748033754995634
0   1.9043751586667272
0   2.3780373032687168
0   0.83349897812805196
0   2.0664244975925397
0   1.0650802113261482
0   1.955442477288984
0   1.8733813577493073
0   1.3118905985597602
0   2.9390302260214405
0   2.0349653070533433
0   1.9864852534147173
0   2.8554066017943494
0   2.0315162498709225
0   2.9566675373231566
0   2.8502852614242671
0   3.8611582760216185

1   1.0232105554241651
1   1.0717004201936575
1   1.1248790709270806
1   1.654814586837456
1   1.0525595934917853
1   1.4318160067153067
1   1.4099875245460223
1   1.1309514574979587
1   1.6874392143531929
1   1.3617333718364455
1   1.9118838039996748
1   1.2275220728381189
1   1.8786135935217172
1   1.8173518481873976
1   2.8430152311733741
1   1.0303347810644923
1   1.9435344029404189
1   1.2419212027713162
1   1.1153486446195606
1   2.0525029710676623
1   1.8734055796555076
1   2.8024677051610873
1   1.2612317812396645
1   1.1113573515554915
1   1.9106735959107035
1   1.0201216142738372
1   1.3514454706032508
1   2.6077602045359889
1   1.7618000357755439
1   2.0732926769756954
1   1.0545753129725792
1   1.348287731574251
1   1.3442941840527995
1   1.5552541337972783
1   1.3498907883510058
1   1.8439880669647337
1   1.3372265687208866
1   1.4064912371149079
1   1.3955950515482702
1   1.660934480589265
1   1.7740698843060669
1   1.2703974992981542
1   1.585298735278736
1   1.3305211706622639
1   1.4003328008110749
1   2.7532569324146006
1   1.1208921987071774
1   1.2297383288223522
1   1.7704688820452747
1   1.337166731889242
1   1.0909195828375704
1   1.8751974459800196
1   1.8184679696630677
1   1.9061336411122625
1   1.8630416575665132
1   1.2415646112491923
1   2.0371043575395604
1   2.1530237836987234
1   2.1338810725416879
1   2.4822574629317895
1   2.4460145235127575
1   1.8082948122481604
1   1.4890312072009435
1   1.9346216923200004
1   2.3388089877586897
1   2.9739881442056553
1   1.8227257434127293
1   1.6895320924836361
1   1.6553266244813831
1   1.9941256985880655
1   2.3126970238519249
1   1.9357866183111687
1   2.0674881082568972
1   2.5374013887399505
1   1.8465859361966874
1   1.7271672315513249
1   1.7489346720984291
1   1.6150929704585666
1   1.8062054113401667
1   1.7279447696502657
1   1.7511786556074078
1   2.6493360478243959
1   2.0205936665484092
1   2.3267406616709283
1   2.0172814056278461
1   1.8872750112035943
1   1.5119349626523859
1   2.7493912677607475
1   1.8196908675896002
1   2.1947820353031489
1   1.5706879585870976
1   1.3948256514102846
1   1.6216783894357474
1   1.757937162405292
1   1.2522606698757792
1   2.4297319823204715
1   1.8944348256821213
1   1.4825465093314196
1   1.0645429388168606
1   1.9292960456849442
1   1.2749721269768219
1   1.6504590884429851
1   2.8196007657046169
1   1.7796502800629952
1   1.9876785948567965
1   1.1384047027554796
1   1.3365326109206712
1   1.1444823063431939
1   1.9162616167195861
1   1.1004819232674596
1   1.8687738837542098
1   1.8231026987823875
1   1.9181748205055431
1   1.1636500343017642
1   1.0821795599722828
1   1.0681222488623341
1   1.9264004766253091
1   2.1802788866091243
1   1.8972558517951428
1   2.2312659560594588
1   2.1015030557477528
1   1.6674107405988607
1   1.5671411982009746
1   2.420228945530893
1   1.6445667940537447
1   2.4971693379861555
1   1.4025450523860776
1   1.2433320849746943
1   1.8119937523070138
1   1.8822112035177998
1   1.7630996157370129
1   1.5557816472791042
1   1.8359900696460376
1   1.5070908952747581
1   1.5468790796696856
1   1.7310417295581786
1   1.3378080393130314
1   1.4187430560362553
1   1.8389078118176463
1   2.0763688806432636
1   1.772880310934505
1   1.7832988178733484
1   1.6829197523272232
1   2.0491452184473613
1   1.8308907491985078
1   2.5756972578159449
1   2.0916320399987036
1   2.7301300837714111
1   1.9196606212146219
1   2.4633418504151687
1   1.4660390484355978
1   2.4058954719430505
1   1.6494874491847966
1   1.7149930131501936
1   1.6138922867310548
1   2.0046224598235116
1   1.454293386275086
1   1.6253268834984191
1   1.5970209151914925
1   1.6403825527704097
1   2.3240068736138535
1   1.5776566339620213
1   1.4524420779345586
1   1.4347125830854459
1   2.4992935266004914
1   1.6835962639288682
1   2.1235831562995697
1   1.1927895581971513
1   1.4916292612300159
1   1.7367371560384353
1   1.4173680363859849
1   1.375888201833035
1   1.6137630642216769
1   1.2376535287774637
1   2.3976027729834861
1   1.5968596589435737
1   2.0906609905480082
1   2.2378538116039879
1   1.8728208874935057
1   2.1874616784288334
1   1.8690378519672901
1   1.9584200356298078
1   1.1343419067187483
1   1.7461094451518395
1   1.7450462116386696
1   1.060225591908295
1   1.4164834424347832
1   2.2166561214731466
1   1.9650373080490047
1   3.0935177384123884
1   1.7945409167977475
1   1.5252496307044048
1   2.6847163773075788
1   1.229210151706188
1   2.5815487385863758
1   1.6797600261172869
1   2.3321818586179441
1   2.6875366237661855
1   1.9266198396000602
1   1.1408858156635913
1   1.418498007373197
1   1.6566884554672332
1   1.0578003026719436
1   1.9343288922676281
1   1.0555364745110911
1   1.6823318740226005
1   1.2024470765261279
1   1.2649540684985696
1   1.5443495284343918
1   1.2220461295423146
1   1.9640958636697374
1   1.7376963488955433
1   2.05091482910681
1   1.8768046483101761
1   1.3423451731947031
1   1.5089308482841703
1   1.797085416566889
1   1.4012784049631719
1   2.3053643887310007
1   1.4692436398524595
1   2.1617303461281225
1   1.8759927020514739
1   1.9991507498639316
1   1.9705242594128545
1   1.2552046590870503
1   1.3028770985140603
1   1.2654743497819285
1   1.8690446143410924
1   2.0715792768040804
1   2.0485936530556796
1   1.8719758928634818
1   1.2032325323450168
1   1.1625313485400111
1   1.6755800871063826
1   1.6927755740864656
1   1.4816224553272541
1   1.6763122203900886
1   1.700965215763349
1   1.4497541013944693
1   1.3491643020765185
1   1.9232404515537822
1   2.0219706891133105
1   1.8507123251409179
1   2.2049618668964865
1   1.6985956446447905
1   1.8505760222027225
1   2.4221472028048625
1   1.8327597933082189
1   2.2811793051717375
1   1.6130497839518405
1   2.5355013980774088
1   2.4853860255944684
1   2.228884275792772
1   2.6876885934444252
1   1.3352435384159071
1   2.1305262563957919
1   3.2694210013896234
1   2.1707783986422742
1   1.6472514832563334
1   2.4470594698000587
1   1.6047825387484407
1   1.5177876125637373
1   2.0992274961876931
1   2.316237658307998
1   1.7141112961658558
1   1.5711142493556394
1   1.7188408229624099
1   2.3684558023137887
1   2.5930010471056537
1   2.0265873930044691
1   2.3578926745110791
1   1.5198882860553748
1   3.8150126934243067
1   1.0782213957586662
1   1.9440856613536757
1   1.1018142342441346
1   1.2221224155324246
1   1.0571473692157587
1   1.7613505564536647
1   1.1372468113627592
1   1.309049925704264
1   1.7609452223108382
1   1.9149560856579497
1   1.1997875290044968
1   1.3339747688755548
1   2.0525357117993726
1   2.624898510461632
1   1.5646998388300482
1   1.4629803526321206
1   1.6708786721110078
1   1.9646681122408545
1   1.7848352121741491
1   2.9188394626548964
1   1.2490105562810085
1   1.9829827615686924
1   1.0126898924149168
1   1.0265362814787016
1   1.6876456031250284
1   1.0062549743577198
1   1.4261421924438753
1   1.0431418417323215
1   1.7819230459160948
1   1.8048897742690486
1   2.256630759819084
1   2.4352106062377445
1   1.8656699884206627
1   2.0736404047943555
1   1.5813100507873661
1   1.9783421283959854
1   1.9761214027981069
1   1.1600680976353972
1   1.5285677622969169
1   2.2266897858585741
1   1.9325509469633668
1   1.8410978128378011
1   1.1868738209863414
1   1.3404029116419012
1   1.7920703014876267
1   1.8911745271931433
1   1.7990907125492579
1   2.031364284344003
1   1.9122857678705967
1   1.1306817748646811
1   2.500085807018968
1   1.1369092334700968
1   1.8432345266752219
1   2.054066141304018
1   1.827516335594245
1   1.1481782890665124
1   1.243129885857883
1   1.4057800815991637
1   1.4165050728101269
1   3.6340158097487985
1   1.2168467667620768
1   1.5977573344617939
1   1.3728555631137598
1   1.4033419324270502
1   2.443880845469323
1   1.3583797069182415
1   1.633611560782501
1   2.0038827028622754
1   2.7184797177136195
1   1.9674306786149764
1   1.7456377852380629
1   1.3076821613570193
1   2.0771823133916798
1   1.978256869678507
1   1.6725542338418213
1   1.9896278103052869
1   1.302418657382028
1   1.6973385421658578
1   1.0520558268158788
1   1.1010309834953209
1   1.5326565395269127
1   1.8291442767508661
1   2.8663536994103969
1   1.743703352199244
1   1.0186112998737964
1   1.3267296447197787
1   1.8354960287587936
1   1.8894142274395609
1   1.7160179348598432
1   1.2969440964778001
1   1.0156520494754313
1   1.5817297832085897
1   1.9154034759098955
1   1.9887194972959064
1   1.005720187676256
1   1.0041838705996944
1   1.0350663034563878
1   1.3914209847094812
1   1.0280122687614628
1   1.6983911885781984
1   2.2589315063909807
1   2.1763877739564332
1   1.3794359587600113
1   1.2651762551743833
1   1.3343601899409201
1   1.3325144113649519
1   2.5505686816729627
1   2.6498691816696796
1   1.0622946793462036
1   1.1510253159410868
1   1.7375988471954091
1   1.7720875533226956
1   1.9272318020294321
1   1.2527992568020752
1   1.187456220211933
1   1.2311516587814348
1   1.8275757687792855
1   1.8762280028330491
1   1.8775510351709643
1   1.0575429536874505
1   1.0267046812024236
1   1.0743739116948248
1   1.0481267083581689
1   1.0253015926203937
1   1.9791717353353246
1   1.5083567217489589
1   2.3129174754779567
1   2.2477025348894757
1   1.6357276990195486
1   2.1534291892485435
1   1.7931683085187893
1   1.481674919637554
1   1.8988310876505716
1   1.1802352161362637
1   1.5468147479210703
1   1.3648936797226028
1   1.0088253034352892
1   1.012355819081092
1   1.0163663127211429
1   1.9906647475071311
1   1.0311607357227139
1   1.8335357706291209
1   1.0551657657409841
1   1.9796936397456255
1   1.0337143587991855
1   1.121874413516545
1   1.376695826720961
1   2.4810222721191479
1   2.2677159543814303
1   2.4164994602604031
1   2.6733948003191994
1   1.6789968614312007
1   1.5407975468106763
1   1.8870614547532316
1   2.0082168440248767
1   1.7170680983431565
1   1.6341504073891691
1   1.4077061067778203
1   1.9938576755404007
1   1.2366442668274142
1   1.6619521270236657
1   3.1594160007053498
1   2.3741259600092555
1   1.2555893414095671
1   2.8149690226055548
1   1.8491717193070287
1   1.8171776544956995
1   1.7174979040991918
1   1.3724376274470462
1   1.0921821851435616
1   1.9691573903292268
1   1.017700510059095
1   1.0228957964344276
1   1.2193792828370273
1   1.1914022376070501
1   1.8166662600883199
1   1.8062938788812755
1   1.0816029600978823
1   1.1046938901453229
1   1.1124456252297092
1   1.9722992213834107
1   1.6739626029705974
1   1.5063677222439007
1   1.8212090408586725
1   1.9793241424426848
1   1.3256163535493919
1   2.4811527269651652
1   1.86191814522026
1   1.9593870047012061
1   2.923899295656156
1   1.0136385275627298
1   1.0291115252534191
1   1.0109542617757901
1   1.911752522550425
1   1.0343154234200724
1   1.1300362741129364
1   1.1518011240641759
1   1.0787072238355679
1   1.835328173218679
1   1.1980002324326922
1   1.1904739222153422
1   1.0961337252338754
1   1.8545091807964473
1   1.1978779818071692
1   1.8200491055706887
1   1.9485284629713227
1   1.9300934190885082
1   1.2386389547293877
1   1.085783364943945
1   2.7522243307261811
1   1.9566372443969575
1   1.5939636942946742
1   1.1382118448682512
1   1.8335317139305864
1   1.7648175704323865
1   1.3021986272628878
1   1.993241285833006
1   2.4803674870475669
1   1.9341466678395642
1   1.3077775096931343
1   2.0460055600611993
1   1.9929235850606979
1   1.3741280887334093
1   2.6052503247191487
1   2.3706758513155428
1   2.02007402201194
1   2.8885849715851153
1   2.0475739343420361
1   2.951695797416114
1   2.8471284160312211
1   3.8677593568418338

2   2.0002661592260904
2   2.0004262287213899
2   2.0009241035555969
2   2.137105297935296
2   2.0087677036688283
2   2.8946231225493229
2   2.0028684329134139
2   2.1084130445084313
2   2.0037597730719527
2   2.9097055313710931
2   2.0011865362805459
2   2.0032059693030506
2   2.8765483874205571
2   2.1420127228012471
2   2.0197350250116943
2   2.0100274112000305
2   2.0141738513919325
2   2.0177363943432405
2   2.0152807995931079
2   2.8836918116821124
2   2.134744328602542
2   2.0033896877352428
2   2.0850906382047407
2   2.9637741646487594
2   2.7275885169360907
2   2.7405095835030644
2   2.0304397270479266
2   2.2864157724242165
2   2.4055511524091182
2   2.2387168903123507
2   2.7504463002204278
2   2.1085039910916854
2   3.0597356730449676
2   2.5581614037456579
2   2.3536208248943558
2   2.1116111533445689
2   2.8688427230706548
2   2.4540923751762973
2   2.2898884894958149
2   3.2639229839641453
2   2.3659331880191412
2   2.5726814058831979
2   3.058392232392706
2   2.3144928920870886
2   2.3632833151746904
2   2.3307711064894807
2   2.2497008924373856
2   2.5917445246097648
2   2.2152645126062227
2   2.1090764084759241
2   2.5243069684460084
2   2.3810778791446467
2   2.0113172245534998
2   2.0018909764759583
2   2.0077847332385321
2   2.0071457572467351
2   2.0553387776742169
2   2.1008293776545663
2   2.9173059199659925
2   2.5930995186214321
2   2.3696328830600253
2   2.9659370078149774
2   2.0761412862353357
2   2.0668088384853083
2   2.0212261561558407
2   2.0996718164979216
2   2.3195948707768697
2   2.5161826651008861
2   2.0450717568296861
2   3.0486040280167734
2   2.3967753369190414
2   2.0936401051548201
2   3.280981441460098
2   2.504876720567196
2   2.9356204832401853
2   2.1093330901010119
2   2.701462392288573
2   2.0446359464591537
2   2.0766091807429112
2   2.0474202032704985
2   2.1066463359454035
2   2.7427065674621289
2   2.2907513395814809
2   2.2570070082746665
2   2.2489216776610683
2   2.1926622729180991
2   2.0681308674690309
2   2.7532373251224822
2   2.4688294114063916
2   2.0157852834116321
2   2.4206567661404059
2   2.062367714832158
2   2.67280369145826
2   2.6856008400942057
2   2.7087767278040018
2   2.7047421915420449
2   2.9856083688459036
2   2.3792663273744616
2   2.6666023622483492
2   2.7008458026292388
2   2.0546917008246366
2   2.0026202105579665
2   2.0225914047638742
2   2.0261613725235086
2   2.07355016161346
2   2.2777447353579441
2   2.1408983402567299
2   2.3267765357807257
2   2.4724918967307148
2   2.8173547715879024
2   2.0299283446760268
2   2.0056060548157335
2   2.9843990199213106
2   2.0136864284857778
2   2.0069429319107543
2   2.0035432311054882
2   2.0125297268212248
2   2.0261677273428966
2   2.0574274019757692
2   2.1418757648889706
2   2.5130779981904441
2   2.3615835831453187
2   2.1401129570001602
2   2.4016444316158623
2   2.1267987563845501
2   2.737804602521261
2   2.6727621067161604
2   3.2708613914790914
2   2.8349326299559738
2   2.3103950146071681
2   3.2365078975097124
2   2.6774627610320718
2   2.2764456498411221
2   2.2776480650870035
2   2.6854625083840986
2   2.3748277782929197
2   2.413653281944824
2   2.3085254360428316
2   2.7384347596845977
2   2.5764496082177271
2   3.7691260392408887
2   2.016189419430054
2   2.0024620369806017
2   2.0318090909997166
2   2.0025887268595373
2   2.4549840623043191
2   2.518822420081861
2   2.052243919558423
2   2.2006636186913187
2   2.118005665194989
2   2.7882093451408174
2   2.0198074379953828
2   2.0008294654675449
2   2.9287004147820905
2   2.6719729118131093
2   2.4036414177035961
2   2.0886727307502579
2   2.0040692925121548
2   2.9929124718125482
2   2.0078367710345493
2   2.0009247220849806
2   2.004580294284287
2   2.0071157338683299
2   2.0103345493476743
2   2.0377121184034013
2   2.9045096660792153
2   2.0068133604776519
2   2.0169713705117376
2   2.1267874062959136
2   3.8158709454943107
2   2.1740830869453891
2   2.2055264138932755
2   2.701473529936667
2   2.8326078523713365
2   2.93595250546046
2   2.3634403516105156
2   2.059098941335384
2   2.0298945626286868
2   2.0762619242625164
2   2.058521923364891
2   2.9605509060610005
2   2.0003910418287081
2   2.0046602563361073
2   2.000904635441743
2   2.003935011757215
2   2.00170936155234
2   2.0019642316932318
2   2.0046153422422064
2   2.2026732481459077
2   2.1671092757179569
2   2.6754046386223935
2   2.6913217578639812
2   2.1926695694934679
2   2.2010618704206126
2   2.0254584110955269
2   2.0217739367939971
2   2.0013329464640122
2   2.0117451465323026
2   2.5477067904857171
2   2.778667684033719
2   2.4463345193778059
2   2.1676694590710084
2   2.0975803720372403
2   2.1180033930590745
2   2.0026196096558628
2   2.0458714867807792
2   2.1400028243033824
2   2.2282198003720781
2   2.2323046650642326
2   2.7018818718109476
2   2.818844986831786
2   2.0011650371982226
2   2.015648962432993
2   2.0382319536944276
2   3.4198374874397985
2   2.8799413366118558
2   2.9988668350168015
2   2.7774933869220639
2   2.0994076840968567
2   2.0537233411140647
2   2.0021166711245284
2   2.0027282750928643
2   2.0006934313655553
2   2.0030567388738105
2   2.0211497349692484
2   2.0017405187449766
2   2.9799100185060432
2   2.0137979595785218
2   2.0028053926987863
2   2.9870823148271626
2   2.0021402808691855
2   2.0045005137553087
2   2.0219995665960071
2   2.0083620129299069
2   2.0188169109629213
2   2.0099707958204438
2   2.8724778507509034
2   2.0735644274796043
2   2.1424881379072658
2   2.0508683247621007
2   2.0535228858250671
2   2.5118794493569303
2   2.4504916164944714
2   2.1449636560054519
2   2.2090108238275996
2   2.7512105774824147
2   2.1942690587312823
2   2.9724897822946126
2   2.1560606115951075
2   2.9624033234210998
2   2.8777531094811466
2   3.884186033496027

3   3.0000220078421713
3   3.0000338622662719
3   3.0003210576034598
3   3.0009301957969345
3   3.0001910565997747
3   3.0194225121377052
3   3.006883885003397
3   3.8816397377113327
3   3.0003968880078187
3   3.1265769618914732
3   3.8754504292357703
3   3.1425256702629087
3   3.0009693122310419
3   3.000122593928582
3   3.0044430748793776
3   3.0003085313030673
3   3.0018180128765897
3   3.0001401348770091
3   3.8061836240065015
3   3.00053889860822
3   3.018595040338357
3   3.1747789959998598
3   3.0030988409884731
3   3.0420846141031945
3   3.0077331485603627
3   3.0015194269051602
3   3.7672627924909277
3   3.0002421755426822
3   3.2678519748427504
3   3.0000831952402596
3   3.0026751063213615
3   3.0000421198189757
3   3.0014937955604841
3   3.0025650867755282
3   3.3072297338445438
3   3.0022300001783058
3   3.1281471669655407
3   3.6211312174130912
3   3.004649148523582
3   3.0050158878447912
3   3.0628754528403928
3   3.0077053562417961
3   3.9426616188745438
3   3.0000633215209791
3   3.000121656866694
3   3.0001685680718433
3   3.0010060305938118
3   3.0000713466852207
3   3.0000101048179082
3   3.7931495420473063
3   3.0000318132268706
3   3.2481911299398738
3   3.0000099258268822
3   3.0016410525026553
3   3.0001062246544845
3   3.0001343686729687
3   3.0000046715907227
3   3.0000199753049701
3   3.0271566486028285
3   3.000010044602845
3   3.938781830173034
3   3.0000577118025702
3   3.0502962267635936
3   3.00002541234206
3   3.0000322981684056
3   3.0001647603470367
3   3.0000234795268814
3   3.0000718114139096
3   3.0000157099506519
3   3.0943787150161155
3   3.0000608299755473
3   3.924721055679055

4   4
4   4
4   4
4   4
4   4
4   4
4   4
4   4
4   4

