0   -32.9345   0.0291918   0.112858   9.43084e-07   0.248249   0.1097   0.1097   0.248249   9.43084e-07   0.112858   0.0291918   
1   -42.8421   0.0156777   0.0376931   0.0891604   0.155216   0.202253   0.202253   0.155216   0.0891604   0.0376931   0.0156777   
2   -43.5993   0.0145134   0.0372843   0.0916302   0.154809   0.201763   0.201763   0.154809   0.0916302   0.0372843   0.0145134   
3   -43.7263   0.0202215   0.044786   0.101351   0.1476   0.186041   0.186041   0.1476   0.101351   0.044786   0.0202215   
4   -43.665   0.0208651   0.0488044   0.103828   0.147766   0.178736   0.178736   0.147766   0.103828   0.0488044   0.0208651   
5   -43.665   0.0208651   0.0488044   0.103828   0.147766   0.178736   0.178736   0.147766   0.103828   0.0488044   0.0208651   
6   -43.7263   0.0202215   0.044786   0.101351   0.1476   0.186041   0.186041   0.1476   0.101351   0.044786   0.0202215   
7   -43.5993   0.0145134   0.0372843   0.0916302   0.154809   0.201763   0.201763   0.154809   0.0916302   0.0372843   0.0145134   
8   -42.8421   0.0156777   0.0376931   0.0891604   0.155216   0.202253   0.202253   0.155216   0.0891604   0.0376931   0.0156777   
9   -32.9345   0.0291918   0.112858   9.43084e-07   0.248249   0.1097   0.1097   0.248249   9.43084e-07   0.112858   0.0291918   
