-2   2
-2   1.9999999999999996
-2   2
-2   1.9999999999999996
-2   2

-1   1.3461639821698228
-1   1.1637674239318578
-1   1.0993339170007932
-1   1.6816538031522299
-1   1.029264309103491
-1   1.2752272780267671
-1   1.365759325729921
-1   1.2793959078345689
-1   1.3821529635715146
-1   1.4961662890382272
-1   1.3766175404550967
-1   1.3120687256589847
-1   1.0346440404444479
-1   1.257062313090457
-1   1.3260365619454224
-1   1.4918813564170768
-1   1.2837297651379069
-1   1.1385969605259454
-1   1.0217388149673017
-1   1.5271746811661613

0   0.92523896461293287
0   0.99999999999999978
0   1.0000000000000018
0   1.3706656823464889
0   0.16195844986117203
0   1.0000000000000004
0   1.0000000000000011
0   1.1310980370949268
0   1
0   0.50030490596175303
0   1.0000000000000007
0   0.99999999999999978
0   1.5402552147737567
0   1.0000000000000004
0   1.3706656823464882
0   1.2338469569399717
0   1.0000000000000007
0   1.0000000000000002
0   0.74490688675313743
0   1.0000000000000007
0   0.99999999999999978
0   0.50030490596175392
0   1.0000000000000002
0   1.0377671427550683
0   1.0000000000000002
0   0.99999999999999933
0   0.177221836088158
0   1.0000000000000007
0   1.0000000000000011
0   1.3915620870045315

1   1.3461639821698224
1   1.1637674239318567
1   1.0993339170007927
1   1.6816538031522308
1   1.0292643091034914
1   1.2752272780267666
1   1.3657593257299208
1   1.2793959078345694
1   1.3821529635715131
1   1.496166289038227
1   1.3766175404550971
1   1.3120687256589845
1   1.0346440404444477
1   1.2570623130904564
1   1.3260365619454215
1   1.491881356417077
1   1.2837297651379065
1   1.1385969605259443
1   1.0217388149673019
1   1.5271746811661622

2   2
2   1.9999999999999996
2   2
2   1.9999999999999996
2   2

