-3   3
-3   3
-3   3
-3   3
-3   3.0000000000000004
-3   2.9999999999999996
-3   2.9999999999999996

-2   2.0000251294065379
-2   2.0019093007314339
-2   2.0025710316539871
-2   2.0054333091973473
-2   2.0144106478894996
-2   2.9441816274210839
-2   2.0033977344972351
-2   2.0625885174805827
-2   2.9237214165124508
-2   2.0833363546658235
-2   2.0065990071219661
-2   2.0435594842841702
-2   2.0020781225349391
-2   2.3616495057746802
-2   2.0006396068545715
-2   2.0003967160970291
-2   2.1548149236040319
-2   2.5472407291754089
-2   2.0184431511729248
-2   2.0010202615870814
-2   2.9384591179766715
-2   2.0426808897985205
-2   2.0007647961994963
-2   2.0300462711643168
-2   2.000000988712213
-2   2.9911112165986631
-2   2.0001227996760149
-2   2.0026659877787982
-2   2.0000604785690204
-2   2.0002475291140742
-2   2.0073516654368859
-2   2.0002222649514971
-2   2.9255056462586642
-2   2.0001090137053685
-2   2.0936511816115182
-2   2.0000151892366285
-2   2.0003092432244074
-2   2.0014148169111854
-2   2.0000129704254435
-2   2.0917645662821642
-2   2.0000836238526429
-2   2.9314704587163813

-1   1.007465547791786
-1   1.0866106303702343
-1   1.0092118990599162
-1   1.9396309856308611
-1   1.012651051849494
-1   1.981873760892928
-1   1.0166666545812957
-1   1.0923846708602525
-1   1.9407397583543329
-1   1.0363222692455203
-1   1.1166097006073497
-1   1.5433338079068575
-1   1.9190319633834449
-1   1.5731311306502138
-1   2.1201226233031338
-1   2.1429198640384963
-1   1.4521419260973278
-1   1.1830042858516809
-1   1.4409305787094111
-1   1.698519320021437
-1   2.4430443291538366
-1   1.6701402137342867
-1   1.226306248270904
-1   2.0133583080587032
-1   1.8745673061785628
-1   1.7384967085381162
-1   1.1487084319071892
-1   1.0371155230933782
-1   1.0036811577464884
-1   1.9984074425521907
-1   1.0637052951149468
-1   1.4933273052095128
-1   1.5078467375930584
-1   1.6796123255540256
-1   1.7839909933411673
-1   1.9105938177875887
-1   1.527218543356462
-1   1.3534701915396061
-1   1.5210457296022577
-1   1.6427148376881693
-1   1.7175999701987323
-1   1.2973789304608756
-1   1.7520225801803195
-1   1.8905499064224918
-1   1.0204670353076599
-1   1.1174573858738321
-1   1.6323836651199803
-1   1.508599975014123
-1   1.0494942602995678
-1   1.9228395296725402
-1   2.9265256572880136
-1   1.0353680368168432
-1   1.9752862267503701
-1   1.4166737134784679
-1   1.5382189064224456
-1   1.7872546330771355
-1   1.5714396962242225
-1   1.7967484929026796
-1   1.9692480082671637
-1   1.2874639583544927
-1   2.3888267146464042
-1   1.0030034662110081
-1   1.0554856518547195
-1   1.5695897433178145
-1   1.5509498078701234
-1   1.0073132846447941
-1   1.9669904264897125
-1   1.0045124934713399
-1   1.024798946179023
-1   1.6460211714949411
-1   1.2731229354951394
-1   1.746823486240503
-1   1.2262572633332338
-1   1.1054433312515668
-1   1.3036590844480784
-1   1.9753923278712926
-1   1.9791818696226997
-1   1.0446165651098562
-1   1.0105249360721937
-1   1.1266178536708205
-1   2.22451508738656
-1   1.7349559760070079
-1   2.219306286350553
-1   1.0026448912894128
-1   1.35385599866892
-1   1.8243701238632326
-1   1.0171996592145058
-1   1.006661496887213
-1   1.0031032194600673
-1   1.0092342851722294
-1   1.9942247357615579
-1   1.0298031548266551
-1   1.0104134800426183
-1   1.9733476191612045
-1   1.0266517200591121
-1   1.0189832189930828
-1   1.0762046045851541
-1   1.7552058395940047
-1   1.3057298323431783
-1   1.1991304125296789
-1   1.9380884410103754
-1   1.1431674743540525
-1   1.9855134083440049
-1   1.9252283839730486
-1   2.9195356777811763

0   0.018842026347039464
0   1.0028486919981852
0   0.4225702625576172
0   1.003235925650229
0   1.0023414421060339
0   1.8708383609755139
0   1.0015576141149056
0   1.9906703500284961
0   1.0029184052899429
0   0.50069924184275716
0   0.037369506490073756
0   1.0021262682386223
0   1.0257529770775298
0   1.8452101088328949
0   0.031510668878382275
0   1.0067286965468121
0   1.2938309405052961
0   1.9860031796150204
0   1.3113728624812597
0   1.696412423120123
0   1.2127041412604957
0   2.3913207180664995
0   1.0034372939718377
0   1.9498665773111594
0   1.4083268639944029
0   1.3673611985200018
0   2.0642878251039507
0   1.1299692432427511
0   1.3076036857828137
0   0.61248532870948758
0   1.0397662972520063
0   2.035403365595517
0   1.7395882208649747
0   1.9387313771956065
0   0.38733203569259833
0   1.0001283714189317
0   0.090129559648408408
0   1.002193019651056
0   1.0203243131916975
0   1.9055975662734519
0   1.0019915836887463
0   1.3020577024013087
0   1.3020982795828464
0   0.349086152433708
0   1.0116681781986838
0   0.84642977570272593
0   1.0006278189644371
0   1.1578656795979489
0   0.98653075458958095
0   2.0290220480895518
0   1.9515590884974054
0   1.0022890664419601
0   1.231480783449143
0   1.5055498725652798
0   1.2032988925994283
0   1.6345273629228489
0   1.4873424975363978
0   1.8732269656419414
0   1.4149713706715785
0   1.0061397622948312
0   0.081758030133768811
0   1.9833176308914227
0   1.0080056736537479
0   1.0582810027455392
0   1.0466153323425549
0   1.9865380926486611
0   1.0014509646360747
0   0.71237346760077713
0   2.9439204486582695
0   1.7560053312856083
0   1.000396911734583
0   1.9855833818505801
0   1.9897868315053904
0   1.0168408117195968
0   0.023500988155184199
0   1.3042821571641299
0   1.3039208472907211
0   0.071131644911620273
0   1.0003132907222965
0   2.7886482638108396
0   1.3027318335862155
0   1.1251420633127531
0   1.9992363118061962
0   1.002979938998825
0   1.0001204344537105
0   1.0000447037416522
0   1.9961531271533226
0   0.0065917740359818788
0   1.0023754525255701
0   0.33961738997064361
0   1.0008467877922098
0   0.11994092476448204
0   1.0013021436373666
0   0.14406987934435322
0   1.9074730093147703
0   1.9540971616480665
0   1.0001825203577712
0   1.0002771814969262
0   1.0045444365399763
0   1.9866865191869412
0   1.9792313840739575
0   1.032709541937094
0   1.0001808083013981
0   0.15384279917741928
0   0.076327382635124175
0   1.0208600770579281
0   2.6220076132470305
0   1.5405838831451004
0   0.097060168377699707
0   1.000486628399313
0   0.95361403564140046
0   1.000567709507632
0   1.9715656371395411
0   1.6303851373519711
0   0.072736802854771243
0   0.020761603496614045
0   1.0002173578776794
0   1.0068031028758859
0   1.0007245575245529
0   1.004027048481444
0   0.9447811792447478
0   0.070352557138368077
0   1.0051523334098689
0   1.000060664837801
0   1.6072538847406466
0   1.9757067371413002
0   0.020155536260766049
0   1.0001633229412124
0   0.23437208960860589
0   1.0000433441322136
0   1.0095130409690862
0   1.9994215339334072
0   1.040296337325288
0   0.37619476976909705
0   1.0000157743856108
0   1.915811852209675
0   1.1373638244130426
0   1.9942709512924957
0   1.9286036775708095
0   2.9127878796861322

1   1.0074655477917847
1   1.0866106303702414
1   1.0092118990599144
1   1.9396309856308585
1   1.0126510518494947
1   1.981873760892936
1   1.0166666545812928
1   1.0923846708602531
1   1.9407397583543307
1   1.0363222692455194
1   1.1166097006073357
1   1.543333807906885
1   1.9190319633834552
1   1.5731311306502103
1   2.1201226233032138
1   2.1429198640384053
1   1.4521419260973145
1   1.1830042858517085
1   1.4409305787094087
1   1.6985193200214637
1   2.4430443291537931
1   1.670140213734296
1   1.2263062482708773
1   2.0133583080587143
1   1.8745673061785642
1   1.7384967085381282
1   1.1487084319071941
1   1.0371155230933775
1   1.0036811577464886
1   1.9984074425521894
1   1.0637052951149468
1   1.4933273052095186
1   1.5078467375930571
1   1.6796123255540301
1   1.7839909933411677
1   1.9105938177875821
1   1.5272185433564585
1   1.353470191539593
1   1.5210457296022599
1   1.6427148376881635
1   1.7175999701987501
1   1.2973789304608891
1   1.7520225801803218
1   1.890549906422482
1   1.020467035307661
1   1.1174573858738346
1   1.6323836651199803
1   1.508599975014123
1   1.0494942602995709
1   1.9228395296725398
1   2.9265256572880127
1   1.0353680368168412
1   1.9752862267503706
1   1.416673713478471
1   1.5382189064224532
1   1.7872546330771328
1   1.5714396962242163
1   1.7967484929026925
1   1.9692480082671748
1   1.2874639583544789
1   2.3888267146463948
1   1.0030034662110086
1   1.0554856518547213
1   1.5695897433178176
1   1.5509498078701212
1   1.0073132846447941
1   1.966990426489708
1   1.0045124934713392
1   1.0247989461790199
1   1.6460211714949269
1   1.2731229354950904
1   1.7468234862405327
1   1.22625726333322
1   1.1054433312515819
1   1.3036590844481135
1   1.9753923278712935
1   1.9791818696227015
1   1.04461656510986
1   1.0105249360721971
1   1.126617853670826
1   2.2245150873865378
1   1.7349559760070221
1   2.2193062863505539
1   1.0026448912894146
1   1.3538559986689034
1   1.8243701238632593
1   1.0171996592145036
1   1.0066614968872136
1   1.0031032194600664
1   1.0092342851722282
1   1.9942247357615606
1   1.0298031548266495
1   1.0104134800426083
1   1.9733476191612036
1   1.026651720059115
1   1.0189832189930847
1   1.0762046045852474
1   1.7552058395938048
1   1.3057298323433408
1   1.1991304125297082
1   1.9380884410103523
1   1.1431674743540363
1   1.9855134083439991
1   1.9252283839730473
1   2.9195356777811861

2   2.0000251294065383
2   2.0019093007314344
2   2.0025710316539884
2   2.0054333091973455
2   2.0144106478895014
2   2.9441816274210844
2   2.0033977344972325
2   2.0625885174805836
2   2.9237214165124481
2   2.0833363546658257
2   2.0065990071219666
2   2.0435594842841707
2   2.0020781225349387
2   2.3616495057746802
2   2.0006396068545715
2   2.0003967160970291
2   2.1548149236040599
2   2.5472407291753831
2   2.0184431511729253
2   2.0010202615870818
2   2.9384591179766661
2   2.0426808897985249
2   2.0007647961994963
2   2.0300462711643168
2   2.0000009887122121
2   2.99111121659866
2   2.000122799676014
2   2.0026659877787978
2   2.0000604785690199
2   2.0002475291140742
2   2.0073516654368859
2   2.000222264951498
2   2.9255056462586602
2   2.0001090137053685
2   2.0936511816115275
2   2.0000151892366285
2   2.0003092432244092
2   2.0014148169111854
2   2.0000129704254448
2   2.0917645662821616
2   2.0000836238526434
2   2.9314704587163849

3   3
3   3
3   3
3   3
3   3.0000000000000004
3   2.9999999999999996
3   2.9999999999999996

