-3   2.9999999999999996
-3   3
-3   2.9999999999999996
-3   3
-3   3
-3   2.9999999999999996
-3   2.9999999999999996

-2   2.0000128734724241
-2   2.0012351286459871
-2   2.0016290158191525
-2   2.0039642405029316
-2   2.009509026462835
-2   2.9640746581466093
-2   2.0024914767809583
-2   2.0400750336215516
-2   2.9433476353768762
-2   2.0638946190748872
-2   2.0043260893077517
-2   2.0248658111442102
-2   2.0013758681930747
-2   2.3853664460674442
-2   2.0003565593722783
-2   2.0002516918946753
-2   2.1558738087797611
-2   2.5399663429825825
-2   2.0115070580453751
-2   2.0006120647987982
-2   2.9531936742914837
-2   2.0382852335416448
-2   2.0005035485974378
-2   2.0190275577235286
-2   2.0000004223259937
-2   2.9942819859847849
-2   2.0000799745418312
-2   2.0017052946699301
-2   2.0000401944517439
-2   2.0001634668811734
-2   2.0047544056450537
-2   2.0001411560454314
-2   2.9455258899937395
-2   2.0000703980083903
-2   2.069667458911407
-2   2.0000097717754231
-2   2.0002031536329756
-2   2.0010483712625797
-2   2.0000099413683095
-2   2.0660318824112154
-2   2.0000521864324905
-2   2.9510565147743777

-1   1.0042404078000791
-1   1.0609327087231459
-1   1.0063066912944021
-1   1.958702858638016
-1   1.0076113669552447
-1   1.9882806823422445
-1   1.0111253725940907
-1   1.0444833533604998
-1   1.9718358428968075
-1   1.0222253599052125
-1   1.0785228138973155
-1   1.6011644838113992
-1   1.9455609713778221
-1   1.5147621049335434
-1   2.0517449714682452
-1   2.2545103097664083
-1   1.3825944957691894
-1   1.1676239236391079
-1   1.6971844215046779
-1   1.3958686106321494
-1   1.6644241068500376
-1   2.6181743198930394
-1   1.208901273806344
-1   1.8641417778346083
-1   1.9128659649163735
-1   1.7390335333778797
-1   1.1080785082014879
-1   1.0257223118581036
-1   1.0024548625794538
-1   1.9989717396090101
-1   1.0352705425587443
-1   1.504867413530973
-1   1.5284551777079876
-1   1.6896670638445195
-1   1.7859006809202129
-1   1.9019121367289999
-1   1.5259820730853377
-1   1.3451174054493102
-1   1.5258218408355018
-1   1.6406559906345306
-1   1.7214055406735769
-1   1.2966574177089571
-1   1.7541596869710783
-1   1.8891865482773729
-1   1.0129391991131642
-1   1.0824098212839954
-1   1.7134073183932821
-1   1.4092059386421207
-1   1.0389901497385223
-1   1.9466362146996805
-1   2.9473008222636938
-1   1.0214428509152738
-1   2.0040163267994902
-1   1.3354379528911333
-1   1.5910938510324621
-1   1.8056458627055751
-1   1.52396855608804
-1   1.4194995579133807
-1   1.9755861668214103
-1   1.6903117946520476
-1   2.3870230184347969
-1   1.002008911389719
-1   1.0410656058625476
-1   1.6344822616963275
-1   1.486351006731456
-1   1.0019415773814371
-1   1.9755346181383047
-1   1.0030037924532473
-1   1.0164791900420582
-1   1.1196774750816199
-1   1.6874138173698499
-1   1.8862914483401441
-1   1.2687881166158841
-1   1.0636719830279839
-1   1.2014703611188544
-1   1.9838200043801355
-1   1.9864001827610642
-1   1.0271517917736981
-1   1.0061107881933582
-1   1.0353546290912028
-1   2.4901243423743074
-1   1.7621201537110052
-1   1.0017106350125404
-1   2.0004186026065494
-1   1.3233520142187427
-1   1.8168881897821483
-1   1.0163449015131834
-1   1.0046610466629324
-1   1.0019850566047579
-1   1.0059275793518205
-1   1.9965400546849281
-1   1.0188032527495765
-1   1.0063429336662708
-1   1.9832975408694349
-1   1.0173430194014812
-1   1.0111933071629977
-1   1.0484310706932254
-1   1.8553367072482891
-1   1.1916954751086146
-1   1.1610550872216112
-1   1.9453828224440466
-1   1.1153136616601909
-1   1.98829545306483
-1   1.9473822431112033
-1   2.9392757320261933

0   0.011366116695372797
0   1.0015828607420267
0   0.32229771006837993
0   1.0019839727407744
0   1.0015495258701876
0   1.9103978822124716
0   1.0010701989416793
0   1.9940249251696955
0   1.0014799979599895
0   0.41087058238465513
0   0.023604623621517162
0   1.0013524711587398
0   1.0179742509308429
0   1.881671784860377
0   0.020904501564553257
0   1.0039021209874661
0   1.2765694992287233
0   1.9920113547306326
0   1.3274276982826261
0   1.4099965121061513
0   1.5167551068028944
0   2.4329413508130866
0   1.0063282403427771
0   1.9659336885296934
0   1.1770535700058307
0   1.3637905667053987
0   1.0912704043196995
0   2.3752364458270638
0   1.291508015835487
0   0.37749283302489234
0   1.0265028992091259
0   1.8645835027215187
0   1.8565042655624904
0   1.9548480382463089
0   0.28899648135261624
0   1.000077638115193
0   0.063911244813750767
0   1.0014260286451773
0   1.0134561331783072
0   1.9438080386665626
0   1.0012872524438858
0   0.23136602689470165
0   1.3022125269728995
0   1.3022310796140804
0   1.0102499558947831
0   0.84492447518843306
0   1.0004099838007465
0   1.1589770450651335
0   0.9857045551654835
0   2.0272072991625536
0   1.951479999817336
0   1.0014891591275461
0   1.2381519682332749
0   1.5064543515426068
0   1.2019730576381209
0   1.6315480942029632
0   1.489812767053706
0   1.8752206709075407
0   1.4170190657704052
0   1.0038604172267538
0   0.054186685877065099
0   1.9899392257222583
0   1.0049073399888431
0   1.0380241835841211
0   1.036314467784277
0   1.9913876620555908
0   1.0008513022242629
0   0.64446127655014074
0   2.9607752839704036
0   1.7874385570306717
0   1.0002941300737302
0   1.9892352142139602
0   1.9935773042029008
0   1.0118878135658049
0   0.013902490047500216
0   0.048530548726421707
0   1.3038253647829925
0   1.3036742912519015
0   1.0002075615306181
0   2.8094396775440642
0   1.3026106767149708
0   1.0872545976500501
0   1.9995062690224263
0   1.0019068710016859
0   1.0000748055075639
0   1.0000264577980766
0   1.9974455804908655
0   0.0042158477238767311
0   1.0015054828840724
0   0.23462908354489531
0   1.0005554119961413
0   0.092136538216886832
0   1.0008786327920247
0   0.087163443726386736
0   1.9414340858940213
0   1.9698017058580173
0   1.0000949176896365
0   1.0002033687402803
0   1.0026195887642555
0   1.9915196382681408
0   1.9872399890492187
0   1.0202406092221694
0   1.0001210199728847
0   0.08880196917229799
0   0.049916778669164774
0   1.0059287798346512
0   2.7377879003448111
0   1.3645884175336569
0   0.058181096646129693
0   1.0003252733994863
0   1.1978793220179447
0   1.0003586325834326
0   1.9833293823495444
0   1.4760577133682193
0   0.059361071077789762
0   0.012820843026971507
0   1.000119245405388
0   1.0043716297408494
0   1.0004931459961499
0   1.0026536386998959
0   0.92936391477687974
0   0.045936495874048799
0   1.6154096871202381
0   1.0000159826240944
0   1.0030813801177962
0   1.9848742015204617
0   0.012975246986934974
0   1.0000832830541444
0   0.15579957038942416
0   1.0000274896074004
0   1.0047334274678321
0   1.99963135183715
0   1.0272942686269271
0   0.32195049006580168
0   1.0000103093373027
0   1.9374088616337075
0   1.1110967559706431
0   1.9963547282675718
0   1.9450007335691977
0   2.9343660403137632

1   1.0042404078000788
1   1.0609327087231479
1   1.0063066912944023
1   1.9587028586380204
1   1.0076113669552433
1   1.988280682342245
1   1.0111253725940919
1   1.044483353360514
1   1.9718358428967999
1   1.0222253599052149
1   1.0785228138973086
1   1.6011644838113392
1   1.9455609713778284
1   1.5147621049335918
1   2.0517449714681613
1   2.2545103097664931
1   1.3825944957692111
1   1.1676239236390749
1   1.6971844215046663
1   1.3958686106321612
1   1.6644241068500629
1   2.6181743198930527
1   1.2089012738063034
1   1.8641417778346141
1   1.9128659649163646
1   1.7390335333778761
1   1.1080785082015028
1   1.0257223118581063
1   1.0024548625794534
1   1.9989717396090083
1   1.0352705425587436
1   1.5048674135309699
1   1.5284551777079853
1   1.6896670638445279
1   1.7859006809202151
1   1.9019121367289991
1   1.5259820730853311
1   1.345117405449298
1   1.5258218408355115
1   1.6406559906345182
1   1.72140554067358
1   1.2966574177089543
1   1.7541596869710818
1   1.8891865482773809
1   1.0129391991131627
1   1.0824098212839957
1   1.7134073183932763
1   1.409205938642127
1   1.0389901497385214
1   1.9466362146996801
1   2.9473008222636938
1   1.0214428509152746
1   2.0040163267994862
1   1.3354379528911482
1   1.591093851032459
1   1.8056458627055672
1   1.5239685560880436
1   1.4194995579133973
1   1.9755861668214183
1   1.690311794652033
1   2.3870230184347845
1   1.0020089113897199
1   1.0410656058625483
1   1.6344822616963341
1   1.4863510067314467
1   1.0019415773814373
1   1.9755346181383073
1   1.0030037924532469
1   1.0164791900420547
1   1.119677475081583
1   1.6874138173698907
1   1.8862914483401725
1   1.2687881166158335
1   1.063671983027985
1   1.2014703611188513
1   1.9838200043801364
1   1.9864001827610664
1   1.0271517917736983
1   1.0061107881933569
1   1.0353546290911759
1   2.4901243423742967
1   1.762120153711014
1   1.0017106350125402
1   2.0004186026065902
1   1.3233520142187318
1   1.8168881897821425
1   1.0163449015131831
1   1.0046610466629324
1   1.0019850566047583
1   1.0059275793518219
1   1.9965400546849312
1   1.0188032527495698
1   1.0063429336662644
1   1.983297540869434
1   1.0173430194014776
1   1.0111933071629975
1   1.0484310706932307
1   1.8553367072482172
1   1.1916954751087074
1   1.1610550872216301
1   1.9453828224440333
1   1.1153136616601853
1   1.9882954530648291
1   1.9473822431111958
1   2.9392757320262

2   2.0000128734724245
2   2.0012351286459875
2   2.0016290158191525
2   2.0039642405029348
2   2.009509026462835
2   2.9640746581466084
2   2.0024914767809605
2   2.0400750336215481
2   2.9433476353768744
2   2.0638946190748859
2   2.0043260893077517
2   2.0248658111442093
2   2.0013758681930747
2   2.3853664460674375
2   2.0003565593722774
2   2.0002516918946758
2   2.1558738087794342
2   2.5399663429828734
2   2.0115070580453751
2   2.0006120647987977
2   2.9531936742914819
2   2.0382852335416448
2   2.000503548597437
2   2.0190275577235286
2   2.0000004223259933
2   2.9942819859847831
2   2.0000799745418316
2   2.0017052946699314
2   2.0000401944517443
2   2.000163466881173
2   2.0047544056450546
2   2.0001411560454319
2   2.9455258899937324
2   2.0000703980083911
2   2.0696674589114199
2   2.0000097717754231
2   2.0002031536329739
2   2.0010483712625797
2   2.0000099413683099
2   2.066031882411218
2   2.0000521864324896
2   2.9510565147743764

3   2.9999999999999996
3   3
3   2.9999999999999996
3   3
3   3
3   2.9999999999999996
3   2.9999999999999996

