-2.5   2.5
-2.5   2.5
-2.5   2.5
-2.5   2.5
-2.5   2.4999999999999996
-2.5   2.5

-1.5   1.6581860297035247
-1.5   1.7609857638413269
-1.5   1.5607850734080837
-1.5   1.9608450262383648
-1.5   1.6075194512207713
-1.5   1.9729709694044857
-1.5   1.7062151861762729
-1.5   1.5974282602657128
-1.5   1.8498704571761424
-1.5   1.6478309010743586
-1.5   1.7594222151324157
-1.5   1.6402250855395883
-1.5   1.9547601618872323
-1.5   1.7937169397433106
-1.5   1.6774571800695024
-1.5   1.6551411141820576
-1.5   1.5312748748631408
-1.5   1.7569034570540039
-1.5   1.9214905878457569
-1.5   1.5836459765505464
-1.5   1.8034973607496139
-1.5   1.8422624901781735
-1.5   1.6525557181117905
-1.5   1.6772791266245433
-1.5   1.9056333925437698
-1.5   1.6248085370701224
-1.5   1.862718595394167
-1.5   1.5094276975791869
-1.5   1.6433506163586311
-1.5   1.8458289889123862

-0.5   1.220850784761587
-0.5   1.2198546517612265
-0.5   1.2486700754673234
-0.5   1.2521433475684169
-0.5   1.2297221729107923
-0.5   1.2293273706152343
-0.5   1.2287207114490437
-0.5   1.2271615339007174
-0.5   1.2238812555220537
-0.5   1.2290082360745023
-0.5   1.1591059252681057
-0.5   1.2311463895316599
-0.5   1.2351821988845026
-0.5   1.199863002719084
-0.5   1.2718602385717726
-0.5   1.0437715539708787
-0.5   1.2458776950888015
-0.5   1.1544089969816098
-0.5   1.215791020946843
-0.5   1.3591982904833229
-0.5   1.2436155054005305
-0.5   1.0474790435855745
-0.5   1.2231184998775488
-0.5   1.2968570934291215
-0.5   1.1601802582764875
-0.5   1.3100748907023716
-0.5   1.3461171169613682
-0.5   1.4576559697439913
-0.5   1.1072344364228786
-0.5   1.5441912785883338
-0.5   1.2980831129587163
-0.5   1.437512540367099
-0.5   0.95229716863404912
-0.5   1.3544776211076648
-0.5   1.1623482827935068
-0.5   1.4253526872044062
-0.5   1.1975869131614569
-0.5   1.0679249980456964
-0.5   1.3876107894517109
-0.5   1.3161270778188103
-0.5   1.1676681678929259
-0.5   1.0956723744164236
-0.5   1.0344484283249464
-0.5   1.1628708032838222
-0.5   1.2352817930641846
-0.5   1.3751578921716578
-0.5   1.1975992366268993
-0.5   1.2993894126290215
-0.5   1.0155496766612677
-0.5   1.1197695414153679
-0.5   1.1915651460917114
-0.5   1.0332669407793496
-0.5   1.5680015791827149
-0.5   0.81487583333738534
-0.5   0.974792206217171
-0.5   1.2952520136521486
-0.5   1.1149436896253213
-0.5   1.4709828320333704
-0.5   1.2304306628518562
-0.5   1.4200736857208711

0.5   1.2208507847615873
0.5   1.2198546517612272
0.5   1.2486700754673252
0.5   1.2521433475684181
0.5   1.229722172910791
0.5   1.2293273706152323
0.5   1.2287207114490448
0.5   1.2271615339007198
0.5   1.2238812555220537
0.5   1.2290082360745023
0.5   1.1591059252681055
0.5   1.2311463895316614
0.5   1.2351821988845038
0.5   1.1998630027190846
0.5   1.2718602385717717
0.5   1.0437715539708785
0.5   1.24587769508879
0.5   1.1544089969816083
0.5   1.2157910209468556
0.5   1.3591982904833213
0.5   1.2436155054005316
0.5   1.0474790435855741
0.5   1.2231184998775497
0.5   1.2968570934291215
0.5   1.1601802582764884
0.5   1.3100748907023743
0.5   1.3461171169613706
0.5   1.4576559697439915
0.5   1.107234436422877
0.5   1.544191278588336
0.5   1.2980831129587158
0.5   1.437512540367099
0.5   0.95229716863405089
0.5   1.3544776211076659
0.5   1.1623482827935065
0.5   1.4253526872044031
0.5   1.1975869131614558
0.5   1.0679249980456993
0.5   1.3876107894517102
0.5   1.3161270778188101
0.5   1.1676681678929299
0.5   1.0956723744164227
0.5   1.0344484283249444
0.5   1.1628708032838229
0.5   1.235281793064186
0.5   1.375157892171659
0.5   1.1975992366269028
0.5   1.2993894126290189
0.5   1.0155496766612657
0.5   1.119769541415369
0.5   1.191565146091712
0.5   1.0332669407793544
0.5   1.5680015791827211
0.5   0.81487583333738578
0.5   0.97479220621716567
0.5   1.2952520136521462
0.5   1.114943689625322
0.5   1.4709828320333707
0.5   1.2304306628518591
0.5   1.4200736857208716

1.5   1.6581860297035256
1.5   1.7609857638413287
1.5   1.5607850734080837
1.5   1.9608450262383657
1.5   1.6075194512207709
1.5   1.9729709694044848
1.5   1.7062151861762724
1.5   1.5974282602657128
1.5   1.8498704571761424
1.5   1.647830901074359
1.5   1.7594222151324161
1.5   1.6402250855395883
1.5   1.9547601618872319
1.5   1.7937169397433106
1.5   1.6774571800695011
1.5   1.6551411141820584
1.5   1.5312748748631408
1.5   1.7569034570540034
1.5   1.9214905878457582
1.5   1.583645976550546
1.5   1.803497360749613
1.5   1.8422624901781726
1.5   1.6525557181117905
1.5   1.6772791266245437
1.5   1.9056333925437685
1.5   1.6248085370701224
1.5   1.862718595394167
1.5   1.5094276975791878
1.5   1.6433506163586316
1.5   1.8458289889123876

2.5   2.5
2.5   2.5
2.5   2.5
2.5   2.5
2.5   2.4999999999999996
2.5   2.5

