0   -35.9287   0.0519834   0.0294106   0.0858415   0.173987   0.0176031   0.282348   0.0176031   0.173987   0.0858415   0.0294106   0.0519834   
1   -45.6775   0.0112427   0.0272428   0.066366   0.122837   0.173422   0.197778   0.173422   0.122837   0.066366   0.0272428   0.0112427   
2   -46.495   0.0095977   0.0246498   0.0645308   0.123718   0.175874   0.203259   0.175874   0.123718   0.0645308   0.0246498   0.0095977   
3   -46.5716   0.0148159   0.0350303   0.0779987   0.122401   0.161088   0.177332   0.161088   0.122401   0.0779987   0.0350303   0.0148159   
4   -46.4891   0.01391   0.0340029   0.0774341   0.123623   0.162155   0.177751   0.162155   0.123623   0.0774341   0.0340029   0.01391   
5   -46.4396   0.0098923   0.024806   0.070097   0.122213   0.17854   0.188903   0.17854   0.122213   0.070097   0.024806   0.0098923   
6   -46.4891   0.01391   0.0340029   0.0774341   0.123623   0.162155   0.177751   0.162155   0.123623   0.0774341   0.0340029   0.01391   
7   -46.5716   0.0148159   0.0350303   0.0779987   0.122401   0.161088   0.177332   0.161088   0.122401   0.0779987   0.0350303   0.0148159   
8   -46.495   0.0095977   0.0246498   0.0645308   0.123718   0.175874   0.203259   0.175874   0.123718   0.0645308   0.0246498   0.0095977   
9   -45.6775   0.0112427   0.0272428   0.066366   0.122837   0.173422   0.197778   0.173422   0.122837   0.066366   0.0272428   0.0112427   
10   -35.9287   0.0519834   0.0294106   0.0858415   0.173987   0.0176031   0.282348   0.0176031   0.173987   0.0858415   0.0294106   0.0519834   
