0   -44.2923   0.0515903   0.0291809   0.0859704   0.17409   0.0176739   0.28299   0.0176739   0.17409   0.0859704   0.0291809   0.0515903   
1   -56.9927   0.0110911   0.0269259   0.0660325   0.122809   0.173901   0.198482   0.173901   0.122809   0.0660325   0.0269259   0.0110911   
2   -58.3433   0.00950114   0.0243682   0.0643612   0.123745   0.176012   0.204024   0.176012   0.123745   0.0643612   0.0243682   0.00950114   
3   -58.6638   0.0130631   0.0334306   0.0757446   0.124704   0.16297   0.180176   0.16297   0.124704   0.0757446   0.0334306   0.0130631   
4   -58.6794   0.0151621   0.0350258   0.081819   0.120606   0.163458   0.167858   0.163458   0.120606   0.081819   0.0350258   0.0151621   
5   -58.6654   0.0179489   0.0383964   0.0871047   0.117659   0.15938   0.159022   0.15938   0.117659   0.0871047   0.0383964   0.0179489   
6   -58.6794   0.0151621   0.0350258   0.081819   0.120606   0.163458   0.167858   0.163458   0.120606   0.081819   0.0350258   0.0151621   
7   -58.6638   0.0130631   0.0334306   0.0757446   0.124704   0.16297   0.180176   0.16297   0.124704   0.0757446   0.0334306   0.0130631   
8   -58.3433   0.00950114   0.0243682   0.0643612   0.123745   0.176012   0.204024   0.176012   0.123745   0.0643612   0.0243682   0.00950114   
9   -56.9927   0.0110911   0.0269259   0.0660325   0.122809   0.173901   0.198482   0.173901   0.122809   0.0660325   0.0269259   0.0110911   
10   -44.2923   0.0515903   0.0291809   0.0859704   0.17409   0.0176739   0.28299   0.0176739   0.17409   0.0859704   0.0291809   0.0515903   
