0   -29.3205   0.0524815   0.0297014   0.0856783   0.173856   0.017514   0.281538   0.017514   0.173856   0.0856783   0.0297014   0.0524815   
1   -36.7375   0.0114509   0.0276714   0.0668173   0.122868   0.172777   0.196832   0.172777   0.122868   0.0668173   0.0276714   0.0114509   
2   -37.1363   0.00981643   0.0252235   0.065023   0.123757   0.175293   0.201775   0.175293   0.123757   0.065023   0.0252235   0.00981643   
3   -37.052   0.0174705   0.0375384   0.082622   0.118167   0.15971   0.168984   0.15971   0.118167   0.082622   0.0375384   0.0174705   
4   -36.9392   0.0114898   0.0316409   0.0713973   0.125802   0.165334   0.188672   0.165334   0.125802   0.0713973   0.0316409   0.0114898   
5   -36.9774   0.00864458   0.0215136   0.0616574   0.124546   0.178826   0.209626   0.178826   0.124546   0.0616574   0.0215136   0.00864458   
6   -36.9392   0.0114898   0.0316409   0.0713973   0.125802   0.165334   0.188672   0.165334   0.125802   0.0713973   0.0316409   0.0114898   
7   -37.052   0.0174705   0.0375384   0.082622   0.118167   0.15971   0.168984   0.15971   0.118167   0.082622   0.0375384   0.0174705   
8   -37.1363   0.00981643   0.0252235   0.065023   0.123757   0.175293   0.201775   0.175293   0.123757   0.065023   0.0252235   0.00981643   
9   -36.7375   0.0114509   0.0276714   0.0668173   0.122868   0.172777   0.196832   0.172777   0.122868   0.0668173   0.0276714   0.0114509   
10   -29.3205   0.0524815   0.0297014   0.0856783   0.173856   0.017514   0.281538   0.017514   0.173856   0.0856783   0.0297014   0.0524815   
