-3.5   3.4999999999999996
-3.5   3.4999999999999996
-3.5   3.5
-3.5   3.5
-3.5   3.4999999999999996
-3.5   3.5
-3.5   3.4999999999999996
-3.5   3.4999999999999996

-2.5   2.5000978833573577
-2.5   2.5001179632162924
-2.5   2.5017778626735874
-2.5   2.5068630943898311
-2.5   2.5069302999501915
-2.5   2.5768045593886173
-2.5   3.3879626537807876
-2.5   2.863199031275542
-2.5   3.1700098942328094
-2.5   2.50828090125195
-2.5   2.55317346843621
-2.5   2.5187828108859911
-2.5   2.5084803125205135
-2.5   2.5015114076491707
-2.5   2.5009635348637498
-2.5   2.5091001178265548
-2.5   3.0695722704570927
-2.5   2.5093718452741043
-2.5   3.0981035949829159
-2.5   2.5045046500908201
-2.5   2.56706356830863
-2.5   2.6974712595628518
-2.5   2.8756345075989929
-2.5   2.769333415540113
-2.5   2.503402021304836
-2.5   2.5703289214478517
-2.5   2.5176232728705656
-2.5   2.500380974830438
-2.5   2.5023326179075864
-2.5   2.5000917398300082
-2.5   3.4659980205469445
-2.5   2.5005030705410474
-2.5   2.523905035904229
-2.5   2.5037844212382994
-2.5   2.5008909793535086
-2.5   3.489548911896819
-2.5   2.5000298622659285
-2.5   2.5021161964635703
-2.5   2.500105854311796
-2.5   2.5075943331357391
-2.5   2.500042088230904
-2.5   2.5005581590086252
-2.5   2.5012004628789151
-2.5   2.5000994540696744
-2.5   2.5000907872211089
-2.5   2.7182508446708877
-2.5   3.3248330654356111
-2.5   2.5000380656137522
-2.5   2.5003579547915451
-2.5   2.5000650169541094
-2.5   2.500051889589769
-2.5   2.5005435866098322
-2.5   2.5000205363577699
-2.5   2.6189414946249743
-2.5   2.5001114256722548
-2.5   3.4074009886183214

-1.5   1.5016310390608019
-1.5   1.5042304931326043
-1.5   1.6704199241091486
-1.5   1.5135699509397114
-1.5   2.3736234427804934
-1.5   1.5520295141575571
-1.5   1.5106651642850744
-1.5   2.4419915103393435
-1.5   1.5071664877612716
-1.5   2.323430976836903
-1.5   1.7054059365148051
-1.5   1.5481932238957397
-1.5   1.5241637817007141
-1.5   1.5278157840648325
-1.5   1.5641179110769317
-1.5   2.4642917530248734
-1.5   1.6578053847443357
-1.5   1.8330216376026311
-1.5   2.0822753223955699
-1.5   1.9854278451493692
-1.5   1.881531373279774
-1.5   1.8360804682873817
-1.5   1.5391372277337396
-1.5   3.3097287980163532
-1.5   1.7931739414590711
-1.5   2.5968250272224527
-1.5   2.0369744407046362
-1.5   2.2160511754985421
-1.5   2.5060643845074448
-1.5   2.2797226181597514
-1.5   1.7385200549691242
-1.5   1.8423416605163623
-1.5   1.9711321622799018
-1.5   2.1592933689776519
-1.5   2.2427207244518526
-1.5   1.6210495886658922
-1.5   2.4091663555440377
-1.5   1.5634932675918978
-1.5   1.5400118285283093
-1.5   1.5079624947748007
-1.5   1.5213840180381788
-1.5   2.4721733781281188
-1.5   1.5190049068740765
-1.5   1.5421395278124153
-1.5   2.4292009086171316
-1.5   1.5620077758234174
-1.5   2.412649599088089
-1.5   1.5870049578516827
-1.5   1.5028132676506489
-1.5   1.559091909471205
-1.5   1.9522108427321561
-1.5   1.9457125911638586
-1.5   1.5336204721864308
-1.5   1.965232666297525
-1.5   1.9848673088408781
-1.5   1.5406856660479735
-1.5   2.0569001505367455
-1.5   2.0481334846368568
-1.5   2.3846314671501347
-1.5   2.0601180749620225
-1.5   2.0965048638184509
-1.5   2.1711602380752999
-1.5   2.6268137455170324
-1.5   2.4055660840821269
-1.5   1.8475964316662163
-1.5   1.8634789150278066
-1.5   2.1058083734386681
-1.5   2.1911088567445982
-1.5   2.0678649593230158
-1.5   2.2042988690694996
-1.5   2.0557212650581982
-1.5   2.2949773760393648
-1.5   2.2496468050850345
-1.5   2.0103611128124097
-1.5   1.5072273506679039
-1.5   1.5165143994348527
-1.5   1.5288196196553603
-1.5   1.5037256631760361
-1.5   1.526434884338038
-1.5   1.5913179406234774
-1.5   2.3294821843778761
-1.5   1.7829228659538989
-1.5   2.0691563042464765
-1.5   2.0240434485179093
-1.5   1.9439232603624692
-1.5   2.4007054706184467
-1.5   2.2189714468840869
-1.5   1.5365110631853538
-1.5   1.5182340981260496
-1.5   3.1446757321499708
-1.5   2.2787271646591361
-1.5   2.0140381813680976
-1.5   1.5589523689793321
-1.5   1.7465937634299626
-1.5   2.4187440004735059
-1.5   1.5681863938354779
-1.5   2.2816531564977769
-1.5   1.7951478246182235
-1.5   2.4176303195395645
-1.5   1.5635765204616003
-1.5   1.5240649781972464
-1.5   1.6664423876703425
-1.5   2.9143835313565849
-1.5   2.351228546548874
-1.5   1.5147545712369164
-1.5   2.3707424387329779
-1.5   1.521571482117535
-1.5   1.5232193875904891
-1.5   2.4431067777461282
-1.5   2.0159234131170458
-1.5   1.9401760658024463
-1.5   2.1110637191322263
-1.5   2.0712570207099694
-1.5   1.6162475651671788
-1.5   1.5028886302098283
-1.5   1.5114493809815994
-1.5   1.505870395706792
-1.5   1.5063023635413644
-1.5   1.506466214244401
-1.5   1.7508253502503557
-1.5   1.7320864706098811
-1.5   1.55600165089204
-1.5   2.3235042117018629
-1.5   2.2695735621526603
-1.5   1.5061153606157447
-1.5   1.5643425299781968
-1.5   2.0448289457489186
-1.5   1.9937356183014763
-1.5   2.0427297185243329
-1.5   2.0604396139424308
-1.5   1.508271569576479
-1.5   1.5062051534535597
-1.5   1.5102011203436443
-1.5   1.9708790304097925
-1.5   1.9196618627038262
-1.5   1.8735844432126489
-1.5   1.5080540386781709
-1.5   1.9860270344379192
-1.5   2.1195769115434033
-1.5   3.3432303940632218
-1.5   2.4863594016749797
-1.5   1.5020579537331913
-1.5   1.6220981831928514
-1.5   1.5095867804587693
-1.5   1.5022622556352725
-1.5   1.5185230208241287
-1.5   1.5069182121841722
-1.5   1.5865445772108577
-1.5   1.503773773228501
-1.5   2.4232229791811735
-1.5   1.5076671685987102
-1.5   2.4913256795925975
-1.5   1.5022543932127617
-1.5   1.5569401685827633
-1.5   1.5362461843508304
-1.5   1.5017364520597272
-1.5   1.5527262795529002
-1.5   2.2155074216244599
-1.5   1.832931231199975
-1.5   1.672706935780937
-1.5   1.7315110146780435
-1.5   1.7209246555323605
-1.5   2.2053942529717969
-1.5   2.4589314606727277
-1.5   1.6925397771475335
-1.5   2.4644936107266395
-1.5   2.3716161387544243
-1.5   3.3777379481830412

-0.5   0.55056538847991621
-0.5   0.64239648969807095
-0.5   1.2449222692999824
-0.5   0.96378285831423316
-0.5   0.9673741361187489
-0.5   0.89910881067134274
-0.5   1.3458960931672075
-0.5   1.4213264683271876
-0.5   1.2838357580850437
-0.5   2.3387086008302989
-0.5   1.2069838566433664
-0.5   0.99867231358758524
-0.5   1.4792779289464835
-0.5   2.420144838755971
-0.5   0.63200540977795461
-0.5   1.4742039326379079
-0.5   1.3088532557640209
-0.5   0.66537215816808293
-0.5   0.55050633416530892
-0.5   2.1040620052656931
-0.5   1.4137354942229723
-0.5   1.2962167374676374
-0.5   0.57857877753738185
-0.5   0.93684126581625438
-0.5   1.1579022914767612
-0.5   1.4842330321934143
-0.5   1.2826734293255002
-0.5   1.2798475762784653
-0.5   0.58740588833041163
-0.5   1.8267563922559611
-0.5   1.4257627551756973
-0.5   1.876677812845748
-0.5   0.91880898348954432
-0.5   1.7694642758902162
-0.5   1.9507170682106199
-0.5   2.0816028338751096
-0.5   1.137438969019311
-0.5   1.688097334593023
-0.5   2.0915301713816947
-0.5   1.5671750910389668
-0.5   1.5368613978768004
-0.5   2.0932482121509248
-0.5   1.4047996975369657
-0.5   1.9595058243016079
-0.5   1.2047602793083925
-0.5   2.8119125573033954
-0.5   2.0228308303335587
-0.5   1.6459227879210001
-0.5   1.876714209796424
-0.5   1.3832518029277636
-0.5   1.7942647603887862
-0.5   1.6586075668195197
-0.5   1.7176042518493735
-0.5   1.4987197821573577
-0.5   1.4335999566021278
-0.5   1.614223954021786
-0.5   1.9301853630614585
-0.5   1.3748009165066017
-0.5   1.8543081228714691
-0.5   1.1029139979021167
-0.5   2.3312504299103085
-0.5   0.68573210148239339
-0.5   1.4021449975646205
-0.5   1.0172118396065148
-0.5   0.7111788109265742
-0.5   1.2134765071981808
-0.5   0.81586115532012959
-0.5   1.4488732919507283
-0.5   1.357164969350928
-0.5   1.6621145855732795
-0.5   1.4232101247662605
-0.5   0.59570800558489823
-0.5   1.8218701858933533
-0.5   1.4044834109058
-0.5   1.7370062702531315
-0.5   1.350768333532127
-0.5   1.8966739601238096
-0.5   1.1902785844146955
-0.5   2.0835513489086179
-0.5   1.0870514136236669
-0.5   1.0242924043619579
-0.5   1.2225813896017226
-0.5   1.3211322841793833
-0.5   1.4803940324897165
-0.5   0.6367069761094597
-0.5   1.1645953060390606
-0.5   1.5000394863940736
-0.5   1.5003324598667542
-0.5   0.79301827117510015
-0.5   1.1025237124383318
-0.5   1.403142502324211
-0.5   1.4444199420978736
-0.5   1.4207826295214414
-0.5   1.3334123906826836
-0.5   1.4152536675827465
-0.5   1.8880291887155169
-0.5   2.0882865709741578
-0.5   1.2091676996699281
-0.5   1.5062520878141004
-0.5   1.7202461673132587
-0.5   1.7826410994293056
-0.5   1.6827623924528838
-0.5   1.8771537062976273
-0.5   1.720461179500941
-0.5   1.5599001408391246
-0.5   1.8970597094698398
-0.5   1.9767953887521976
-0.5   1.6588936895247497
-0.5   1.7592766300946883
-0.5   2.1819208551020775
-0.5   2.019251293675945
-0.5   1.5105301764110242
-0.5   1.673940690766182
-0.5   1.6440049242130472
-0.5   1.2960204913564264
-0.5   1.4594552149910316
-0.5   2.037959148156872
-0.5   2.0754622151440132
-0.5   2.2471958866852408
-0.5   1.9079252088802012
-0.5   2.1885277952419444
-0.5   0.55481911403979778
-0.5   0.59200341221914332
-0.5   1.1593129912517666
-0.5   1.009578889991166
-0.5   1.4894656702375826
-0.5   0.55928830383829675
-0.5   0.6789356061881513
-0.5   1.4285203408208751
-0.5   1.4802318470221054
-0.5   1.4961236875801476
-0.5   1.5348508266882197
-0.5   1.4285282521152296
-0.5   2.07286376295438
-0.5   1.2901657270034876
-0.5   1.1669616600074029
-0.5   2.4222600556583003
-0.5   1.3906408963612877
-0.5   1.4190414669890283
-0.5   1.3530863097416639
-0.5   2.0468902911198756
-0.5   2.2940815634241765
-0.5   1.4772665996946539
-0.5   0.97806128655816282
-0.5   1.4844075114908108
-0.5   1.378332016257207
-0.5   1.3999449514396975
-0.5   3.0776164257680874
-0.5   1.1114739379371512
-0.5   1.4793866587255564
-0.5   2.0028468672121855
-0.5   1.5522906287226181
-0.5   1.5395927900187467
-0.5   0.94980960189022934
-0.5   2.0333840140627553
-0.5   0.80923862204650132
-0.5   1.418790518430783
-0.5   1.1808883811088118
-0.5   1.0964107381744987
-0.5   2.3278376514444581
-0.5   0.91550697593848418
-0.5   2.2977608888960415
-0.5   0.80358749443270017
-0.5   1.4751440632673305
-0.5   1.4716711295448406
-0.5   0.93630491116866277
-0.5   1.810871642543344
-0.5   1.7577720751920993
-0.5   0.76421941608636845
-0.5   1.3817968064304578
-0.5   3.0065964239498792
-0.5   1.6809961080717439
-0.5   1.4886742665332307
-0.5   1.4975907716526047
-0.5   1.4506560225162706
-0.5   1.3859343132104815
-0.5   2.336326414010542
-0.5   1.7267555924308029
-0.5   1.7530944936422204
-0.5   1.1920176082448566
-0.5   1.2783956328465571
-0.5   1.7669132999788899
-0.5   1.7404350304307328
-0.5   0.85002546962264347
-0.5   0.86692683262686532
-0.5   1.4654095766953674
-0.5   0.54932611026608802
-0.5   0.80258142694269363
-0.5   1.4890387885444607
-0.5   1.3633406364468075
-0.5   1.4935815145466846
-0.5   0.56707284440790584
-0.5   0.55454014623643499
-0.5   1.2980580027954285
-0.5   1.4411227936416151
-0.5   0.85459972854815347
-0.5   0.63282498779049834
-0.5   1.717857978928738
-0.5   1.9323383224749069
-0.5   1.6726171480028236
-0.5   2.1185587391102092
-0.5   2.1577466000397552
-0.5   1.4355120529887946
-0.5   0.59919372021657091
-0.5   0.59715412887929697
-0.5   0.63431905982405556
-0.5   1.4753832778558227
-0.5   0.52927304859809299
-0.5   0.76243834388445708
-0.5   1.5095391096112269
-0.5   1.8554409144036708
-0.5   2.2312503985181538
-0.5   1.5025953265136085
-0.5   1.5072312435047994
-0.5   1.4600207846889606
-0.5   0.92447191947103691
-0.5   1.4130906048038174
-0.5   0.98936645190722827
-0.5   0.66430414309691543
-0.5   1.2735748711636914
-0.5   0.5108205255071383
-0.5   0.52445772272957814
-0.5   0.55988815514363055
-0.5   0.61402723227923195
-0.5   1.2185913982002061
-0.5   1.0972241462175547
-0.5   1.0010030433034653
-0.5   1.8360825159417793
-0.5   2.3787258060514143
-0.5   1.7243316696242559
-0.5   2.3651236814411165
-0.5   1.6121204684158292
-0.5   2.546144041053449
-0.5   1.9174748034078792
-0.5   0.99317428906607308
-0.5   1.6280762093728725
-0.5   0.83382438657023772
-0.5   1.4262907122986721
-0.5   1.5927591920819726
-0.5   0.95295469823451895
-0.5   1.3152622434733729
-0.5   0.58709198455258149
-0.5   1.4590529902668803
-0.5   0.81794638698585342
-0.5   1.0331583509779054
-0.5   0.52145934550006201
-0.5   1.253913658964636
-0.5   0.92758834272474489
-0.5   1.3111044307809727
-0.5   1.3932961205784671
-0.5   1.489891532631711
-0.5   1.0120257672901367
-0.5   2.2701669415832648
-0.5   1.4682932940455427
-0.5   2.3530495280416166
-0.5   0.52733052522176904
-0.5   0.59084982843988199
-0.5   1.4772869470086434
-0.5   0.62906191156400326
-0.5   0.55995867702144753
-0.5   0.79686082970371186
-0.5   1.4983498064234864
-0.5   1.3957571234284418
-0.5   1.3768649011216021
-0.5   0.64539652538421954
-0.5   2.1888513262452678
-0.5   1.4907200540923589
-0.5   1.3259325317053228
-0.5   0.84068835520943552
-0.5   1.4991163312952274
-0.5   1.4145760377190559
-0.5   0.92438101515515281
-0.5   2.3519000238885539
-0.5   1.6719981557215631
-0.5   1.5195202745194898
-0.5   2.3588540511841831
-0.5   1.5957354965391906
-0.5   2.4677179756448346
-0.5   2.3690300191448266
-0.5   3.3641776769691707

0.5   0.55056538847989112
0.5   0.64239648969807539
0.5   1.2449222693000324
0.5   0.96378285831418942
0.5   0.96737413611873357
0.5   0.89910881067138115
0.5   1.3458960931672175
0.5   1.4213264683271847
0.5   1.2838357580850353
0.5   2.3387086008302944
0.5   1.2069838566433293
0.5   0.99867231358763564
0.5   1.4792779289464828
0.5   2.4201448387559577
0.5   0.63200540977794084
0.5   1.4742039326379008
0.5   1.3088532557640173
0.5   0.66537215816807427
0.5   0.55050633416530559
0.5   2.1040620052656385
0.5   1.4137354942230571
0.5   1.2962167374675815
0.5   0.57857877753739095
0.5   0.93684126581633587
0.5   1.1579022914767654
0.5   1.4842330321934185
0.5   1.2826734293254973
0.5   1.2798475762784596
0.5   0.58740588833032725
0.5   1.8267563922560619
0.5   1.4257627551756078
0.5   1.8766778128457182
0.5   0.91880898348957141
0.5   1.7694642758900705
0.5   1.9507170682108086
0.5   2.0816028338752153
0.5   1.1374389690191098
0.5   1.6880973345929569
0.5   2.0915301713817649
0.5   1.5671750910389823
0.5   1.5368613978767804
0.5   2.0932482121508222
0.5   1.4047996975370467
0.5   1.9595058243016044
0.5   1.2047602793085361
0.5   2.8119125573034234
0.5   2.0228308303335423
0.5   1.6459227879210059
0.5   1.8767142097965075
0.5   1.3832518029275314
0.5   1.7942647603887742
0.5   1.6586075668195295
0.5   1.7176042518494086
0.5   1.4987197821572287
0.5   1.4335999566022068
0.5   1.614223954021583
0.5   1.9301853630614385
0.5   1.3748009165067865
0.5   1.8543081228715383
0.5   1.1029139979020999
0.5   2.3312504299103125
0.5   0.68573210148238184
0.5   1.402144997564593
0.5   1.0172118396065228
0.5   0.71117881092661639
0.5   1.2134765071981832
0.5   0.81586115532006964
0.5   1.4488732919507672
0.5   1.3571649693509267
0.5   1.6621145855733541
0.5   1.423210124766277
0.5   0.59570800558486203
0.5   1.8218701858932747
0.5   1.4044834109058164
0.5   1.7370062702531639
0.5   1.3507683335321126
0.5   1.8966739601237865
0.5   1.1902785844146986
0.5   2.0835513489086255
0.5   1.0870514136236629
0.5   1.024292404361983
0.5   1.2225813896017153
0.5   1.3211322841793629
0.5   1.4803940324897205
0.5   0.63670697610945393
0.5   1.1645953060390761
0.5   1.5000394863940705
0.5   1.5003324598667462
0.5   0.79301827117510171
0.5   1.1025237124383334
0.5   1.4031425023242159
0.5   1.4444199420978929
0.5   1.4207826295214587
0.5   1.3334123906862962
0.5   1.4152536675793057
0.5   1.888029188715493
0.5   2.088286570974172
0.5   1.2091676996699154
0.5   1.5062520878140804
0.5   1.7202461673132698
0.5   1.7826410994293247
0.5   1.6827623924529069
0.5   1.8771537062976056
0.5   1.7204611795009117
0.5   1.559900140839138
0.5   1.8970597094698372
0.5   1.9767953887521768
0.5   1.6588936895247617
0.5   1.7592766300946407
0.5   2.1819208551021156
0.5   2.0192512936764864
0.5   1.5105301764110171
0.5   1.673940690765614
0.5   1.6440049242130423
0.5   1.2960204913564395
0.5   1.4594552149910331
0.5   2.0379591481568209
0.5   2.0754622151440603
0.5   2.2471958866852049
0.5   1.9079252088802003
0.5   2.1885277952419444
0.5   0.55481911403979844
0.5   0.59200341221914354
0.5   1.1593129912518052
0.5   1.0095788899911233
0.5   1.4894656702375817
0.5   0.55928830383829631
0.5   0.67893560618816151
0.5   1.4285203408208689
0.5   1.4802318470220968
0.5   1.496123687580146
0.5   1.53485082668819
0.5   1.4285282521152327
0.5   2.0728637629544067
0.5   1.2901657270034803
0.5   1.1669616600073986
0.5   2.422260055658302
0.5   1.3906408963612957
0.5   1.4190414669890306
0.5   1.3530863097416694
0.5   2.0468902911198668
0.5   2.2940815634241627
0.5   1.4772665996946526
0.5   0.97806128655818103
0.5   1.484407511490822
0.5   1.3783320162572201
0.5   1.399944951439694
0.5   3.0776164257680647
0.5   1.1114739379372061
0.5   1.4793866587255562
0.5   2.0028468672121775
0.5   1.5522906287226128
0.5   1.5395927900187569
0.5   0.94980960189021246
0.5   2.0333840140627606
0.5   0.80923862204649932
0.5   1.4187905184307883
0.5   1.1808883811088238
0.5   1.0964107381745019
0.5   2.3278376514444585
0.5   0.91550697593847663
0.5   2.2977608888960304
0.5   0.80358749443270172
0.5   1.4751440632673285
0.5   1.4716711295448359
0.5   0.93630491116880199
0.5   1.8108716425433395
0.5   1.7577720751920114
0.5   0.7642194160863669
0.5   1.3817968064304675
0.5   3.0065964239498801
0.5   1.6809961080717399
0.5   1.4886742665332553
0.5   1.4975907716525974
0.5   1.4506560225162477
0.5   1.3859343132104773
0.5   2.3363264140105402
0.5   1.72675559243081
0.5   1.7530944936422244
0.5   1.1920176082448573
0.5   1.278395632846498
0.5   1.7669132999789019
0.5   1.7404350304307892
0.5   0.85002546962261682
0.5   0.86692683262685866
0.5   1.4654095766953519
0.5   0.54932611026608735
0.5   0.80258142694267209
0.5   1.489038788544464
0.5   1.3633406364468184
0.5   1.4935815145466849
0.5   0.56707284440790606
0.5   0.55454014623643655
0.5   1.2980580027954165
0.5   1.4411227936416129
0.5   0.85459972854816812
0.5   0.63282498779050567
0.5   1.7178579789286159
0.5   1.9323383224748563
0.5   1.6726171480029373
0.5   2.1185587391102536
0.5   2.1577466000397689
0.5   1.4355120529887826
0.5   0.5991937202165738
0.5   0.59715412887930475
0.5   0.63431905982406422
0.5   1.4753832778558169
0.5   0.52927304859809254
0.5   0.76243834388447285
0.5   1.5095391096115987
0.5   1.855440914403355
0.5   2.2312503985181267
0.5   1.5025953265136422
0.5   1.5072312435047528
0.5   1.4600207846889277
0.5   0.92447191947111351
0.5   1.4130906048038392
0.5   0.98936645190708039
0.5   0.66430414309692187
0.5   1.2735748711638217
0.5   0.51082052550713963
0.5   0.52445772272956348
0.5   0.5598881551436472
0.5   0.61402723227924083
0.5   1.2185913982002834
0.5   1.0972241462175967
0.5   1.0010030433032591
0.5   1.8360825159417504
0.5   2.3787258060514884
0.5   1.7243316696243256
0.5   2.365123681441184
0.5   1.61212046841576
0.5   2.5461440410534677
0.5   1.9174748034079663
0.5   0.99317428906608773
0.5   1.6280762093727565
0.5   0.83382438657020885
0.5   1.4262907122985138
0.5   1.5927591920818909
0.5   0.9529546982346746
0.5   1.3152622434733465
0.5   0.58709198455258615
0.5   1.4590529902668918
0.5   0.81794638698580147
0.5   1.0331583509778723
0.5   0.52145934550004336
0.5   1.253913658964688
0.5   0.92758834272474644
0.5   1.3111044307810118
0.5   1.3932961205784153
0.5   1.4898915326317206
0.5   1.0120257672901973
0.5   2.2701669415832932
0.5   1.4682932940454656
0.5   2.3530495280416099
0.5   0.52733052522178014
0.5   0.59084982843986866
0.5   1.4772869470086574
0.5   0.62906191156394042
0.5   0.55995867702150015
0.5   0.79686082970375938
0.5   1.4983498064234804
0.5   1.3957571234284585
0.5   1.3768649011216287
0.5   0.64539652538427306
0.5   2.188851326245346
0.5   1.490720054092292
0.5   1.3259325317052642
0.5   0.84068835520960272
0.5   1.4991163312951759
0.5   1.414576037719002
0.5   0.92438101515512017
0.5   2.3519000238887129
0.5   1.6719981557212868
0.5   1.5195202745195373
0.5   2.3588540511841747
0.5   1.5957354965392097
0.5   2.4677179756448426
0.5   2.3690300191448341
0.5   3.3641776769691565

1.5   1.5016310390608001
1.5   1.5042304931326043
1.5   1.6704199241091588
1.5   1.5135699509397087
1.5   2.3736234427804832
1.5   1.5520295141575566
1.5   1.5106651642850797
1.5   2.4419915103393515
1.5   1.5071664877612716
1.5   2.3234309768368493
1.5   1.705405936514877
1.5   1.5481932238957388
1.5   1.5241637817007119
1.5   1.5278157840648312
1.5   1.5641179110769317
1.5   2.4642917530248671
1.5   1.6578053847443521
1.5   1.833021637602601
1.5   2.0822753223955517
1.5   1.9854278451494904
1.5   1.8815313732796701
1.5   1.8360804682873915
1.5   1.5391372277337489
1.5   3.3097287980163568
1.5   1.7931739414591563
1.5   2.596825027222414
1.5   2.0369744407046579
1.5   2.2160511754985484
1.5   2.506064384507376
1.5   2.2797226181597732
1.5   1.7385200549690731
1.5   1.8423416605163139
1.5   1.9711321622799671
1.5   2.1592933689776439
1.5   2.2427207244518832
1.5   1.6210495886658896
1.5   2.4091663555440288
1.5   1.5634932675918929
1.5   1.5400118285283151
1.5   1.5079624947748007
1.5   1.521384018038185
1.5   2.4721733781281183
1.5   1.5190049068740734
1.5   1.5421395278124095
1.5   2.429200908617128
1.5   1.5620077758234272
1.5   2.4126495990880854
1.5   1.5870049578516907
1.5   1.5028132676506494
1.5   1.5590919094712059
1.5   1.9522108427321583
1.5   1.9457125911638689
1.5   1.5336204721864242
1.5   1.9652326662975157
1.5   1.9848673088408666
1.5   1.5406856660479762
1.5   2.0569001505367468
1.5   2.04813348463686
1.5   2.3846314671501347
1.5   2.060118074962022
1.5   2.0965048638184824
1.5   2.1711602380753066
1.5   2.6268137455170426
1.5   2.4055660840821056
1.5   1.8475964316662172
1.5   1.863478915027788
1.5   2.1058083734386952
1.5   2.1911088567445773
1.5   2.0678649593229941
1.5   2.2042988690693375
1.5   2.0557212650583958
1.5   2.2949773760393497
1.5   2.2496468050850313
1.5   2.0103611128124097
1.5   1.5072273506679048
1.5   1.5165143994348531
1.5   1.5288196196553594
1.5   1.5037256631760356
1.5   1.5264348843380384
1.5   1.591317940623481
1.5   2.3294821843778761
1.5   1.7829228659539025
1.5   2.0691563042464769
1.5   2.0240434485179097
1.5   1.9439232603624741
1.5   2.4007054706184459
1.5   2.2189714468840847
1.5   1.5365110631853582
1.5   1.5182340981260518
1.5   3.1446757321499454
1.5   2.2787271646591374
1.5   2.0140381813681434
1.5   1.5589523689793308
1.5   1.7465937634299666
1.5   2.4187440004735032
1.5   1.5681863938354814
1.5   2.2816531564977742
1.5   1.7951478246182249
1.5   2.4176303195395619
1.5   1.5635765204615986
1.5   1.5240649781972455
1.5   1.6664423876703447
1.5   2.9143835313565951
1.5   2.3512285465488727
1.5   1.5147545712369173
1.5   2.3707424387329645
1.5   1.5215714821175341
1.5   1.5232193875904887
1.5   2.4431067777461273
1.5   2.0159234131170374
1.5   1.9401760658024423
1.5   2.1110637191322286
1.5   2.0712570207099747
1.5   1.6162475651671788
1.5   1.5028886302098297
1.5   1.5114493809816021
1.5   1.5058703957067925
1.5   1.5063023635413639
1.5   1.5064662142444027
1.5   1.750825350250357
1.5   1.7320864706098642
1.5   1.5560016508920258
1.5   2.3235042117018767
1.5   2.2695735621526714
1.5   1.5061153606157442
1.5   1.5643425299781755
1.5   2.0448289457488809
1.5   1.9937356183014465
1.5   2.0427297185243818
1.5   2.0604396139424792
1.5   1.508271569576471
1.5   1.5062051534535601
1.5   1.5102011203436447
1.5   1.9708790304097961
1.5   1.9196618627038307
1.5   1.873584443212613
1.5   1.5080540386781802
1.5   1.9860270344379085
1.5   2.1195769115433909
1.5   3.3432303940632377
1.5   2.4863594016749646
1.5   1.5020579537331944
1.5   1.6220981831928696
1.5   1.5095867804587861
1.5   1.5022622556352734
1.5   1.5185230208241296
1.5   1.5069182121841722
1.5   1.5865445772108151
1.5   1.5037737732285033
1.5   2.4232229791812081
1.5   1.5076671685987151
1.5   2.4913256795925913
1.5   1.5022543932127572
1.5   1.5569401685827589
1.5   1.5362461843508268
1.5   1.5017364520597214
1.5   1.5527262795529153
1.5   2.2155074216243724
1.5   1.8329312312000723
1.5   1.6727069357808557
1.5   1.7315110146780643
1.5   1.7209246555323827
1.5   2.2053942529717991
1.5   2.4589314606727259
1.5   1.692539777147525
1.5   2.4644936107266879
1.5   2.3716161387544163
1.5   3.377737948183027

2.5   2.5000978833573577
2.5   2.5001179632162924
2.5   2.5017778626735887
2.5   2.5068630943898293
2.5   2.5069302999501906
2.5   2.5768045593886195
2.5   3.387962653780781
2.5   2.8631990312755247
2.5   3.1700098942328312
2.5   2.5082809012519824
2.5   2.5531734684361838
2.5   2.5187828108859875
2.5   2.5084803125205126
2.5   2.5015114076491711
2.5   2.5009635348637498
2.5   2.5091001178265544
2.5   3.0695722704570909
2.5   2.5093718452740994
2.5   3.0981035949829279
2.5   2.5045046500908219
2.5   2.5670635683086309
2.5   2.6974712595628492
2.5   2.8756345075989969
2.5   2.769333415540097
2.5   2.5034020213048436
2.5   2.5703289214478429
2.5   2.5176232728705661
2.5   2.5003809748304384
2.5   2.5023326179075864
2.5   2.5000917398300082
2.5   3.4659980205469454
2.5   2.5005030705410469
2.5   2.5239050359042277
2.5   2.503784421238298
2.5   2.500890979353509
2.5   3.4895489118968217
2.5   2.5000298622659298
2.5   2.5021161964635703
2.5   2.5001058543117964
2.5   2.50759433313574
2.5   2.500042088230904
2.5   2.5005581590086243
2.5   2.5012004628789128
2.5   2.5000994540696717
2.5   2.5000907872211084
2.5   2.7182508446708922
2.5   3.3248330654356004
2.5   2.5000380656137522
2.5   2.5003579547915464
2.5   2.5000650169541094
2.5   2.5000518895897716
2.5   2.5005435866098322
2.5   2.500020536357769
2.5   2.6189414946249681
2.5   2.5001114256722543
2.5   3.4074009886183272

3.5   3.4999999999999996
3.5   3.4999999999999996
3.5   3.5
3.5   3.5
3.5   3.4999999999999996
3.5   3.5
3.5   3.4999999999999996
3.5   3.4999999999999996

