0   -34.1734   0.0520941   0.0294752   0.0858052   0.173958   0.0175833   0.282168   0.0175833   0.173958   0.0858052   0.0294752   0.0520941   
1   -43.3028   0.0112874   0.0273354   0.0664634   0.122845   0.173283   0.197573   0.173283   0.122845   0.0664634   0.0273354   0.0112874   
2   -44.0088   0.00963524   0.0247532   0.0646092   0.12372   0.175789   0.202987   0.175789   0.12372   0.0646092   0.0247532   0.00963524   
3   -44.0386   0.015408   0.0355494   0.0789132   0.121477   0.160725   0.175855   0.160725   0.121477   0.0789132   0.0355494   0.015408   
4   -43.9419   0.0133774   0.0337294   0.0758488   0.124762   0.161756   0.181052   0.161756   0.124762   0.0758488   0.0337294   0.0133774   
5   -43.9166   0.00931474   0.0231513   0.0675324   0.122551   0.180023   0.194856   0.180023   0.122551   0.0675324   0.0231513   0.00931474   
6   -43.9419   0.0133774   0.0337294   0.0758488   0.124762   0.161756   0.181052   0.161756   0.124762   0.0758488   0.0337294   0.0133774   
7   -44.0386   0.015408   0.0355494   0.0789132   0.121477   0.160725   0.175855   0.160725   0.121477   0.0789132   0.0355494   0.015408   
8   -44.0088   0.00963524   0.0247532   0.0646092   0.12372   0.175789   0.202987   0.175789   0.12372   0.0646092   0.0247532   0.00963524   
9   -43.3028   0.0112874   0.0273354   0.0664634   0.122845   0.173283   0.197573   0.173283   0.122845   0.0664634   0.0273354   0.0112874   
10   -34.1734   0.0520941   0.0294752   0.0858052   0.173958   0.0175833   0.282168   0.0175833   0.173958   0.0858052   0.0294752   0.0520941   
