0   -34.3344   0.0291261   0.112779   8.57184e-07   0.248329   0.109765   0.109765   0.248329   8.57184e-07   0.112779   0.0291261   
1   -44.7853   0.0156264   0.0375912   0.0890733   0.155266   0.202443   0.202443   0.155266   0.0890733   0.0375912   0.0156264   
2   -45.6346   0.0144335   0.037099   0.0915527   0.154826   0.202089   0.202089   0.154826   0.0915527   0.037099   0.0144335   
3   -45.8003   0.0199717   0.0447482   0.101189   0.147993   0.186099   0.186099   0.147993   0.101189   0.0447482   0.0199717   
4   -45.7648   0.0212359   0.0491649   0.104375   0.147241   0.177983   0.177983   0.147241   0.104375   0.0491649   0.0212359   
5   -45.7648   0.0212359   0.0491649   0.104375   0.147241   0.177983   0.177983   0.147241   0.104375   0.0491649   0.0212359   
6   -45.8003   0.0199717   0.0447482   0.101189   0.147993   0.186099   0.186099   0.147993   0.101189   0.0447482   0.0199717   
7   -45.6346   0.0144335   0.037099   0.0915527   0.154826   0.202089   0.202089   0.154826   0.0915527   0.037099   0.0144335   
8   -44.7853   0.0156264   0.0375912   0.0890733   0.155266   0.202443   0.202443   0.155266   0.0890733   0.0375912   0.0156264   
9   -34.3344   0.0291261   0.112779   8.57184e-07   0.248329   0.109765   0.109765   0.248329   8.57184e-07   0.112779   0.0291261   
