-2   2
-2   2
-2   2.0000000000000004
-2   2.0000000000000009
-2   2

-1   1.006597316376123
-1   1.0037385688016642
-1   1.0326906544649512
-1   1.9725401349448184
-1   1.98761883506514
-1   1.0047792719248747
-1   1.0161655055258776
-1   1.0004733869035269
-1   1.0609088781218221
-1   1.9569271229856651
-1   1.0026531939470844
-1   1.0090236101157022
-1   1.9671472998766224
-1   1.0004310547722175
-1   1.0512082787092156
-1   1.001944333339003
-1   1.0002201134804904
-1   1.0239102908286701
-1   1.0000327295346969
-1   1.9844018663583065

0   0.014255662137900194
0   1.0000000000000016
0   0.99999999999999978
0   0.99999999999999978
0   0.11610923265812156
0   1.56060795809532
0   1.0000000000000013
0   1.9434914118548345
0   1
0   1.0000000000000002
0   0.13324091327648058
0   0.99999999999999933
0   0.0038797902617477842
0   0.99999999999999978
0   1.996323909407975
0   1
0   0.99999999999999978
0   1.560607958095324
0   0.99999999999999978
0   1.0000000000000002
0   0.99999999999999933
0   0.001796745432844471
0   0.0038797902617475621
0   0.99999999999999956
0   0.0098982836007793784
0   1.0000000000000007
0   0.094118460762819711
0   1.0000000000000007
0   1
0   1.9774785879780761

1   1.0065973163761239
1   1.0037385688016642
1   1.0326906544649528
1   1.9725401349448175
1   1.9876188350651396
1   1.0047792719248747
1   1.0161655055258771
1   1.0004733869035269
1   1.0609088781218203
1   1.9569271229856646
1   1.002653193947084
1   1.0090236101157022
1   1.9671472998766242
1   1.0004310547722175
1   1.0512082787092163
1   1.0019443333390028
1   1.0002201134804909
1   1.0239102908286706
1   1.0000327295346967
1   1.9844018663583061

2   2
2   2
2   2.0000000000000004
2   2.0000000000000009
2   2

