0   -46.2542   0.0515209   0.0291403   0.0859932   0.174108   0.0176864   0.283103   0.0176864   0.174108   0.0859932   0.0291403   0.0515209   
1   -59.647   0.0110654   0.0268717   0.0659756   0.122803   0.173983   0.198602   0.173983   0.122803   0.0659756   0.0268717   0.0110654   
2   -61.1228   0.00948903   0.0243305   0.0643464   0.123755   0.176013   0.204132   0.176013   0.123755   0.0643464   0.0243305   0.00948903   
3   -61.5035   0.012824   0.0331917   0.0755063   0.124934   0.163382   0.180325   0.163382   0.124934   0.0755063   0.0331917   0.012824   
4   -61.5471   0.0152491   0.0352827   0.0821955   0.120551   0.163235   0.166974   0.163235   0.120551   0.0821955   0.0352827   0.0152491   
5   -61.5531   0.018213   0.0385279   0.0876321   0.117146   0.159428   0.158105   0.159428   0.117146   0.0876321   0.0385279   0.018213   
6   -61.5471   0.0152491   0.0352827   0.0821955   0.120551   0.163235   0.166974   0.163235   0.120551   0.0821955   0.0352827   0.0152491   
7   -61.5035   0.012824   0.0331917   0.0755063   0.124934   0.163382   0.180325   0.163382   0.124934   0.0755063   0.0331917   0.012824   
8   -61.1228   0.00948903   0.0243305   0.0643464   0.123755   0.176013   0.204132   0.176013   0.123755   0.0643464   0.0243305   0.00948903   
9   -59.647   0.0110654   0.0268717   0.0659756   0.122803   0.173983   0.198602   0.173983   0.122803   0.0659756   0.0268717   0.0110654   
10   -46.2542   0.0515209   0.0291403   0.0859932   0.174108   0.0176864   0.283103   0.0176864   0.174108   0.0859932   0.0291403   0.0515209   
