0   -32.7345   0.0292017   0.11287   9.56402e-07   0.248237   0.10969   0.10969   0.248237   9.56402e-07   0.11287   0.0292017   
1   -42.5645   0.0156856   0.0377086   0.0891736   0.155208   0.202224   0.202224   0.155208   0.0891736   0.0377086   0.0156856   
2   -43.3086   0.0145262   0.0373134   0.0916432   0.154806   0.201711   0.201711   0.154806   0.0916432   0.0373134   0.0145262   
3   -43.4302   0.0202587   0.0447939   0.101374   0.147543   0.186031   0.186031   0.147543   0.101374   0.0447939   0.0202587   
4   -43.3652   0.0207974   0.0487341   0.103728   0.14786   0.17888   0.17888   0.14786   0.103728   0.0487341   0.0207974   
5   -43.3652   0.0207974   0.0487341   0.103728   0.14786   0.17888   0.17888   0.14786   0.103728   0.0487341   0.0207974   
6   -43.4302   0.0202587   0.0447939   0.101374   0.147543   0.186031   0.186031   0.147543   0.101374   0.0447939   0.0202587   
7   -43.3086   0.0145262   0.0373134   0.0916432   0.154806   0.201711   0.201711   0.154806   0.0916432   0.0373134   0.0145262   
8   -42.5645   0.0156856   0.0377086   0.0891736   0.155208   0.202224   0.202224   0.155208   0.0891736   0.0377086   0.0156856   
9   -32.7345   0.0292017   0.11287   9.56402e-07   0.248237   0.10969   0.10969   0.248237   9.56402e-07   0.11287   0.0292017   
