-3   3.0000000000000004
-3   3
-3   3.0000000000000004
-3   3
-3   3.0000000000000004
-3   3.0000000000000004
-3   2.9999999999999996

-2   2.0000382419185394
-2   2.0024740114162145
-2   2.00337660881174
-2   2.00648876090971
-2   2.0184165499221405
-2   2.9278392175424108
-2   2.0039916689127097
-2   2.0809397179246947
-2   2.9097951339001642
-2   2.008470526998507
-2   2.096330788977395
-2   2.0614809887619838
-2   2.0026548686071961
-2   2.3408471559486776
-2   2.000914977621536
-2   2.0005213028405553
-2   2.1542102224837425
-2   2.5517922150247601
-2   2.0244779339194308
-2   2.0013944937342512
-2   2.9276409834796535
-2   2.0448238461539465
-2   2.0009791781705935
-2   2.0384094250855158
-2   2.0000016362594977
-2   2.9884350528609875
-2   2.0001584243809689
-2   2.0034830256758061
-2   2.0000768581085255
-2   2.0003158382343749
-2   2.0095228223690733
-2   2.0002919418858665
-2   2.9113511741043823
-2   2.0001415301329195
-2   2.1100435842712018
-2   2.0000197682864673
-2   2.0003965563839881
-2   2.0016257904614876
-2   2.0000146283703377
-2   2.110167568668766
-2   2.0001111110680272
-2   2.9173085054612828

-1   1.0105980909006129
-1   1.1053075909566183
-1   1.0113394155225415
-1   1.9249265072466049
-1   1.0172930593995484
-1   1.9764997269929774
-1   1.0211014486188916
-1   1.1463515699650664
-1   1.9042217074850907
-1   1.0490174972634296
-1   1.1446478184471891
-1   1.5182247889049929
-1   1.8993577495347194
-1   1.5971566774006321
-1   2.1575775122376708
-1   2.064955708044534
-1   1.4827327073981273
-1   1.2181444061422946
-1   1.4689049207970295
-1   1.7722977241213749
-1   2.2637175389271436
-1   1.6789448493788228
-1   1.2444963542044889
-1   2.100092962754895
-1   1.8459907116027829
-1   1.7383898998355556
-1   1.1773971295786327
-1   1.0459216961030036
-1   1.0046896370146581
-1   1.9976325139650211
-1   1.0928128186918065
-1   1.4849846612774402
-1   1.4878561007521631
-1   1.6719293150051882
-1   1.7804415092750552
-1   1.9168013525833985
-1   1.5280830038867417
-1   1.3597106540080046
-1   1.5177587749148804
-1   1.6438050980227157
-1   1.7149040179313526
-1   1.2979144390790422
-1   1.7496520144180931
-1   1.8914940192621774
-1   1.0274694275752057
-1   1.1428722848667172
-1   1.5912074411952322
-1   1.5589746572784904
-1   1.0567425169348257
-1   1.9050819749584327
-1   2.9107987607042212
-1   1.0486063410016917
-1   1.930311602084203
-1   1.5009897015443716
-1   1.5075993250674253
-1   1.7761134786122939
-1   1.5952344336014739
-1   1.8855753168033358
-1   1.9643593316849204
-1   1.1638298171984018
-1   2.3896787436470501
-1   1.0042295401908812
-1   1.0656451194810925
-1   1.5359393595872119
-1   1.5745332057892005
-1   1.021957761987708
-1   1.9610081614978383
-1   1.0057421273097702
-1   1.0314916624779913
-1   1.623873179231893
-1   1.5150016539235827
-1   1.5062099830401121
-1   1.1986771649971852
-1   1.1402012098994183
-1   1.3619855814583488
-1   1.9684688195970375
-1   1.9731707413234676
-1   1.0606555786170251
-1   1.0148589920731734
-1   1.3368715149135295
-1   1.718232388952075
-1   1.9590261826339055
-1   2.3253154554135191
-1   1.0036185977138166
-1   1.3716551791189646
-1   1.8269679785145732
-1   1.0171144075194787
-1   1.0081977009525021
-1   1.0040590098548141
-1   1.0120669335080494
-1   1.9920204715031482
-1   1.0391335271480784
-1   1.0142101733501443
-1   1.9647332509810034
-1   1.0343860440184358
-1   1.0263962848521635
-1   1.1003915807752189
-1   1.6729449249915791
-1   1.3870171107520162
-1   1.2246529720398143
-1   1.9325468758353117
-1   1.1633838183352458
-1   1.9824908282670197
-1   1.9095571141484937
-1   2.9058437427850916

0   0.026956991007568321
0   1.004130788065315
0   0.48865934704270797
0   1.0029390709847223
0   1.0043587409615005
0   1.8404263604654134
0   1.0019231556087809
0   1.9878092804353029
0   1.0043397168492783
0   0.55859727957866312
0   0.049166449413110769
0   1.0027859378363482
0   1.0314059557711892
0   1.8193803904700445
0   0.040172571076972252
0   1.0094307671786045
0   1.3058383405525962
0   1.98004047205387
0   1.3011956574501757
0   1.8065595688146314
0   1.069904496171086
0   2.359565705415763
0   1.0004214751935026
0   1.9371313645139057
0   1.3766287661523458
0   1.6799450638299716
0   1.7418398569045235
0   1.1590046070805688
0   1.3130409178213236
0   0.78725870823547694
0   2.1167491140646226
0   1.0501891234204692
0   1.6321890999606312
0   1.9275075612889787
0   0.45573020151797261
0   1.0001805656944751
0   0.10969838267617349
0   1.0028399016668523
0   1.025972517201772
0   1.8713409309068512
0   1.002573259014315
0   1.3019376760305468
0   1.3020018614155944
0   0.44045947265791108
0   1.0127457099385304
0   0.84755896686479848
0   1.0008111694738764
0   1.1567496440760288
0   0.98719778654779256
0   2.030240929167245
0   1.95151890633614
0   1.0029599590499345
0   1.2265216265422358
0   1.5049244385348874
0   1.2042427363791577
0   1.6366552069754432
0   1.4856439513796604
0   1.8714203161545933
0   1.414021686175442
0   1.0080936462783541
0   0.10397421665700612
0   1.977153837397343
0   1.0107876795323438
0   1.0743522102585101
0   1.0528710231946496
0   1.9824365234665984
0   1.0020120258198266
0   0.75249803458140629
0   2.9311953411479608
0   1.7371702837772438
0   1.00046852628938
0   1.9830018834717813
0   1.9863929971949226
0   1.0206191502940329
0   0.17290519848645314
0   1.3047917187005234
0   1.2565988453595947
0   0.088742944783781974
0   1.0003999529572227
0   2.7727709751324938
0   1.3028716318844271
0   1.1528604387380508
0   1.9990084818319795
0   1.0038921021548981
0   1.0001604612116108
0   1.0000620558254569
0   1.9951023701951942
0   0.0086137653421561877
0   1.0031240422811953
0   0.41629182072422066
0   1.001086584169951
0   0.13871261986903505
0   1.0016296511660518
0   0.19596018497118262
0   1.8795040955103643
0   1.93973255090734
0   1.0002636803722647
0   1.0003309133444396
0   1.0064050778918159
0   1.9825607105197567
0   1.9720412606269355
0   1.0437797408237137
0   1.000228841245218
0   0.21515863862355489
0   0.097867692861399291
0   1.0415630614463893
0   2.5391493529641029
0   1.5830565763639219
0   0.13199308292075485
0   1.0006140153835843
0   0.86324876135395923
0   1.0007475052811294
0   1.9604498940213282
0   1.7214328931622034
0   0.079891869188140618
0   0.027773312797776173
0   1.0003163182361681
0   1.0088344012535122
0   1.0008980361665487
0   1.0051440111632175
0   0.95347614867531338
0   0.090475694143579366
0   1.0070598946996587
0   1.0001177989148002
0   1.6032315754367561
0   1.967566290215192
0   0.026189141373037406
0   1.0002421135344532
0   0.29665278407061502
0   1.0140492989803653
0   1.0000572325006118
0   1.9992367839810998
0   0.4051375536883689
0   1.0501728399861796
0   1.0000203327880319
0   1.8984111721392423
0   1.1535790571484128
0   1.9924926322466048
0   1.9187695927616022
0   2.897378328231679

1   1.0105980909006151
1   1.1053075909566099
1   1.0113394155225415
1   1.9249265072466075
1   1.0172930593995475
1   1.9764997269929725
1   1.0211014486188912
1   1.1463515699650453
1   1.9042217074851067
1   1.0490174972634305
1   1.1446478184471747
1   1.51822478890496
1   1.8993577495347256
1   1.5971566774006223
1   2.1575775122377081
1   2.0649557080445273
1   1.4827327073981327
1   1.2181444061423179
1   1.4689049207970299
1   1.7722977241213878
1   2.2637175389271351
1   1.6789448493788495
1   1.2444963542044483
1   2.1000929627548759
1   1.845990711602794
1   1.73838989983556
1   1.177397129578629
1   1.0459216961030064
1   1.0046896370146572
1   1.9976325139650188
1   1.0928128186918058
1   1.4849846612774458
1   1.4878561007521645
1   1.671929315005181
1   1.7804415092750543
1   1.9168013525834047
1   1.5280830038867315
1   1.3597106540080166
1   1.5177587749148822
1   1.6438050980227148
1   1.7149040179313442
1   1.2979144390790407
1   1.7496520144180914
1   1.8914940192621805
1   1.0274694275752052
1   1.1428722848667188
1   1.5912074411952339
1   1.5589746572784908
1   1.0567425169348257
1   1.9050819749584331
1   2.9107987607042163
1   1.048606341001695
1   1.9303116020842008
1   1.5009897015443787
1   1.5075993250674271
1   1.7761134786122894
1   1.5952344336014677
1   1.8855753168033238
1   1.9643593316849253
1   1.1638298171984169
1   2.3896787436470452
1   1.0042295401908838
1   1.0656451194810921
1   1.5359393595872164
1   1.5745332057891921
1   1.0219577619877125
1   1.9610081614978405
1   1.0057421273097704
1   1.0314916624779911
1   1.6238731792318974
1   1.5150016539236661
1   1.5062099830400237
1   1.1986771649971721
1   1.1402012098994181
1   1.361985581458349
1   1.9684688195970339
1   1.9731707413234667
1   1.0606555786170242
1   1.0148589920731739
1   1.3368715149134738
1   1.7182323889520861
1   1.9590261826339979
1   2.3253154554134863
1   1.0036185977138192
1   1.371655179118952
1   1.8269679785145607
1   1.0171144075194793
1   1.0081977009525016
1   1.0040590098548163
1   1.0120669335080503
1   1.9920204715031478
1   1.0391335271480622
1   1.0142101733501483
1   1.9647332509810109
1   1.0343860440184387
1   1.0263962848521682
1   1.1003915807753208
1   1.6729449249913726
1   1.3870171107521609
1   1.2246529720398303
1   1.9325468758352962
1   1.1633838183352545
1   1.9824908282670131
1   1.9095571141484884
1   2.9058437427850889

2   2.0000382419185403
2   2.0024740114162141
2   2.0033766088117404
2   2.006488760909714
2   2.0184165499221414
2   2.9278392175424086
2   2.0039916689127066
2   2.0809397179246907
2   2.9097951339001655
2   2.0084705269985079
2   2.0963307889773959
2   2.0614809887619825
2   2.0026548686071957
2   2.3408471559486834
2   2.0009149776215351
2   2.0005213028405553
2   2.1542102224836994
2   2.5517922150247929
2   2.0244779339194308
2   2.001394493734252
2   2.9276409834796526
2   2.0448238461539474
2   2.000979178170593
2   2.0384094250855167
2   2.0000016362594968
2   2.9884350528609858
2   2.0001584243809676
2   2.0034830256758052
2   2.000076858108526
2   2.0003158382343753
2   2.0095228223690742
2   2.0002919418858673
2   2.9113511741043938
2   2.0001415301329204
2   2.1100435842711871
2   2.0000197682864678
2   2.0003965563839885
2   2.0016257904614871
2   2.0000146283703368
2   2.1101675686687549
2   2.0001111110680259
2   2.9173085054612895

3   3.0000000000000004
3   3
3   3.0000000000000004
3   3
3   3.0000000000000004
3   3.0000000000000004
3   2.9999999999999996

