-3   3.0000000000000004
-3   2.9999999999999991
-3   3
-3   2.9999999999999996
-3   3.0000000000000004
-3   3.0000000000000009
-3   3

-2   2.0000794365373777
-2   2.0037873040399954
-2   2.0052914668678552
-2   2.0085340818423547
-2   2.0274661358081678
-2   2.8916242916365054
-2   2.0049032686244477
-2   2.1208497121496053
-2   2.882857163162988
-2   2.0127286673104092
-2   2.1196334893326219
-2   2.1093089282382347
-2   2.0039745141123633
-2   2.288856039769263
-2   2.0016764805184279
-2   2.0008206982668937
-2   2.1533752169448861
-2   2.5588746133377889
-2   2.0391042298930522
-2   2.0023699688438126
-2   2.9052720129278744
-2   2.048350258447825
-2   2.0014659993025634
-2   2.0546329591191141
-2   2.0000037286873211
-2   2.9821465687168467
-2   2.0002407131518614
-2   2.0054217238693908
-2   2.0001131820214098
-2   2.0004682107154101
-2   2.0145496502166651
-2   2.000459583299782
-2   2.8843848029016415
-2   2.000217863396144
-2   2.1398898269025417
-2   2.0000305574550179
-2   2.0005954989277903
-2   2.0018020533840004
-2   2.0000162229479219
-2   2.145485026710598
-2   2.0001782510840673
-2   2.8898405631866999

-1   1.0191795804616111
-1   1.1414147196601931
-1   1.0153176847161294
-1   1.8938681700840636
-1   1.0296251075748764
-1   1.9639653312077088
-1   1.0308010310585094
-1   1.3034411258983201
-1   1.7876137917161365
-1   1.0814020527903456
-1   1.1983110276032978
-1   1.4875521050422289
-1   1.8615523703947789
-1   1.6229353996797236
-1   2.2023712309797867
-1   1.5237126161616885
-1   1.9229237061055602
-1   1.3199924012779405
-1   1.5187380374433834
-1   2.1680420858925893
-1   1.6064977506034612
-1   1.677586752132338
-1   1.3184589744396258
-1   2.2300894668417688
-1   1.7902510788927959
-1   1.738848673020525
-1   1.2318486056994882
-1   1.0646732012571918
-1   1.0070135821164576
-1   1.9932805502594539
-1   1.1806898827432224
-1   1.470714902181723
-1   1.4267982519032487
-1   1.6554579915020078
-1   1.7669207878877367
-1   1.9289290695148007
-1   1.5297390692028023
-1   1.3728309828499785
-1   1.5116949994550026
-1   1.6448669044244193
-1   1.7096140483662698
-1   1.29914190872418
-1   1.7411184526242054
-1   1.8933151884478674
-1   1.0476802251772741
-1   1.1915811718073086
-1   1.5405813865331042
-1   1.6255714839171476
-1   1.8696807176210286
-1   1.0707584859208907
-1   2.8773089553750077
-1   1.0855275977621488
-1   1.7702847639350132
-1   1.4529522597509097
-1   1.7300626885192161
-1   1.7567702117742985
-1   1.6284210017938765
-1   1.9358430583767055
-1   1.9535887540436447
-1   1.0805581648520508
-1   2.3904206782656519
-1   1.0079521241724918
-1   1.0849856902397308
-1   1.4891948704929259
-1   1.4872078342826764
-1   1.1933273061515448
-1   1.949748371576109
-1   1.0085236014303385
-1   1.046251379027874
-1   1.5917369148751614
-1   1.8632452357879434
-1   1.0073361148289586
-1   1.161597612102198
-1   1.2122983403867909
-1   1.445098850566866
-1   1.9527168181107482
-1   1.9592271979260785
-1   1.0276434545716417
-1   1.1035644614317801
-1   1.7227003964196035
-1   1.6882793281292923
-1   1.4057984463238189
-1   2.4487465620957818
-1   1.0067630003165147
-1   1.399671063448868
-1   1.8280020972541644
-1   1.0160257100543486
-1   1.0114411063652586
-1   1.0063471986459307
-1   1.0189538440800257
-1   1.9856843605030039
-1   1.0607467251424503
-1   1.0248351997436593
-1   1.9439833033018825
-1   1.0523051299889166
-1   1.0468769649564207
-1   1.1572286560998064
-1   1.5114393951853597
-1   1.5114893920782708
-1   1.2672718530809426
-1   1.2093782435750073
-1   1.9211345576469951
-1   1.9739627166620117
-1   1.8807593113695593
-1   2.8800671296609073

0   0.056595258535649173
0   1.007927695124039
0   0.60172459404003731
0   1.0040154950903575
0   1.0072091757669968
0   1.77537983630774
0   1.0026357968358897
0   1.9809723570951272
0   1.0080152201257597
0   0.66428520500366939
0   0.077260234284932672
0   1.0043506237298767
0   1.042164953881461
0   1.76711722049652
0   0.059949796148855317
0   1.3314314844123127
0   1.0168697879371813
0   1.9626320764834135
0   1.8612001034137573
0   1.2833974287645398
0   1.0009823468265588
0   2.2937750542525381
0   1.0381558233518149
0   1.405420226586608
0   1.9095034120955221
0   2.0027928511503346
0   1.1761332755617639
0   1.2181420955308204
0   1.3165869275746243
0   1.0750458220496264
0   2.2140447047485652
0   1.0723457260327114
0   1.9064662367333307
0   1.4036858383510771
0   0.58537379839637227
0   1.0003712472840844
0   1.0043492948798174
0   0.14945002293775267
0   1.0388999544660165
0   1.7882057568520575
0   1.003879294395313
0   1.3016624401038461
0   1.3018038630342488
0   0.6268786784286553
0   1.0150422892753093
0   0.8499052757618093
0   1.0012455401726592
0   1.1536405572446145
0   0.98870501971843927
0   2.0324253956451215
0   1.9512614011504228
0   1.0045318305779281
0   1.2162464022815858
0   1.5037331258171927
0   1.20610755112819
0   1.6409306090603488
0   1.482339236362078
0   1.866732539885275
0   1.4140886844954339
0   1.0127272201746638
0   1.9604384637941683
0   0.15311826487412206
0   1.0178837405931003
0   1.108353759099038
0   1.972797677599083
0   1.0623989499829627
0   1.0035272255612471
0   0.82043567226581327
0   2.9051049441674928
0   1.705766818896866
0   1.0006047893435939
0   1.9780323751766034
0   1.9771732339515102
0   1.0273642194528145
0   1.3045467126797297
0   1.3074765805098059
0   0.059179805904193916
0   0.12620637591905504
0   1.0005973674712436
0   2.7402374084532042
0   1.3032987137546346
0   1.2063645956118463
0   1.9984708578356196
0   1.0002592494638032
0   1.0060557720486376
0   1.9927410310324642
0   1.0001096236954936
0   0.013418447257738775
0   1.004927188488999
0   0.56337170329617936
0   1.0016320712782321
0   0.17301570152418444
0   1.0023003572181837
0   0.33107746069094479
0   1.8992357171249732
0   1.8180896447520736
0   1.0004617832076981
0   1.0004460156409638
0   1.0116305962317791
0   1.9727209250471343
0   1.9536515698645021
0   1.0716708121367846
0   1.0003352537775616
0   0.37686524938196331
0   0.14597818042373412
0   1.1106468829061269
0   1.5777087789099724
0   2.3760124478415716
0   0.21911206376544856
0   1.0008844709511939
0   0.78379439457479316
0   1.0011774675422831
0   1.9302831765809696
0   1.8566382955682115
0   0.088779596426935781
0   0.045134454624402132
0   1.0006069990137472
0   1.0134929933141972
0   1.0012269840307551
0   0.96768740607017789
0   1.0076579606922731
0   0.13626595367213667
0   1.0120579094487119
0   1.000308934376213
0   1.5979165181181063
0   1.9469887315992533
0   0.040235121276568253
0   1.0004392528600294
0   0.43035403658740268
0   1.0250339993403317
0   1.0000919692351584
0   1.998769744781264
0   0.43897719265638624
0   1.0701920859887208
0   1.0000309775291658
0   1.8599661661823879
0   1.1808480525594967
0   1.9882658923539229
0   1.904476895985094
0   2.8669996950953767

1   1.0191795804616108
1   1.1414147196602025
1   1.0153176847161309
1   1.8938681700840609
1   1.029625107574873
1   1.9639653312077163
1   1.030801031058505
1   1.3034411258983685
1   1.7876137917160908
1   1.0814020527903465
1   1.1983110276033078
1   1.4875521050422358
1   1.8615523703947776
1   1.6229353996797173
1   2.2023712309798369
1   1.5237126161616823
1   1.9229237061054962
1   1.3199924012779316
1   1.5187380374433421
1   2.1680420858926372
1   1.6064977506034617
1   1.6775867521323642
1   1.318458974439644
1   2.2300894668417279
1   1.7902510788928008
1   1.7388486730205281
1   1.2318486056994833
1   1.0646732012571904
1   1.0070135821164585
1   1.9932805502594539
1   1.1806898827432257
1   1.4707149021817232
1   1.4267982519032405
1   1.6554579915020109
1   1.7669207878877389
1   1.9289290695148007
1   1.5297390692028001
1   1.3728309828499912
1   1.5116949994550075
1   1.6448669044244117
1   1.709614048366249
1   1.2991419087241816
1   1.7411184526242094
1   1.8933151884478785
1   1.0476802251772739
1   1.1915811718073077
1   1.5405813865331046
1   1.6255714839171471
1   1.8696807176210308
1   1.0707584859208896
1   2.8773089553750024
1   1.0855275977621492
1   1.7702847639350097
1   1.4529522597509035
1   1.7300626885192201
1   1.756770211774302
1   1.6284210017938796
1   1.9358430583767023
1   1.9535887540436443
1   1.0805581648520532
1   2.3904206782656501
1   1.0079521241724911
1   1.0849856902397292
1   1.4891948704929299
1   1.4872078342826607
1   1.1933273061515586
1   1.9497483715761148
1   1.0085236014303396
1   1.0462513790278727
1   1.591736914875193
1   1.8632452357879536
1   1.0073361148289521
1   1.1615976121021678
1   1.2122983403867849
1   1.4450988505668547
1   1.9527168181107459
1   1.9592271979260825
1   1.0276434545716415
1   1.1035644614317754
1   1.7227003964195697
1   1.6882793281292838
1   1.4057984463238926
1   2.4487465620957742
1   1.0067630003165171
1   1.3996710634488818
1   1.8280020972541493
1   1.0160257100543468
1   1.0114411063652569
1   1.00634719864593
1   1.0189538440800283
1   1.9856843605030172
1   1.0607467251424214
1   1.0248351997436342
1   1.9439833033018981
1   1.0523051299889135
1   1.0468769649564258
1   1.1572286560997442
1   1.5114393951854219
1   1.5114893920782668
1   1.2672718530809679
1   1.2093782435749858
1   1.921134557646984
1   1.9739627166620344
1   1.8807593113695575
1   2.8800671296609082

2   2.0000794365373786
2   2.0037873040399949
2   2.0052914668678556
2   2.0085340818423534
2   2.0274661358081678
2   2.8916242916365089
2   2.0049032686244463
2   2.1208497121496044
2   2.8828571631629898
2   2.0127286673104074
2   2.1196334893326223
2   2.109308928238232
2   2.0039745141123633
2   2.2888560397692608
2   2.0016764805184279
2   2.0008206982668937
2   2.1533752169448452
2   2.5588746133378293
2   2.0391042298930522
2   2.0023699688438121
2   2.9052720129278771
2   2.0483502584478215
2   2.001465999302563
2   2.0546329591191124
2   2.0000037286873211
2   2.9821465687168476
2   2.0002407131518605
2   2.0054217238693899
2   2.0001131820214084
2   2.0004682107154093
2   2.0145496502166651
2   2.0004595832997816
2   2.8843848029016375
2   2.0002178633961445
2   2.1398898269025466
2   2.0000305574550192
2   2.0005954989277903
2   2.0018020533840004
2   2.0000162229479219
2   2.1454850267105998
2   2.0001782510840682
2   2.8898405631867008

3   3.0000000000000004
3   2.9999999999999991
3   3
3   2.9999999999999996
3   3.0000000000000004
3   3.0000000000000009
3   3

