-3   3.0000000000000004
-3   2.9999999999999996
-3   2.9999999999999996
-3   3
-3   3.0000000000000004
-3   3.0000000000000004
-3   3.0000000000000004

-2   2.0000154907755139
-2   2.0013973051055616
-2   2.0018533115341683
-2   2.0043433018966805
-2   2.0107017382937311
-2   2.9592664388163801
-2   2.0027315042499643
-2   2.045526423428103
-2   2.9382442618295723
-2   2.0690784384850391
-2   2.0048771239469896
-2   2.0290724394896449
-2   2.0015465721708563
-2   2.3797428888960632
-2   2.0004198196002005
-2   2.0002861806710315
-2   2.1555739846957551
-2   2.5419518744055996
-2   2.0131448990408956
-2   2.0007062177106438
-2   2.9493966872154416
-2   2.039653428725638
-2   2.0005670049461699
-2   2.0217562697353508
-2   2.0000005376210477
-2   2.9935218022262844
-2   2.000090311901892
-2   2.0019348253228224
-2   2.0000451545832605
-2   2.0001839581747114
-2   2.0053795619117407
-2   2.0001604488719988
-2   2.9403246681280346
-2   2.0000796691705616
-2   2.0759856098148424
-2   2.0000110699769285
-2   2.0002288876062835
-2   2.0011483426865468
-2   2.0000107890359748
-2   2.0726744427136641
-2   2.0000595967453085
-2   2.9460264191351002

-1   1.0049623607895082
-1   1.0674928607725469
-1   1.0070422753835775
-1   1.9539397589486041
-1   1.0087731362274475
-1   1.9867401807784284
-1   1.0124853479496434
-1   1.0543403592454872
-1   1.9655282927625901
-1   1.0255062517642837
-1   1.0881532820524473
-1   1.5826130164794372
-1   1.9388759826513411
-1   1.5338569983092141
-1   2.0711911202686784
-1   2.2254839412347533
-1   1.4049696313965507
-1   1.1668415006157515
-1   1.4085329242715168
-1   1.6936263468827559
-1   1.6644227888195822
-1   2.5748099207891655
-1   1.21297992406016
-1   1.9060764673042518
-1   1.903201739154202
-1   1.7388508416197794
-1   1.1186321867376314
-1   1.0285697171674084
-1   1.0027531091484021
-1   1.9988555818983471
-1   1.0415112030318148
-1   1.5019155169362235
-1   1.5237356134782538
-1   1.687127016704113
-1   1.7857143044418708
-1   1.9041669446655876
-1   1.5263066660945932
-1   1.3472513812414457
-1   1.5245627187758823
-1   1.6412468770846345
-1   1.7204111158270248
-1   1.2968444852218197
-1   1.7537050869666353
-1   1.8895466854609722
-1   1.0146849999032816
-1   1.0913741969947619
-1   1.689531220125768
-1   1.4388422335341615
-1   1.0417757429405543
-1   1.9406216394226159
-1   2.9420406611882757
-1   1.0246194084781974
-1   1.9993244859796944
-1   1.353605797276747
-1   1.5757319483460717
-1   1.8004438287160784
-1   1.538435594005263
-1   1.5492042359715672
-1   1.9739851537228934
-1   1.5688061847766699
-1   2.38756392355603
-1   1.0021920788825394
-1   1.044821573439332
-1   1.6151463175636858
-1   1.506667539746664
-1   1.002621442593167
-1   1.9733045099990938
-1   1.0033717194731933
-1   1.0185165350979652
-1   1.1475304142115441
-1   1.675193814403023
-1   1.860918220281349
-1   1.2584138822165793
-1   1.0735818553204572
-1   1.2298065251720414
-1   1.9817739880452074
-1   1.9846575808430269
-1   1.0311908249525441
-1   1.0071018450152227
-1   1.0479576230663508
-1   2.4235498931569803
-1   1.7545013544868571
-1   1.0019117618622215
-1   2.0657850092736307
-1   1.3320494499949354
-1   1.8194044700574734
-1   1.0167036968230605
-1   1.0051626091855494
-1   1.0022517347433373
-1   1.0067166560625227
-1   1.996011857540323
-1   1.0214261156969688
-1   1.0072804499710615
-1   1.9809426460177426
-1   1.0195916430104
-1   1.0129628391493446
-1   1.0549876862870387
-1   1.8316761331472939
-1   1.2201355786909009
-1   1.1710768969092034
-1   1.9435512353125106
-1   1.1226202237425322
-1   1.9877289156903153
-1   1.9416679230973171
-1   2.9340913291741053

0   0.013000366187743917
0   1.0018616381195169
0   0.34912340619433868
0   1.0022758609321092
0   1.0017462997443558
0   1.9004778704202607
0   1.0011927934563194
0   1.9932239860278687
0   1.0017941876749465
0   0.43544353745570996
0   0.026878113001090664
0   1.0015370264293493
0   1.0199584914367266
0   1.8721159911364769
0   0.023489596705561833
0   1.0045415320725368
0   1.281202075887707
0   1.9906727225416585
0   1.3230069627534791
0   1.4894775515964065
0   1.4413064836508154
0   2.4224975469149101
0   1.0059125747809614
0   1.9619688342092045
0   1.220762423667288
0   1.3633120377399139
0   1.1010581612344779
0   2.3040233221170743
0   1.2970440374990939
0   0.43509391952521892
0   1.0297803232436999
0   1.9166854696387943
0   1.8303896211234698
0   1.9506331827764334
0   0.31479377567246736
0   1.0000890122143824
0   0.070563259317984794
0   1.0016101522746659
0   1.0151244926447389
0   1.9349588683767291
0   1.0014573442709462
0   0.26050144950874488
0   1.3021733896663497
0   1.3021966619846801
0   1.010609146046541
0   0.84530720905411183
0   1.0004623908576062
0   1.1587357211566389
0   0.98590748182363597
0   2.0276908760065289
0   1.9515180409595545
0   1.0016816819714491
0   1.2364461442792276
0   1.5062154941844867
0   1.2023188530542845
0   1.6323253651879019
0   1.4891569867600218
0   1.8747576367292202
0   1.4164214302073956
0   1.0044020136463789
0   0.06093312824734054
0   1.9884176007646799
0   1.0056295539192996
0   1.0429919231161502
0   1.0391515169202008
0   1.9902267515231884
0   1.0009883729081686
0   0.66385051768450376
0   2.9565249608773509
0   1.7785632902694433
0   1.0003210372930325
0   1.9882840895270171
0   1.9926877761348285
0   1.013129132485169
0   0.015968812519704612
0   1.3039257790038135
0   1.3037737688719699
0   0.054148356064534164
0   1.0002332786680237
0   2.8042382550198828
0   1.3026343999437078
0   1.0969026813677407
0   1.9994414935506581
0   1.0021633157599268
0   1.0000855512849398
0   1.0000305982409212
0   1.9971302429781796
0   0.0047833842800496518
0   1.0017122277650365
0   0.26136009755950385
0   1.0006260721455291
0   0.099527547822655382
0   1.0009838431933924
0   0.10033629362461938
0   1.9332546625412261
0   1.9661180710590886
0   1.00011455153058
0   1.0002226146735385
0   1.0030530491069554
0   1.9903670011173888
0   1.9853723301516562
0   1.0231627627324078
0   1.0001356852402852
0   0.10355923836569769
0   0.056338232945027711
0   1.0085636973484586
0   2.7078702227707794
0   1.4306135674218139
0   0.067203751484269048
0   1.0003650400679376
0   1.1165854525523917
0   1.0004082903485958
0   1.9806532758566133
0   1.518967361430303
0   0.063216563451950369
0   0.014683825323048794
0   1.000140852049235
0   1.0049562923655087
0   1.0005511992378435
0   1.0029885341547085
0   0.93387652299586832
0   0.051851203565543291
0   1.0000241747279282
0   1.6129156222652812
0   1.0035580149464185
0   1.9827239379475912
0   0.014699164706050372
0   1.0001007953340957
0   0.17514199632039507
0   1.0000312363824824
0   1.0057913641783964
0   1.9995818242387897
0   1.0305502736772048
0   0.3375620950171776
0   1.0000116284456346
0   1.9321190595166851
0   1.1183621157804315
0   1.9958578887232381
0   1.9404808517933749
0   2.9287573595058909

1   1.0049623607895075
1   1.0674928607725538
1   1.0070422753835775
1   1.9539397589486018
1   1.0087731362274481
1   1.9867401807784257
1   1.0124853479496441
1   1.054340359245489
1   1.9655282927625906
1   1.0255062517642874
1   1.0881532820524471
1   1.5826130164795007
1   1.9388759826513389
1   1.5338569983091541
1   2.0711911202685251
1   2.2254839412348915
1   1.4049696313965583
1   1.1668415006157609
1   1.4085329242715163
1   1.6936263468827399
1   1.6644227888195893
1   2.5748099207891655
1   1.2129799240601555
1   1.9060764673042545
1   1.9032017391542051
1   1.7388508416197817
1   1.1186321867376208
1   1.0285697171674086
1   1.0027531091484021
1   1.9988555818983462
1   1.041511203031815
1   1.5019155169362128
1   1.5237356134782529
1   1.6871270167041263
1   1.7857143044418722
1   1.9041669446655933
1   1.5263066660945812
1   1.347251381241434
1   1.5245627187758792
1   1.641246877084634
1   1.7204111158270319
1   1.2968444852218155
1   1.7537050869666366
1   1.8895466854609788
1   1.0146849999032821
1   1.0913741969947621
1   1.6895312201257822
1   1.4388422335341478
1   1.0417757429405528
1   1.9406216394226141
1   2.9420406611882748
1   1.024619408478197
1   1.9993244859796939
1   1.3536057972767495
1   1.5757319483460734
1   1.8004438287160789
1   1.5384355940052639
1   1.5492042359715463
1   1.9739851537228836
1   1.5688061847766916
1   2.3875639235560411
1   1.0021920788825411
1   1.044821573439332
1   1.6151463175636933
1   1.5066675397466542
1   1.0026214425931681
1   1.9733045099990889
1   1.0033717194731933
1   1.0185165350979635
1   1.1475304142115108
1   1.67519381440305
1   1.8609182202813694
1   1.2584138822165345
1   1.0735818553204637
1   1.2298065251720542
1   1.9817739880452065
1   1.9846575808430256
1   1.0311908249525454
1   1.0071018450152238
1   1.0479576230663592
1   2.423549893157058
1   1.7545013544868486
1   1.0019117618622215
1   2.0657850092735361
1   1.3320494499949418
1   1.8194044700574654
1   1.0167036968230603
1   1.0051626091855501
1   1.0022517347433377
1   1.0067166560625243
1   1.9960118575403234
1   1.0214261156969642
1   1.0072804499710675
1   1.9809426460177453
1   1.0195916430104039
1   1.0129628391493486
1   1.0549876862870338
1   1.831676133147301
1   1.2201355786909127
1   1.1710768969091945
1   1.943551235312531
1   1.1226202237426131
1   1.9877289156902562
1   1.9416679230973033
1   2.934091329174096

2   2.0000154907755139
2   2.0013973051055625
2   2.0018533115341688
2   2.0043433018966801
2   2.0107017382937302
2   2.9592664388163774
2   2.0027315042499638
2   2.0455264234281061
2   2.938244261829575
2   2.0690784384850387
2   2.0048771239469891
2   2.0290724394896444
2   2.0015465721708559
2   2.379742888896061
2   2.0004198196002005
2   2.0002861806710319
2   2.1555739846957245
2   2.5419518744056266
2   2.0131448990408964
2   2.0007062177106443
2   2.949396687215442
2   2.0396534287256416
2   2.0005670049461703
2   2.0217562697353513
2   2.0000005376210486
2   2.9935218022262862
2   2.0000903119018925
2   2.0019348253228242
2   2.0000451545832605
2   2.0001839581747118
2   2.0053795619117407
2   2.0001604488719984
2   2.9403246681280311
2   2.0000796691705611
2   2.0759856098148473
2   2.000011069976928
2   2.0002288876062835
2   2.0011483426865477
2   2.0000107890359748
2   2.0726744427136619
2   2.0000595967453085
2   2.9460264191351015

3   3.0000000000000004
3   2.9999999999999996
3   2.9999999999999996
3   3
3   3.0000000000000004
3   3.0000000000000004
3   3.0000000000000004

