0   -34.9344   0.0290998   0.112747   8.23923e-07   0.248361   0.109791   0.109791   0.248361   8.23923e-07   0.112747   0.0290998   
1   -45.6181   0.015606   0.0375507   0.0890386   0.155286   0.202518   0.202518   0.155286   0.0890386   0.0375507   0.015606   
2   -46.5069   0.0144037   0.0370284   0.0915256   0.154831   0.202212   0.202212   0.154831   0.0915256   0.0370284   0.0144037   
3   -46.6895   0.0198706   0.0447397   0.101119   0.148156   0.186114   0.186114   0.148156   0.101119   0.0447397   0.0198706   
4   -46.6651   0.0213539   0.04927   0.104547   0.14707   0.177759   0.177759   0.14707   0.104547   0.04927   0.0213539   
5   -46.6651   0.0213539   0.04927   0.104547   0.14707   0.177759   0.177759   0.14707   0.104547   0.04927   0.0213539   
6   -46.6895   0.0198706   0.0447397   0.101119   0.148156   0.186114   0.186114   0.148156   0.101119   0.0447397   0.0198706   
7   -46.5069   0.0144037   0.0370284   0.0915256   0.154831   0.202212   0.202212   0.154831   0.0915256   0.0370284   0.0144037   
8   -45.6181   0.015606   0.0375507   0.0890386   0.155286   0.202518   0.202518   0.155286   0.0890386   0.0375507   0.015606   
9   -34.9344   0.0290998   0.112747   8.23923e-07   0.248361   0.109791   0.109791   0.248361   8.23923e-07   0.112747   0.0290998   
