-2.5   2.5
-2.5   2.4999999999999996
-2.5   2.4999999999999996
-2.5   2.5
-2.5   2.5000000000000004
-2.5   2.5000000000000004

-1.5   1.7213095660061857
-1.5   1.7461393487097525
-1.5   1.6239348300253704
-1.5   1.8640457839818603
-1.5   1.5708924324496727
-1.5   1.9377469904155991
-1.5   1.8119902514244148
-1.5   1.5831782217674615
-1.5   1.755968941619821
-1.5   1.7160634213727559
-1.5   1.8599613288006611
-1.5   1.5938277532387546
-1.5   1.6190936048129685
-1.5   1.8990466754023765
-1.5   1.8550897112595801
-1.5   1.5424797980610352
-1.5   1.9106253294643301
-1.5   1.6909813515749632
-1.5   1.7725786250094671
-1.5   1.5793464256872718
-1.5   1.6677578834105722
-1.5   1.6749986220116146
-1.5   2.0440912331029746
-1.5   1.5331362953289003
-1.5   1.9308402271099863
-1.5   1.5235986029797464
-1.5   1.7269576510730462
-1.5   1.728692956702762
-1.5   1.7152354205481117
-1.5   1.7612857354178058

-0.5   1.2311004487795412
-0.5   1.2310887911956234
-0.5   1.2338292388155727
-0.5   1.2340874118497005
-0.5   1.2319070278495265
-0.5   1.2319032272935235
-0.5   1.2333890684348183
-0.5   1.233350555618566
-0.5   1.2297906567856194
-0.5   1.2296497604872281
-0.5   1.23133219992695
-0.5   1.2351988669539233
-0.5   1.2250123669492148
-0.5   1.2281303881893217
-0.5   1.2310383086351093
-0.5   1.230936264786038
-0.5   1.4157479653395866
-0.5   1.0410195257089947
-0.5   1.1119198189124508
-0.5   1.1692432693777608
-0.5   1.296463751971038
-0.5   1.2067248979279883
-0.5   1.2675158322333202
-0.5   1.2887068203627583
-0.5   1.1638306108621974
-0.5   1.2626004297767872
-0.5   1.2383105670661028
-0.5   1.3273081699833955
-0.5   1.2023565086321255
-0.5   1.2241187835028187
-0.5   1.4024923662494084
-0.5   1.1835841788540342
-0.5   1.2028247290859921
-0.5   1.1954466439966926
-0.5   1.2400724682491187
-0.5   0.89730792833413386
-0.5   1.0751293314692654
-0.5   1.4033885506906132
-0.5   1.382291281405436
-0.5   1.0382880097851477
-0.5   1.4725093980178448
-0.5   1.1399458223274923
-0.5   1.5319581590528402
-0.5   1.0137270035528978
-0.5   1.1053434224256689
-0.5   1.1967224436152126
-0.5   1.2622580995756756
-0.5   1.3471060605530287
-0.5   1.1421241954121015
-0.5   1.3542881632557457
-0.5   1.3238304331654183
-0.5   1.178006711548315
-0.5   1.3292607356163626
-0.5   1.0273364691829596
-0.5   1.0784855693951678
-0.5   1.2226681736830061
-0.5   1.2478378878957821
-0.5   1.3234433156345271
-0.5   1.2303444243131785
-0.5   1.2475371730874072

0.5   1.2311004417603064
0.5   1.2310887982149117
0.5   1.2338292407727924
0.5   1.2340874098927748
0.5   1.2319070278491187
0.5   1.2319032272939294
0.5   1.2333890684348165
0.5   1.2333505556185653
0.5   1.2297906567856201
0.5   1.2296497604872274
0.5   1.2313321999269515
0.5   1.2351988669539233
0.5   1.2250123669492139
0.5   1.2281303881893242
0.5   1.2310383086351107
0.5   1.2309362647860376
0.5   1.4157479653395872
0.5   1.0410195257089936
0.5   1.1119198189129429
0.5   1.1692432693777604
0.5   1.2964637519706035
0.5   1.206724897927987
0.5   1.2675158322333102
0.5   1.2887068203627572
0.5   1.1638306108621934
0.5   1.2626004297767881
0.5   1.2383105670661045
0.5   1.3273081699833962
0.5   1.2023565086321255
0.5   1.2241187835028189
0.5   1.4024923662494073
0.5   1.1835841788540318
0.5   1.2028247290859919
0.5   1.1954466439966924
0.5   1.2400724682491191
0.5   0.89730792833413187
0.5   1.0751293314692714
0.5   1.4033885506906167
0.5   1.3822912814054304
0.5   1.0382880097851794
0.5   1.4725093980178459
0.5   1.1399458223274517
0.5   1.5319581590528499
0.5   1.0137270035528989
0.5   1.1053434224256724
0.5   1.1967224436152097
0.5   1.2622580995756785
0.5   1.3471060605530312
0.5   1.1421241954120942
0.5   1.3542881632557455
0.5   1.3238304331654187
0.5   1.1780067115483175
0.5   1.3292607356163522
0.5   1.0273364691829603
0.5   1.0784855693951787
0.5   1.2226681736830112
0.5   1.2478378878957874
0.5   1.3234433156345298
0.5   1.2303444243131822
0.5   1.2475371730874105

1.5   1.7213095660064015
1.5   1.7461393487095389
1.5   1.6239348300252709
1.5   1.8640457839819531
1.5   1.5708924324496811
1.5   1.9377469904155897
1.5   1.8119902514244179
1.5   1.5831782217674553
1.5   1.7559689416198196
1.5   1.7160634213727568
1.5   1.8599613288006611
1.5   1.5938277532387546
1.5   1.6190936048129689
1.5   1.8990466754023765
1.5   1.8550897112595806
1.5   1.5424797980610365
1.5   1.9106253294643287
1.5   1.6909813515749632
1.5   1.7725786250094679
1.5   1.5793464256872709
1.5   1.6677578834105726
1.5   1.6749986220116151
1.5   2.0440912331029741
1.5   1.5331362953289003
1.5   1.9308402271099867
1.5   1.5235986029797464
1.5   1.7269576510730462
1.5   1.7286929567027616
1.5   1.71523542054811
1.5   1.7612857354178058

2.5   2.5
2.5   2.4999999999999996
2.5   2.4999999999999996
2.5   2.5
2.5   2.5000000000000004
2.5   2.5000000000000004

