-3.5   3.4999999999999996
-3.5   3.5
-3.5   3.5
-3.5   3.5
-3.5   3.4999999999999991
-3.5   3.4999999999999991
-3.5   3.4999999999999996
-3.5   3.4999999999999996

-2.5   2.5001499380115519
-2.5   2.5001599717154677
-2.5   2.5024821229894241
-2.5   2.5099045401353366
-2.5   2.5086065877447239
-2.5   2.6047627972805718
-2.5   3.3416241871054364
-2.5   2.8280638950109545
-2.5   3.1931337455604853
-2.5   2.5247697363845316
-2.5   2.5639603813037426
-2.5   2.5250462740266424
-2.5   2.5103097425132272
-2.5   2.5023020452996549
-2.5   2.5013826703349022
-2.5   2.5130494168096282
-2.5   3.0685131635424621
-2.5   2.5076945706799738
-2.5   3.0954761281858789
-2.5   2.5057268524944014
-2.5   2.5675906358359151
-2.5   2.6965683085053422
-2.5   2.8746860425358771
-2.5   2.7698271948917959
-2.5   2.5038445798606559
-2.5   2.5706818194171324
-2.5   2.524549568612374
-2.5   2.5005208201820399
-2.5   2.5024870788101854
-2.5   2.5001337821573975
-2.5   3.4506501601496242
-2.5   2.5007598140666909
-2.5   2.5365285031923248
-2.5   2.5052214177905245
-2.5   2.5011917225969431
-2.5   3.4850997884329491
-2.5   2.5000429374000164
-2.5   2.5035512382336891
-2.5   2.5001522790389421
-2.5   2.5104039014023329
-2.5   2.5000641395532606
-2.5   2.5007780206222017
-2.5   2.5017357784310685
-2.5   2.5001385711746056
-2.5   2.5001285087545337
-2.5   2.747581376926953
-2.5   3.2992120679389414
-2.5   2.500051141218973
-2.5   2.5004959719172453
-2.5   2.5000928064181638
-2.5   2.5000689477110027
-2.5   2.5003602562169145
-2.5   2.500022333712574
-2.5   2.6442413379704459
-2.5   2.5001646168085658
-2.5   3.3871530803404521

-1.5   1.5039822826386278
-1.5   1.5068293241649338
-1.5   1.7086965489602894
-1.5   1.5185276997023824
-1.5   2.3405758891735768
-1.5   1.5702121410167833
-1.5   1.5153989313950476
-1.5   2.421034399993867
-1.5   1.5085552747098605
-1.5   2.3428395942997984
-1.5   1.66408613418966
-1.5   1.5691164863575819
-1.5   1.5359201117678425
-1.5   1.5411793852368123
-1.5   1.5946663882643537
-1.5   2.4456694425774157
-1.5   1.7053583335178728
-1.5   1.8189017247793395
-1.5   2.0170368585015241
-1.5   1.9498342159186275
-1.5   1.9433416279325004
-1.5   1.8427282959280027
-1.5   1.5507245772270357
-1.5   3.2319750861042884
-1.5   1.9636533080028169
-1.5   2.4378898820573913
-1.5   2.075967709633729
-1.5   2.1685936264942458
-1.5   2.4715386590545112
-1.5   2.2967879053116542
-1.5   1.7647107136200031
-1.5   1.9396289921310439
-1.5   2.0050707463890629
-1.5   2.1354532697575817
-1.5   2.2602770665057306
-1.5   1.6434719983419601
-1.5   2.3739161384979086
-1.5   1.5859858194195051
-1.5   1.5557417780138989
-1.5   1.5104813875237482
-1.5   1.5268521469039982
-1.5   2.4620188709625679
-1.5   1.5238613551110851
-1.5   1.5650680156175496
-1.5   2.4091482999183254
-1.5   1.5647979628242017
-1.5   2.3883699201295063
-1.5   1.6123784259266731
-1.5   1.5039849956021945
-1.5   1.5826190412427059
-1.5   1.9510755814846203
-1.5   1.9516654077430404
-1.5   1.562051619789774
-1.5   1.9739709584057681
-1.5   1.9550441091043926
-1.5   1.5309973309120366
-1.5   2.0558415525938236
-1.5   2.049945452468068
-1.5   2.3899032222760996
-1.5   2.0534979480422111
-1.5   2.0875713149956909
-1.5   2.1708348726093645
-1.5   2.6319492338557136
-1.5   2.4037726063494547
-1.5   1.8468348060891842
-1.5   1.8613570036614884
-1.5   2.1038589214426513
-1.5   2.1941813225088689
-1.5   2.0701926694669583
-1.5   2.1833443556126451
-1.5   2.0700504334496435
-1.5   2.2906404233221185
-1.5   2.2505164071776318
-1.5   2.0102886171806413
-1.5   1.5103348705696149
-1.5   1.5237640562065513
-1.5   1.5407603197337987
-1.5   1.5056388050165403
-1.5   1.5389888554926676
-1.5   1.6172023154550357
-1.5   2.2482742375439959
-1.5   1.8845062287172656
-1.5   1.8848983638596573
-1.5   2.1790432029900586
-1.5   1.93410929981561
-1.5   2.3598983591848151
-1.5   2.2752323613437753
-1.5   1.583615588059164
-1.5   1.525298101970697
-1.5   2.9690981603402804
-1.5   2.2685647565061209
-1.5   2.1955172846624551
-1.5   1.5262269561598623
-1.5   1.7890147878665421
-1.5   2.3999804996906819
-1.5   1.5931619902043885
-1.5   2.2458181597703657
-1.5   1.8385458823711502
-1.5   2.3911028352105688
-1.5   1.580898604747659
-1.5   1.5405877848065743
-1.5   1.7938581453443505
-1.5   2.8209588147361591
-1.5   2.2434108095028331
-1.5   1.5215262010274095
-1.5   2.4635922967717794
-1.5   1.5233759126332704
-1.5   1.5298698387479921
-1.5   2.4104524853526716
-1.5   1.9782877007013737
-1.5   1.9554547021502087
-1.5   2.1105560270720285
-1.5   2.1029728993074004
-1.5   1.6382673937421193
-1.5   1.5051484133382069
-1.5   1.516119045911744
-1.5   1.5080227388198595
-1.5   1.5079964462619331
-1.5   1.5081485732873094
-1.5   1.749033158600342
-1.5   1.7345832066575104
-1.5   1.578215214996685
-1.5   2.3185119623731967
-1.5   2.2518748384407408
-1.5   1.5090845244734314
-1.5   1.6165632736573698
-1.5   1.9818819201350579
-1.5   1.8807924917870165
-1.5   2.0968639786777499
-1.5   2.1287232031246317
-1.5   1.5166006918577053
-1.5   1.5087295773931224
-1.5   1.5134432081841349
-1.5   1.9591722303135826
-1.5   1.9217282094510644
-1.5   1.8742625455652093
-1.5   2.0089453035873777
-1.5   1.9519482111405937
-1.5   1.724142866280542
-1.5   3.2972933741560864
-1.5   2.4812624564569856
-1.5   1.5074934970356266
-1.5   1.6634177495633851
-1.5   1.5108524634529825
-1.5   1.503164501417205
-1.5   1.5258458753307296
-1.5   1.509485736748827
-1.5   1.6043771631962618
-1.5   1.5051251346189072
-1.5   2.4032018307121836
-1.5   1.5111724959552939
-1.5   2.4877109872363126
-1.5   1.5029631753459709
-1.5   1.5775118196627367
-1.5   1.5529547364145042
-1.5   1.5031610527072172
-1.5   1.5634366052506139
-1.5   2.0972617924812051
-1.5   1.9563747265967866
-1.5   1.7001829472053003
-1.5   1.6686769913359472
-1.5   1.7500014017373178
-1.5   2.2024653986435867
-1.5   1.7674399761266986
-1.5   2.4516335217349594
-1.5   2.4518916261838739
-1.5   2.3462251736927175
-1.5   3.352719702647474

-0.5   0.61691744604620835
-0.5   0.71133328441920418
-0.5   1.178352138245006
-0.5   0.94451971970681492
-0.5   1.0253750178408527
-0.5   0.93099629511484672
-0.5   1.3619831532819862
-0.5   1.4128400466757354
-0.5   1.2457172013046629
-0.5   2.309087745618196
-0.5   1.1362955903868159
-0.5   1.0934759576181174
-0.5   1.4709484226988871
-0.5   2.3903495069135383
-0.5   0.69235313550849642
-0.5   1.4612746184013454
-0.5   1.2460213757838636
-0.5   0.71963545200870249
-0.5   0.56808602921905904
-0.5   2.1306302939232191
-0.5   1.4110782141242069
-0.5   1.2551253722089373
-0.5   1.0391241646269034
-0.5   0.6761381460420639
-0.5   1.0887717891902926
-0.5   1.4781026275626985
-0.5   1.3221009775023356
-0.5   1.2622179903925304
-0.5   1.7049963792518041
-0.5   0.6246166005077789
-0.5   1.4217295712905043
-0.5   1.9228965046753927
-0.5   1.0929037488203877
-0.5   1.7816312263956045
-0.5   1.8399296563631267
-0.5   2.1253682913491398
-0.5   1.0762814534111689
-0.5   1.7991449003784448
-0.5   2.0259775276987813
-0.5   1.5807776192921352
-0.5   1.6190923121054333
-0.5   1.8351462285505167
-0.5   1.3881961497675683
-0.5   1.9451928433089773
-0.5   1.4004974429278596
-0.5   2.6993326492244112
-0.5   2.0069728571841128
-0.5   1.5187777845866228
-0.5   1.408717864477
-0.5   1.9039106610023269
-0.5   1.8528410099113541
-0.5   1.6699861605469293
-0.5   1.8399681903553873
-0.5   1.4768815393441226
-0.5   1.3086892564085144
-0.5   1.7278452475741526
-0.5   2.0097162749753865
-0.5   1.3027385531205058
-0.5   1.9006032842937026
-0.5   1.118683761612941
-0.5   2.2583063507703645
-0.5   0.72900056811407676
-0.5   1.1181298362717378
-0.5   1.3700342202011642
-0.5   0.77138630838103861
-0.5   1.1697777469362161
-0.5   0.90284557686950828
-0.5   1.434525066966619
-0.5   1.3246506989945592
-0.5   1.6259229121131731
-0.5   1.3989556649726207
-0.5   0.60275837437033641
-0.5   1.8487034182538493
-0.5   1.5710657041493943
-0.5   1.3795946155438394
-0.5   1.3119989265112602
-0.5   2.0579044143190885
-0.5   1.3834211050315017
-0.5   1.9421980227453877
-0.5   1.0134532879145441
-0.5   1.038628933394586
-0.5   1.342619952715328
-0.5   1.3416700904803522
-0.5   1.473537589177601
-0.5   0.69655292590019635
-0.5   1.4998517789281769
-0.5   1.5001405978944273
-0.5   1.1121429797909743
-0.5   0.90707434729995651
-0.5   1.3613293114869347
-0.5   1.3888046792285764
-0.5   1.2885281398704544
-0.5   1.3829070048635661
-0.5   1.8467342419721944
-0.5   1.877656505188273
-0.5   0.96659913528271457
-0.5   2.0728266393075008
-0.5   1.0661760202102406
-0.5   1.5086184398347906
-0.5   1.7070351695298598
-0.5   1.7230441918488633
-0.5   1.6867277870523836
-0.5   1.8765931559577238
-0.5   1.705914310194931
-0.5   1.5360833550123552
-0.5   1.8761420844431425
-0.5   1.9785979818334756
-0.5   1.6521129599949362
-0.5   1.7418281742440587
-0.5   2.1807210759347231
-0.5   1.9651966518610107
-0.5   1.7058571582175932
-0.5   1.5125621360118826
-0.5   1.6404767619196559
-0.5   1.3085782491266378
-0.5   1.4817678980518378
-0.5   2.0150800330649057
-0.5   2.097365268179312
-0.5   2.2531327011477855
-0.5   1.9392688668819607
-0.5   2.1847888784151688
-0.5   0.57775333791079553
-0.5   0.62734051822150461
-0.5   1.1110473454568095
-0.5   1.0644095688755753
-0.5   1.4849015878600758
-0.5   0.57923529781881955
-0.5   0.67970435072275426
-0.5   1.4428083832112475
-0.5   1.4768819466564937
-0.5   1.4923414512496458
-0.5   1.4713350843009931
-0.5   1.401116255227471
-0.5   2.1888839991144291
-0.5   1.3675226657807877
-0.5   1.1122990341792331
-0.5   2.4056296609937382
-0.5   1.3382023916795378
-0.5   1.5078457134516712
-0.5   1.4328573513893312
-0.5   1.9177147382211417
-0.5   2.2453534324373967
-0.5   1.4381974223805747
-0.5   1.0018852495799921
-0.5   1.291021990002085
-0.5   1.5055844672932883
-0.5   1.4357353792362944
-0.5   3.0729994642374301
-0.5   1.0850466641482746
-0.5   1.4787691629540403
-0.5   1.939486666431768
-0.5   1.6562617035089788
-0.5   1.6228800508706596
-0.5   0.91329581061083243
-0.5   2.0338607454105087
-0.5   0.90724576716024763
-0.5   1.3866970324516936
-0.5   1.1514178796938839
-0.5   1.1534106259200834
-0.5   2.3193851957687923
-0.5   0.85904765532274308
-0.5   2.2841898665053861
-0.5   0.84963396147211045
-0.5   1.4686549131964148
-0.5   1.8293003344976491
-0.5   1.8189840149130871
-0.5   1.3438836572790671
-0.5   0.75579343451282699
-0.5   0.79972857833258293
-0.5   1.3711396266778828
-0.5   3.0001052192847011
-0.5   1.7481725916540869
-0.5   1.3380544790820785
-0.5   1.5070793740961608
-0.5   1.6975955937630944
-0.5   1.3630618952786011
-0.5   2.3117193894057539
-0.5   1.6218007244359032
-0.5   1.6879563815608147
-0.5   1.3961617610179107
-0.5   1.3740914170692922
-0.5   1.6445543734243984
-0.5   1.6731737535103028
-0.5   0.97992645024297098
-0.5   0.90267688830563997
-0.5   1.4558567416996313
-0.5   0.57465807989900908
-0.5   0.84352573968202238
-0.5   1.4869470348623004
-0.5   1.347858550308406
-0.5   1.4903218272614698
-0.5   0.59238548044715622
-0.5   0.58080575183085359
-0.5   1.2709396676881561
-0.5   1.4097384671337991
-0.5   0.89621810277127345
-0.5   0.69116707267391098
-0.5   1.7773841207801837
-0.5   1.9275167374959308
-0.5   1.6131736709949442
-0.5   2.1062395134608853
-0.5   2.1288668116808154
-0.5   1.4207767857527633
-0.5   0.63868519968215143
-0.5   0.63041828101107611
-0.5   0.67085198271369872
-0.5   1.4693133825424136
-0.5   0.54509139206154766
-0.5   0.85415632443297684
-0.5   1.4821220721053414
-0.5   1.849874376245888
-0.5   2.1096677689425651
-0.5   1.5101251021297735
-0.5   1.4624501445850864
-0.5   1.0356787878866756
-0.5   1.4669459777827718
-0.5   1.4189788509054742
-0.5   1.0310905240435082
-0.5   0.70976543979806017
-0.5   1.2861318753423958
-0.5   0.51613347954633415
-0.5   0.53392818259062791
-0.5   0.60268782527319975
-0.5   0.761303684957646
-0.5   1.3518330414397584
-0.5   1.1768423293559067
-0.5   0.91620691113848984
-0.5   1.7205161283307584
-0.5   2.3172428920031658
-0.5   2.3705727272553325
-0.5   1.6827906861019515
-0.5   1.5840966739322497
-0.5   2.2247826463176317
-0.5   1.9145972272772811
-0.5   1.3873784450662261
-0.5   1.733533510764008
-0.5   0.78012910467413321
-0.5   1.3698735175896946
-0.5   1.6549436408635634
-0.5   1.0082504647742909
-0.5   1.339972779929457
-0.5   0.60954893794070353
-0.5   1.4407889858177281
-0.5   0.8954790796757166
-0.5   1.0154072555194762
-0.5   0.52455009850010725
-0.5   1.1472780945260006
-0.5   1.1060523329312875
-0.5   1.250201202751611
-0.5   1.3659429102484786
-0.5   1.4861985222131926
-0.5   1.124041562168939
-0.5   2.2106916527020575
-0.5   1.5184297051836753
-0.5   2.312441835056203
-0.5   0.53833096397798696
-0.5   0.6268202920997108
-0.5   1.4698001064289117
-0.5   0.69060961636797291
-0.5   0.57257204725971
-0.5   0.88957890193855227
-0.5   1.4868745108521475
-0.5   1.3562913958234302
-0.5   1.3327836943000699
-0.5   0.71255297841342391
-0.5   2.068341245751272
-0.5   1.448550498467345
-0.5   0.93083064810646099
-0.5   1.5274305936452075
-0.5   1.4829585306955233
-0.5   1.4002594278536433
-0.5   1.0136785905272749
-0.5   2.2647730410809599
-0.5   1.7707422768793606
-0.5   1.5244570595405009
-0.5   2.319038888403782
-0.5   1.6049103223458623
-0.5   2.4573696172633115
-0.5   2.3513575958947768
-0.5   3.3365457870490651

0.5   0.61691744604610332
0.5   0.71133328441915999
0.5   1.1783521382450799
0.5   0.94451971970683535
0.5   1.0253750178409629
0.5   0.93099629511475079
0.5   1.3619831532819484
0.5   1.412840046675736
0.5   1.2457172013047266
0.5   2.3090877456181809
0.5   1.1362955903868952
0.5   1.0934759576180406
0.5   1.4709484226988756
0.5   2.3903495069135428
0.5   0.69235313550849331
0.5   1.4612746184013512
0.5   1.2460213757838499
0.5   0.71963545200872336
0.5   0.56808602921906592
0.5   2.130630293923363
0.5   1.4110782141240388
0.5   1.2551253722089113
0.5   1.0391241646268945
0.5   0.67613814604209632
0.5   1.0887717891900563
0.5   1.4781026275626941
0.5   1.3221009775024977
0.5   1.2622179903925612
0.5   1.704996379251825
0.5   0.62461660050770629
0.5   1.4217295712906854
0.5   1.9228965046753679
0.5   1.0929037488202202
0.5   1.7816312263957905
0.5   1.8399296563631813
0.5   2.1253682913490048
0.5   1.0762814534110376
0.5   1.7991449003784612
0.5   2.0259775276988052
0.5   1.5807776192921543
0.5   1.6190923121054364
0.5   1.8351462285504292
0.5   1.3881961497677733
0.5   1.9451928433089827
0.5   1.4004974429277994
0.5   2.6993326492244161
0.5   2.0069728571840599
0.5   1.5187777845865855
0.5   1.4087178644770066
0.5   1.9039106610023397
0.5   1.8528410099113573
0.5   1.6699861605469537
0.5   1.8399681903553518
0.5   1.4768815393440926
0.5   1.3086892564083792
0.5   1.7278452475741326
0.5   2.0097162749754576
0.5   1.3027385531204971
0.5   1.9006032842937577
0.5   1.1186837616129413
0.5   2.2583063507703729
0.5   0.729000568114059
0.5   1.11812983627174
0.5   1.3700342202010889
0.5   0.77138630838114919
0.5   1.1697777469362323
0.5   0.90284557686944544
0.5   1.4345250669666478
0.5   1.3246506989945619
0.5   1.6259229121131851
0.5   1.3989556649726305
0.5   0.60275837437033064
0.5   1.848703418253836
0.5   1.571065704149361
0.5   1.3795946155438474
0.5   1.311998926511255
0.5   2.0579044143191045
0.5   1.3834211050314611
0.5   1.9421980227454325
0.5   1.0134532879145512
0.5   1.038628933394621
0.5   1.3426199527153169
0.5   1.3416700904803331
0.5   1.4735375891775997
0.5   0.69655292590019457
0.5   1.4998517789281804
0.5   1.5001405978944327
0.5   1.1121429797909606
0.5   0.90707434729993142
0.5   1.3613293114869334
0.5   1.3888046792285762
0.5   1.288528139870464
0.5   1.3829070048635619
0.5   1.8467342419721762
0.5   1.8776565051883258
0.5   0.966599135282739
0.5   2.0728266393074719
0.5   1.0661760202102433
0.5   1.5086184398347879
0.5   1.7070351695298678
0.5   1.7230441918488668
0.5   1.6867277870523778
0.5   1.8765931559577225
0.5   1.7059143101949332
0.5   1.5360833550123303
0.5   1.8761420844431682
0.5   1.9785979818334716
0.5   1.6521129599949393
0.5   1.7418281742440556
0.5   2.1807210759347044
0.5   1.9651966518610755
0.5   1.7058571582175142
0.5   1.5125621360118795
0.5   1.640476761919663
0.5   1.3085782491266429
0.5   1.4817678980518609
0.5   2.0150800330649385
0.5   2.0973652681792845
0.5   2.2531327011477726
0.5   1.9392688668819513
0.5   2.1847888784151794
0.5   0.57775333791079309
0.5   0.62734051822150527
0.5   1.1110473454568217
0.5   1.0644095688755615
0.5   1.4849015878600735
0.5   0.579235297818818
0.5   0.6797043507227758
0.5   1.4428083832112339
0.5   1.4768819466564971
0.5   1.4923414512496436
0.5   1.4713350843009847
0.5   1.4011162552274683
0.5   2.188883999114434
0.5   1.3675226657807849
0.5   1.1122990341792389
0.5   2.4056296609937462
0.5   1.33820239167955
0.5   1.5078457134516725
0.5   1.4328573513893195
0.5   1.9177147382211408
0.5   2.2453534324374012
0.5   1.4381974223805645
0.5   1.001885249579993
0.5   1.2910219900020787
0.5   1.5055844672932834
0.5   1.4357353792362935
0.5   3.0729994642374416
0.5   1.0850466641482539
0.5   1.4787691629540389
0.5   1.9394866664317654
0.5   1.6562617035089815
0.5   1.6228800508706684
0.5   0.91329581061082221
0.5   2.033860745410518
0.5   0.90724576716024785
0.5   1.3866970324516936
0.5   1.1514178796938832
0.5   1.1534106259200865
0.5   2.3193851957687932
0.5   0.85904765532273641
0.5   2.284189866505387
0.5   0.84963396147212
0.5   1.4686549131964206
0.5   1.8293003344976531
0.5   1.8189840149130996
0.5   1.3438836572790753
0.5   0.75579343451282788
0.5   0.79972857833256961
0.5   1.3711396266778852
0.5   3.0001052192847086
0.5   1.7481725916540722
0.5   1.3380544790820905
0.5   1.5070793740961612
0.5   1.69759559376307
0.5   1.3630618952786007
0.5   2.3117193894057579
0.5   1.6218007244358823
0.5   1.6879563815609324
0.5   1.3961617610177808
0.5   1.3740914170693375
0.5   1.6445543734244183
0.5   1.6731737535101057
0.5   0.97992645024324099
0.5   0.90267688830562953
0.5   1.4558567416996357
0.5   0.57465807989901774
0.5   0.84352573968202038
0.5   1.4869470348622984
0.5   1.347858550308402
0.5   1.4903218272614691
0.5   0.59238548044715733
0.5   0.58080575183086314
0.5   1.2709396676881377
0.5   1.4097384671338025
0.5   0.8962181027712981
0.5   0.69116707267391075
0.5   1.777384120780106
0.5   1.9275167374959365
0.5   1.6131736709949518
0.5   2.1062395134608791
0.5   2.1288668116808815
0.5   1.4207767857527389
0.5   0.63868519968215631
0.5   0.63041828101108854
0.5   0.67085198271372559
0.5   1.4693133825424163
0.5   0.54509139206154922
0.5   0.85415632443289957
0.5   1.4821220721047577
0.5   1.8498743762463974
0.5   2.1096677689425873
0.5   1.5101251021297872
0.5   1.4624501445851021
0.5   1.0356787878866944
0.5   1.4669459777827569
0.5   1.4189788509054777
0.5   1.0310905240434403
0.5   0.70976543979807816
0.5   1.286131875342452
0.5   0.51613347954633726
0.5   0.53392818259064168
0.5   0.60268782527322173
0.5   0.76130368495760115
0.5   1.3518330414396429
0.5   1.1768423293559043
0.5   0.91620691113840436
0.5   1.7205161283307882
0.5   2.3172428920032901
0.5   2.3705727272553268
0.5   1.6827906861019657
0.5   1.5840966739322551
0.5   2.2247826463176139
0.5   1.9145972272772624
0.5   1.3873784450661486
0.5   1.7335335107639667
0.5   0.78012910467408858
0.5   1.3698735175897614
0.5   1.6549436408635954
0.5   1.0082504647743651
0.5   1.3399727799294365
0.5   0.60954893794068576
0.5   1.4407889858177363
0.5   0.8954790796757337
0.5   1.0154072555195315
0.5   0.52455009850013412
0.5   1.1472780945261225
0.5   1.1060523329310636
0.5   1.2502012027515412
0.5   1.3659429102484795
0.5   1.4861985222131755
0.5   1.1240415621689162
0.5   2.2106916527022782
0.5   1.5184297051834506
0.5   2.3124418350562377
0.5   0.53833096397798919
0.5   0.62682029209963241
0.5   1.4698001064289423
0.5   0.69060961636803286
0.5   0.5725720472596616
0.5   0.88957890193851252
0.5   1.4868745108521235
0.5   1.3562913958234604
0.5   1.3327836943000813
0.5   0.71255297841345877
0.5   2.0683412457513524
0.5   1.4485504984672464
0.5   0.93083064810660687
0.5   1.5274305936450938
0.5   1.4829585306955382
0.5   1.400259427853475
0.5   1.0136785905272419
0.5   2.2647730410812805
0.5   1.770742276879075
0.5   1.5244570595405795
0.5   2.3190388884037221
0.5   1.604910322345825
0.5   2.4573696172633066
0.5   2.351357595894779
0.5   3.3365457870490802

1.5   1.5039822826386282
1.5   1.5068293241649346
1.5   1.7086965489602854
1.5   1.5185276997023811
1.5   2.3405758891735693
1.5   1.570212141016794
1.5   1.5153989313950524
1.5   2.4210343999938635
1.5   1.5085552747098587
1.5   2.3428395942998157
1.5   1.6640861341896458
1.5   1.5691164863575824
1.5   1.5359201117678447
1.5   1.541179385236807
1.5   1.5946663882643581
1.5   2.4456694425774197
1.5   1.7053583335178768
1.5   1.8189017247793493
1.5   2.0170368585015424
1.5   1.9498342159186901
1.5   1.9433416279324272
1.5   1.8427282959279783
1.5   1.5507245772270104
1.5   3.2319750861042884
1.5   1.9636533080028031
1.5   2.4378898820572927
1.5   2.0759677096337472
1.5   2.1685936264942769
1.5   2.4715386590546049
1.5   2.2967879053116476
1.5   1.7647107136199915
1.5   1.9396289921309431
1.5   2.0050707463891309
1.5   2.1354532697575852
1.5   2.2602770665057377
1.5   1.6434719983419632
1.5   2.3739161384979104
1.5   1.5859858194195047
1.5   1.5557417780138905
1.5   1.5104813875237495
1.5   1.5268521469039942
1.5   2.4620188709625732
1.5   1.5238613551110856
1.5   1.5650680156175611
1.5   2.4091482999183169
1.5   1.5647979628241884
1.5   2.3883699201295072
1.5   1.6123784259266847
1.5   1.503984995602194
1.5   1.5826190412427055
1.5   1.9510755814846243
1.5   1.9516654077430386
1.5   1.5620516197897718
1.5   1.9739709584057703
1.5   1.9550441091043926
1.5   1.5309973309120379
1.5   2.0558415525938201
1.5   2.0499454524680711
1.5   2.3899032222760743
1.5   2.0534979480422106
1.5   2.0875713149957074
1.5   2.1708348726093707
1.5   2.631949233855694
1.5   2.4037726063494493
1.5   1.8468348060891824
1.5   1.8613570036614955
1.5   2.1038589214426531
1.5   2.1941813225088755
1.5   2.0701926694669597
1.5   2.1833443556126531
1.5   2.0700504334496448
1.5   2.2906404233221371
1.5   2.2505164071776416
1.5   2.0102886171806373
1.5   1.5103348705696154
1.5   1.5237640562065518
1.5   1.5407603197337978
1.5   1.5056388050165408
1.5   1.5389888554926663
1.5   1.6172023154550388
1.5   2.2482742375439906
1.5   1.8845062287172696
1.5   1.8848983638596661
1.5   2.1790432029900502
1.5   1.9341092998156073
1.5   2.3598983591848044
1.5   2.2752323613437815
1.5   1.5836155880591818
1.5   1.5252981019707006
1.5   2.9690981603402617
1.5   2.2685647565061262
1.5   2.1955172846624738
1.5   1.5262269561598623
1.5   1.7890147878665359
1.5   2.3999804996906855
1.5   1.5931619902043899
1.5   2.2458181597703519
1.5   1.8385458823711578
1.5   2.3911028352105661
1.5   1.5808986047476594
1.5   1.5405877848065761
1.5   1.7938581453443434
1.5   2.8209588147361631
1.5   2.2434108095028389
1.5   1.521526201027402
1.5   2.463592296771778
1.5   1.5233759126332678
1.5   1.529869838747993
1.5   2.4104524853526699
1.5   1.9782877007013777
1.5   1.9554547021501887
1.5   2.1105560270720507
1.5   2.1029728993074017
1.5   1.6382673937421206
1.5   1.5051484133382069
1.5   1.5161190459117448
1.5   1.5080227388198586
1.5   1.5079964462619326
1.5   1.5081485732873099
1.5   1.7490331586003256
1.5   1.7345832066574882
1.5   1.5782152149967028
1.5   2.318511962373214
1.5   2.2518748384407448
1.5   1.5090845244734323
1.5   1.6165632736573703
1.5   1.9818819201349989
1.5   1.8807924917869707
1.5   2.096863978677808
1.5   2.1287232031246788
1.5   1.5166006918577084
1.5   1.5087295773931229
1.5   1.5134432081841358
1.5   1.9591722303135879
1.5   1.9217282094510963
1.5   1.8742625455652191
1.5   2.0089453035874154
1.5   1.9519482111411408
1.5   1.7241428662799447
1.5   3.2972933741560331
1.5   2.4812624564569821
1.5   1.5074934970356249
1.5   1.6634177495633939
1.5   1.5108524634529807
1.5   1.5031645014172041
1.5   1.5258458753307158
1.5   1.5094857367488252
1.5   1.6043771631962271
1.5   1.5051251346189076
1.5   2.4032018307122196
1.5   1.5111724959553006
1.5   2.4877109872363135
1.5   1.5029631753459722
1.5   1.5775118196627638
1.5   1.552954736414522
1.5   1.5031610527072159
1.5   1.563436605250621
1.5   2.0972617924811443
1.5   1.956374726596843
1.5   1.7001829472053291
1.5   1.6686769913359196
1.5   1.7500014017372867
1.5   2.2024653986435929
1.5   1.7674399761266861
1.5   2.4516335217349425
1.5   2.4518916261838362
1.5   2.3462251736927473
1.5   3.3527197026474909

2.5   2.5001499380115502
2.5   2.5001599717154668
2.5   2.5024821229894236
2.5   2.5099045401353379
2.5   2.5086065877447239
2.5   2.6047627972805647
2.5   3.3416241871054266
2.5   2.8280638950110251
2.5   3.1931337455604196
2.5   2.5247697363845356
2.5   2.5639603813037466
2.5   2.5250462740266442
2.5   2.510309742513229
2.5   2.5023020452996536
2.5   2.5013826703349022
2.5   2.5130494168096278
2.5   3.0685131635424612
2.5   2.5076945706799747
2.5   3.0954761281858798
2.5   2.5057268524944023
2.5   2.5675906358359177
2.5   2.6965683085053369
2.5   2.8746860425358665
2.5   2.7698271948918025
2.5   2.5038445798606555
2.5   2.5706818194171435
2.5   2.5245495686123745
2.5   2.5005208201820404
2.5   2.5024870788101854
2.5   2.500133782157397
2.5   3.4506501601496224
2.5   2.50075981406669
2.5   2.5365285031923279
2.5   2.5052214177905254
2.5   2.5011917225969436
2.5   3.4850997884329469
2.5   2.5000429374000164
2.5   2.5035512382336873
2.5   2.5001522790389412
2.5   2.5104039014023334
2.5   2.5000641395532606
2.5   2.5007780206222012
2.5   2.5017357784310676
2.5   2.5001385711746056
2.5   2.5001285087545351
2.5   2.7475813769269495
2.5   3.2992120679389472
2.5   2.5000511412189739
2.5   2.5004959719172444
2.5   2.5000928064181647
2.5   2.5000689477110032
2.5   2.5003602562169154
2.5   2.5000223337125735
2.5   2.6442413379704512
2.5   2.5001646168085658
2.5   3.3871530803404486

3.5   3.4999999999999996
3.5   3.5
3.5   3.5
3.5   3.5
3.5   3.4999999999999991
3.5   3.4999999999999991
3.5   3.4999999999999996
3.5   3.4999999999999996

