-3.5   3.5
-3.5   3.5
-3.5   3.5
-3.5   3.4999999999999996
-3.5   3.5000000000000009
-3.5   3.4999999999999996
-3.5   3.5
-3.5   3.5

-2.5   2.5000798624810265
-2.5   2.5001014490538838
-2.5   2.5015086481060917
-2.5   2.5057137232647206
-2.5   2.5061902132171117
-2.5   2.565825631095449
-2.5   3.4054951188583771
-2.5   2.8835194782367375
-2.5   3.1549850156275094
-2.5   2.5161331275597441
-2.5   2.535273932117883
-2.5   2.5162601033684342
-2.5   2.507624852763243
-2.5   2.5012307645312206
-2.5   2.5008082879892095
-2.5   2.5076393231600123
-2.5   3.069996803448888
-2.5   2.5102304204121739
-2.5   3.0988657844990195
-2.5   2.5040022483610396
-2.5   2.5668318373222894
-2.5   2.6978690767755586
-2.5   2.876056171564255
-2.5   2.7691084939546036
-2.5   2.50321470873225
-2.5   2.5701653813090828
-2.5   2.5149450514807232
-2.5   2.5003264194493759
-2.5   2.5022071826009706
-2.5   2.5000766085939956
-2.5   3.4715685492879507
-2.5   2.500412203048664
-2.5   2.5195355912339794
-2.5   2.5032286032679751
-2.5   2.5007706049344671
-2.5   3.4912087833514645
-2.5   2.5000250275501723
-2.5   2.5016574099282738
-2.5   2.5000886949707581
-2.5   2.5064811192221841
-2.5   2.5000343678585728
-2.5   2.500474121002056
-2.5   2.5010032278805223
-2.5   2.5000845057070213
-2.5   2.5000765607563475
-2.5   2.7035948089034569
-2.5   3.3373946525521765
-2.5   2.5000328881083145
-2.5   2.5003048841304611
-2.5   2.5000546651790887
-2.5   2.5000449439816865
-2.5   2.5005795226245051
-2.5   2.5000192071080227
-2.5   2.6075014505369292
-2.5   2.5000921257097568
-2.5   3.4165002928670627

-1.5   1.5012143760753136
-1.5   1.5033638067895945
-1.5   1.6526744637657083
-1.5   1.5115964120754883
-1.5   2.3879702494716986
-1.5   1.5446479105089508
-1.5   1.50891975453214
-1.5   2.4503047535513369
-1.5   1.5065395402341371
-1.5   2.3080650049204117
-1.5   1.730791332179439
-1.5   1.5402853635519644
-1.5   1.5200568338853366
-1.5   1.5230900429684371
-1.5   1.5529596623759816
-1.5   2.4704333916215537
-1.5   1.6340319273022632
-1.5   1.8382100293682413
-1.5   2.1142848640491669
-1.5   2.0068319025218755
-1.5   1.8492058427416551
-1.5   1.8298812852750563
-1.5   1.5365418512638258
-1.5   3.33645045640493
-1.5   1.7118845356571923
-1.5   2.6745687743725197
-1.5   2.0257233672032759
-1.5   2.241167129903622
-1.5   2.5018655787500643
-1.5   2.2720418101772721
-1.5   1.7241250707670108
-1.5   1.8020695028978819
-1.5   1.9591852539936583
-1.5   2.1739422339687637
-1.5   2.2358167821661485
-1.5   1.6107742241999077
-1.5   2.4227930390875891
-1.5   1.5545268396793324
-1.5   1.5339935244932796
-1.5   1.5069618280668609
-1.5   1.5190341881651315
-1.5   2.4760917451985693
-1.5   1.5169703103699166
-1.5   1.533337488100214
-1.5   2.4376889947047755
-1.5   1.559614383679174
-1.5   2.4229317790039424
-1.5   1.5762818826938005
-1.5   1.5024106341034966
-1.5   1.5499699677460423
-1.5   1.5194439133646607
-1.5   1.9523751754925844
-1.5   1.9524850384611416
-1.5   1.8554997329788723
-1.5   1.9904408828686315
-1.5   1.6661765144421508
-1.5   2.0572308059992399
-1.5   2.0474372851015086
-1.5   2.3824219301003819
-1.5   2.0631354490783882
-1.5   2.1001989485260752
-1.5   2.1712469493180531
-1.5   2.6241817621205503
-1.5   2.4059503587625444
-1.5   1.8479033433256316
-1.5   1.8643980736667296
-1.5   2.1066511681094893
-1.5   2.1897060906950534
-1.5   2.0671011165516178
-1.5   2.2118553851811882
-1.5   2.0506283894391268
-1.5   2.296903392676803
-1.5   2.2492391829537124
-1.5   2.010380367895277
-1.5   1.5060800015313554
-1.5   1.513850190707366
-1.5   1.5243134158577023
-1.5   1.5030775860043057
-1.5   1.5219793515358271
-1.5   1.5799648050810737
-1.5   2.3606989199533381
-1.5   2.1579015907313943
-1.5   1.7394100663368137
-1.5   1.9379373536488544
-1.5   1.9495788684571469
-1.5   2.1985292491165276
-1.5   2.4181254542050876
-1.5   1.5177181762384868
-1.5   1.5158436525258154
-1.5   3.2079276791326934
-1.5   2.2752536811518156
-1.5   1.9404808428614251
-1.5   1.5861353473409756
-1.5   1.7255099789495056
-1.5   2.4269202696647914
-1.5   1.5583215925827059
-1.5   2.2988732868148105
-1.5   1.7738878361578738
-1.5   2.4283765471796324
-1.5   1.5563027243688388
-1.5   1.5188793325163967
-1.5   1.6242889046011646
-1.5   2.9594363594339392
-1.5   2.3853378997449375
-1.5   1.5123493881921255
-1.5   2.3209887349306464
-1.5   1.5206748307633466
-1.5   1.5204515664231737
-1.5   2.4536698871999967
-1.5   2.0367805632594527
-1.5   1.9384629520685714
-1.5   2.1111280927767422
-1.5   2.0524091628353833
-1.5   1.6055560430701248
-1.5   1.5024963025789253
-1.5   1.5097670901936713
-1.5   1.5049850881623632
-1.5   1.5055667451457202
-1.5   1.5057306222528513
-1.5   1.7514704053094414
-1.5   1.7307524928376705
-1.5   1.5452541440285663
-1.5   2.3257194326483086
-1.5   2.2779591835700357
-1.5   1.505060120351831
-1.5   1.549686068182734
-1.5   2.0780826686478049
-1.5   2.0438516993269755
-1.5   2.0115280370674928
-1.5   2.0211493850770346
-1.5   1.5057104057420849
-1.5   1.5052577378317191
-1.5   1.5088729324040111
-1.5   1.977064164008322
-1.5   1.9166437760153756
-1.5   1.8758399619229111
-1.5   1.5102071890300754
-1.5   1.9781456188168556
-1.5   2.1119557397646598
-1.5   3.3598522166178624
-1.5   2.4879995398795223
-1.5   1.5014581097494979
-1.5   1.6045922177117955
-1.5   1.5090245491972967
-1.5   1.5019198327541101
-1.5   1.5157143515519693
-1.5   1.5059160733981725
-1.5   1.5780713484265441
-1.5   1.5032469915459443
-1.5   2.4319475031901572
-1.5   1.5063915633140064
-1.5   2.4926812507320752
-1.5   1.5019605390899913
-1.5   1.5486498418020025
-1.5   1.529941448913434
-1.5   1.5013498730790653
-1.5   1.5478301922286399
-1.5   2.264001975394291
-1.5   1.7797406234230841
-1.5   1.6610305340169429
-1.5   1.7886583429636214
-1.5   2.1731832725608702
-1.5   1.7051967831709858
-1.5   2.4619109480349231
-1.5   1.668384261287633
-1.5   2.469249664817001
-1.5   2.3835919301883064
-1.5   3.3888320260915377

-0.5   0.53568611860379023
-0.5   0.61670729804790714
-0.5   1.2670939693711043
-0.5   0.93303723200203881
-0.5   0.97849465040092709
-0.5   0.88561620155501997
-0.5   1.3313785111577412
-0.5   1.42376872563477
-0.5   1.3036159649235908
-0.5   2.3514594704173066
-0.5   1.2423113130357204
-0.5   0.94975241037307923
-0.5   1.4824502227595884
-0.5   2.4317786839050157
-0.5   0.61011585975199489
-0.5   1.4788950906946245
-0.5   0.64276475994637061
-0.5   1.3376201392881293
-0.5   0.54403094339057878
-0.5   2.0864050132291618
-0.5   1.4198385244582168
-0.5   1.3182552490049348
-0.5   0.56410578516908338
-0.5   0.88869024079877157
-0.5   1.1828524160961869
-0.5   1.486442892337416
-0.5   1.2463490462971831
-0.5   1.2925881380117683
-0.5   0.57309193510257694
-0.5   1.8907941713107457
-0.5   1.4305105592929486
-0.5   1.8310176287866851
-0.5   0.85477303477333777
-0.5   1.7715741713814146
-0.5   2.0645181386756497
-0.5   1.9792949764799475
-0.5   1.1698275964052001
-0.5   1.6479270378461677
-0.5   2.0936883386876319
-0.5   1.560966904773061
-0.5   2.21331436753609
-0.5   1.5050752159552263
-0.5   1.4121151351681136
-0.5   1.9731751956594383
-0.5   1.1278096881333801
-0.5   2.8593943303246414
-0.5   2.0148732320956872
-0.5   1.7099586678063314
-0.5   1.8920509509623327
-0.5   1.3412910808649816
-0.5   1.7539481008744473
-0.5   1.6517213649672229
-0.5   1.652563959917138
-0.5   1.5106062030478378
-0.5   1.5160490668625637
-0.5   1.5499457626641209
-0.5   1.8715721961015235
-0.5   1.4261177684908133
-0.5   1.8284387509575848
-0.5   1.0985659431051815
-0.5   2.3575669427707151
-0.5   0.66723334760734487
-0.5   1.4155789479031384
-0.5   0.97531597593889341
-0.5   0.6850482197591734
-0.5   1.2333657824694215
-0.5   0.77692609886672792
-0.5   1.4570141826557654
-0.5   1.373648535895305
-0.5   1.6823465056432974
-0.5   1.4304332678983018
-0.5   0.59419704039435484
-0.5   1.8033377940388067
-0.5   1.4171269119695864
-0.5   1.8312807194564318
-0.5   1.3698487506542121
-0.5   1.7913334530226108
-0.5   1.1148383018714552
-0.5   2.1335515360274226
-0.5   1.1245353269799667
-0.5   1.0212231085256547
-0.5   1.1625242843371482
-0.5   1.3109807840583321
-0.5   1.4830909041313762
-0.5   0.61445980698817126
-0.5   1.198308577280341
-0.5   1.500020487746319
-0.5   1.5001290686776536
-0.5   0.75564844679350673
-0.5   1.0417385791136597
-0.5   1.3867810669530425
-0.5   1.4532592517577709
-0.5   1.4571909261152145
-0.5   0.68290365324729874
-0.5   1.8530225601383439
-0.5   1.8883994253628731
-0.5   1.2217403429491223
-0.5   2.0922190545357844
-0.5   1.5050486843712401
-0.5   1.8010497817026034
-0.5   1.725722360777628
-0.5   1.6813522204444937
-0.5   1.8768550801322554
-0.5   1.7264651473245842
-0.5   1.5689509564248652
-0.5   1.905351682127685
-0.5   1.9760111501003048
-0.5   1.6622955519616318
-0.5   1.7676695411097767
-0.5   2.1817864524059511
-0.5   2.0335919786650316
-0.5   1.5096664228706915
-0.5   1.6674151075894268
-0.5   1.6449618447564198
-0.5   1.3266533368791702
-0.5   1.4466344795352695
-0.5   2.0628346660339991
-0.5   2.0507074717424674
-0.5   2.2365796816506847
-0.5   1.8807317208175114
-0.5   2.1899217476118888
-0.5   0.5464182486058291
-0.5   0.57842846854730445
-0.5   1.1864820510525389
-0.5   0.97756739467471165
-0.5   1.4911184463060201
-0.5   0.55149031698070772
-0.5   0.68518667934978295
-0.5   1.4196470735568136
-0.5   1.4822734407196421
-0.5   1.4969311422066098
-0.5   1.5739747877891102
-0.5   1.4426300146359843
-0.5   2.0114017982258754
-0.5   1.2494987265195725
-0.5   1.1867489351210356
-0.5   2.4258090437698603
-0.5   1.428224322297041
-0.5   1.3924939528758675
-0.5   1.3021903432878161
-0.5   2.0972879374000648
-0.5   2.3134763089158645
-0.5   1.4860189081004576
-0.5   0.9614318966332529
-0.5   1.4858699612525952
-0.5   1.4350039448844398
-0.5   1.4003787155219283
-0.5   3.0615321313980539
-0.5   1.1273256094300808
-0.5   1.4832863239786271
-0.5   2.0263209997316873
-0.5   1.5026408465052756
-0.5   1.4990091535498733
-0.5   0.96558701195875907
-0.5   2.0371501522213933
-0.5   0.76842458602562402
-0.5   1.4316628881397218
-0.5   1.185978928435208
-0.5   1.0693786402263372
-0.5   2.3271278521108183
-0.5   0.95629641128428755
-0.5   2.3044315630109917
-0.5   0.78116853163501232
-0.5   1.477999448688585
-0.5   1.4483109339822464
-0.5   0.739255006566923
-0.5   1.8703578084105521
-0.5   1.894793370878606
-0.5   0.76198002239395368
-0.5   1.3888402820019705
-0.5   3.0015133031015346
-0.5   1.6443890822545164
-0.5   1.5537050438017967
-0.5   1.4923013159232363
-0.5   1.3305384306676844
-0.5   1.3968605782574104
-0.5   2.3469338021283486
-0.5   1.7987077294949714
-0.5   1.1258947974017668
-0.5   1.7572172312228571
-0.5   1.196953862813346
-0.5   1.8229387062463407
-0.5   1.7347235508539081
-0.5   0.84788120492813501
-0.5   0.84796428455303308
-0.5   1.4691442601544282
-0.5   0.54036409879773872
-0.5   0.78269990664771449
-0.5   1.4900344766190925
-0.5   1.3713272347610415
-0.5   1.4946870418708285
-0.5   0.55731642043809448
-0.5   0.54584771000662546
-0.5   1.3109675647382415
-0.5   1.4524156072518994
-0.5   0.83382358489140707
-0.5   0.61047736453713397
-0.5   1.6896000434589178
-0.5   1.9324417250924464
-0.5   1.6990685785540802
-0.5   2.1248542399253409
-0.5   2.1688397381242766
-0.5   1.4419402805629797
-0.5   0.58452628551725572
-0.5   0.5846306018285532
-0.5   0.6186818816534585
-0.5   1.4780336700876924
-0.5   0.52398349962966861
-0.5   0.72512650155817537
-0.5   1.5176232625909734
-0.5   1.8591743231795594
-0.5   2.2758560016831342
-0.5   1.5143154797247296
-0.5   1.5047369119331058
-0.5   1.4599823463711497
-0.5   0.87778882316595408
-0.5   1.4158518865018357
-0.5   0.97777740547468261
-0.5   0.64489678811218232
-0.5   1.2655074178309356
-0.5   0.50908500161191994
-0.5   0.52080191541326748
-0.5   0.54719512162338857
-0.5   0.57964342176626316
-0.5   1.1373178363880347
-0.5   1.0500781285512435
-0.5   1.0716027260475505
-0.5   1.8713037876601923
-0.5   2.395824492202677
-0.5   1.7427754466796284
-0.5   2.3506806279599299
-0.5   1.6234782345198986
-0.5   2.656268876685171
-0.5   0.866815248842707
-0.5   1.9077684572800844
-0.5   1.575187260629709
-0.5   0.8927744004622975
-0.5   1.444551598009614
-0.5   1.5639655343304941
-0.5   0.93159973560402176
-0.5   1.2985904430364106
-0.5   0.57776096445201475
-0.5   1.465603298391158
-0.5   0.7830324398333679
-0.5   1.0475694450650099
-0.5   0.52016676063145506
-0.5   1.224834366188484
-0.5   0.92600208565095099
-0.5   1.3363769054626817
-0.5   1.4062823980395758
-0.5   1.4912974604274711
-0.5   0.96093809154220722
-0.5   2.2824774151886893
-0.5   1.466493603515157
-0.5   2.3697961953785649
-0.5   0.52317192655927847
-0.5   0.5773690603010051
-0.5   1.4802463470538212
-0.5   0.60777899511949185
-0.5   0.55336784482555967
-0.5   0.75690017303988566
-0.5   1.4990359434415921
-0.5   1.4115994159038345
-0.5   1.3981187216365738
-0.5   0.62116555888943092
-0.5   2.2442593015895396
-0.5   1.4957687265727431
-0.5   1.2205264680171761
-0.5   0.81404656959000721
-0.5   1.5019362871523358
-0.5   1.4217114372051218
-0.5   2.3816841142760841
-0.5   0.89082247442273665
-0.5   1.6363729639133693
-0.5   1.5173557219779923
-0.5   2.3752649874385083
-0.5   1.5916604822243996
-0.5   2.4719285486590037
-0.5   2.3779620546748905
-0.5   3.376363657525749

0.5   0.53568611860383131
0.5   0.61670729804787938
0.5   1.2670939693710723
0.5   0.93303723200210031
0.5   0.97849465040090777
0.5   0.88561620155499243
0.5   1.3313785111577683
0.5   1.4237687256347689
0.5   1.303615964923593
0.5   2.3514594704172995
0.5   1.2423113130357157
0.5   0.94975241037309077
0.5   1.4824502227595844
0.5   2.4317786839050024
0.5   0.61011585975200133
0.5   1.4788950906946341
0.5   0.64276475994637727
0.5   1.3376201392880764
0.5   0.5440309433905588
0.5   2.0864050132292093
0.5   1.4198385244581955
0.5   1.3182552490049122
0.5   0.56410578516907472
0.5   0.8886902407988122
0.5   1.1828524160963183
0.5   1.4864428923374144
0.5   1.2463490462970928
0.5   1.2925881380117481
0.5   0.57309193510257161
0.5   1.8907941713107301
0.5   1.430510559292923
0.5   1.8310176287867299
0.5   0.85477303477335775
0.5   1.7715741713813351
0.5   2.0645181386756897
0.5   1.9792949764800749
0.5   1.1698275964050462
0.5   1.6479270378461428
0.5   2.0936883386876031
0.5   1.5609669047730526
0.5   2.2133143675363223
0.5   1.5050752159551921
0.5   1.4121151351679002
0.5   1.9731751956594437
0.5   1.127809688133268
0.5   2.8593943303247058
0.5   2.0148732320957135
0.5   1.7099586678061152
0.5   1.8920509509622976
0.5   1.3412910808650844
0.5   1.7539481008745508
0.5   1.6517213649672393
0.5   1.6525639599171265
0.5   1.5106062030478347
0.5   1.516049066862573
0.5   1.5499457626641497
0.5   1.8715721961014578
0.5   1.4261177684909798
0.5   1.82843875095748
0.5   1.0985659431052073
0.5   2.3575669427707044
0.5   0.66723334760734665
0.5   1.4155789479031626
0.5   0.97531597593888764
0.5   0.68504821975913277
0.5   1.2333657824694313
0.5   0.77692609886673925
0.5   1.4570141826557521
0.5   1.3736485358953057
0.5   1.6823465056433697
0.5   1.4304332678982814
0.5   0.59419704039439458
0.5   1.803337794038729
0.5   1.4171269119695962
0.5   1.8312807194563048
0.5   1.3698487506542054
0.5   1.7913334530227134
0.5   1.1148383018714514
0.5   2.1335515360274333
0.5   1.1245353269799834
0.5   1.0212231085257162
0.5   1.1625242843371379
0.5   1.3109807840582903
0.5   1.4830909041313753
0.5   0.61445980698817015
0.5   1.1983085772803637
0.5   1.500020487746319
0.5   1.500129068677643
0.5   0.75564844679349341
0.5   1.0417385791136455
0.5   1.3867810669530438
0.5   1.4532592517577554
0.5   1.4571909261152343
0.5   0.68290365324729718
0.5   1.8530225601383359
0.5   1.8883994253628673
0.5   1.2217403429491187
0.5   2.0922190545357826
0.5   1.5050486843712672
0.5   1.8010497817026212
0.5   1.7257223607776098
0.5   1.6813522204444777
0.5   1.8768550801322332
0.5   1.7264651473245496
0.5   1.5689509564248496
0.5   1.9053516821277325
0.5   1.9760111501003101
0.5   1.6622955519616442
0.5   1.7676695411097398
0.5   2.1817864524059951
0.5   2.0335919786653522
0.5   1.5096664228707355
0.5   1.6674151075890564
0.5   1.6449618447564274
0.5   1.3266533368791842
0.5   1.4466344795352595
0.5   2.0628346660334529
0.5   2.0507074717429821
0.5   2.2365796816506616
0.5   1.880731720817542
0.5   2.1899217476118813
0.5   0.54641824860582355
0.5   0.57842846854730379
0.5   1.1864820510524596
0.5   0.97756739467480092
0.5   1.4911184463060194
0.5   0.55149031698070528
0.5   0.68518667934973476
0.5   1.4196470735568418
0.5   1.4822734407196418
0.5   1.4969311422066092
0.5   1.5739747877891381
0.5   1.4426300146359856
0.5   2.0114017982258523
0.5   1.2494987265195889
0.5   1.1867489351210496
0.5   2.4258090437698572
0.5   1.4282243222970281
0.5   1.3924939528758626
0.5   1.302190343287817
0.5   2.097287937400067
0.5   2.3134763089158619
0.5   1.4860189081004447
0.5   0.9614318966332589
0.5   1.4858699612525967
0.5   1.4350039448844065
0.5   1.4003787155219369
0.5   3.0615321313980655
0.5   1.1273256094301058
0.5   1.4832863239786283
0.5   2.0263209997316811
0.5   1.5026408465052681
0.5   1.4990091535498749
0.5   0.96558701195875085
0.5   2.0371501522214097
0.5   0.76842458602562824
0.5   1.4316628881397204
0.5   1.1859789284352122
0.5   1.0693786402263528
0.5   2.3271278521108179
0.5   0.95629641128429044
0.5   2.3044315630109793
0.5   0.78116853163501965
0.5   1.4779994486885843
0.5   1.4483109339822466
0.5   0.7392550065669472
0.5   1.8703578084105503
0.5   1.8947933708785847
0.5   0.76198002239394369
0.5   1.388840282001973
0.5   3.0015133031015195
0.5   1.6443890822545231
0.5   1.5537050438018278
0.5   1.4923013159232377
0.5   1.3305384306676649
0.5   1.3968605782574115
0.5   2.3469338021283606
0.5   1.7987077294948519
0.5   1.1258947974016833
0.5   1.7572172312229299
0.5   1.1969538628134775
0.5   1.8229387062463451
0.5   1.7347235508539605
0.5   0.8478812049280906
0.5   0.8479642845530162
0.5   1.4691442601544222
0.5   0.54036409879774538
0.5   0.78269990664765543
0.5   1.4900344766190929
0.5   1.3713272347610794
0.5   1.4946870418708291
0.5   0.55731642043809715
0.5   0.54584771000661902
0.5   1.310967564738224
0.5   1.4524156072518914
0.5   0.83382358489143527
0.5   0.61047736453714863
0.5   1.6896000434588068
0.5   1.9324417250925179
0.5   1.6990685785541721
0.5   2.1248542399252721
0.5   2.1688397381242837
0.5   1.4419402805629664
0.5   0.58452628551724684
0.5   0.58463060182856119
0.5   0.61868188165347515
0.5   1.4780336700877006
0.5   0.5239834996296624
0.5   0.72512650155812652
0.5   1.5176232625916217
0.5   1.8591743231789786
0.5   2.275856001683155
0.5   1.5143154797247473
0.5   1.5047369119331382
0.5   1.4599823463711636
0.5   0.8777888231659432
0.5   1.4158518865018064
0.5   0.97777740547467862
0.5   0.64489678811218121
0.5   1.2655074178309393
0.5   0.5090850016119246
0.5   0.52080191541327747
0.5   0.54719512162338013
0.5   0.57964342176623607
0.5   1.1373178363879619
0.5   1.0500781285512195
0.5   1.0716027260475722
0.5   1.8713037876601808
0.5   2.3958244922026779
0.5   1.7427754466796923
0.5   2.3506806279599894
0.5   1.6234782345198764
0.5   2.656268876685095
0.5   0.86681524884273609
0.5   1.9077684572799765
0.5   1.5751872606297788
0.5   0.89277440046245271
0.5   1.4445515980095482
0.5   1.5639655343305296
0.5   0.93159973560408571
0.5   1.2985904430363953
0.5   0.57776096445200653
0.5   1.4656032983911613
0.5   0.78303243983337434
0.5   1.0475694450649931
0.5   0.52016676063145884
0.5   1.2248343661884888
0.5   0.92600208565097208
0.5   1.3363769054626626
0.5   1.4062823980395758
0.5   1.4912974604274858
0.5   0.96093809154218279
0.5   2.2824774151886724
0.5   1.466493603515151
0.5   2.369796195378592
0.5   0.52317192655927336
0.5   0.57736906030100288
0.5   1.4802463470538092
0.5   0.60777899511947675
0.5   0.55336784482556012
0.5   0.75690017303978641
0.5   1.4990359434415808
0.5   1.4115994159038929
0.5   1.3981187216366233
0.5   0.62116555888940805
0.5   2.2442593015897945
0.5   1.4957687265727557
0.5   1.2205264680167458
0.5   0.81404656958987265
0.5   1.5019362871523172
0.5   1.4217114372052051
0.5   2.3816841142762533
0.5   0.89082247442262696
0.5   1.6363729639131228
0.5   1.5173557219780771
0.5   2.3752649874384995
0.5   1.5916604822244169
0.5   2.4719285486589802
0.5   2.3779620546748892
0.5   3.3763636575257645

1.5   1.5012143760753154
1.5   1.5033638067895954
1.5   1.6526744637657247
1.5   1.5115964120754866
1.5   2.3879702494716857
1.5   1.5446479105089401
1.5   1.5089197545321418
1.5   2.4503047535513476
1.5   1.5065395402341393
1.5   2.3080650049204281
1.5   1.7307913321794204
1.5   1.5402853635519653
1.5   1.5200568338853393
1.5   1.5230900429684366
1.5   1.5529596623759758
1.5   2.4704333916215471
1.5   1.6340319273022548
1.5   1.838210029368252
1.5   2.1142848640491563
1.5   2.0068319025218333
1.5   1.8492058427416826
1.5   1.8298812852750803
1.5   1.5365418512638369
1.5   3.3364504564049144
1.5   1.7118845356573202
1.5   2.6745687743724287
1.5   2.0257233672033026
1.5   2.2411671299036171
1.5   2.5018655787500599
1.5   2.272041810177269
1.5   1.7241250707670104
1.5   1.8020695028978864
1.5   1.9591852539936498
1.5   2.1739422339687642
1.5   2.2358167821661556
1.5   1.6107742241999072
1.5   2.4227930390875922
1.5   1.5545268396793297
1.5   1.5339935244932783
1.5   1.5069618280668609
1.5   1.5190341881651364
1.5   2.4760917451985693
1.5   1.5169703103699184
1.5   1.5333374881002073
1.5   2.4376889947047715
1.5   1.5596143836791625
1.5   2.4229317790039508
1.5   1.5762818826938068
1.5   1.5024106341034971
1.5   1.5499699677460419
1.5   1.5194439133646651
1.5   1.9523751754925804
1.5   1.952485038461139
1.5   1.8554997329787857
1.5   1.9904408828686226
1.5   1.6661765144422476
1.5   2.0572308059992523
1.5   2.0474372851015117
1.5   2.3824219301003504
1.5   2.0631354490783989
1.5   2.1001989485260957
1.5   2.1712469493180544
1.5   2.6241817621205397
1.5   2.4059503587625546
1.5   1.8479033433256347
1.5   1.8643980736667176
1.5   2.1066511681094666
1.5   2.1897060906950605
1.5   2.0671011165516711
1.5   2.2118553851811704
1.5   2.0506283894391153
1.5   2.2969033926768101
1.5   2.2492391829536937
1.5   2.0103803678952752
1.5   1.506080001531354
1.5   1.513850190707366
1.5   1.5243134158577023
1.5   1.5030775860043071
1.5   1.521979351535828
1.5   1.5799648050810782
1.5   2.3606989199533293
1.5   2.1579015907314081
1.5   1.7394100663368199
1.5   1.9379373536488389
1.5   1.949578868457154
1.5   2.1985292491165307
1.5   2.4181254542050827
1.5   1.5177181762384935
1.5   1.5158436525258145
1.5   3.2079276791326898
1.5   2.2752536811518178
1.5   1.9404808428614304
1.5   1.5861353473409752
1.5   1.725509978949507
1.5   2.4269202696647891
1.5   1.5583215925827036
1.5   2.2988732868148198
1.5   1.7738878361578649
1.5   2.4283765471796319
1.5   1.5563027243688361
1.5   1.5188793325163941
1.5   1.6242889046011606
1.5   2.9594363594339392
1.5   2.385337899744945
1.5   1.5123493881921313
1.5   2.3209887349306468
1.5   1.5206748307633453
1.5   1.5204515664231759
1.5   2.4536698871999967
1.5   2.0367805632594558
1.5   1.938462952068563
1.5   2.1111280927767564
1.5   2.0524091628353811
1.5   1.6055560430701195
1.5   1.5024963025789249
1.5   1.5097670901936717
1.5   1.5049850881623645
1.5   1.5055667451457198
1.5   1.5057306222528508
1.5   1.7514704053094223
1.5   1.7307524928376417
1.5   1.545254144028565
1.5   2.3257194326483308
1.5   2.2779591835700455
1.5   1.5050601203518328
1.5   1.5496860681827251
1.5   2.0780826686478138
1.5   2.0438516993270039
1.5   2.0115280370674768
1.5   2.0211493850770061
1.5   1.5057104057420827
1.5   1.5052577378317178
1.5   1.5088729324040107
1.5   1.9770641640083282
1.5   1.916643776015396
1.5   1.8758399619229009
1.5   1.5102071890300586
1.5   1.9781456188168853
1.5   2.1119557397646638
1.5   3.3598522166178286
1.5   2.4879995398795232
1.5   1.5014581097494952
1.5   1.6045922177117964
1.5   1.5090245491972865
1.5   1.5019198327541101
1.5   1.51571435155198
1.5   1.5059160733981751
1.5   1.5780713484265516
1.5   1.5032469915459461
1.5   2.4319475031901474
1.5   1.5063915633140077
1.5   2.4926812507320673
1.5   1.5019605390899944
1.5   1.5486498418019821
1.5   1.5299414489134464
1.5   1.5013498730790702
1.5   1.5478301922286408
1.5   2.2640019753941814
1.5   1.7797406234232334
1.5   1.6610305340169864
1.5   1.7886583429636018
1.5   2.1731832725608276
1.5   1.7051967831709902
1.5   2.4619109480349284
1.5   1.6683842612876578
1.5   2.4692496648169961
1.5   2.3835919301882944
1.5   3.3888320260915297

2.5   2.5000798624810265
2.5   2.5001014490538829
2.5   2.5015086481060922
2.5   2.5057137232647215
2.5   2.5061902132171121
2.5   2.5658256310954504
2.5   3.4054951188583802
2.5   2.8835194782366895
2.5   3.1549850156275538
2.5   2.5161331275597552
2.5   2.5352739321178683
2.5   2.5162601033684315
2.5   2.5076248527632443
2.5   2.5012307645312202
2.5   2.5008082879892095
2.5   2.5076393231600131
2.5   3.0699968034488907
2.5   2.5102304204121766
2.5   3.0988657844990177
2.5   2.5040022483610382
2.5   2.5668318373222818
2.5   2.6978690767755582
2.5   2.8760561715642416
2.5   2.7691084939545969
2.5   2.5032147087322576
2.5   2.5701653813091028
2.5   2.5149450514807241
2.5   2.5003264194493768
2.5   2.5022071826009706
2.5   2.5000766085939952
2.5   3.4715685492879507
2.5   2.5004122030486635
2.5   2.5195355912339785
2.5   2.5032286032679747
2.5   2.5007706049344662
2.5   3.4912087833514618
2.5   2.5000250275501719
2.5   2.5016574099282733
2.5   2.5000886949707581
2.5   2.5064811192221845
2.5   2.5000343678585737
2.5   2.5004741210020569
2.5   2.5010032278805232
2.5   2.5000845057070222
2.5   2.5000765607563475
2.5   2.7035948089034454
2.5   3.3373946525521894
2.5   2.5000328881083136
2.5   2.5003048841304611
2.5   2.5000546651790905
2.5   2.5000449439816848
2.5   2.5005795226245038
2.5   2.5000192071080232
2.5   2.6075014505369061
2.5   2.5000921257097568
2.5   3.4165002928670827

3.5   3.5
3.5   3.5
3.5   3.5
3.5   3.4999999999999996
3.5   3.5000000000000009
3.5   3.4999999999999996
3.5   3.5
3.5   3.5

