0   -35.8254   0.0519896   0.0294142   0.0858394   0.173986   0.017602   0.282338   0.017602   0.173986   0.0858394   0.0294142   0.0519896   
1   -45.5378   0.0112452   0.027248   0.0663713   0.122838   0.173415   0.197766   0.173415   0.122838   0.0663713   0.027248   0.0112452   
2   -46.3488   0.00959966   0.0246553   0.0645348   0.123718   0.17587   0.203244   0.17587   0.123718   0.0645348   0.0246553   0.00959966   
3   -46.4226   0.0148481   0.0350585   0.0780467   0.122352   0.161066   0.177258   0.161066   0.122352   0.0780467   0.0350585   0.0148481   
4   -46.3391   0.0138816   0.0339893   0.0773463   0.123689   0.162124   0.177939   0.162124   0.123689   0.0773463   0.0339893   0.0138816   
5   -46.291   0.00983825   0.0246616   0.0699111   0.122225   0.178711   0.189307   0.178711   0.122225   0.0699111   0.0246616   0.00983825   
6   -46.3391   0.0138816   0.0339893   0.0773463   0.123689   0.162124   0.177939   0.162124   0.123689   0.0773463   0.0339893   0.0138816   
7   -46.4226   0.0148481   0.0350585   0.0780467   0.122352   0.161066   0.177258   0.161066   0.122352   0.0780467   0.0350585   0.0148481   
8   -46.3488   0.00959966   0.0246553   0.0645348   0.123718   0.17587   0.203244   0.17587   0.123718   0.0645348   0.0246553   0.00959966   
9   -45.5378   0.0112452   0.027248   0.0663713   0.122838   0.173415   0.197766   0.173415   0.122838   0.0663713   0.027248   0.0112452   
10   -35.8254   0.0519896   0.0294142   0.0858394   0.173986   0.017602   0.282338   0.017602   0.173986   0.0858394   0.0294142   0.0519896   
