-3   2.9999999999999996
-3   2.9999999999999996
-3   3
-3   3
-3   3.0000000000000009
-3   2.9999999999999991
-3   2.9999999999999991

-2   2.0000147066470642
-2   2.0013500491134097
-2   2.0017877884402755
-2   2.0042347506005345
-2   2.0103551610692421
-2   2.9606666549004843
-2   2.002663108467774
-2   2.0439391886377574
-2   2.9397024013682591
-2   2.0676065740609149
-2   2.0047168580615922
-2   2.0278269876220567
-2   2.0014969652044159
-2   2.381385134851568
-2   2.0004010584370771
-2   2.0002761038406165
-2   2.1556578141802563
-2   2.5413913791693301
-2   2.0126654805106856
-2   2.0006785091883552
-2   2.950482971690815
-2   2.0392817706648145
-2   2.0005485582541205
-2   2.0209647285638024
-2   2.0000005026399803
-2   2.9937434848482476
-2   2.0000873023172669
-2   2.0018678358208435
-2   2.0000437148956141
-2   2.0001780057838943
-2   2.0051974173006877
-2   2.0001548123677368
-2   2.9418117010367602
-2   2.0000769665862954
-2   2.0741853963618406
-2   2.0000106913664468
-2   2.0002214043200741
-2   2.0011200038258279
-2   2.0000105503964472
-2   2.0707718420839978
-2   2.0000574269266158
-2   2.9474690550307687

-1   1.0047483827810173
-1   1.0656083765707989
-1   1.0068303268039731
-1   1.9553152432434926
-1   1.008431252019905
-1   1.9871891043196261
-1   1.0120909393658553
-1   1.0513614942735405
-1   1.9674390679747171
-1   1.0245428266597936
-1   1.0853772559544002
-1   1.5876105345911284
-1   1.940804527104786
-1   1.5287466174171027
-1   2.0657506223959534
-1   2.2337834749877667
-1   1.3989457185151635
-1   1.1666879315732874
-1   1.4050004500791213
-1   1.6944333049748788
-1   1.6642860939517812
-1   2.5872959713771504
-1   1.2117990057860084
-1   1.8943172510503672
-1   1.9059865483387526
-1   1.7388999600032586
-1   1.1156143296221817
-1   1.0277478465903434
-1   1.00266646399841
-1   1.9988902119618892
-1   1.0396544001087145
-1   1.5027627946307409
-1   1.5251230168129637
-1   1.687857513022752
-1   1.7857885326565044
-1   1.9035228343317194
-1   1.526214204296672
-1   1.3466394874881777
-1   1.5249211183985967
-1   1.6410819693721939
-1   1.7206946729654158
-1   1.2967911175462026
-1   1.7538411794931434
-1   1.8894442872801878
-1   1.0141726432292686
-1   1.0887995308925142
-1   1.6961488992746161
-1   1.4306680871364594
-1   1.0409847830110939
-1   1.9423540105438408
-1   2.9435533331706516
-1   1.0236830115765698
-1   2.0008256777633164
-1   1.3482551718801843
-1   1.5799789795450261
-1   1.8018936810072317
-1   1.5344849785191492
-1   1.5130954227424138
-1   1.9744452741441569
-1   1.6041510454792678
-1   2.3874147447205933
-1   1.0021346975651817
-1   1.0437486428131284
-1   1.6204702193145586
-1   1.5011380347141476
-1   1.0023953402392125
-1   1.9739412852962257
-1   1.0032648801369437
-1   1.0179253622432816
-1   1.1389625155294167
-1   1.6785645198230794
-1   1.8687009139284281
-1   1.2614989016281206
-1   1.0706786725360828
-1   1.2217917166166496
-1   1.9823688396392343
-1   1.985164856118216
-1   1.0300033802312858
-1   1.0068085621531107
-1   1.043881453204424
-1   2.4425921510912945
-1   1.7566307429755401
-1   1.001851411150096
-1   2.0477028400990682
-1   1.3296281412702056
-1   1.8187348035687103
-1   1.0166121751164436
-1   1.0050179638835477
-1   1.0021738770836637
-1   1.0064863510372752
-1   1.9961675765424527
-1   1.0206599462829737
-1   1.0070046619602822
-1   1.9816315814129837
-1   1.0189370927422692
-1   1.0124404065136769
-1   1.0530690442368353
-1   1.8386229342973617
-1   1.2118816185478603
-1   1.1682170544137969
-1   1.9440796165455994
-1   1.1205417714398798
-1   1.9879016181570561
-1   1.9433063025193387
-1   2.9355688572167846

0   0.012515296168229106
0   1.001778742024632
0   0.34151101855885213
0   1.0021901809141611
0   1.0016893149775581
0   1.9033386631846159
0   1.0011574323544998
0   1.9934577612392999
0   1.0017003418533974
0   0.42852314658938795
0   0.025921532261541702
0   1.0014831361491581
0   1.0193880876405723
0   1.8748382836504573
0   0.022738832649502272
0   1.0043525208598039
0   1.2798938069672496
0   1.9910696475393381
0   1.3242493868224219
0   1.4664664218058543
0   1.4637952448977072
0   2.4255097407189385
0   1.0060561073107328
0   1.9631169486436697
0   1.2073121767065229
0   1.3633274155705939
0   1.0982408077730219
0   2.3247801162859045
0   1.2955824263689115
0   0.41831230738909153
0   1.0288311800279104
0   1.9024078895843455
0   1.8381556192736457
0   1.9518362247348908
0   0.30743922537982382
0   1.0000856525289508
0   0.068650255450305009
0   1.0015564867704914
0   1.0146395832894433
0   1.9375626136691548
0   1.0014078120391385
0   0.25206287746291089
0   1.3021846331809179
0   1.3022064930286623
0   1.0105059104149137
0   0.84519728493450752
0   1.0004471254299956
0   1.1588079475205553
0   0.98584868614422039
0   2.0275536127817033
0   1.9515085373118812
0   1.0016255991545446
0   1.2369352559501654
0   1.5062834193165173
0   1.2022202067233498
0   1.6321036959250872
0   1.4893431777144128
0   1.8748936655543686
0   1.4165879416765852
0   1.0042436997295037
0   0.058975122171459615
0   1.9888655947002172
0   1.0054175534423886
0   1.0415499457002542
0   1.0383517948499377
0   1.9905654437302771
0   1.0009479489693858
0   0.65845865619614918
0   2.9577493147871747
0   1.7810409014239563
0   1.000313360199276
0   1.9885557316605005
0   1.9929483274272592
0   1.012771101501341
0   0.015359170751796936
0   0.052524274535386439
0   1.3038960530909025
0   1.3037450909780055
0   1.0002258061510056
0   2.8057401699495825
0   1.3026270895718379
0   1.0941284519877674
0   1.9994603773308968
0   1.0020884759876592
0   1.0000824042782617
0   1.0000293753531142
0   1.9972218098844903
0   0.00461773944354682
0   1.0016518119079911
0   0.25367226869820969
0   1.0006055225230093
0   0.097427753930619976
0   1.0009534083668996
0   0.096463304396970484
0   1.9356394651210107
0   1.9671956030207305
0   1.0001087124850752
0   1.0002171285239789
0   1.0029247957143477
0   1.9907035564224107
0   1.9859204795058103
0   1.0223060705849645
0   1.000131432176629
0   0.099198090873546918
0   0.05447148086992315
0   1.0077361302240815
0   2.7164401612158882
0   1.4136251768079604
0   0.06455106056791482
0   1.0003535160847641
0   1.1383552203089002
0   1.0003937757282517
0   1.9814433069923529
0   1.5068924673300752
0   0.062142076369156363
0   0.014137698840048341
0   1.0001344249261652
0   1.004785876696594
0   1.0005344386612387
0   1.0028912652360371
0   0.93263171773840359
0   0.050130512453425369
0   1.0000216120736267
0   1.6135961361169349
0   1.0034176753934994
0   1.9833541191363904
0   0.01419657474752245
0   1.0000955670370533
0   0.16953544830904821
0   1.0000301404300802
0   1.005475972204722
0   1.999596312404611
0   1.0296101088154561
0   0.33320897944014383
0   1.0000112444565421
0   1.9336535876231968
0   1.1163195332819567
0   1.9960029730942486
0   1.9417554074311592
0   2.9303594245063391

1   1.0047483827810171
1   1.0656083765708173
1   1.0068303268039733
1   1.9553152432434824
1   1.0084312520199059
1   1.9871891043196266
1   1.012090939365855
1   1.051361494273531
1   1.9674390679747225
1   1.0245428266597951
1   1.0853772559544002
1   1.58761053459112
1   1.940804527104786
1   1.5287466174171302
1   2.0657506223960627
1   2.2337834749876477
1   1.3989457185151859
1   1.1666879315732674
1   1.4050004500791702
1   1.6944333049748881
1   1.664286093951755
1   2.5872959713771375
1   1.2117990057860126
1   1.8943172510503969
1   1.9059865483387441
1   1.7388999600032404
1   1.1156143296221812
1   1.0277478465903414
1   1.0026664639984102
1   1.9988902119618857
1   1.0396544001087153
1   1.5027627946307449
1   1.525123016812969
1   1.6878575130227542
1   1.7857885326565035
1   1.9035228343317261
1   1.5262142042966844
1   1.3466394874881609
1   1.5249211183986011
1   1.6410819693721899
1   1.7206946729654171
1   1.296791117546197
1   1.7538411794931426
1   1.889444287280186
1   1.0141726432292675
1   1.0887995308925149
1   1.6961488992746214
1   1.4306680871364577
1   1.0409847830110948
1   1.9423540105438408
1   2.9435533331706463
1   1.0236830115765707
1   2.0008256777633173
1   1.3482551718801892
1   1.579978979545027
1   1.8018936810072277
1   1.5344849785191448
1   1.513095422742345
1   1.9744452741441627
1   1.6041510454793309
1   2.3874147447205916
1   1.0021346975651821
1   1.0437486428131297
1   1.6204702193145657
1   1.5011380347141405
1   1.0023953402392134
1   1.9739412852962217
1   1.0032648801369428
1   1.0179253622432791
1   1.1389625155293761
1   1.6785645198230412
1   1.8687009139284534
1   1.2614989016281577
1   1.0706786725360893
1   1.2217917166166599
1   1.9823688396392312
1   1.9851648561182156
1   1.0300033802312878
1   1.0068085621531095
1   1.0438814532044205
1   2.4425921510912829
1   1.7566307429755215
1   1.0018514111500965
1   2.047702840099086
1   1.3296281412702293
1   1.818734803568701
1   1.016612175116441
1   1.005017963883549
1   1.0021738770836663
1   1.0064863510372744
1   1.9961675765424514
1   1.0206599462829553
1   1.0070046619602819
1   1.981631581412997
1   1.0189370927422696
1   1.0124404065136778
1   1.0530690442367823
1   1.8386229342974278
1   1.2118816185478141
1   1.1682170544137676
1   1.9440796165456233
1   1.1205417714399439
1   1.9879016181570348
1   1.9433063025193413
1   2.9355688572167855

2   2.0000147066470664
2   2.0013500491134089
2   2.0017877884402742
2   2.0042347506005322
2   2.0103551610692416
2   2.9606666549004848
2   2.0026631084677717
2   2.0439391886377547
2   2.9397024013682636
2   2.0676065740609118
2   2.0047168580615908
2   2.0278269876220558
2   2.0014969652044154
2   2.3813851348515649
2   2.0004010584370771
2   2.0002761038406165
2   2.1556578141800955
2   2.5413913791694749
2   2.0126654805106865
2   2.0006785091883552
2   2.950482971690811
2   2.0392817706648221
2   2.0005485582541209
2   2.020964728563801
2   2.0000005026399799
2   2.9937434848482463
2   2.0000873023172661
2   2.0018678358208426
2   2.0000437148956141
2   2.0001780057838938
2   2.0051974173006881
2   2.0001548123677368
2   2.9418117010367641
2   2.0000769665862959
2   2.0741853963618366
2   2.0000106913664464
2   2.0002214043200741
2   2.0011200038258274
2   2.0000105503964467
2   2.0707718420840058
2   2.0000574269266158
2   2.9474690550307634

3   2.9999999999999996
3   2.9999999999999996
3   3
3   3
3   3.0000000000000009
3   2.9999999999999991
3   2.9999999999999991

