-1.5   1.4999999999999998
-1.5   1.5
-1.5   1.5
-1.5   1.4999999999999998

-0.5   0.50313149290814985
-0.5   0.5
-0.5   1.4994505426655305
-0.5   0.50000000000000067
-0.5   1.4981678389386779
-0.5   0.50101831530439855
-0.5   1.5000000000000009
-0.5   0.5
-0.5   0.50052610928801022
-0.5   0.50446552061893457
-0.5   0.49999999999999978
-0.5   1.4978010105481967

0.5   0.50313149290815007
0.5   0.49999999999999978
0.5   1.4994505426655274
0.5   0.5
0.5   1.4981678389386772
0.5   0.50101831530439855
0.5   1.5000000000000013
0.5   0.5
0.5   0.50052610928801
0.5   0.50446552061893435
0.5   0.49999999999999978
0.5   1.4978010105481971

1.5   1.4999999999999998
1.5   1.5
1.5   1.5
1.5   1.4999999999999998

