-4   4
-4   4.0000000000000009
-4   4
-4   4
-4   4
-4   4
-4   4
-4   4
-4   4

-3   3.0000301654574248
-3   3.0000475627183869
-3   3.0004202382008085
-3   3.0012528288640965
-3   3.000212467542323
-3   3.02794168847324
-3   3.0087605769589483
-3   3.8422489188880702
-3   3.0005087754687283
-3   3.1648912773646094
-3   3.8584751568459748
-3   3.1595614559762151
-3   3.0013418787820734
-3   3.0001556322918459
-3   3.0056102133129534
-3   3.0004095076955299
-3   3.0024349293023667
-3   3.0001983288969729
-3   3.7934693564634152
-3   3.0006872593749923
-3   3.0269573164192614
-3   3.1674974381141241
-3   3.0040377666293034
-3   3.0557315005052055
-3   3.0107951956054175
-3   3.0017677693853457
-3   3.7642899784117931
-3   3.0003170936732046
-3   3.2667470853218474
-3   3.0001098108195321
-3   3.0035823674507744
-3   3.0000557653341775
-3   3.0019523803495143
-3   3.0039565124712984
-3   3.2991214102012067
-3   3.002472611716684
-3   3.2074667154861274
-3   3.5536106390748365
-3   3.0061043311241806
-3   3.0065170022725378
-3   3.0796998522835755
-3   3.0098437673770362
-3   3.9265824579609596
-3   3.000084569267492
-3   3.0001573613882768
-3   3.0002251119755856
-3   3.0013287841755734
-3   3.0000893267311812
-3   3.0000137863561989
-3   3.7262132243491832
-3   3.0000419160002916
-3   3.3226986228584052
-3   3.0000134829606671
-3   3.0021394263904346
-3   3.0001422364260697
-3   3.0001787671610423
-3   3.0000065142400705
-3   3.0000262560349271
-3   3.0344864512940521
-3   3.0000144123040733
-3   3.9245487745916465
-3   3.0000753883800302
-3   3.060674039746655
-3   3.0000341019878167
-3   3.000043173183605
-3   3.0002270888357736
-3   3.0000295218171753
-3   3.0000181782398685
-3   3.0000177765027489
-3   3.1115936617717201
-3   3.0000852814114105
-3   3.9106505633687192

-2   2.0003654147228764
-2   2.0006405501098308
-2   2.0014192079009314
-2   2.161780391713632
-2   2.0116816974679477
-2   2.8741273964857568
-2   2.0040385507244571
-2   2.127119389065629
-2   2.0048110488985236
-2   2.8917617668316065
-2   2.0017757830532421
-2   2.8758747009085446
-2   2.0041800073499685
-2   2.1353268584115814
-2   2.0272731750419442
-2   2.0134932999462185
-2   2.0236334903457105
-2   2.0269142325945024
-2   2.0168331445222476
-2   2.8492986718080537
-2   2.1669680853425404
-2   2.0046602677243541
-2   2.1072434238921729
-2   2.9540217073268997
-2   2.6964154594155922
-2   2.6725065562890817
-2   2.0397730742451197
-2   2.3509906627068333
-2   2.2533897395331559
-2   2.616623772958663
-2   2.5053112685927137
-2   2.1359553602358941
-2   3.0267352564302907
-2   2.5938244906953223
-2   2.1693684299316343
-2   2.2617061275444512
-2   2.8669302157559948
-2   2.5484252922612263
-2   2.3536232998534086
-2   3.1490221756477075
-2   2.5113302318435853
-2   2.3705291726251385
-2   3.0399225499199511
-2   2.3645863953710218
-2   2.4586929907697095
-2   2.3253470912565208
-2   2.1968022773051712
-2   2.5549075194081659
-2   2.2621446592148207
-2   2.1971354121143976
-2   2.3865453628821638
-2   2.4803377272556961
-2   2.0142869831640873
-2   2.0025102117720595
-2   2.0100128040861045
-2   2.0095904477045088
-2   2.0503969895567984
-2   2.1357282792781604
-2   2.8990036549455742
-2   2.5276615288212021
-2   2.3973351642938989
-2   2.9366995443906503
-2   2.1384449536512644
-2   2.0916572516411054
-2   2.1821157412049241
-2   2.0266874432485427
-2   2.5351830810596265
-2   2.2841101402237163
-2   2.9617803513916403
-2   2.0670690379801289
-2   2.3587901699821678
-2   2.0793227202643414
-2   3.122976738725292
-2   2.7172698368295283
-2   2.8702226714656907
-2   2.2007364659519184
-2   2.6827748053217717
-2   2.0579948489917421
-2   2.1050903241175085
-2   2.1207453652222976
-2   2.0706593743526498
-2   2.6337012341994654
-2   2.3458826083368773
-2   2.2921310805341362
-2   2.2554996144012915
-2   2.2138878965051649
-2   2.0487400310475072
-2   2.7563424072144174
-2   2.3591536394826353
-2   2.0251485336335184
-2   2.5136666366343174
-2   2.0769701107144116
-2   2.6654918353093509
-2   2.6803114387813949
-2   2.709105308569304
-2   2.7050902344642305
-2   2.9823300994247908
-2   2.3803254258825675
-2   2.640531013376564
-2   2.6994883374817267
-2   2.0902762394556889
-2   2.0035439380218065
-2   2.0424310706185023
-2   2.0423164008664618
-2   2.0767316102874407
-2   2.2610248010946412
-2   2.138170024926155
-2   2.269234929297657
-2   2.523416300228186
-2   2.8010467807281914
-2   2.0395136274148373
-2   2.0067149965541922
-2   2.9785879344402533
-2   2.0176810223451902
-2   2.0097929038814915
-2   2.0058962689652042
-2   2.0180312940167093
-2   2.0362716657174662
-2   2.0931472782657647
-2   2.2176720523761744
-2   2.4999737315760053
-2   2.3226492500643916
-2   2.1621161099590767
-2   2.2993434669507273
-2   2.2101111221979726
-2   2.7919603729902862
-2   2.5728898328292291
-2   3.2331774004687444
-2   2.8794123417767903
-2   2.2803027504829596
-2   3.2186179719748629
-2   2.6923229889731304
-2   2.3010917801215438
-2   2.3644521542516053
-2   2.7074555958547482
-2   2.25310668129277
-2   2.4139785021965765
-2   2.3541442035772722
-2   2.7010585033947168
-2   2.6757726016050114
-2   3.6858479036123306
-2   2.0201029395038526
-2   2.0032286992490622
-2   2.0461417193726219
-2   2.0036989006601145
-2   2.4626089204596369
-2   2.479213589701279
-2   2.060861642662474
-2   2.2147229875432717
-2   2.151379797089481
-2   2.7615652716854249
-2   2.0288083195739284
-2   2.0011567197968616
-2   2.9132073343684017
-2   2.6353639747426527
-2   2.4426046324917019
-2   2.1065836872027739
-2   2.0050613001735109
-2   2.991031847270889
-2   2.0099682589034855
-2   2.0013019237022411
-2   2.006434334728822
-2   2.0105357480376909
-2   2.0136618781221634
-2   2.0506571911911347
-2   2.8683871863814816
-2   2.009751463622373
-2   2.0188778374616372
-2   2.1714780092476413
-2   3.7545522517592902
-2   2.1900067748463812
-2   2.2194336704312545
-2   2.7160001574278554
-2   2.8171948562049915
-2   2.9237709805760872
-2   2.3694208712268616
-2   2.1099252093287291
-2   2.0304764593172795
-2   2.0789227062811531
-2   2.0748554100569416
-2   2.9493496768125498
-2   2.0004981373628339
-2   2.006900026232322
-2   2.0011952612643489
-2   2.0052137587101968
-2   2.0022609893191072
-2   2.0026534660450763
-2   2.0059300922073242
-2   2.1999515341295153
-2   2.1694711888312872
-2   2.6263807425840033
-2   2.6449211263976848
-2   2.221234548551021
-2   2.2126127670577742
-2   2.0662337697113955
-2   2.0550540510669344
-2   2.001797153338349
-2   2.0159974179199409
-2   2.6007035830791123
-2   2.7430233226774776
-2   2.3655466301573367
-2   2.1848111369936962
-2   2.1231893054783071
-2   2.1430456563242211
-2   2.0033268586835296
-2   2.0529700534331354
-2   2.257658499691642
-2   2.2319315890746032
-2   2.1289489565318322
-2   2.6904327275872211
-2   2.814739652606344
-2   2.001877171687223
-2   2.0506543051832669
-2   2.0191256307276553
-2   3.3089492549743356
-2   2.8633143815470699
-2   3.1156028539230078
-2   2.7633458149906152
-2   2.1312087958394326
-2   2.0399381973465887
-2   2.002462433240455
-2   2.0036026186763367
-2   2.0009254113542116
-2   2.0039838941976789
-2   2.0284753407412355
-2   2.0023669552851704
-2   2.9730097612040889
-2   2.0185628719618518
-2   2.0037374282320535
-2   2.9825959402582605
-2   2.0028055538404774
-2   2.0057001382094488
-2   2.029969321051952
-2   2.0125571602649286
-2   2.0275022236591385
-2   2.0106948380341505
-2   2.8188533619679994
-2   2.0847773073792037
-2   2.2033159297136895
-2   2.060200009834023
-2   2.0592808552155364
-2   2.337596878379121
-2   2.5975338362444598
-2   2.1637476630981807
-2   2.1528764806287435
-2   2.2276441498501991
-2   2.7722482389241896
-2   2.9673936949416939
-2   2.1986554837235355
-2   2.9538375066243732
-2   2.8558391470508484
-2   3.8626029093309109

-1   1.0398247878128628
-1   1.0990765421432636
-1   1.1378236186142086
-1   1.5898683761298957
-1   1.0648750502492303
-1   1.5081618713250884
-1   1.3571965637363497
-1   1.1351213330880079
-1   1.3600884507543898
-1   1.7433579262630934
-1   1.9117271331590628
-1   1.2357055631282428
-1   1.8651050478310163
-1   1.7937349682044705
-1   1.0411848467875231
-1   2.8207407472312553
-1   1.9155777134547329
-1   1.3276615448588738
-1   1.1192218781448513
-1   2.0715220434600385
-1   1.8304294649642761
-1   2.7514393003818038
-1   1.3418123410606331
-1   1.1449338953701422
-1   1.8783796957174008
-1   1.0266381876157902
-1   1.4570026969925318
-1   2.4976824637440469
-1   1.6814780915461296
-1   2.1103375322160152
-1   1.0635004234678094
-1   1.3636826498521497
-1   1.4420961325656587
-1   1.6747714236887554
-1   1.1150881878321859
-1   1.7545916700846824
-1   1.446988004585918
-1   1.5231309235842354
-1   1.3721477237256849
-1   1.6302287006528764
-1   1.7860233234878091
-1   1.2287956891082559
-1   1.6454481788030155
-1   1.3665119690064234
-1   1.3887435178589191
-1   2.7172837020345901
-1   1.1336496044674687
-1   1.2835346431334287
-1   1.7064286667286614
-1   1.4302277137665178
-1   1.1205857458567625
-1   1.8399168851459571
-1   1.7782301816460993
-1   1.924626315693029
-1   1.9306193794531548
-1   1.3574883012930681
-1   1.9929150868805552
-1   2.0931053756034834
-1   2.0726507946358361
-1   2.2460768027631342
-1   2.6490176311517
-1   1.8303021324847677
-1   1.5727184819232432
-1   1.8901936564113941
-1   3.0041288492245681
-1   2.1220824638906648
-1   1.8517845161579944
-1   1.8035799728870936
-1   1.5381622611482531
-1   1.8840049368043941
-1   2.2575525943385091
-1   1.7702528740664474
-1   2.2839539546019298
-1   2.5791830604725572
-1   2.161768064504642
-1   1.5367224809147113
-1   1.748132616314479
-1   1.5911125810745612
-1   1.919525185796215
-1   1.6003493641373181
-1   1.7513002476366872
-1   2.700594125283069
-1   2.0343012765338968
-1   2.1824831144169488
-1   2.126084199801058
-1   1.8347532790877596
-1   1.3906563298643411
-1   2.7956149440259392
-1   1.8511202550781909
-1   2.1857613548882129
-1   1.6216644382737186
-1   1.4041294499146841
-1   1.5672473810253558
-1   1.809606586731821
-1   1.2935783440438331
-1   2.245631524371289
-1   1.8964376891443169
-1   1.5907996339066495
-1   1.0921794708883192
-1   1.9929121954802662
-1   1.2701912585419195
-1   1.7424478595702673
-1   2.7981682058244397
-1   1.716251466465212
-1   1.9895353817171264
-1   1.1836109662703145
-1   1.3448174207799919
-1   1.1840797225138548
-1   1.9312981869068482
-1   1.330286845219999
-1   1.6834302772410648
-1   1.7773908784731089
-1   1.9002997105970816
-1   1.1984591679880372
-1   1.1244832663954043
-1   1.0904435856862995
-1   1.8987488410012605
-1   2.1044473237917218
-1   1.9387296881112386
-1   2.2396232289648133
-1   2.2029048787375665
-1   1.6776328843478181
-1   1.5736448614967751
-1   2.3938279807427976
-1   1.4680425075343999
-1   2.574778569729737
-1   1.4484915204259101
-1   1.2763042267348237
-1   1.7908577929927101
-1   1.859564409775404
-1   1.7862710322658968
-1   1.7262050651386636
-1   1.724355773705585
-1   1.5567305785357886
-1   1.4359097022112153
-1   1.7156061950255306
-1   1.3984319515955757
-1   1.4954280863649767
-1   1.8125374946567181
-1   2.0686142830709811
-1   1.6745182469253432
-1   1.5655268190240319
-1   1.8067660004852564
-1   1.9859011192214591
-1   1.9186419258738958
-1   2.4579908487679667
-1   2.160490253324725
-1   2.8440602178292655
-1   1.5281442299847989
-1   1.4385039382505165
-1   2.5855739083132483
-1   2.4356247623592076
-1   1.7061992337695653
-1   1.7167814217381068
-1   1.6850564415558944
-1   1.965584096036284
-1   1.5264811822719397
-1   1.4953530649032796
-1   1.6984240418050058
-1   1.6584810267336443
-1   2.2677733498497732
-1   1.6646054027584802
-1   1.4348311708456292
-1   1.4504731205713564
-1   2.4201485622664376
-1   1.7083959582914217
-1   2.1555391291975843
-1   1.2638658389098578
-1   1.5459794773854059
-1   1.6872430733279797
-1   1.434453373162389
-1   1.36369651592784
-1   1.6270036189229291
-1   1.3450950823886714
-1   2.3299449609719072
-1   1.5592079136546402
-1   2.2725000484053379
-1   2.1302104678359091
-1   1.7799479768958122
-1   2.2128318470541934
-1   1.8587463967409645
-1   1.9445129962225831
-1   1.1974582576369863
-1   1.7225295614488449
-1   1.7326087712996254
-1   1.0879129055185526
-1   2.2120503013242807
-1   2.2130598886106787
-1   1.0612518773190494
-1   3.082512466430841
-1   1.7966652358676507
-1   1.5244715976209324
-1   2.6807395879679121
-1   1.2302133284243384
-1   2.5442648378670585
-1   2.3629865133962848
-1   1.5894009110529792
-1   2.7472099528538356
-1   1.8987156300900665
-1   1.1939094733471172
-1   1.4607808459046785
-1   1.6028758161484022
-1   1.0748500621566592
-1   1.8940752956786699
-1   1.0912745768646734
-1   1.5914178077974492
-1   1.3250363679954713
-1   1.2496541443515754
-1   1.6764045344257359
-1   1.2201644018982332
-1   1.9745563607449697
-1   1.7191815101381138
-1   2.0098809651326692
-1   1.8629108451171636
-1   1.3299195035551972
-1   1.5141954996125273
-1   1.7436108762644329
-1   1.4107716930472385
-1   2.2059177552601579
-1   1.5883982435437516
-1   2.1823029929457642
-1   1.8899095881049099
-1   2.0043454695479617
-1   1.9561304318008395
-1   1.2708169685033994
-1   1.3653373254923513
-1   1.2167118763244329
-1   1.8325482368201937
-1   2.0170132140631867
-1   2.0762242652866965
-1   1.8575673284700729
-1   1.2832783556719534
-1   1.2179555268066207
-1   1.7047668822626432
-1   1.7093450106718846
-1   1.4340158445742721
-1   1.7079448374474038
-1   1.5307066116878389
-1   1.6359594277403979
-1   1.3788682878861171
-1   1.8289682073163571
-1   1.9111576416652278
-1   2.2122921639011035
-1   1.9986102764774203
-1   1.7994715331986866
-1   1.8368911678172668
-1   2.4165843888817387
-1   2.038549971178552
-1   2.1224107503265652
-1   1.6324124264654984
-1   2.0364175395154613
-1   2.6889174640914244
-1   2.3897184116169092
-1   1.9931512969440308
-1   2.6413866697850894
-1   1.5009798350160048
-1   3.1903000931245917
-1   2.1794028548492759
-1   1.7786592410975315
-1   2.4159679849097011
-1   1.7609905925845117
-1   1.5276852723628251
-1   2.2420287773648768
-1   2.3087139892958284
-1   1.5195032547052296
-1   1.5474093112486487
-1   1.7871940357592582
-1   2.3091634833369188
-1   2.4438626870842111
-1   2.0993078932457743
-1   2.3849121373402213
-1   1.6248372472133741
-1   3.7590209227655169
-1   1.1178817764408933
-1   1.9184923566753951
-1   1.1408134433460082
-1   1.2360189693933346
-1   1.0839207206440451
-1   1.7761935438429068
-1   1.1338150653185299
-1   1.3391846233480653
-1   1.7004999735707091
-1   1.9233993250735293
-1   1.2615100984232341
-1   1.3824133267419392
-1   2.0110275205173727
-1   1.5452779825330025
-1   2.5393784619249242
-1   1.5747058473470203
-1   1.7477498475812903
-1   1.9202051540190195
-1   1.746284271164305
-1   2.9021978024027719
-1   1.3027983794427773
-1   1.9784772069447971
-1   1.0165981106955937
-1   1.0329882702244955
-1   1.6691968434497237
-1   1.0085103904723727
-1   1.4465664464221684
-1   1.059766717837562
-1   1.756548760384919
-1   1.7712914226085981
-1   2.2330269875992035
-1   2.3819057885990649
-1   1.8918305958206423
-1   2.1492649346231256
-1   1.6381413078821736
-1   1.9489504254750019
-1   1.9647185227106561
-1   1.1924738554087988
-1   1.4347733696014
-1   2.2947739968630141
-1   1.8214371721253442
-1   1.9241470217904149
-1   1.2084944615167386
-1   1.3793537476686939
-1   1.7958644752791817
-1   1.8814157258679756
-1   1.8481875258869955
-1   2.0320509201000663
-1   1.8856681609595567
-1   1.1536074447951461
-1   2.442451967092365
-1   1.1863033190324379
-1   1.8157117321540861
-1   2.0674829506439973
-1   1.8161277656960033
-1   1.17675958783765
-1   1.2104202032613425
-1   1.4854389384682019
-1   1.4912653111912306
-1   3.4851813440359773
-1   1.2478657395574373
-1   1.6161200129541289
-1   1.6572521548803971
-1   1.4690419475633201
-1   2.0968465989275007
-1   1.721026047563972
-1   1.2967402697070201
-1   1.955599892258439
-1   2.1349797334792311
-1   2.6769203528146095
-1   1.5735036779392897
-1   1.3283556851206715
-1   2.0270443894059396
-1   1.9939763907689212
-1   1.9531960327695348
-1   1.9926608428651655
-1   1.3672249540761812
-1   1.6207148847700803
-1   1.0614456765589784
-1   1.1145481242477666
-1   1.5973597521905121
-1   1.8135525874214524
-1   2.8466383031468214
-1   1.7171413609116519
-1   1.0240261595720781
-1   1.3522973653705654
-1   1.743095228322447
-1   1.8043657073930093
-1   1.7847857874166584
-1   1.4144134174561065
-1   1.0121541208353924
-1   1.6114838333133634
-1   1.9268466945548242
-1   1.9682090073733449
-1   1.0078423994337653
-1   1.0057178062306726
-1   1.0478653595918643
-1   1.4548966154589085
-1   1.0385864614396687
-1   1.6386117194056617
-1   2.2028255395671552
-1   2.1383026434977079
-1   1.4701016471913089
-1   1.4474857525382352
-1   1.224504914458707
-1   1.3235297037167639
-1   2.5298839947731517
-1   2.6145235865983931
-1   1.0680215997031763
-1   1.1641033673404739
-1   1.7249253372534517
-1   1.8522821018288664
-1   1.8475516591524843
-1   1.3062982195650388
-1   1.1915215100989429
-1   1.241325722370503
-1   1.8300038603602093
-1   1.8736232840912352
-1   1.8449033232845755
-1   1.0796180304697798
-1   1.0353039212683846
-1   1.0911944236541615
-1   1.072900995849277
-1   1.0449524303314337
-1   1.5713937582494593
-1   1.9469162384185275
-1   2.1566143636833774
-1   2.180730337219531
-1   1.4365514894601608
-1   2.3301763101247959
-1   1.8785332300466155
-1   1.4441786205638663
-1   1.9535961494255503
-1   1.1681779195781377
-1   1.5863779021700362
-1   1.4031562113454292
-1   1.0116557846560017
-1   1.0189732214235805
-1   1.0215236812890254
-1   1.9870826960337444
-1   1.0444339137679999
-1   1.823775280555636
-1   1.0851066889454895
-1   1.9816772505217704
-1   1.0349750025405926
-1   1.1845021594794065
-1   1.4088766175931455
-1   2.3934807621565724
-1   2.2485067896634003
-1   2.4291779214086286
-1   2.6287074815721021
-1   1.7085522405685936
-1   1.9714468186357421
-1   2.0790473869918342
-1   1.719653977039469
-1   1.4672866409814029
-1   1.547991395328411
-1   1.276005103470532
-1   1.9771347981021337
-1   1.2639533422895799
-1   2.2747474117364277
-1   2.676985372211786
-1   2.4201447032621415
-1   1.2394555607918414
-1   2.8185908457393114
-1   1.8271432000071712
-1   1.9112886392263433
-1   1.7231628572292501
-1   1.4181202467307064
-1   1.1148915096824996
-1   1.9641772401046222
-1   1.023801060183724
-1   1.0330825757101969
-1   1.2294019746922109
-1   1.2022292871803284
-1   1.7972272656467991
-1   1.6780982040552885
-1   1.2306417787535262
-1   1.1328714675347054
-1   1.1595790928484335
-1   1.9615423292365755
-1   1.5386876751177514
-1   1.6530136072313044
-1   1.8222775040216965
-1   1.9693618643970572
-1   1.3486578539346332
-1   2.4772350741057414
-1   1.9450714479358266
-1   1.8616998737960855
-1   2.9047914377212081
-1   1.0182223197582272
-1   1.0380235414791532
-1   1.0158742571925148
-1   1.8746226910353951
-1   1.0478682438852187
-1   1.1832507138067987
-1   1.1813033474368715
-1   1.1210826789925992
-1   1.7863250874543875
-1   1.1871363582633285
-1   1.2495726664725944
-1   1.1330048925308673
-1   1.8242103631244051
-1   1.2553869695760758
-1   1.7621008036788566
-1   1.9238735374308131
-1   1.9146344278697427
-1   1.1761381867801279
-1   1.233332851175001
-1   2.6163607889818001
-1   1.8216595530877293
-1   1.878006271201289
-1   1.28320558606364
-1   1.7342579551114028
-1   1.6927623190585162
-1   1.4632164520302775
-1   1.9921285554412971
-1   2.2246123458148439
-1   1.3438798507147511
-1   2.1962987063106385
-1   2.0549457430068956
-1   1.9934892689005288
-1   1.4629377244879165
-1   2.4484582980329357
-1   2.5054853355922337
-1   2.0243867180036355
-1   2.8638523035164147
-1   2.0521411796592344
-1   2.9402213852264256
-1   2.8244390247571349
-1   3.8447460308265287

0   0.045247202744512993
0   1.0033453642994485
0   0.80568204272096899
0   1.0563001939021679
0   1.0035378847046301
0   1.025742835807042
0   1.0197571516148387
0   0.20582207096188565
0   1.6096176606850694
0   1.0509196140425077
0   1.0041647885951184
0   1.9958762901200542
0   0.6447709895064837
0   1.0304760463485882
0   1.0050824884813656
0   1.3041506934129643
0   1.6401028623828431
0   1.950554539797257
0   1.7661794276779696
0   2.7777890316610847
0   1.0023117178987655
0   1.568300808820545
0   1.0043813457250534
0   1.1543874720496434
0   1.1376153484274767
0   1.8535831506884861
0   1.8587978256693436
0   2.7574769225683924
0   0.6811344096627594
0   1.1100826124620715
0   1.2465317476393296
0   1.7684407429522055
0   0.36364202140634305
0   1.1276207366700031
0   1.0033007270899374
0   0.74909574629335829
0   2.6490969614817454
0   0.086469222424668257
0   1.8576279826757713
0   1.6109136800816874
0   1.4445690989314239
0   1.0030551927193714
0   0.81245955019008687
0   1.9380707605610583
0   1.1232342056370066
0   1.003154702034196
0   1.9911041247119732
0   1.1523965599105503
0   0.32633357509991046
0   1.6582742011264417
0   1.3815420192617853
0   1.0135521148295437
0   1.8447805959667209
0   1.9273184961217886
0   1.0505517426529991
0   1.1341593567759958
0   1.4967802458745916
0   1.0239239635810331
0   0.39775780838184682
0   1.0875669894377136
0   2.3554944369398521
0   1.3449097384914419
0   1.2480182786053355
0   1.0416347803949095
0   1.030199813709977
0   1.4861731467172739
0   1.1803442266949771
0   1.8037600582059499
0   2.1901297132408182
0   1.2179391649961078
0   1.4047641842593799
0   1.0522518225647122
0   1.037633253904561
0   1.8556579231454147
0   1.6128205234433461
0   2.6478841019360231
0   1.0968734685191155
0   1.0641974854618479
0   1.7615187151243843
0   2.3387925734244752
0   2.193721662334982
0   1.6663474361913511
0   1.5895581763887883
0   3.2371268156764401
0   1.8345020899123572
0   1.941072826870621
0   1.3431228487945599
0   2.0371196399346316
0   1.5725641047032903
0   1.4374186466030208
0   2.342398432600985
0   2.0424641576226468
0   1.5350553220813521
0   1.8662255393526603
0   1.7547485224643888
0   1.6595564328665229
0   2.0600395676650907
0   0.76445119497611547
0   2.0815106978001858
0   1.2588771825097147
0   1.9621703215161443
0   1.2599239936633999
0   1.7614541828497257
0   2.2383464701892617
0   1.3681362394441279
0   1.7866325769270781
0   1.5923335049965881
0   1.6482095632643667
0   2.2712535386780388
0   1.5793395055628849
0   1.9200790630491622
0   1.6621705717941095
0   1.5253803283517842
0   1.8146929897548656
0   1.9933550092636345
0   1.2210864064510889
0   1.5227292008272371
0   1.6451144580101245
0   1.104332895195945
0   1.1920726533806121
0   1.649034508192849
0   2.6258669641022014
0   1.3912382960880991
0   1.713946032132283
0   0.69030955641476477
0   1.2527490625774369
0   2.6205650204026987
0   1.5053279416427849
0   1.1346686324270248
0   1.4996477339813179
0   1.2081434415457788
0   1.0167733629703011
0   1.276246303717703
0   1.4719568429637671
0   0.52994082540561793
0   1.0390619939562149
0   1.0559898855387058
0   1.5457409686117867
0   1.0070974378111615
0   1.9672884427147208
0   1.3666817862683758
0   1.9460507501058788
0   1.027304443995497
0   1.1543745553239477
0   1.6415569726950814
0   0.25457100080784134
0   1.0089662185192401
0   1.8570108085452963
0   1.8598689947318872
0   2.5233508003446086
0   1.5132276988024644
0   1.9178691717312875
0   1.0811092968829565
0   2.0935853303451553
0   1.4972958577084465
0   1.8423727431878882
0   1.8419717315281812
0   0.80228043044936537
0   2.296959428546312
0   0.59639355701677177
0   1.4988992309444047
0   1.2662635232508084
0   1.108113607485812
0   1.1464312389366027
0   1.852548916460182
0   1.9786863642249015
0   1.915851111972283
0   1.2061883691031912
0   1.1996868283087621
0   1.1405283831471695
0   1.5201614470817879
0   1.6372214611627203
0   1.686406032758117
0   1.7190839234336766
0   2.1440472968222362
0   1.6378492055173166
0   1.1862848617067632
0   1.880425800344554
0   1.3722283279784879
0   2.1227757274782086
0   1.3438933802737147
0   1.0522942396489769
0   2.3416852204480172
0   2.4099924852151062
0   1.189838103645938
0   1.7717432865046501
0   1.8722784113653885
0   2.6794296846670829
0   2.2031625710631477
0   1.0101237448791289
0   1.4799676552209042
0   1.5611794738386302
0   1.1110882612870689
0   1.7822761024768452
0   1.6334950901492329
0   1.1834642666872788
0   1.6816865927626079
0   1.877902220784391
0   1.9768714683416659
0   1.4467387588927503
0   1.6382131086614651
0   1.1676314834468851
0   1.5045472872128673
0   1.2995899738704688
0   1.4444870251670059
0   1.6000211482567863
0   0.54156275246026797
0   2.3173147656730508
0   2.0307373399230997
0   1.1209576601702504
0   1.2643122690009851
0   1.4628025937881117
0   1.4424592392316007
0   1.583870326632062
0   1.0645489350396973
0   2.0504686007085695
0   1.9539893494843872
0   0.84776403961190838
0   1.8989739405931814
0   1.5621701628533429
0   1.5641407894101356
0   1.2319668285488983
0   1.3785804279961935
0   1.3394836816243159
0   1.9464111473857049
0   1.6582161041119177
0   1.9049459046402011
0   2.1097646937777998
0   1.7246761092034752
0   1.0146263031794567
0   1.0402261739581578
0   1.0300147032565541
0   1.4100091315261909
0   1.9849505239219054
0   2.0089304970086816
0   1.9583681782791675
0   1.267310641951221
0   0.31206695596060163
0   2.3559475511291201
0   2.4363453464332849
0   1.5556760269498029
0   1.5561540352231158
0   2.2199501764864076
0   2.3274671371968725
0   1.0570823414561694
0   2.4103578154440912
0   2.3624838097732219
0   1.0600230895673664
0   0.88403639280493884
0   1.9469023083155572
0   1.0164320182650028
0   0.10081554730859876
0   1.0163848805979931
0   0.59236771222133333
0   1.4973255166345112
0   1.9358948051678784
0   1.0237277621267782
0   1.0089374420092003
0   1.963844803421436
0   1.0951404549517922
0   1.8820879269239281
0   1.3504437180392586
0   1.322434940848549
0   1.2385692812746929
0   1.0344728556846441
0   1.3057503159540289
0   1.3523670768104952
0   1.2772559286228196
0   1.2335434208795533
0   0.57231959220513717
0   1.0066303610256166
0   1.5816365286204732
0   1.0430219468565929
0   0.84865471340225884
0   1.6132959894735617
0   2.1737852603561345
0   2.6846566749162331
0   1.0975104135099145
0   1.9775431653993034
0   1.9418387098324863
0   1.4700060325995981
0   0.62479864730506973
0   1.0163421559758323
0   1.7095411119161699
0   1.0555962253224818
0   1.9754953245591684
0   2.5723365849522613
0   1.5164251445422807
0   1.8691926213078434
0   1.0164543824703822
0   1.0225880821445579
0   1.2589491083211404
0   1.6180551086878268
0   1.5283070888568493
0   1.9401237626720564
0   1.2985194337476273
0   1.6606629077079242
0   1.0572259136574045
0   1.2016224966794318
0   1.5916089060049545
0   1.7861813071454069
0   1.2019848000744224
0   1.8463717464370588
0   1.6559761579805063
0   1.4005488754541777
0   1.9286675396494406
0   1.628152141710538
0   1.8956654491747913
0   1.830170974489771
0   2.6858937161115666
0   1.1801166490137676
0   2.2863793386698057
0   2.1785675995242531
0   1.9741157217895715
0   2.832183559427794
0   1.2075466633984393
0   3.2664753362458017
0   1.9262621305601395
0   1.9192718417339467
0   2.7612546930492523
0   1.6925948125049053
0   1.8402033161006246
0   1.4068602771797711
0   1.4959472986510685
0   0.58598829878420777
0   1.0902589981623967
0   2.3322170514209466
0   1.9844548814368457
0   1.9763096985232762
0   2.1082004757700901
0   1.297460053795469
0   2.4830277745646421
0   1.9664565321095164
0   2.4221733540326102
0   1.9487640275840734
0   1.0913911388731259
0   0.5002835573276232
0   3.8112619722456857
0   1.0184208390204594
0   1.0289982271094631
0   1.9227848371128857
0   0.39902301267790674
0   1.0515049120490068
0   1.0018098075229482
0   1.8196748331598176
0   1.0158379016914052
0   0.35029092855287691
0   1.452014212098234
0   1.0522355208082248
0   1.4116651572146863
0   1.7845841011993779
0   1.091036338527426
0   0.55744066023539007
0   1.0682734456483107
0   1.8727374955267422
0   2.0008426757113669
0   1.3472486931552063
0   2.3115396454889106
0   1.8145970758750525
0   1.0139062323960273
0   0.82364108968695549
0   1.4906142618962062
0   2.9455458056768382
0   1.6796927330197677
0   1.0051396289025638
0   1.5627877233560628
0   1.0288688386719766
0   1.0160614849191383
0   1.0217471656608685
0   0.88545178170949601
0   1.0054165597739939
0   1.6452415532275508
0   1.0054612935546401
0   1.4037313464230332
0   1.3972913548046777
0   1.1372096813808199
0   1.7294314390361776
0   1.6971382856506589
0   1.7565426965925606
0   1.6770339913024985
0   2.0930752259221714
0   2.5354912923073085
0   1.0320403447566717
0   1.6121332701846471
0   1.0500658957431761
0   1.0047844572951636
0   1.0503473428689329
0   1.3264109580138213
0   2.8411793961850011
0   1.347403823955577
0   1.3217932567011179
0   1.8218777693823149
0   1.7804645894523015
0   1.0064476038434922
0   1.0196611384354188
0   1.9823682734750898
0   1.9922118219474596
0   1.402277511961185
0   1.7378107074156008
0   1.0029255160850676
0   2.8239995288010151
0   0.73703724130062587
0   0.31896029562781236
0   1.035986845390825
0   1.7595170929013877
0   1.5904750311338649
0   1.0049574165374211
0   1.9885986650603655
0   1.0846859270077915
0   1.8195935836792416
0   0.91277382917099481
0   3.0489281387317733
0   1.5444577036949685
0   1.5570130707905867
0   1.1425133770630338
0   2.3062156284979625
0   1.2585539014997171
0   1.065035119460221
0   1.0582929693999796
0   1.3806112597131452
0   0.87539798769280841
0   2.5605119937634768
0   1.1482944290660968
0   1.014060301379696
0   1.5203907917916015
0   1.4084401268222781
0   1.2735543404084932
0   1.7834445081178214
0   1.7836794897992454
0   2.4949713524207509
0   2.0308162876499716
0   2.2032167175133002
0   1.2218010749568307
0   1.2774244578315028
0   0.59711866254714119
0   0.66087116909872634
0   1.6545159164612251
0   1.988818272274274
0   1.3836926705230927
0   1.0059621848004485
0   1.0057130809248604
0   2.6222149179708576
0   1.7482720840759169
0   1.0131311957114322
0   1.0034778499947683
0   0.76616784741541921
0   0.41994069920020871
0   1.00561564886093
0   1.9868023230515561
0   1.9718110858285098
0   1.9945165738833266
0   1.0012447921451697
0   1.0044477983025348
0   1.9723318265246235
0   1.9155645754364645
0   1.0056781850544141
0   1.000828502811737
0   0.064664602694344486
0   1.0506220240779112
0   0.034581843352141761
0   0.070841040936760136
0   0.60270195548589545
0   1.0460820286160337
0   1.0058270358405363
0   1.7976475010509763
0   0.37898179057370374
0   1.9320342170822804
0   2.9361422052308934
0   2.8523195055361454
0   1.8627590422365312
0   1.0317574467683204
0   1.0008128495169326
0   1.2182039468092085
0   1.0601752476970572
0   1.9892498877388749
0   1.9331378454918995
0   1.0058475735933103
0   1.0106633334427213
0   1.3532087789042293
0   1.1092965095564191
0   1.046214717002284
0   1.9244121891778163
0   0.54804434505210864
0   1.003200456525889
0   1.003618470802619
0   1.978633185283214
0   1.9214567002484788
0   1.0821246029786276
0   0.35430152944880799
0   1.0350209389311831
0   0.29088155934122706
0   1.006715071039854
0   1.0097147333800638
0   0.10502552740310811
0   1.0131933386064491
0   0.95398346208520945
0   0.29184058056945306
0   1.4563208966078995
0   0.39409543099411337
0   2.5245362337407817
0   1.5619269574787689
0   1.7203388563617956
0   1.7306584993822942
0   2.2262291304823818
0   1.6477116382062209
0   0.43800113440928112
0   1.9808020151151262
0   1.9601857008679819
0   1.1673663930586342
0   1.0501675368584027
0   1.1240675462501277
0   0.070367050444603785
0   0.079977143022270658
0   1.0056784336585005
0   1.0045081877301638
0   0.61802807647773594
0   1.0064109166574458
0   1.783884448292461
0   1.025939478076616
0   0.94571536507807408
0   1.0128502363958631
0   1.9608997452580326
0   1.2292978869173667
0   1.6325651145371767
0   1.0554745363112235
0   0.62870911286793563
0   1.0075312146047122
0   2.6660343834048867
0   1.9216231486811237
0   2.7163371504983167
0   1.7808729809374375
0   0.85665396627677914
0   1.0223844001777898
0   1.8637114476128032
0   1.8459509362353272
0   1.4038005989772537
0   1.901340070457886
0   1.6036052570205981
0   2.5593220676319213
0   0.51116970383574434
0   1.6321623625544022
0   1.6035180279768793
0   1.2636381615983523
0   0.56656301219824323
0   1.3064337200618954
0   2.0095767406519069
0   1.9315612635719264
0   3.0393914005054383
0   1.5280356454170922
0   1.416038103375898
0   1.97606318694978
0   1.994783336058283
0   1.1732664895694767
0   1.340956811066486
0   1.0991083202291556
0   1.921167763784613
0   0.068505885599413507
0   1.0058211341524979
0   1.0060664150785354
0   0.31825329703678307
0   0.52222189025419286
0   1.0077096710338056
0   1.007972316340928
0   1.1720498894118077
0   1.5724070178777607
0   1.8682273391376318
0   1.7369338485770918
0   1.0085173170948483
0   1.1396507616023845
0   1.0296253991231967
0   1.9136872529740994
0   1.5327012589473448
0   1.2471779462962709
0   1.0063620850469299
0   1.1514979223840387
0   1.4155271135029148
0   2.8512423706583445
0   1.9643662812509248
0   1.8082287210910457
0   0.069709101171413712
0   2.9019020916572877
0   0.12387667639816891
0   1.0013609958450063
0   1.0097560826356726
0   1.0023605911090439
0   0.16440110765140137
0   1.9829876355221878
0   1.0205998477672367
0   0.13274177517105634
0   1.0258247486105905
0   1.023644606625022
0   0.42675709364089454
0   1.015478337987602
0   1.9812925000673842
0   1.0450832588030503
0   1.1727188583530106
0   1.0168228274229074
0   1.7648422403788797
0   0.76235102495531515
0   1.059227429013383
0   1.9112245901584211
0   1.7185552928667609
0   1.9320750328193714
0   0.53515982506479443
0   1.1194275722006239
0   2.7159212256896654
0   1.027296888528789
0   0.97255535388689163
0   1.0459353357455468
0   1.9919547121942491
0   1.4092367404641855
0   1.8592966017004504
0   1.9882572271297025
0   1.0950709232099634
0   1.6609686668949979
0   2.0464521268165434
0   1.2798514385596573
0   2.3994786650595605
0   1.0851925273591081
0   1.9425076536818162
0   1.8432794876932417
0   1.3437303251693908
0   2.923136938464959
0   2.0422643625373813
0   1.9832982971472015
0   2.821510798279586
0   2.0322015292502456
0   2.9460206071148951
0   2.8328153965485088
0   3.8365843397131254

1   1.0398247878128528
1   1.0990765421432338
1   1.1378236186142474
1   1.5898683761299153
1   1.0648750502492876
1   1.5081618713249387
1   1.3571965637362646
1   1.1351213330881122
1   1.3600884507545641
1   1.7433579262629961
1   1.9117271331590584
1   1.2357055631282603
1   1.8651050478310394
1   1.7937349682044572
1   1.0411848467875251
1   2.8207407472312545
1   1.9155777134546801
1   1.3276615448590319
1   1.1192218781448622
1   2.0715220434600403
1   1.830429464964217
1   2.7514393003817679
1   1.3418123410606899
1   1.1449338953701425
1   1.8783796957174079
1   1.0266381876157917
1   1.457002696992332
1   2.4976824637440345
1   1.6814780915461678
1   2.1103375322162297
1   1.0635004234679417
1   1.3636826498517769
1   1.4420961325657378
1   1.6747714236888074
1   1.115088187832127
1   1.7545916700847162
1   1.4469880045859529
1   1.5231309235842074
1   1.3721477237256117
1   1.6302287006529035
1   1.7860233234877883
1   1.2287956891082708
1   1.6454481788029947
1   1.3665119690064154
1   1.3887435178588783
1   2.7172837020346639
1   1.1336496044674731
1   1.2835346431333567
1   1.7064286667286956
1   1.4302277137665786
1   1.1205857458567843
1   1.839916885145898
1   1.7782301816460744
1   1.924626315693017
1   1.9306193794537054
1   1.3574883012928765
1   1.9929150868800964
1   2.0931053756035545
1   2.0726507946359369
1   2.2460768027630431
1   2.6490176311518074
1   1.8303021324847801
1   1.5727184819230873
1   1.8901936564114155
1   3.0041288492242004
1   2.1220824638911537
1   1.851784516157843
1   1.8035799728871238
1   1.5381622611478671
1   1.8840049368045251
1   2.2575525943383652
1   1.7702528740666859
1   2.2839539546021204
1   2.579183060472523
1   2.1617680645045376
1   1.5367224809149485
1   1.7481326163143232
1   1.5911125810745075
1   1.9195251857964331
1   1.6003493641373052
1   1.7513002476368915
1   2.7005941252827617
1   2.0343012765339812
1   2.1824831144172596
1   2.1260841998011686
1   1.8347532790874626
1   1.3906563298642587
1   2.7956149440259597
1   1.8511202550782744
1   2.1857613548881498
1   1.6216644382737102
1   1.4041294499147663
1   1.5672473810251946
1   1.8096065867316935
1   1.2935783440438486
1   2.2456315243711775
1   1.8964376891444532
1   1.590799633907054
1   1.0921794708882731
1   1.9929121954802977
1   1.2701912585418398
1   1.7424478595701367
1   2.7981682058244215
1   1.7162514664652364
1   1.9895353817171726
1   1.183610966270296
1   1.3448174207800121
1   1.1840797225137882
1   1.9312981869068264
1   1.3302868452225733
1   1.683430277238934
1   1.7773908784731391
1   1.9002997105971291
1   1.1984591679879841
1   1.1244832663954007
1   1.0904435856863273
1   1.898748841001261
1   2.1044473237917876
1   1.9387296881111657
1   2.2396232289647284
1   2.2029048787375709
1   1.6776328843475952
1   1.5736448614969119
1   2.3938279807429184
1   1.4680425075343868
1   2.5747785697297787
1   1.4484915204258759
1   1.2763042267348115
1   1.7908577929927154
1   1.8595644097754089
1   1.7862710322658888
1   1.7262050651386325
1   1.7243557737056001
1   1.5567305785360284
1   1.435909702211104
1   1.7156061950255772
1   1.3984319515954013
1   1.4954280863649787
1   1.8125374946567052
1   2.0686142830709775
1   1.674518246925345
1   1.5655268190240093
1   1.8067660004851582
1   1.9859011192213778
1   1.9186419258737248
1   2.4579908487679738
1   2.1604902533249786
1   2.8440602178292993
1   1.528144229984798
1   1.438503938250518
1   2.5855739083133069
1   2.435624762359176
1   1.706199233769583
1   1.7167814217380739
1   1.6850564415559028
1   1.9655840960363213
1   1.5264811822719428
1   1.4953530649032747
1   1.698424041804937
1   1.6584810267336367
1   2.267773349849846
1   1.6646054027584039
1   1.4348311708456192
1   1.4504731205713641
1   2.4201485622664971
1   1.7083959582914714
1   2.1555391291974959
1   1.2638658389099466
1   1.5459794773853739
1   1.6872430733279158
1   1.4344533731623805
1   1.3636965159278351
1   1.6270036189229105
1   1.3450950823887393
1   2.3299449609719107
1   1.5592079136546029
1   2.2725000484053477
1   2.1302104678359139
1   1.7799479768957895
1   2.2128318470542081
1   1.8587463967409676
1   1.9445129962225791
1   1.1974582576370139
1   1.7225295614488232
1   1.7326087712996299
1   1.0879129055185062
1   2.2120503013242749
1   2.2130598886107062
1   1.0612518773190474
1   3.0825124664308388
1   1.7966652358676485
1   1.5244715976209413
1   2.6807395879679263
1   1.2302133284243117
1   2.5442648378673218
1   2.3629865133959886
1   1.5894009110526506
1   2.7472099528540479
1   1.8987156300900438
1   1.193909473347142
1   1.4607808459048837
1   1.6028758161482148
1   1.0748500621566628
1   1.8940752956786699
1   1.0912745768646845
1   1.5914178077974603
1   1.3250363679954287
1   1.2496541443516116
1   1.6764045344257195
1   1.2201644018982147
1   1.9745563607449723
1   1.7191815101381449
1   2.0098809651326683
1   1.8629108451171539
1   1.3299195035551596
1   1.5141954996125349
1   1.7436108762643912
1   1.4107716930471816
1   2.2059177552599558
1   1.5883982435440043
1   2.1823029929458406
1   1.8899095881049117
1   2.0043454695479621
1   1.9561304318008883
1   1.2708169685033996
1   1.3653373254923
1   1.21671187632445
1   1.8325482368201955
1   2.017013214063113
1   2.0762242652867524
1   1.8575673284700631
1   1.2832783556719511
1   1.2179555268066207
1   1.7047668822626489
1   1.7093450106718868
1   1.4340158445742657
1   1.7079448374474073
1   1.5307066116878145
1   1.6359594277404277
1   1.3788682878861351
1   1.8289682073163704
1   1.9111576416652034
1   2.2122921639010733
1   1.9986102764774345
1   1.799471533198691
1   1.8368911678172273
1   2.4165843888817
1   2.0385499711786683
1   2.1224107503264915
1   1.6324124264655349
1   2.0364175395152602
1   2.6889174640916234
1   2.3897184116169301
1   1.9931512969440139
1   2.6413866697850645
1   1.5009798350160364
1   3.1903000931246033
1   2.1794028548492999
1   1.7786592410975333
1   2.4159679849097042
1   1.76099059258447
1   1.527685272362842
1   2.2420287773648573
1   2.3087139892958821
1   1.5195032547051754
1   1.5474093112486433
1   1.7871940357592213
1   2.3091634833369108
1   2.4438626870842173
1   2.0993078932458746
1   2.3849121373401614
1   1.624837247213395
1   3.7590209227655018
1   1.1178817764408795
1   1.9184923566753977
1   1.1408134433460195
1   1.2360189693933534
1   1.0839207206440451
1   1.7761935438429064
1   1.133815065318527
1   1.3391846233480553
1   1.7004999735706994
1   1.9233993250735457
1   1.2615100984232315
1   1.3824133267419449
1   2.0110275205173722
1   1.5452779825330043
1   2.5393784619249242
1   1.5747058473470421
1   1.7477498475813316
1   1.9202051540189928
1   1.7462842711642974
1   2.9021978024027573
1   1.3027983794427609
1   1.9784772069447922
1   1.0165981106955939
1   1.0329882702244955
1   1.6691968434497149
1   1.0085103904723718
1   1.4465664464221866
1   1.0597667178375725
1   1.7565487603849181
1   1.7712914226086078
1   2.2330269875992173
1   2.3819057885990489
1   1.8918305958206592
1   2.1492649346231225
1   1.638141307882198
1   1.948950425474949
1   1.9647185227106516
1   1.1924738554087966
1   1.4347733696014673
1   2.2947739968629732
1   1.8214371721253388
1   1.9241470217904117
1   1.2084944615167341
1   1.3793537476686857
1   1.7958644752791573
1   1.8814157258679689
1   1.8481875258870089
1   2.0320509201000765
1   1.8856681609595602
1   1.1536074447951483
1   2.4424519670923481
1   1.1863033190324526
1   1.8157117321541016
1   2.0674829506440209
1   1.8161277656960424
1   1.176759587837632
1   1.2104202032613582
1   1.4854389384681734
1   1.4912653111911669
1   3.4851813440359547
1   1.247865739557444
1   1.6161200129541431
1   1.6572521548804588
1   1.4690419475633105
1   2.0968465989274581
1   1.7210260475639343
1   1.2967402697069972
1   1.9555998922584563
1   2.1349797334793408
1   2.6769203528145828
1   1.5735036779392702
1   1.328355685120747
1   2.0270443894059058
1   1.9939763907689447
1   1.9531960327695224
1   1.9926608428651851
1   1.3672249540761632
1   1.6207148847700656
1   1.0614456765589708
1   1.114548124247758
1   1.5973597521905085
1   1.8135525874214511
1   2.8466383031468285
1   1.7171413609116857
1   1.024026159572079
1   1.3522973653705226
1   1.743095228322554
1   1.8043657073929853
1   1.7847857874165434
1   1.4144134174561211
1   1.0121541208353673
1   1.6114838333133941
1   1.9268466945548215
1   1.9682090073733445
1   1.0078423994337642
1   1.0057178062306706
1   1.0478653595918743
1   1.4548966154589378
1   1.0385864614396922
1   1.6386117194056293
1   2.2028255395671499
1   2.1383026434977026
1   1.4701016471913084
1   1.4474857525382754
1   1.2245049144585916
1   1.3235297037168232
1   2.5298839947730767
1   2.6145235865984362
1   1.0680215997031683
1   1.1641033673404713
1   1.7249253372534086
1   1.8522821018290982
1   1.8475516591522907
1   1.3062982195651016
1   1.1915215100989864
1   1.2413257223705287
1   1.8300038603601574
1   1.8736232840912144
1   1.8449033232845755
1   1.0796180304697882
1   1.0353039212683866
1   1.0911944236541824
1   1.072900995849259
1   1.0449524303314728
1   1.5713937582494917
1   1.9469162384185283
1   2.1566143636833011
1   2.1807303372195697
1   1.4365514894599223
1   2.330176310124918
1   1.8785332300467079
1   1.4441786205638205
1   1.9535961494255045
1   1.1681779195781097
1   1.5863779021700988
1   1.4031562113454308
1   1.0116557846559979
1   1.0189732214235965
1   1.0215236812890305
1   1.9870826960337182
1   1.0444339137680374
1   1.8237752805555982
1   1.0851066889455139
1   1.981677250521908
1   1.0349750025405884
1   1.1845021594790961
1   1.4088766175931018
1   2.3934807621568277
1   2.2485067896633111
1   2.4291779214084634
1   2.6287074815722193
1   1.7085522405688209
1   1.9714468186365788
1   2.0790473869917814
1   1.719653977038802
1   1.4672866409812075
1   1.5479913953281312
1   1.2760051034707571
1   1.9771347981021745
1   1.2639533422894307
1   2.2747474117364495
1   2.6769853722116226
1   2.4201447032622418
1   1.239455560791507
1   2.8185908457392594
1   1.8271432000074443
1   1.9112886392265143
1   1.7231628572291569
1   1.4181202467306682
1   1.1148915096824548
1   1.964177240104648
1   1.0238010601837397
1   1.0330825757101849
1   1.2294019746922431
1   1.202229287180258
1   1.7972272656465798
1   1.6780982040559134
1   1.2306417787528681
1   1.1328714675349629
1   1.1595790928477829
1   1.9615423292369547
1   1.5386876751180951
1   1.6530136072311903
1   1.8222775040216157
1   1.9693618643970732
1   1.3486578539345835
1   2.477235074105657
1   1.9450714479358169
1   1.8616998737960926
1   2.9047914377212547
1   1.0182223197582245
1   1.0380235414791126
1   1.0158742571924921
1   1.8746226910355208
1   1.0478682438852398
1   1.1832507138066495
1   1.1813033474368799
1   1.1210826789927586
1   1.7863250874545717
1   1.187136358263335
1   1.2495726664723381
1   1.1330048925308935
1   1.8242103631242168
1   1.2553869695761346
1   1.7621008036788686
1   1.9238735374307598
1   1.9146344278698484
1   1.1761381867811187
1   1.2333328511739527
1   2.6163607889821519
1   1.8216595530873065
1   1.8780062712012193
1   1.2832055860637133
1   1.734257955110897
1   1.6927623190585548
1   1.4632164520308366
1   1.9921285554412744
1   2.2246123458151241
1   1.3438798507147138
1   2.1962987063102539
1   2.0549457430070013
1   1.9934892689005519
1   1.4629377244880957
1   2.4484582980322256
1   2.5054853355929403
1   2.0243867180037083
1   2.863852303516305
1   2.0521411796592486
1   2.9402213852264949
1   2.8244390247570843
1   3.8447460308264745

2   2.0003654147228711
2   2.0006405501098299
2   2.0014192079009345
2   2.1617803917136014
2   2.0116816974679446
2   2.8741273964857768
2   2.0040385507244602
2   2.1271193890656193
2   2.0048110488985218
2   2.8917617668316149
2   2.0017757830532474
2   2.8758747009085797
2   2.0041800073499707
2   2.1353268584115326
2   2.027273175041941
2   2.0134932999462176
2   2.0236334903456745
2   2.0269142325944993
2   2.0168331445222507
2   2.8492986718080906
2   2.1669680853425288
2   2.0046602677243572
2   2.1072434238921676
2   2.9540217073268993
2   2.69641545941559
2   2.672506556289036
2   2.039773074245117
2   2.3509906627070092
2   2.253389739533151
2   2.6166237729588833
2   2.5053112685924335
2   2.1359553602359327
2   3.0267352564303001
2   2.5938244906952495
2   2.1693684299316081
2   2.2617061275444805
2   2.8669302157559802
2   2.5484252922611828
2   2.3536232998533926
2   3.1490221756477639
2   2.5113302318435666
2   2.3705291726251856
2   3.0399225499199982
2   2.3645863953709969
2   2.458692990769614
2   2.3253470912565812
2   2.1968022773051521
2   2.5549075194080753
2   2.2621446592148966
2   2.1971354121144899
2   2.3865453628822606
2   2.4803377272555345
2   2.0142869831640882
2   2.0025102117720599
2   2.0100128040861041
2   2.009590447704507
2   2.0503969895568193
2   2.1357282792780863
2   2.8990036549455582
2   2.5276615288212518
2   2.3973351642939136
2   2.9366995443906228
2   2.1384449536512999
2   2.0916572516411089
2   2.1821157412049219
2   2.0266874432485533
2   2.5351830810596172
2   2.2841101402237096
2   2.9617803513916523
2   2.0670690379801244
2   2.3587901699821354
2   2.0793227202643836
2   3.1229767387253045
2   2.7172698368294959
2   2.8702226714656605
2   2.2007364659519606
2   2.682774805321781
2   2.0579948489917408
2   2.105090324117493
2   2.1207453652223007
2   2.0706593743526716
2   2.6337012341994703
2   2.3458826083368471
2   2.2921310805341535
2   2.2554996144012711
2   2.2138878965051485
2   2.0487400310475206
2   2.7563424072144307
2   2.3591536394826265
2   2.0251485336335167
2   2.513666636634333
2   2.0769701107144098
2   2.6654918353093655
2   2.6803114387813749
2   2.7091053085692995
2   2.7050902344642367
2   2.9823300994247894
2   2.3803254258825763
2   2.6405310133765711
2   2.6994883374817187
2   2.090276239455688
2   2.0035439380218052
2   2.0424310706185045
2   2.0423164008664685
2   2.0767316102874327
2   2.2610248010946314
2   2.1381700249261528
2   2.2692349292976006
2   2.5234163002282353
2   2.801046780728194
2   2.0395136274148373
2   2.0067149965541904
2   2.9785879344402537
2   2.017681022345192
2   2.0097929038814897
2   2.0058962689652065
2   2.0180312940167093
2   2.0362716657174649
2   2.0931472782657634
2   2.217672052376146
2   2.4999737315760093
2   2.3226492500644174
2   2.1621161099590811
2   2.2993434669507149
2   2.2101111221979681
2   2.7919603729903044
2   2.5728898328291963
2   3.2331774004687399
2   2.8794123417768214
2   2.2803027504829747
2   3.2186179719748456
2   2.6923229889731206
2   2.3010917801215487
2   2.3644521542516079
2   2.7074555958547437
2   2.2531066812927687
2   2.4139785021965903
2   2.3541442035772961
2   2.7010585033947025
2   2.6757726016049621
2   3.6858479036123448
2   2.020102939503853
2   2.0032286992490618
2   2.0461417193726206
2   2.0036989006601154
2   2.4626089204596391
2   2.4792135897012741
2   2.0608616426624797
2   2.2147229875432579
2   2.1513797970894899
2   2.7615652716854235
2   2.0288083195739302
2   2.0011567197968643
2   2.9132073343683591
2   2.6353639747426767
2   2.4426046324916744
2   2.1065836872028352
2   2.0050613001735109
2   2.9910318472708819
2   2.0099682589034926
2   2.0013019237022411
2   2.0064343347288212
2   2.0105357480376891
2   2.0136618781221651
2   2.0506571911911409
2   2.8683871863814439
2   2.0097514636223766
2   2.018877837461635
2   2.1714780092476929
2   3.7545522517592689
2   2.190006774846335
2   2.2194336704312447
2   2.7160001574278705
2   2.8171948562049995
2   2.9237709805760845
2   2.3694208712269016
2   2.1099252093287308
2   2.0304764593172711
2   2.0789227062811495
2   2.0748554100569447
2   2.9493496768125462
2   2.0004981373628312
2   2.0069000262323184
2   2.0011952612643467
2   2.005213758710199
2   2.0022609893191095
2   2.0026534660450777
2   2.0059300922073335
2   2.1999515341295162
2   2.1694711888312934
2   2.6263807425839873
2   2.6449211263976831
2   2.2212345485510094
2   2.2126127670577711
2   2.0662337697113973
2   2.0550540510669548
2   2.0017971533383481
2   2.01599741791994
2   2.6007035830794081
2   2.7430233226775642
2   2.3655466301569814
2   2.1848111369936367
2   2.1231893054783382
2   2.1430456563241624
2   2.00332685868353
2   2.0529700534331372
2   2.2576584996915727
2   2.2319315890746063
2   2.1289489565319069
2   2.6904327275872055
2   2.8147396526063422
2   2.001877171687223
2   2.0506543051832598
2   2.0191256307276522
2   3.3089492549743307
2   2.8633143815470605
2   3.1156028539230034
2   2.763345814990636
2   2.1312087958394219
2   2.0399381973466042
2   2.002462433240455
2   2.0036026186763416
2   2.0009254113542108
2   2.0039838941976793
2   2.0284753407411853
2   2.0023669552851717
2   2.9730097612041249
2   2.0185628719618482
2   2.0037374282320544
2   2.9825959402582622
2   2.0028055538404792
2   2.0057001382094555
2   2.0299693210519782
2   2.0125571602649668
2   2.0275022236591433
2   2.0106948380340977
2   2.8188533619679572
2   2.0847773073792277
2   2.2033159297137357
2   2.0602000098340181
2   2.0592808552155017
2   2.3375968783787795
2   2.5975338362448022
2   2.1637476630981558
2   2.1528764806289957
2   2.2276441498501378
2   2.7722482389239747
2   2.9673936949416913
2   2.1986554837235586
2   2.9538375066243749
2   2.8558391470508848
2   3.8626029093309304

3   3.0000301654574248
3   3.000047562718386
3   3.0004202382008067
3   3.0012528288640965
3   3.000212467542323
3   3.027941688473248
3   3.0087605769589496
3   3.8422489188880622
3   3.0005087754687279
3   3.164891277364609
3   3.8584751568459748
3   3.1595614559762155
3   3.0013418787820756
3   3.0001556322918468
3   3.0056102133129543
3   3.0004095076955304
3   3.0024349293023667
3   3.0001983288969738
3   3.7934693564634347
3   3.0006872593749931
3   3.0269573164192476
3   3.1674974381141179
3   3.0040377666293026
3   3.0557315005052019
3   3.0107951956054171
3   3.0017677693853457
3   3.7642899784117869
3   3.0003170936732042
3   3.2667470853218528
3   3.0001098108195325
3   3.003582367450774
3   3.0000557653341771
3   3.0019523803495143
3   3.0039565124712984
3   3.2991214102012072
3   3.0024726117166827
3   3.2074667154861296
3   3.5536106390748303
3   3.0061043311241797
3   3.0065170022725369
3   3.0796998522835772
3   3.0098437673770362
3   3.9265824579609614
3   3.0000845692674925
3   3.0001573613882786
3   3.0002251119755852
3   3.0013287841755734
3   3.0000893267311808
3   3.0000137863561975
3   3.7262132243491655
3   3.0000419160002902
3   3.3226986228584185
3   3.0000134829606653
3   3.0021394263904364
3   3.0001422364260688
3   3.0001787671610414
3   3.0000065142400687
3   3.0000262560349253
3   3.0344864512940424
3   3.0000144123040728
3   3.9245487745916439
3   3.0000753883800284
3   3.0606740397466634
3   3.0000341019878172
3   3.0000431731836033
3   3.0002270888357749
3   3.0000295218171757
3   3.0000181782398689
3   3.0000177765027485
3   3.1115936617717463
3   3.0000852814114096
3   3.9106505633686943

4   4
4   4.0000000000000009
4   4
4   4
4   4
4   4
4   4
4   4
4   4

