-1.5   1.4999999999999998
-1.5   1.5
-1.5   1.5
-1.5   1.5

-0.5   0.5029431853375208
-0.5   0.50000000000000022
-0.5   1.4994822504770218
-0.5   0.49999999999999978
-0.5   1.4982776925790957
-0.5   0.50095967566711441
-0.5   1.5000000000000013
-0.5   0.5
-0.5   0.50049549240653413
-0.5   0.5041963183177669
-0.5   0.5
-0.5   1.4979339858946221

0.5   0.50294318533752058
0.5   0.5
0.5   1.4994822504770233
0.5   0.5
0.5   1.4982776925790955
0.5   0.50095967566711463
0.5   1.5
0.5   0.49999999999999967
0.5   0.50049549240653368
0.5   0.50419631831776623
0.5   0.5
0.5   1.4979339858946212

1.5   1.4999999999999998
1.5   1.5
1.5   1.5
1.5   1.5

