-3.5   3.5
-3.5   3.5
-3.5   3.4999999999999991
-3.5   3.4999999999999996
-3.5   3.5
-3.5   3.5
-3.5   3.5
-3.5   3.4999999999999991

-2.5   2.5000809035873974
-2.5   2.500102438312064
-2.5   2.5015246375533358
-2.5   2.5057816333615963
-2.5   2.5062359861247594
-2.5   2.5664825463281495
-2.5   3.4044574831684558
-2.5   2.8821485434107443
-2.5   3.1560284787666029
-2.5   2.5159709660073002
-2.5   2.5360330594608884
-2.5   2.5164122337947976
-2.5   2.5076784379448025
-2.5   2.5012470571291989
-2.5   2.5008174291154459
-2.5   2.5077253238914774
-2.5   3.0699712281705858
-2.5   2.5101748888337605
-2.5   3.0988252801515537
-2.5   2.5040327401247149
-2.5   2.566846204603535
-2.5   2.6978443960475991
-2.5   2.8760299472141226
-2.5   2.7691225784044424
-2.5   2.5032261898823189
-2.5   2.5701756621523968
-2.5   2.5151044851579019
-2.5   2.5003296796398677
-2.5   2.5022159215313855
-2.5   2.5000774936709926
-2.5   3.4712421083341098
-2.5   2.5004174800994785
-2.5   2.5197880430107698
-2.5   2.5032617313474987
-2.5   2.5007778506890666
-2.5   3.4911108559696542
-2.5   2.5000253120690381
-2.5   2.5016832938816482
-2.5   2.5000897046403785
-2.5   2.5065477742904574
-2.5   2.5000348149633713
-2.5   2.5004791132921311
-2.5   2.501014820187494
-2.5   2.500085393731716
-2.5   2.5000774024535617
-2.5   2.7045368351182049
-2.5   3.3365916171775041
-2.5   2.500033198949315
-2.5   2.5003080423452988
-2.5   2.5000552756763557
-2.5   2.5000453635731037
-2.5   2.500578119876018
-2.5   2.5000192981319791
-2.5   2.6082150534150137
-2.5   2.500093253845066
-2.5   3.4159337223162254

-1.5   1.5012328552255418
-1.5   1.5034132201501897
-1.5   1.6537840787129503
-1.5   1.511714787467179
-1.5   2.3870866796799657
-1.5   1.5450928362301055
-1.5   1.5090223739280386
-1.5   2.4498062694922109
-1.5   1.5065788443300763
-1.5   2.3091885429304018
-1.5   1.729031816626025
-1.5   1.5407510655577519
-1.5   1.5202966269796554
-1.5   1.5233650552370541
-1.5   1.5536117949956623
-1.5   2.4700789949368196
-1.5   1.6355220859868185
-1.5   1.837937787802399
-1.5   2.1122632474513328
-1.5   2.0053828847889741
-1.5   1.8513093069835329
-1.5   1.8303354407596073
-1.5   1.5366826483879783
-1.5   3.3348921818473998
-1.5   1.7166190516551634
-1.5   2.6698748422099463
-1.5   2.0263380769444761
-1.5   2.2395189890718767
-1.5   2.5025279668201104
-1.5   2.2725271262949298
-1.5   1.725080150568044
-1.5   1.8045165551750029
-1.5   1.9598806913113052
-1.5   2.1729485870890226
-1.5   2.2362278201006953
-1.5   1.6114188073076208
-1.5   2.421981913921297
-1.5   1.5550652601418138
-1.5   1.5343511926003761
-1.5   1.5070220688385882
-1.5   1.5191786095976942
-1.5   2.4758581038455434
-1.5   1.5170948856612307
-1.5   1.5338516713372701
-1.5   2.4371700203463607
-1.5   1.559790939287947
-1.5   2.4223029663026123
-1.5   1.5769367281908266
-1.5   1.50243419132268
-1.5   1.5505128344937846
-1.5   1.5197359817525302
-1.5   1.9523667081460419
-1.5   1.952501233151251
-1.5   1.8789681734039658
-1.5   1.9901409974419835
-1.5   1.6403886715317331
-1.5   2.0572119794329864
-1.5   2.0474792781219628
-1.5   2.3825564165100457
-1.5   2.0629467513780613
-1.5   2.0999740072949042
-1.5   2.1712425002930291
-1.5   2.6243512275022658
-1.5   2.4059332742882775
-1.5   1.8478847948857138
-1.5   1.8643413513266527
-1.5   2.10659915975587
-1.5   2.1897939990228519
-1.5   2.0671441641959065
-1.5   2.211411576041336
-1.5   2.0509268942509169
-1.5   2.2967837439878198
-1.5   2.2492648728982498
-1.5   2.0103793931263927
-1.5   1.506147583005276
-1.5   1.5140067863908895
-1.5   1.5245800245375438
-1.5   1.5031147643760829
-1.5   1.5222393864426302
-1.5   1.5806619497169443
-1.5   2.3588598622340973
-1.5   2.1524977696837135
-1.5   1.7420570846448595
-1.5   1.9433925249475985
-1.5   1.9492026295730516
-1.5   2.1997264218914525
-1.5   2.4171422985537401
-1.5   1.5187216446548559
-1.5   1.5159818929708608
-1.5   3.2042436185833103
-1.5   2.2757142196271816
-1.5   1.9449034196091808
-1.5   1.5841037585192206
-1.5   1.7268508989822453
-1.5   2.4264149721646548
-1.5   1.5589124458140113
-1.5   2.2977787893440014
-1.5   1.7752475250285906
-1.5   2.4277274849786479
-1.5   1.5567473260051257
-1.5   1.5191709187872191
-1.5   1.6266387728850646
-1.5   2.9565599795182242
-1.5   2.3834482997320339
-1.5   1.5124889844121192
-1.5   2.3242528724165346
-1.5   1.5207329690391118
-1.5   1.5206202671252882
-1.5   2.4530688068877358
-1.5   2.0353938952334163
-1.5   1.9384940532520241
-1.5   2.1111288630470808
-1.5   2.0536847359021166
-1.5   1.6062317995277247
-1.5   1.5025151456617287
-1.5   1.5098659818462026
-1.5   1.5050382980718666
-1.5   1.5056119528953875
-1.5   1.5057759426596924
-1.5   1.7514372273001677
-1.5   1.7308405372201308
-1.5   1.545936366075344
-1.5   2.3255807299690345
-1.5   2.2774264486970748
-1.5   1.5051215737082853
-1.5   1.5504920247803669
-1.5   2.0759109078966365
-1.5   2.0406821474783059
-1.5   2.0136131550891645
-1.5   2.0237738389453757
-1.5   1.5058509820165709
-1.5   1.505313750307248
-1.5   1.5089533066902696
-1.5   1.9766577516208925
-1.5   1.9168876055002722
-1.5   1.8756252450019426
-1.5   1.5098347955759666
-1.5   1.9786202596678995
-1.5   2.1126300260810913
-1.5   3.3588734289755737
-1.5   2.4879055909903691
-1.5   1.5014777245517963
-1.5   1.6056523413817154
-1.5   1.5090596198451611
-1.5   1.5019401409591109
-1.5   1.5158812668749917
-1.5   1.5059759495810447
-1.5   1.5786053694166138
-1.5   1.503278486061816
-1.5   2.431409563190885
-1.5   1.5064663075019213
-1.5   2.4926011410718685
-1.5   1.5019783859618232
-1.5   1.5491482778893246
-1.5   1.5303133228327996
-1.5   1.5013709899201069
-1.5   1.5481371982978498
-1.5   2.2610972913568763
-1.5   1.7829728644728138
-1.5   1.6617398721115504
-1.5   1.7843245074872982
-1.5   2.1760186319947583
-1.5   1.7062151159004602
-1.5   2.4617307477979371
-1.5   1.6697592317405046
-1.5   2.4689702918526577
-1.5   2.3828367931354482
-1.5   3.3881427518876746

-0.5   0.53645014833784033
-0.5   0.61820781135311265
-0.5   1.2657756667649176
-0.5   0.93499901179081157
-0.5   0.97772219122500448
-0.5   0.88644623175168458
-0.5   1.3324637071359826
-0.5   1.4236508539976187
-0.5   1.3023422942197782
-0.5   2.3506693954662232
-0.5   1.2400636613060334
-0.5   0.95291102235689729
-0.5   1.4822620646504903
-0.5   2.4310837188146879
-0.5   0.61139705662376587
-0.5   1.4786227152884026
-0.5   0.64413343033687953
-0.5   1.3358112448864166
-0.5   0.54441598007809056
-0.5   2.0875907695124534
-0.5   1.4194035657910193
-0.5   1.316840362398974
-0.5   0.56483134344113739
-0.5   0.89171570213712803
-0.5   1.1809313984543561
-0.5   1.4863131098245621
-0.5   1.2491786790511332
-0.5   1.2917094271095999
-0.5   0.57390841867028897
-0.5   1.8866604153571802
-0.5   1.4301840978562033
-0.5   1.8343021915911346
-0.5   0.85850767007065243
-0.5   1.7714140039471089
-0.5   2.0654517008320021
-0.5   1.9778106759737786
-0.5   1.1677771007199766
-0.5   1.6502419215216553
-0.5   2.0940623307223523
-0.5   1.5613562316747238
-0.5   2.2058384631675465
-0.5   1.5068575129860422
-0.5   1.4116315140590838
-0.5   1.9723310900652997
-0.5   1.1324922385661895
-0.5   2.8564116011842593
-0.5   2.0155011748536205
-0.5   1.7059256634465698
-0.5   1.8917402861305708
-0.5   1.3430328191169687
-0.5   1.7567469714748389
-0.5   1.6521871697914965
-0.5   1.6567831591550384
-0.5   1.5098524258337442
-0.5   1.510451133923127
-0.5   1.5542760644410993
-0.5   1.8756870197706896
-0.5   1.422439746347131
-0.5   1.8301930675323135
-0.5   1.0987840919976835
-0.5   2.3560251596938535
-0.5   0.66837162907567915
-0.5   1.4147631742664695
-0.5   0.97788235100918808
-0.5   0.68665315468729182
-0.5   1.2321145227657044
-0.5   0.77933059025500961
-0.5   1.456496944278372
-0.5   1.372597573172851
-0.5   1.6809767042956505
-0.5   1.4300479204781971
-0.5   0.59424859957077336
-0.5   1.8046457097997672
-0.5   1.416320410672107
-0.5   1.8251155764831011
-0.5   1.368663356535508
-0.5   1.7985360400428521
-0.5   1.1195561245255565
-0.5   2.1304854718911894
-0.5   1.1221236755718935
-0.5   1.0213738575390243
-0.5   1.1663755515011538
-0.5   1.3116269972200458
-0.5   1.4829292538595837
-0.5   0.61576995955621294
-0.5   1.1960728176802866
-0.5   1.5000220547504695
-0.5   1.5001264559985201
-0.5   0.75794041131420409
-0.5   1.045464000325798
-0.5   1.387147837160809
-0.5   1.4529251168834454
-0.5   1.455546296687916
-0.5   0.68535186863623543
-0.5   1.8528391285716501
-0.5   1.8884082360887486
-0.5   1.2211270690730132
-0.5   2.0920072603050404
-0.5   1.505126026373576
-0.5   1.7999944725074428
-0.5   1.7253885504420867
-0.5   1.6814339479996461
-0.5   1.8768819194573849
-0.5   1.7260998735508246
-0.5   1.5684126675923493
-0.5   1.9048636480923768
-0.5   1.976059660446682
-0.5   1.6620781179199162
-0.5   1.767135495215181
-0.5   2.1818051812644432
-0.5   2.0327816526177918
-0.5   1.5097195531132175
-0.5   1.6677751812976509
-0.5   1.6449116810775495
-0.5   1.3238057718321381
-0.5   1.4473800324299604
-0.5   2.0608156995101221
-0.5   2.0527388014885544
-0.5   2.2375180645186821
-0.5   1.882840666574269
-0.5   2.1898396207280761
-0.5   0.5469120937718388
-0.5   0.57923643256743884
-0.5   1.1846878559925587
-0.5   0.97971044920649986
-0.5   1.4910214052183222
-0.5   0.55195852724198247
-0.5   0.68465518527451019
-0.5   1.4202658169950759
-0.5   1.4821429792639691
-0.5   1.4968884988952473
-0.5   1.5713513677362427
-0.5   1.4417663434544752
-0.5   2.0153622703905354
-0.5   1.2520810246983756
-0.5   1.185680323696368
-0.5   2.4256488795724507
-0.5   1.4256249839095174
-0.5   1.393902109464084
-0.5   1.3056724039269587
-0.5   2.0942842183436379
-0.5   2.3123059185032342
-0.5   1.4855589181185698
-0.5   0.96256550808528463
-0.5   1.4858636481507499
-0.5   1.430597588984259
-0.5   1.4001227726578114
-0.5   3.0630416285071336
-0.5   1.1262510523199107
-0.5   1.4830418722320855
-0.5   2.0249240884025128
-0.5   1.5057864897943802
-0.5   1.5015761359496063
-0.5   0.9646255209571335
-0.5   2.0368344002194596
-0.5   0.77090301059633104
-0.5   1.4308950593504526
-0.5   1.1858701150145732
-0.5   1.0710911433453136
-0.5   2.3272711456449104
-0.5   0.95339738192887391
-0.5   2.3040004565312135
-0.5   0.782596007709363
-0.5   1.4778240496852675
-0.5   1.4485373305998452
-0.5   0.74169047202048777
-0.5   1.8677418956996052
-0.5   1.8920256576390426
-0.5   0.76167287910514214
-0.5   1.3883508233756223
-0.5   3.0019945785948918
-0.5   1.6467978651805271
-0.5   1.5500047433912263
-0.5   1.4926522362289802
-0.5   1.3379091446969491
-0.5   1.3961729674686296
-0.5   2.3462733793411594
-0.5   1.7936166101350088
-0.5   1.1327137600001858
-0.5   1.7549899010001
-0.5   1.2030583486840816
-0.5   1.8195122374490911
-0.5   1.7349470539052159
-0.5   0.84825280244000179
-0.5   0.84921794491548641
-0.5   1.4689165429317899
-0.5   0.54088408886091033
-0.5   0.78396732974861161
-0.5   1.4899717299903636
-0.5   1.3708100531079375
-0.5   1.4946233339752439
-0.5   0.55789761006908023
-0.5   0.54635259420094839
-0.5   1.3101385535171728
-0.5   1.451760061136725
-0.5   0.83516168396692292
-0.5   0.61179810873518048
-0.5   1.6913588370812684
-0.5   1.9324750168265252
-0.5   1.6974537912094783
-0.5   2.1244440172368111
-0.5   2.1681771325144621
-0.5   1.4415452067722856
-0.5   0.5853927465102251
-0.5   0.58536912615222803
-0.5   0.61964188738992876
-0.5   1.4778701373068293
-0.5   0.52428707973538957
-0.5   0.72737590589313372
-0.5   1.5172170489649663
-0.5   1.8588867090600787
-0.5   2.2732378797430814
-0.5   1.5137168308662119
-0.5   1.5049128733825494
-0.5   1.4599137392539432
-0.5   0.88065453237836233
-0.5   1.4155835493242681
-0.5   0.978359251936751
-0.5   0.64608675707510144
-0.5   1.2660654242154974
-0.5   0.50918524008847199
-0.5   0.52101962733126261
-0.5   0.54790360449072528
-0.5   0.58139344668286341
-0.5   1.1428268670501933
-0.5   1.0531068191878354
-0.5   1.0667968757503903
-0.5   1.8694086807010679
-0.5   2.3948649095837382
-0.5   1.741543773965216
-0.5   2.3517962073668701
-0.5   1.6228210021219471
-0.5   2.6498942929013714
-0.5   0.87362274369105286
-0.5   1.9089178803085161
-0.5   1.5784453050935854
-0.5   0.88794278297174745
-0.5   1.4436949759982964
-0.5   1.5657591247389013
-0.5   0.93284254935095268
-0.5   1.2997644953120344
-0.5   0.57832996101184952
-0.5   1.4652195740371339
-0.5   0.78520633496789594
-0.5   1.0465306314167249
-0.5   0.52024664459404968
-0.5   1.2270172357164044
-0.5   0.92587040776175211
-0.5   1.3348411807537233
-0.5   1.4054774701024979
-0.5   1.4912137552851727
-0.5   0.96411956315311853
-0.5   2.2818053011894297
-0.5   1.4664444389203026
-0.5   2.3687763198125906
-0.5   0.52341835757799759
-0.5   0.57816715915564654
-0.5   1.4800683616307728
-0.5   0.60901596672476122
-0.5   0.55378088103025136
-0.5   0.75934835149425362
-0.5   1.499023735769615
-0.5   1.4106448116514683
-0.5   1.3968299101785977
-0.5   0.62258087447359589
-0.5   2.2408782490300108
-0.5   1.4955383955524466
-0.5   1.227230364562014
-0.5   0.81567605146608413
-0.5   1.5018110341745992
-0.5   1.4212542178419234
-0.5   2.3799973134469861
-0.5   0.89284461253659408
-0.5   1.6384149424221044
-0.5   1.5174894605073885
-0.5   2.3742698349592968
-0.5   1.5919176854026107
-0.5   2.4716742671958452
-0.5   2.3773863303728322
-0.5   3.3756077863233318

0.5   0.53645014833787497
0.5   0.61820781135310687
0.5   1.2657756667648969
0.5   0.93499901179079026
0.5   0.9777221912250087
0.5   0.88644623175168458
0.5   1.3324637071359509
0.5   1.4236508539976118
0.5   1.3023422942198153
0.5   2.3506693954662374
0.5   1.2400636613058256
0.5   0.95291102235714664
0.5   1.482262064650502
0.5   2.4310837188146843
0.5   0.61139705662374455
0.5   1.4786227152884008
0.5   0.64413343033687398
0.5   1.3358112448864046
0.5   0.54441598007807857
0.5   2.0875907695125036
0.5   1.4194035657909803
0.5   1.3168403623989926
0.5   0.56483134344111319
0.5   0.89171570213712603
0.5   1.1809313984543801
0.5   1.486313109824561
0.5   1.2491786790510551
0.5   1.2917094271096565
0.5   0.57390841867025344
0.5   1.8866604153571576
0.5   1.430184097856287
0.5   1.8343021915911994
0.5   0.85850767007048123
0.5   1.7714140039471706
0.5   2.0654517008319062
0.5   1.9778106759737559
0.5   1.1677771007200524
0.5   1.6502419215217512
0.5   2.0940623307222817
0.5   1.5613562316747229
0.5   2.2058384631675696
0.5   1.506857512986016
0.5   1.4116315140591214
0.5   1.9723310900653539
0.5   1.1324922385662015
0.5   2.8564116011841696
0.5   2.0155011748535658
0.5   1.7059256634466911
0.5   1.891740286130605
0.5   1.3430328191168925
0.5   1.7567469714749113
0.5   1.6521871697915094
0.5   1.6567831591549509
0.5   1.5098524258338184
0.5   1.5104511339229889
0.5   1.5542760644412259
0.5   1.875687019770818
0.5   1.4224397463470988
0.5   1.8301930675321492
0.5   1.0987840919976848
0.5   2.3560251596938566
0.5   0.66837162907568093
0.5   1.4147631742664857
0.5   0.97788235100920051
0.5   0.68665315468726074
0.5   1.2321145227657044
0.5   0.77933059025501095
0.5   1.4564969442783737
0.5   1.3725975731728433
0.5   1.6809767042955577
0.5   1.4300479204781853
0.5   0.59424859957079978
0.5   1.8046457097998609
0.5   1.4163204106720939
0.5   1.8251155764832498
0.5   1.36866335653551
0.5   1.7985360400427042
0.5   1.119556124525567
0.5   2.1304854718912294
0.5   1.1221236755719002
0.5   1.0213738575389861
0.5   1.1663755515011094
0.5   1.3116269972200714
0.5   1.4829292538595835
0.5   0.61576995955621738
0.5   1.1960728176802895
0.5   1.5000220547504695
0.5   1.5001264559985183
0.5   0.75794041131420675
0.5   1.0454640003257873
0.5   1.3871478371608179
0.5   1.4529251168834358
0.5   1.455546296687912
0.5   0.68535186863624054
0.5   1.852839128571687
0.5   1.8884082360887438
0.5   1.2211270690729736
0.5   2.0920072603050337
0.5   1.505126026373607
0.5   1.799994472507437
0.5   1.7253885504420792
0.5   1.6814339479996372
0.5   1.8768819194573951
0.5   1.7260998735508437
0.5   1.5684126675923045
0.5   1.9048636480924062
0.5   1.9760596604466731
0.5   1.6620781179199167
0.5   1.7671354952151699
0.5   2.1818051812644588
0.5   2.0327816526176168
0.5   1.5097195531131846
0.5   1.6677751812978538
0.5   1.6449116810775659
0.5   1.3238057718321541
0.5   1.4473800324301163
0.5   2.0608156995096962
0.5   2.0527388014889816
0.5   2.2375180645185906
0.5   1.8828406665742548
0.5   2.1898396207280721
0.5   0.54691209377183503
0.5   0.57923643256743773
0.5   1.184687855992631
0.5   0.97971044920642192
0.5   1.4910214052183224
0.5   0.55195852724198624
0.5   0.68465518527450842
0.5   1.4202658169950741
0.5   1.4821429792639671
0.5   1.4968884988952476
0.5   1.5713513677362609
0.5   1.4417663434544712
0.5   2.0153622703905265
0.5   1.2520810246983733
0.5   1.1856803236963578
0.5   2.425648879572452
0.5   1.4256249839095214
0.5   1.3939021094640873
0.5   1.3056724039269718
0.5   2.0942842183436454
0.5   2.3123059185032293
0.5   1.4855589181185698
0.5   0.96256550808527042
0.5   1.4858636481507532
0.5   1.4305975889842681
0.5   1.4001227726578147
0.5   3.0630416285071211
0.5   1.1262510523199327
0.5   1.4830418722320859
0.5   2.0249240884025053
0.5   1.5057864897943873
0.5   1.5015761359496231
0.5   0.9646255209571799
0.5   2.0368344002194361
0.5   0.7709030105963286
0.5   1.4308950593504566
0.5   1.1858701150145783
0.5   1.0710911433453003
0.5   2.327271145644926
0.5   0.95339738192885326
0.5   2.3040004565312215
0.5   0.78259600770936255
0.5   1.4778240496852677
0.5   1.4485373305998555
0.5   0.7416904720205062
0.5   1.8677418956996061
0.5   1.8920256576390431
0.5   0.76167287910514303
0.5   1.3883508233756225
0.5   3.0019945785948976
0.5   1.6467978651805177
0.5   1.5500047433912068
0.5   1.4926522362289789
0.5   1.3379091446969475
0.5   1.3961729674686345
0.5   2.3462733793411603
0.5   1.7936166101350222
0.5   1.1327137600000337
0.5   1.7549899010002523
0.5   1.2030583486840671
0.5   1.8195122374490533
0.5   1.7349470539052305
0.5   0.8482528024399667
0.5   0.84921794491546287
0.5   1.4689165429318014
0.5   0.54088408886090833
0.5   0.7839673297485672
0.5   1.4899717299903639
0.5   1.3708100531079639
0.5   1.4946233339752453
0.5   0.55789761006908001
0.5   0.54635259420091531
0.5   1.3101385535172179
0.5   1.4517600611367261
0.5   0.83516168396689383
0.5   0.61179810873518403
0.5   1.691358837081316
0.5   1.932475016826555
0.5   1.6974537912094996
0.5   2.1244440172367844
0.5   2.1681771325144044
0.5   1.4415452067722809
0.5   0.58539274651024109
0.5   0.58536912615221182
0.5   0.61964188738996118
0.5   1.4778701373068162
0.5   0.52428707973538602
0.5   0.72737590589315482
0.5   1.5172170489648802
0.5   1.8588867090601542
0.5   2.2732378797430655
0.5   1.5137168308661977
0.5   1.5049128733825872
0.5   1.4599137392539578
0.5   0.88065453237832769
0.5   1.4155835493242628
0.5   0.97835925193661222
0.5   0.64608675707511942
0.5   1.2660654242156237
0.5   0.50918524008847221
0.5   0.52101962733124552
0.5   0.54790360449071884
0.5   0.58139344668284232
0.5   1.1428268670501969
0.5   1.0531068191877524
0.5   1.0667968757503832
0.5   1.8694086807011163
0.5   2.3948649095837395
0.5   1.7415437739652191
0.5   2.351796207366776
0.5   1.6228210021219671
0.5   2.6498942929014069
0.5   0.87362274369102844
0.5   1.9089178803086728
0.5   1.5784453050937186
0.5   0.88794278297165818
0.5   1.443694975998238
0.5   1.5657591247388347
0.5   0.93284254935099931
0.5   1.2997644953119691
0.5   0.57832996101183864
0.5   1.4652195740371337
0.5   0.78520633496785996
0.5   1.046530631416813
0.5   0.52024664459409076
0.5   1.2270172357163824
0.5   0.92587040776171348
0.5   1.3348411807537353
0.5   1.4054774701025152
0.5   1.4912137552851723
0.5   0.96411956315304481
0.5   2.2818053011894124
0.5   1.4664444389203213
0.5   2.3687763198126275
0.5   0.52341835757799227
0.5   0.57816715915566763
0.5   1.4800683616307595
0.5   0.60901596672474834
0.5   0.55378088103025069
0.5   0.7593483514942807
0.5   1.4990237357696237
0.5   1.4106448116514918
0.5   1.3968299101785633
0.5   0.62258087447339583
0.5   2.2408782490297821
0.5   1.4955383955525332
0.5   1.2272303645623721
0.5   0.81567605146617783
0.5   1.5018110341746356
0.5   1.4212542178418475
0.5   2.3799973134468315
0.5   0.89284461253662073
0.5   1.6384149424223096
0.5   1.5174894605074898
0.5   2.3742698349591973
0.5   1.5919176854025427
0.5   2.4716742671958594
0.5   2.3773863303728269
0.5   3.3756077863233411

1.5   1.5012328552255418
1.5   1.503413220150188
1.5   1.6537840787129565
1.5   1.5117147874671799
1.5   2.3870866796799546
1.5   1.5450928362301215
1.5   1.5090223739280386
1.5   2.4498062694921976
1.5   1.5065788443300763
1.5   2.3091885429304351
1.5   1.7290318166259864
1.5   1.5407510655577519
1.5   1.5202966269796567
1.5   1.523365055237051
1.5   1.5536117949956627
1.5   2.4700789949368183
1.5   1.6355220859868025
1.5   1.8379377878024079
1.5   2.1122632474513372
1.5   2.0053828847889932
1.5   1.8513093069834987
1.5   1.8303354407596149
1.5   1.5366826483879823
1.5   3.3348921818473896
1.5   1.7166190516552327
1.5   2.6698748422099223
1.5   2.0263380769444619
1.5   2.239518989071918
1.5   2.5025279668200811
1.5   2.2725271262949396
1.5   1.7250801505680537
1.5   1.8045165551750135
1.5   1.9598806913112661
1.5   2.1729485870890359
1.5   2.236227820100702
1.5   1.6114188073076057
1.5   2.4219819139212837
1.5   1.5550652601418156
1.5   1.5343511926003766
1.5   1.5070220688385878
1.5   1.5191786095976991
1.5   2.4758581038455421
1.5   1.5170948856612276
1.5   1.5338516713372665
1.5   2.437170020346358
1.5   1.5597909392879665
1.5   2.4223029663026039
1.5   1.5769367281908333
1.5   1.5024341913226809
1.5   1.5505128344937855
1.5   1.5197359817525338
1.5   1.9523667081460441
1.5   1.9525012331512541
1.5   1.8789681734040831
1.5   1.9901409974419808
1.5   1.6403886715316167
1.5   2.057211979433001
1.5   2.0474792781219535
1.5   2.3825564165100159
1.5   2.0629467513780493
1.5   2.0999740072949016
1.5   2.1712425002930291
1.5   2.624351227502256
1.5   2.4059332742883073
1.5   1.8478847948857107
1.5   1.8643413513266651
1.5   2.1065991597558686
1.5   2.1897939990228448
1.5   2.0671441641958608
1.5   2.2114115760412068
1.5   2.0509268942510843
1.5   2.2967837439878167
1.5   2.2492648728982507
1.5   2.0103793931263958
1.5   1.5061475830052773
1.5   1.5140067863908895
1.5   1.5245800245375429
1.5   1.5031147643760829
1.5   1.5222393864426307
1.5   1.5806619497169416
1.5   2.3588598622340919
1.5   2.1524977696836878
1.5   1.7420570846448591
1.5   1.94339252494763
1.5   1.9492026295730533
1.5   2.1997264218914552
1.5   2.4171422985537392
1.5   1.5187216446548564
1.5   1.5159818929708591
1.5   3.2042436185833165
1.5   2.2757142196271731
1.5   1.9449034196091608
1.5   1.5841037585192237
1.5   1.7268508989822453
1.5   2.4264149721646597
1.5   1.5589124458140105
1.5   2.297778789343992
1.5   1.7752475250286102
1.5   2.4277274849786465
1.5   1.5567473260051261
1.5   1.5191709187872222
1.5   1.626638772885062
1.5   2.9565599795182069
1.5   2.383448299732029
1.5   1.5124889844121219
1.5   2.324252872416551
1.5   1.5207329690391154
1.5   1.5206202671252882
1.5   2.4530688068877335
1.5   2.0353938952334212
1.5   1.9384940532520507
1.5   2.1111288630470586
1.5   2.0536847359021131
1.5   1.6062317995277176
1.5   1.5025151456617278
1.5   1.5098659818462021
1.5   1.5050382980718675
1.5   1.5056119528953866
1.5   1.5057759426596942
1.5   1.7514372273001859
1.5   1.7308405372201316
1.5   1.5459363660753298
1.5   2.3255807299690354
1.5   2.2774264486970717
1.5   1.5051215737082826
1.5   1.5504920247803735
1.5   2.0759109078967035
1.5   2.0406821474783676
1.5   2.0136131550890926
1.5   2.0237738389453064
1.5   1.50585098201657
1.5   1.5053137503072467
1.5   1.5089533066902696
1.5   1.9766577516209005
1.5   1.9168876055002553
1.5   1.8756252450019768
1.5   1.5098347955759879
1.5   1.9786202596679017
1.5   2.1126300260810673
1.5   3.3588734289755657
1.5   2.4879055909903718
1.5   1.5014777245517981
1.5   1.6056523413817119
1.5   1.5090596198451585
1.5   1.5019401409591127
1.5   1.5158812668749881
1.5   1.5059759495810452
1.5   1.5786053694167204
1.5   1.503278486061816
1.5   2.4314095631908064
1.5   1.506466307501924
1.5   2.4926011410718614
1.5   1.5019783859618272
1.5   1.5491482778893446
1.5   1.5303133228327859
1.5   1.5013709899201055
1.5   1.5481371982978249
1.5   2.2610972913567906
1.5   1.7829728644728857
1.5   1.6617398721114824
1.5   1.7843245074873573
1.5   2.1760186319947925
1.5   1.7062151159004615
1.5   2.4617307477979242
1.5   1.669759231740477
1.5   2.4689702918526222
1.5   2.3828367931354655
1.5   3.3881427518877074

2.5   2.5000809035873974
2.5   2.5001024383120654
2.5   2.5015246375533362
2.5   2.5057816333615963
2.5   2.5062359861247598
2.5   2.5664825463281669
2.5   3.4044574831684415
2.5   2.8821485434106808
2.5   3.1560284787666624
2.5   2.5159709660073064
2.5   2.5360330594608844
2.5   2.5164122337947998
2.5   2.5076784379448025
2.5   2.5012470571291994
2.5   2.5008174291154464
2.5   2.5077253238914783
2.5   3.0699712281705898
2.5   2.5101748888337556
2.5   3.0988252801515519
2.5   2.504032740124714
2.5   2.5668462046035376
2.5   2.6978443960475964
2.5   2.8760299472141182
2.5   2.7691225784044486
2.5   2.5032261898823185
2.5   2.5701756621523941
2.5   2.5151044851579027
2.5   2.5003296796398682
2.5   2.5022159215313859
2.5   2.5000774936709926
2.5   3.4712421083341085
2.5   2.5004174800994781
2.5   2.5197880430107724
2.5   2.5032617313474996
2.5   2.5007778506890674
2.5   3.4911108559696551
2.5   2.5000253120690386
2.5   2.5016832938816482
2.5   2.5000897046403776
2.5   2.5065477742904565
2.5   2.5000348149633718
2.5   2.5004791132921316
2.5   2.5010148201874944
2.5   2.500085393731716
2.5   2.5000774024535608
2.5   2.7045368351181756
2.5   3.3365916171775289
2.5   2.500033198949315
2.5   2.5003080423452988
2.5   2.5000552756763565
2.5   2.5000453635731033
2.5   2.500578119876018
2.5   2.5000192981319782
2.5   2.6082150534150026
2.5   2.5000932538450651
2.5   3.4159337223162312

3.5   3.5
3.5   3.5
3.5   3.4999999999999991
3.5   3.4999999999999996
3.5   3.5
3.5   3.5
3.5   3.5
3.5   3.4999999999999991

