0   -39.8523   0.0517758   0.0292893   0.0859095   0.174041   0.0176405   0.282687   0.0176405   0.174041   0.0859095   0.0292893   0.0517758   
1   -50.9859   0.0111613   0.0270732   0.0661874   0.122823   0.173678   0.198154   0.173678   0.122823   0.0661874   0.0270732   0.0111613   
2   -52.0531   0.0095403   0.0244858   0.0644219   0.123726   0.175977   0.203698   0.175977   0.123726   0.0644219   0.0244858   0.0095403   
3   -52.2409   0.0138088   0.0341345   0.0766087   0.123831   0.161972   0.17929   0.161972   0.123831   0.0766087   0.0341345   0.0138088   
4   -52.1992   0.0147258   0.0344627   0.0801541   0.121558   0.163239   0.171721   0.163239   0.121558   0.0801541   0.0344627   0.0147258   
5   -52.1393   0.0157505   0.0358694   0.0829618   0.120017   0.162476   0.165851   0.162476   0.120017   0.0829618   0.0358694   0.0157505   
6   -52.1992   0.0147258   0.0344627   0.0801541   0.121558   0.163239   0.171721   0.163239   0.121558   0.0801541   0.0344627   0.0147258   
7   -52.2409   0.0138088   0.0341345   0.0766087   0.123831   0.161972   0.17929   0.161972   0.123831   0.0766087   0.0341345   0.0138088   
8   -52.0531   0.0095403   0.0244858   0.0644219   0.123726   0.175977   0.203698   0.175977   0.123726   0.0644219   0.0244858   0.0095403   
9   -50.9859   0.0111613   0.0270732   0.0661874   0.122823   0.173678   0.198154   0.173678   0.122823   0.0661874   0.0270732   0.0111613   
10   -39.8523   0.0517758   0.0292893   0.0859095   0.174041   0.0176405   0.282687   0.0176405   0.174041   0.0859095   0.0292893   0.0517758   
