-2   2.0000000000000004
-2   2
-2   2
-2   2
-2   1.9999999999999996

-1   1.1303645989284787
-1   1.0436074969288365
-1   1.0311296643977281
-1   1.7450930076067714
-1   1.8124567444756576
-1   1.1996462335882048
-1   1.2269435719159558
-1   1.0072579251452096
-1   1.4384553650899075
-1   1.5837715408106803
-1   1.0638740775176758
-1   1.128905289168624
-1   1.7352211793869476
-1   1.0096858942084632
-1   1.3283784077384402
-1   1.0522971727650217
-1   1.0036805798048241
-1   1.186956115959469
-1   1.0001826892800734
-1   1.8451740176441223

0   0.28633452733738785
0   1.0000000000000007
0   1.0000000000000002
0   0.34258831580122795
0   0.99999999999999978
0   1.5437797873694432
0   0.99999999999999933
0   1.4784251040982985
0   0.99999999999999978
0   0.99999999999999933
0   0.91429791178516573
0   1
0   0.06829937598075797
0   1.0000000000000002
0   1.9408263808149062
0   1.0000000000000007
0   1
0   1.5437797873694423
0   0.99999999999999978
0   0.99999999999999956
0   1.0000000000000013
0   0.027224732203503077
0   0.068299375980757526
0   1.0000000000000011
0   0.23283007637254072
0   0.99999999999999933
0   0.43243172232934357
0   0.99999999999999845
0   1
0   1.8163009925773448

1   1.1303645989284792
1   1.0436074969288369
1   1.031129664397729
1   1.7450930076067723
1   1.8124567444756563
1   1.1996462335882023
1   1.2269435719159565
1   1.007257925145209
1   1.4384553650899083
1   1.5837715408106781
1   1.0638740775176763
1   1.1289052891686246
1   1.7352211793869494
1   1.0096858942084632
1   1.3283784077384382
1   1.052297172765021
1   1.0036805798048236
1   1.1869561159594677
1   1.0001826892800734
1   1.8451740176441249

2   2.0000000000000004
2   2
2   2
2   2
2   1.9999999999999996

