-1.5   1.5
-1.5   1.5
-1.5   1.5
-1.5   1.4999999999999996

-0.5   0.52240262973610152
-0.5   0.50000000000000022
-0.5   1.4965209318104054
-0.5   0.50000000000000022
-0.5   1.4869118135307111
-0.5   0.50639213364476321
-0.5   1.5000000000000013
-0.5   0.50000000000000022
-0.5   0.50343126718316178
-0.5   0.53191875418372492
-0.5   0.5
-0.5   1.4839916146356988

0.5   0.52240262973610108
0.5   0.50000000000000022
0.5   1.4965209318104045
0.5   0.49999999999999978
0.5   1.4869118135307111
0.5   0.50639213364476299
0.5   1.5000000000000009
0.5   0.5
0.5   0.50343126718316178
0.5   0.53191875418372492
0.5   0.49999999999999956
0.5   1.4839916146356973

1.5   1.5
1.5   1.5
1.5   1.5
1.5   1.4999999999999996

