0   -31.9018   0.0522584   0.0295711   0.0857514   0.173915   0.0175539   0.281901   0.0175539   0.173915   0.0857514   0.0295711   0.0522584   
1   -40.2296   0.0113553   0.0274755   0.0666109   0.122855   0.173072   0.197263   0.173072   0.122855   0.0666109   0.0274755   0.0113553   
2   -40.7916   0.00970159   0.0249302   0.0647557   0.123729   0.175619   0.202528   0.175619   0.123729   0.0647557   0.0249302   0.00970159   
3   -40.7647   0.0163123   0.0363646   0.0804361   0.12001   0.160286   0.173181   0.160286   0.12001   0.0804361   0.0363646   0.0163123   
4   -40.6553   0.0125367   0.0331054   0.0736315   0.125936   0.162153   0.185275   0.162153   0.125936   0.0736315   0.0331054   0.0125367   
5   -40.6625   0.00896365   0.0221603   0.064809   0.12338   0.179834   0.201706   0.179834   0.12338   0.064809   0.0221603   0.00896365   
6   -40.6553   0.0125367   0.0331054   0.0736315   0.125936   0.162153   0.185275   0.162153   0.125936   0.0736315   0.0331054   0.0125367   
7   -40.7647   0.0163123   0.0363646   0.0804361   0.12001   0.160286   0.173181   0.160286   0.12001   0.0804361   0.0363646   0.0163123   
8   -40.7916   0.00970159   0.0249302   0.0647557   0.123729   0.175619   0.202528   0.175619   0.123729   0.0647557   0.0249302   0.00970159   
9   -40.2296   0.0113553   0.0274755   0.0666109   0.122855   0.173072   0.197263   0.173072   0.122855   0.0666109   0.0274755   0.0113553   
10   -31.9018   0.0522584   0.0295711   0.0857514   0.173915   0.0175539   0.281901   0.0175539   0.173915   0.0857514   0.0295711   0.0522584   
