-1.5   1.4999999999999998
-1.5   1.5
-1.5   1.5
-1.5   1.5

-0.5   0.50731614895611488
-0.5   0.5
-0.5   1.4987698011175075
-0.5   0.49999999999999989
-0.5   1.4957292963802995
-0.5   0.50227443241754499
-0.5   1.4999999999999996
-0.5   0.5
-0.5   0.50118866934340578
-0.5   0.51045152642781089
-0.5   0.5
-0.5   1.4948315610603495

0.5   0.50731614895611465
0.5   0.5
0.5   1.4987698011175081
0.5   0.49999999999999989
0.5   1.4957292963802988
0.5   0.50227443241754455
0.5   1.4999999999999996
0.5   0.50000000000000022
0.5   0.50118866934340578
0.5   0.51045152642781089
0.5   0.50000000000000044
0.5   1.4948315610603513

1.5   1.4999999999999998
1.5   1.5
1.5   1.5
1.5   1.5

