0   -29.8367   0.0524333   0.0296732   0.0856941   0.173869   0.0175226   0.281616   0.0175226   0.173869   0.0856941   0.0296732   0.0524333   
1   -37.4359   0.0114299   0.0276285   0.0667721   0.122865   0.172841   0.196926   0.172841   0.122865   0.0667721   0.0276285   0.0114299   
2   -37.8673   0.00978883   0.0251543   0.0649577   0.123749   0.175374   0.201952   0.175374   0.123749   0.0649577   0.0251543   0.00978883   
3   -37.7938   0.0172349   0.0372793   0.0821531   0.118527   0.159847   0.169917   0.159847   0.118527   0.0821531   0.0372793   0.0172349   
4   -37.6805   0.0116934   0.0320149   0.0717806   0.126013   0.1644   0.188195   0.1644   0.126013   0.0717806   0.0320149   0.0116934   
5   -37.7133   0.0087076   0.0216214   0.0623012   0.124312   0.179046   0.208023   0.179046   0.124312   0.0623012   0.0216214   0.0087076   
6   -37.6805   0.0116934   0.0320149   0.0717806   0.126013   0.1644   0.188195   0.1644   0.126013   0.0717806   0.0320149   0.0116934   
7   -37.7938   0.0172349   0.0372793   0.0821531   0.118527   0.159847   0.169917   0.159847   0.118527   0.0821531   0.0372793   0.0172349   
8   -37.8673   0.00978883   0.0251543   0.0649577   0.123749   0.175374   0.201952   0.175374   0.123749   0.0649577   0.0251543   0.00978883   
9   -37.4359   0.0114299   0.0276285   0.0667721   0.122865   0.172841   0.196926   0.172841   0.122865   0.0667721   0.0276285   0.0114299   
10   -29.8367   0.0524333   0.0296732   0.0856941   0.173869   0.0175226   0.281616   0.0175226   0.173869   0.0856941   0.0296732   0.0524333   
