-4   4
-4   4
-4   4
-4   4
-4   4
-4   4
-4   4
-4   4
-4   4

-3   3.0000315684558081
-3   3.0000499579936752
-3   3.0004366224883197
-3   3.0013074088406504
-3   3.0002664142301727
-3   3.0294391588297085
-3   3.0090622009774188
-3   3.8357758345219715
-3   3.0005279361497093
-3   3.1709615806815203
-3   3.8559799105410892
-3   3.1620049248996915
-3   3.0014062871544946
-3   3.0001610486858801
-3   3.0057977524670245
-3   3.0004264103101264
-3   3.0025390133654093
-3   3.0002085212307859
-3   3.79155514045841
-3   3.000711042742358
-3   3.0278901770266926
-3   3.1665125423790932
-3   3.0041929588363798
-3   3.0579705967075452
-3   3.0113245836945834
-3   3.001803800784506
-3   3.7637687978848025
-3   3.000329443678361
-3   3.2665753969863123
-3   3.0001142422881641
-3   3.0037353587673281
-3   3.000058047035242
-3   3.002028112173639
-3   3.0042223003468322
-3   3.2983912126691717
-3   3.0024816382062958
-3   3.2185343442787873
-3   3.5435034599905215
-3   3.0063472292115003
-3   3.0067641733174546
-3   3.0823579244545019
-3   3.0101877980767009
-3   3.9240066572226251
-3   3.000088150223676
-3   3.000163199758521
-3   3.0002346196961192
-3   3.0013825210550094
-3   3.000092204112383
-3   3.0000144244079112
-3   3.7159848996672924
-3   3.0000435863894079
-3   3.3338431432200935
-3   3.0000140904480079
-3   3.0022216846188168
-3   3.0001483087075758
-3   3.0001862078004184
-3   3.0000068513652942
-3   3.0000272975427773
-3   3.0356602833345598
-3   3.0000151794367964
-3   3.9223157594646221
-3   3.0000783055452049
-3   3.0622682916496151
-3   3.0000355687762443
-3   3.000045003082755
-3   3.0002378701187209
-3   3.0000304729046374
-3   3.0000120392738854
-3   3.0000180344762217
-3   3.1141750558773773
-3   3.0000895139535411
-3   3.9085279540276128

-2   2.0003836078451931
-2   2.0006929912175586
-2   2.0015119776599559
-2   2.1654337423259711
-2   2.0121658397737745
-2   2.8710305683719359
-2   2.0042445927343513
-2   2.1298662126177024
-2   2.0049782493186949
-2   2.8890287607408278
-2   2.0018890983011568
-2   2.8755697109176697
-2   2.004339765480283
-2   2.1344371334194738
-2   2.028574867675478
-2   2.0140860658949169
-2   2.0255030204755791
-2   2.0286104193964221
-2   2.01693258826558
-2   2.8435300950330507
-2   2.1720104135079321
-2   2.0048841204299497
-2   2.1106471354809417
-2   2.952477827569409
-2   2.6916642532113508
-2   2.6622361870083826
-2   2.0419384357162316
-2   2.3604266837816672
-2   2.254993241136622
-2   2.6449596220205924
-2   2.4707998571171381
-2   2.1419113648323895
-2   3.0180078196301068
-2   2.5936920514228117
-2   2.1799528284886085
-2   2.252020434955234
-2   2.8675112831309133
-2   2.5619454633354755
-2   2.3633288823257299
-2   3.1317982694170374
-2   2.5017084171240307
-2   2.3712094678256892
-2   3.0360594085988684
-2   2.3711977189940283
-2   2.473705188984666
-2   2.3247954069355021
-2   2.1908118672731218
-2   2.5442875328996815
-2   2.2687424420768063
-2   2.2142148699370172
-2   2.3660550607716773
-2   2.4946732713650399
-2   2.0147890115735541
-2   2.0026148060119993
-2   2.0103800526057993
-2   2.0100065350384635
-2   2.0499287771701988
-2   2.1416710905020002
-2   2.8952283080235239
-2   2.5168795892680178
-2   2.4016183008515144
-2   2.9302243468333935
-2   2.151416213235799
-2   2.095943648442979
-2   2.1945903998715712
-2   2.0274733986187394
-2   2.5375702070232511
-2   2.2775302918657294
-2   2.948339032225606
-2   2.0700133137067191
-2   2.3528360004998228
-2   2.078474364808462
-2   3.094170592869534
-2   2.7518010678456304
-2   2.8354454309418338
-2   2.2463493847167051
-2   2.6797803339644379
-2   2.0603016669901617
-2   2.1100239016665188
-2   2.134315726615458
-2   2.0673821306855262
-2   2.6141545626252105
-2   2.3520523797864517
-2   2.2966459729978532
-2   2.2559269301130267
-2   2.218071489558175
-2   2.04652653675564
-2   2.7563339710070109
-2   2.3469592968272197
-2   2.0269102956985807
-2   2.5230291939562659
-2   2.0793102101824736
-2   2.664240480829517
-2   2.6794193398644128
-2   2.7091366891868627
-2   2.7051326871052725
-2   2.981804518045382
-2   2.3804891141452709
-2   2.6350894365692317
-2   2.6992376398658124
-2   2.0974563299292308
-2   2.0037023814738206
-2   2.0467206494606534
-2   2.0452321636256996
-2   2.0757584741786781
-2   2.2582402250885298
-2   2.1379400368381436
-2   2.2607687525998026
-2   2.5304864512947653
-2   2.7985728930022757
-2   2.0411110682261433
-2   2.0068924082208124
-2   2.9775791307671113
-2   2.0183251524618568
-2   2.0102923586604042
-2   2.0063309961847988
-2   2.0190354669399015
-2   2.0380592622075668
-2   2.1013294295818881
-2   2.2312078416826222
-2   2.4949844503946212
-2   2.3138291414870582
-2   2.1659039974262582
-2   2.2849879251122185
-2   2.2236778651078315
-2   2.8003977853580131
-2   2.5566775309287677
-2   3.225929476720486
-2   2.8866928404839691
-2   2.2766883727773792
-2   3.2148686992100859
-2   2.6937214468608195
-2   2.3051552994629576
-2   2.3782862250160681
-2   2.7095116828991466
-2   2.2351848538089705
-2   2.4154722081804043
-2   2.3603829148248856
-2   2.6954005034893438
-2   2.6910299515740101
-2   3.6719428884430139
-2   2.0206962940925339
-2   2.0033599170184551
-2   2.0487595755253105
-2   2.0038978057864361
-2   2.4635223328013924
-2   2.473079882840453
-2   2.0621238789646927
-2   2.2164588582591254
-2   2.1567195604611755
-2   2.7576955903531886
-2   2.0303678052679919
-2   2.0012137236240792
-2   2.9108477066307694
-2   2.6304876885530573
-2   2.4477001545342074
-2   2.1092599434606569
-2   2.0052173746040882
-2   2.9907284031047303
-2   2.0103153845097976
-2   2.0013690849244061
-2   2.0067626593194774
-2   2.0111662399262764
-2   2.014221182506382
-2   2.0528067426647492
-2   2.8624103673714525
-2   2.0102712435247168
-2   2.0190985076852237
-2   2.1786914337614003
-2   3.7444879064305416
-2   2.1921602425000288
-2   2.221289321368114
-2   2.7188897463936703
-2   2.8149735853742586
-2   2.9218718454545423
-2   2.3691757451849895
-2   2.1192104680002237
-2   2.0305083303639426
-2   2.0793068633577012
-2   2.0774738951021612
-2   2.9475082514239777
-2   2.0005160569755991
-2   2.007315978472747
-2   2.0012442038608027
-2   2.0054271440482068
-2   2.0023532197227332
-2   2.0027703772130572
-2   2.0061605472733368
-2   2.1995683657760732
-2   2.1697919480974557
-2   2.6187329482530766
-2   2.6379175092404541
-2   2.2218505344481696
-2   2.2096881009744145
-2   2.0771660240749679
-2   2.0641209972617949
-2   2.0018754140014399
-2   2.0167175713289436
-2   2.6082212081229712
-2   2.7381125506976809
-2   2.3534492076968565
-2   2.1867168159945067
-2   2.1271650966691444
-2   2.1468501327112253
-2   2.0034018394316226
-2   2.0537590206385095
-2   2.2634308383977482
-2   2.2325479181840824
-2   2.12637095361527
-2   2.6880377670559366
-2   2.8140810884617227
-2   2.0020263031199561
-2   2.0528821088805302
-2   2.0198052940227647
-2   3.293064067610413
-2   2.8607499657613897
-2   3.1313604985838936
-2   2.7612216561827072
-2   2.1358239550256251
-2   2.0378938161519966
-2   2.0025128599850133
-2   2.0037483092091066
-2   2.0009650438972537
-2   2.0041350247735066
-2   2.0297039979914628
-2   2.0024741391102467
-2   2.9718508260482759
-2   2.0193684556959011
-2   2.0038940151446671
-2   2.9818361512332836
-2   2.0029149091203982
-2   2.0058902310836131
-2   2.0313312511092785
-2   2.0132859044059099
-2   2.0290551206348999
-2   2.0108029039206174
-2   2.8096515016252428
-2   2.0862834151586327
-2   2.2135593250411607
-2   2.0615683331494719
-2   2.0602509794643455
-2   2.3146957359530904
-2   2.6149370935885128
-2   2.1666351017747694
-2   2.1482804443894392
-2   2.232818786730447
-2   2.7711978929549463
-2   2.9665552573333738
-2   2.2062540357101925
-2   2.9524385023122504
-2   2.8525861394826837
-2   3.8592798483536628

-1   1.0430960373646105
-1   1.1035974870153078
-1   1.1391508345793933
-1   1.5797995335417343
-1   1.0668093040881137
-1   1.5210317911598481
-1   1.3532531626504627
-1   1.3582859168123644
-1   1.1375035888608158
-1   1.7461222095232003
-1   1.9110034747885325
-1   1.2387717776829645
-1   1.8624210051786778
-1   1.7904400918339465
-1   1.0430833671655027
-1   2.8173627152839678
-1   1.9104546860946146
-1   1.3418150432818852
-1   1.1217714586211078
-1   2.0730699713858596
-1   1.8234587518894014
-1   2.7432026647396959
-1   1.3549963975279244
-1   1.1504205971828818
-1   1.872892321922536
-1   1.0277733830606754
-1   1.4710338240875134
-1   2.4779713749474652
-1   1.6707925585230088
-1   2.1188312702601264
-1   1.065403770099939
-1   1.3649917613618687
-1   1.6739232763170873
-1   1.4570823826692731
-1   1.1006381104933074
-1   1.7343013857150114
-1   1.4636883340287921
-1   1.5469400362469026
-1   1.3689895925983846
-1   1.6260846053037961
-1   1.7869412625383618
-1   1.2223167969396347
-1   1.6509706583960373
-1   1.372143387805975
-1   1.3910274176987003
-1   2.7117292122975432
-1   1.135930824118214
-1   1.2924545771755371
-1   1.6956663976523485
-1   1.4446587010873602
-1   1.1254213665330683
-1   1.8346812804029562
-1   1.7738472150213394
-1   1.9250762419709511
-1   1.9428600456589349
-1   1.3783688489411139
-1   1.9847634041420097
-1   2.075947347843218
-1   2.0688119701720153
-1   2.2311533750167336
-1   2.6588891611902352
-1   1.8329680297448778
-1   1.5874915027364618
-1   1.8832206229348363
-1   3.0147104007134371
-1   2.0768427751027074
-1   1.8589574199849133
-1   1.8175753078031862
-1   1.5102876431194487
-1   1.871734296796252
-1   2.242224206188856
-1   1.7576895133065711
-1   2.3191380323781652
-1   2.5794740946851937
-1   2.1868016211693413
-1   1.5220971338608211
-1   1.7645303143327209
-1   1.5801380203888322
-1   1.9405704880794961
-1   1.5737607761525276
-1   1.7536905255009509
-1   2.705917504257052
-1   2.0339454588666337
-1   2.1656756236587991
-1   2.1316330627145721
-1   1.8267987551652545
-1   1.3882557087540761
-1   2.8019035728445472
-1   1.8551027516705574
-1   2.1835672434494211
-1   1.627926166609619
-1   1.4056429116888802
-1   1.5610191537404416
-1   1.8161707156246658
-1   1.2992207497911645
-1   2.2168801871854322
-1   1.8979975231128234
-1   1.6068891410045478
-1   1.0972516263319207
-1   2.0019859956506751
-1   1.2696302921446057
-1   1.7558203262271679
-1   2.7941874508390043
-1   1.7064841442115561
-1   1.989411782284876
-1   1.1917769869613017
-1   1.3461018923059906
-1   1.190697400455079
-1   1.9330115111834432
-1   1.3851617819778914
-1   1.6343604413032815
-1   1.7695909695191445
-1   1.8976692405976241
-1   1.2036930620226844
-1   1.1323544656011495
-1   1.0942120712159382
-1   1.8944822301533439
-1   2.0938834008718206
-1   1.9451272543827693
-1   2.2405493430378138
-1   2.2173810950479043
-1   1.6785417857660843
-1   1.578297978598437
-1   2.3876875837407718
-1   1.4437057906382995
-1   2.5839770570026639
-1   1.4536780139403727
-1   1.2831823496721784
-1   1.7867210193745495
-1   1.8568702306447635
-1   1.7880537664667879
-1   1.746595222062918
-1   1.7100422147758025
-1   1.5516593803812837
-1   1.4265908053373404
-1   1.712678456456914
-1   1.4159556947161775
-1   1.5056696389425666
-1   1.8071766754212559
-1   2.0664585954662544
-1   1.6693003295793427
-1   1.5537461307356857
-1   1.8072102789029443
-1   1.9769207302111016
-1   2.4373279183121586
-1   1.9409749479306364
-1   2.154738324491511
-1   2.8584757381207746
-1   1.5264091829117201
-1   1.4353703212687259
-1   2.5673863261237369
-1   2.4352203600606415
-1   1.7166114353867381
-1   1.7226483689380117
-1   1.692540645115002
-1   1.9582909395669881
-1   1.5367920130749382
-1   1.4820740592213624
-1   1.708660973123036
-1   1.6602840469332332
-1   2.2579538668230916
-1   1.6784501133306882
-1   1.4324602277747842
-1   1.4527612901016684
-1   2.407172392422797
-1   1.712892855504863
-1   2.1563917147955132
-1   1.3249874449938752
-1   1.55819376608639
-1   1.6380155766097784
-1   1.4375822600375432
-1   1.3647787688853197
-1   1.6306920233408579
-1   1.362145937181233
-1   2.3182341748317388
-1   1.5526383858024611
-1   2.2768613716738053
-1   2.1349562170621637
-1   1.7691671369793824
-1   2.214512659653181
-1   1.8567131064807052
-1   1.9379860836516314
-1   1.7209788510773012
-1   1.7350458503996804
-1   1.2051140384681485
-1   1.0972648221049379
-1   2.2136868442254216
-1   2.2095701186831707
-1   1.0605966527532291
-1   3.0806998086417576
-1   1.7970509347174426
-1   1.5244295816583371
-1   2.6800930425495837
-1   1.2306346296238719
-1   2.5379491449305229
-1   2.3678671897700325
-1   1.5843333550073866
-1   2.7502244536943374
-1   1.8936401300189747
-1   1.2035906074901956
-1   1.4670731851715935
-1   1.5942777795300871
-1   1.077605945841972
-1   1.886526708432088
-1   1.0984925994245871
-1   1.5771853930911321
-1   1.3458314773410094
-1   1.2468077339165227
-1   1.6950026998680334
-1   1.2193652380807496
-1   1.9759104635537263
-1   1.7159889309356742
-1   2.0039540534748217
-1   1.8606506919036487
-1   1.3290204417176892
-1   1.7363804225689852
-1   1.5150894593233208
-1   1.4137053393084742
-1   2.1920123611351232
-1   1.6024364675741269
-1   2.182431356277525
-1   1.9046764915851764
-1   2.0051810091721607
-1   1.934535880605063
-1   1.2743331538113905
-1   1.3852783029512536
-1   1.208592927725882
-1   1.8259871241856085
-1   2.0084076648313389
-1   2.080083539792521
-1   1.8554653462008197
-1   1.2965070457570951
-1   1.2274638895671099
-1   1.7073453418369295
-1   1.7109606172360983
-1   1.429271964401656
-1   1.7119660841671451
-1   1.5092322846616719
-1   1.6583891959618491
-1   1.3850096400815446
-1   1.8178056056924747
-1   1.9185581287850435
-1   2.2343281864550693
-1   1.9711821563972349
-1   1.8117792424068679
-1   1.8349900016545817
-1   2.4163413639675153
-1   2.0712036129219453
-1   2.0915288014398574
-1   1.6338841311627834
-1   1.9797805763804894
-1   2.7341499279074255
-1   2.3739048903836157
-1   2.0117835213271649
-1   2.637108085019034
-1   1.481780130655677
-1   3.1727390051761843
-1   2.1809814234592544
-1   1.7980607272356925
-1   2.4029902203018358
-1   1.7914542967548024
-1   1.5313766007048435
-1   2.2664966956247201
-1   2.2930721982643543
-1   1.5023647420308666
-1   1.5443926944050852
-1   1.8004082972333522
-1   2.300860673704082
-1   2.4199632507804187
-1   2.1233546349732282
-1   2.3766251806249099
-1   1.6397780692851431
-1   3.7491780221165056
-1   1.1260799521211415
-1   1.9135525441358321
-1   1.1474494323579043
-1   1.241336507330322
-1   1.0886007878442767
-1   1.7775229962887535
-1   1.1321463536413958
-1   1.3435444974515343
-1   1.6928752326299525
-1   1.9239458956538442
-1   1.2712769519065905
-1   1.3891991658880345
-1   2.0041627877606194
-1   1.5426110758379687
-1   2.5254532448187801
-1   1.5920215698713944
-1   1.7596595355522546
-1   1.9127511194378242
-1   1.7405181464964441
-1   2.8995214257276816
-1   1.310824435518438
-1   1.9777521751357825
-1   1.0172569080819462
-1   1.034004559767199
-1   1.6667000848842846
-1   1.0088990826220763
-1   1.4492863736913546
-1   1.0626507572903552
-1   1.7531644448703947
-1   1.7669771455613041
-1   2.2297451092441292
-1   2.3737081707133898
-1   1.8939071089497643
-1   2.1598538289183931
-1   1.6569456796052049
-1   1.935588977191582
-1   1.9624351127381803
-1   1.1977317404975483
-1   1.4262763613927079
-1   2.3006647889089287
-1   1.8165046726735774
-1   1.9224984759368682
-1   1.212428777254251
-1   1.388933979930151
-1   1.8002699309572692
-1   1.8797759033440062
-1   1.8549502575701586
-1   2.0285988493167308
-1   1.8814322900633673
-1   1.156989189830036
-1   2.433557274551629
-1   1.1945630731749914
-1   1.8118688262089475
-1   2.0686363461165964
-1   1.8137698772001274
-1   1.1815856562349258
-1   1.1998356448244543
-1   1.4971626254033814
-1   1.509018242675547
-1   3.4578778874666973
-1   1.6107726792098624
-1   1.2520069042424302
-1   1.74874409889556
-1   1.4836522776866445
-1   1.9964286130605879
-1   1.8178777760970553
-1   1.2908461402391911
-1   1.9224606620151237
-1   2.1081979939615314
-1   2.6695116338111489
-1   1.5618295906630153
-1   1.3313016449795119
-1   2.0177513798823554
-1   2.0117833939424403
-1   1.9710244440646725
-1   1.9924468570640097
-1   1.3780270249048205
-1   1.6137312091685136
-1   1.0628388702644105
-1   1.1152860602050776
-1   1.6080701466946379
-1   1.8113118279646647
-1   2.8435330172694631
-1   1.7134083080893587
-1   1.0249165281370427
-1   1.3557617298813609
-1   1.730197154167854
-1   1.7887779394510051
-1   1.7940800642161787
-1   1.4343268413605432
-1   1.0125249615340361
-1   1.6148469151741707
-1   1.9303553726589642
-1   1.9634205587008249
-1   1.008207576114649
-1   1.0059836790172201
-1   1.0500464965066136
-1   1.4641185372630865
-1   1.0404614471628078
-1   1.6300732718218267
-1   2.1931107355614015
-1   2.1317127309664801
-1   1.4817995902556902
-1   1.4655111658433027
-1   1.2174498015983801
-1   1.3252261067302815
-1   2.5261131456200641
-1   2.6087535225535663
-1   1.0698849686443548
-1   1.1671292042337051
-1   1.7224665455059909
-1   1.9050488527189242
-1   1.792632297585671
-1   1.3138314655924757
-1   1.1924035941794533
-1   1.2429502387044122
-1   1.8310137871329712
-1   1.8730858381756961
-1   1.8399010823048934
-1   1.0833993239598527
-1   1.0367170462899375
-1   1.0938056240089931
-1   1.0778302192152673
-1   1.0499781947786897
-1   1.5767189854885562
-1   1.9411588907938073
-1   2.1347833367373008
-1   2.1692162441897471
-1   1.4115832100879719
-1   2.3508318433193325
-1   1.8884979412836138
-1   1.4423684296412402
-1   1.9627443899113439
-1   1.1669496370955397
-1   1.5917704147806058
-1   1.4084161325891411
-1   1.0121364258221413
-1   1.0202681300490546
-1   1.0224002846580496
-1   1.9863211248540056
-1   1.0468724041726047
-1   1.8223950652607477
-1   1.0909603462853856
-1   1.9829895587564983
-1   1.0350481940044225
-1   1.1967396804687365
-1   1.413088848846626
-1   2.3783103108301811
-1   2.2448970787287967
-1   2.4294087317626221
-1   2.6158625579537227
-1   1.720720195347337
-1   2.0089025392113147
-1   2.079698844391257
-1   1.6770810748743967
-1   1.4631430863367128
-1   1.5568466632873839
-1   1.259676450878529
-1   1.9750931363319006
-1   1.2699473284424816
-1   2.3818284614998602
-1   2.5710935101233452
-1   2.4254029811189408
-1   1.2375867307794524
-1   2.8189780228133166
-1   1.823602494410729
-1   1.9257299311753839
-1   1.7240224902953658
-1   1.4247707130928247
-1   1.1186131863721203
-1   1.9634436492798257
-1   1.0248459975097082
-1   1.0348669214218948
-1   1.2307220032761796
-1   1.2035213584746407
-1   1.7941970357650434
-1   1.6153748903232827
-1   1.3033263132414505
-1   1.137455973846873
-1   1.1678721414661826
-1   1.9596209376950426
-1   1.5239438655998803
-1   1.6677430508023976
-1   1.8228948611519074
-1   1.967521244497326
-1   1.3518688639849779
-1   2.4767936879125281
-1   1.9426403790068143
-1   1.8618934852434137
-1   2.9017137804048079
-1   1.0189965103098466
-1   1.0395114311487934
-1   1.0167666548080816
-1   1.8681596207668481
-1   1.050310083955363
-1   1.1923556329954912
-1   1.1857042552728383
-1   1.1284840722300253
-1   1.778343888812099
-1   1.1847448688502493
-1   1.258572059614109
-1   1.1395601939096129
-1   1.8178976197634187
-1   1.266181701624177
-1   1.7527159465668847
-1   1.9192035163865295
-1   1.9118534765557991
-1   1.1597540287166526
-1   1.2616421407274945
-1   2.5918856826502394
-1   1.8597911445737769
-1   1.8545635517483827
-1   1.3188083040687093
-1   1.7163775651523703
-1   1.6821107700932174
-1   1.4898552934658655
-1   1.9920925169749322
-1   2.1930212221348642
-1   1.348737892480744
-1   2.2228844047511442
-1   2.05506378362705
-1   1.9936817408966667
-1   1.4788596489246488
-1   2.427918529366965
-1   2.521058762767165
-1   2.0250360174097488
-1   2.8599650381648161
-1   2.0530625868664458
-1   2.9384144145327324
-1   2.8211115293859841
-1   3.8412351126834166

0   0.048121047890293256
0   1.0037307141968577
0   0.82213161949419256
0   1.0589843963613235
0   1.0037047320376389
0   0.99245379432448799
0   1.0208278410963436
0   0.21304891790259373
0   1.628419997505294
0   1.050686347611351
0   1.0043755055350989
0   1.9956050231522382
0   0.65128604012203284
0   1.0307488153179141
0   1.0053314076175226
0   1.3097841548823399
0   1.6317774154869999
0   1.9484661267681829
0   1.7656491365614673
0   2.7725573218075081
0   1.0024077686573021
0   1.552692946562567
0   1.0046421165018733
0   1.1805578700820341
0   1.1399511339327675
0   1.8458239661609075
0   1.8527227245319056
0   2.7504218988472195
0   0.70632776302275491
0   1.1130888251706934
0   1.2520838199378777
0   1.7604746588110585
0   0.37244765709809824
0   1.133163563831922
0   1.0035775503183919
0   0.7595612216705645
0   2.6433508703066466
0   0.089443300283839178
0   1.8540425508052012
0   1.6079845274882532
0   1.4469755634101609
0   1.0032135435103893
0   0.81396339205067814
0   1.9357199277370261
0   1.1277533652248921
0   1.0033047368845711
0   1.9905230333761774
0   1.1621376356534061
0   0.33909552636693385
0   1.6561344844709747
0   1.3851323513298779
0   1.013946884034918
0   1.8225874071040207
0   1.9238982337271411
0   1.0537125004618091
0   1.1697540805067157
0   1.4956383901966248
0   1.0259063191943805
0   0.41325497058195981
0   1.0901994629405196
0   2.3441000189777852
0   1.4263286955345427
0   1.1557474413690425
0   1.0441337124400925
0   1.0295377429461186
0   1.4789990470440635
0   1.1869550335385204
0   1.8016052422943063
0   2.1712563216379137
0   1.2286310323557048
0   1.4148208269098759
0   1.0579657600953485
0   1.0762958568756833
0   1.8639340794779042
0   1.6047967828724596
0   2.6277283799351481
0   1.1144936215654329
0   1.0527407161505045
0   1.7593214718695851
0   2.3983055413733152
0   2.1326802463418892
0   1.6577285694393078
0   1.5779608907876033
0   3.2194629253937705
0   1.8284300780303044
0   1.9383324180216457
0   1.3712810926568915
0   2.0536281210813572
0   1.5939205131303278
0   1.4243699618828531
0   2.3419602168485429
0   2.0290295525936042
0   1.5627434555482083
0   1.8434489336134461
0   1.8037632209510344
0   1.6516549492502546
0   2.0524702464470019
0   0.78381796828909445
0   2.0450910502903632
0   1.257666805636777
0   1.9565141829862167
0   1.2707765874314121
0   1.7515161161864508
0   2.2246666763225935
0   1.3680544085090698
0   1.7946361391834862
0   1.6084126469404305
0   1.6492634768815493
0   2.2433123675114541
0   1.5567080647493938
0   1.9902300476832382
0   1.6621952583176958
0   1.5445923517794107
0   1.7624406380258208
0   1.9940177079580654
0   1.2275573767352495
0   1.524226028551269
0   1.6476719408661507
0   1.1061750688198666
0   1.1979742291883599
0   1.6267650171858756
0   2.6400546782076031
0   1.3965639778741177
0   1.7093378968383486
0   0.7084804314915143
0   1.269042225003046
0   2.6038339924370271
0   1.5267632163654521
0   1.1403751009337617
0   1.4890870455406704
0   1.1797937974287598
0   1.017945549011775
0   1.2815783407809584
0   1.4938776541750705
0   0.5421527731963991
0   1.0402477043483915
0   1.0580967761480118
0   1.526902226599669
0   1.0072564143871774
0   1.9662397137460577
0   1.3766108285055214
0   1.9435834297076711
0   1.0285295679850177
0   1.1592625879490335
0   1.6492480467554516
0   0.26366782974237701
0   1.0096235957226107
0   1.8505933371188026
0   1.854097227970009
0   2.5281633493266296
0   1.4576206813646015
0   1.9151452358020702
0   1.1500486371383574
0   2.0932202196309562
0   1.4943390871176732
0   1.840227050418592
0   1.8277499447218877
0   0.83027596706149431
0   2.3010579777840556
0   1.4792302550300793
0   1.2699488493091113
0   0.58529323300084157
0   1.1112562542407551
0   1.1540412186828348
0   1.8617172973327452
0   1.9845302339763728
0   1.9204750135182773
0   1.2177935695247852
0   1.1913111000367578
0   1.1447072531296856
0   1.5490865024860683
0   1.6573106426519546
0   1.6618670078440179
0   1.7211200259085491
0   2.1210925316495777
0   1.641412821531369
0   1.1893361417705002
0   1.8734202332385212
0   1.3720875125597127
0   2.1103739032850704
0   1.3682039469742064
0   1.0638755509063158
0   2.3171735398590272
0   2.3912625885916219
0   1.1841862779997194
0   1.7655157241149171
0   1.8514457475054336
0   2.6703915803827334
0   2.2392148326811072
0   1.0042073809638232
0   1.4792916608827011
0   1.5492073825996626
0   1.1166964403677573
0   1.7919844682219352
0   1.6519704866710656
0   1.1874077628280746
0   1.6879709584488216
0   1.877175475079969
0   1.9641796755474537
0   1.4482579823719492
0   1.6317789876870141
0   1.1613947087876155
0   1.4917448520190038
0   1.320922553043437
0   1.4613850213306092
0   1.5891985526161529
0   0.56160892634496973
0   2.3221957344853177
0   2.0328059104301262
0   1.1233545128306361
0   1.2718692739018562
0   1.4500345435280499
0   1.4497224573191663
0   1.5925165357240627
0   1.0631136562346888
0   2.0362473507006604
0   1.9512659895814184
0   0.8592668748396759
0   1.833676927438272
0   1.5626211573234285
0   1.6395330585767698
0   1.2410206080553168
0   1.3720087342579141
0   1.338069495004117
0   1.9511063000728801
0   1.6553304312341313
0   1.900546767304693
0   2.1118031024066952
0   1.7203009360488899
0   1.0161813422848425
0   1.0417526126554828
0   1.0313760911204231
0   1.5164465078493734
0   1.9847660138467389
0   2.0084387852334071
0   1.9574176060427297
0   1.1498453914058675
0   0.32245058691740025
0   2.3554465752034606
0   2.435802358995705
0   1.5555661360026694
0   1.556145581483479
0   2.2165145932823775
0   2.3260219715670365
0   1.0579456309191602
0   2.4111370836477937
0   2.3620620490256581
0   1.0625086583643402
0   0.88426512574890692
0   1.9447032876115098
0   1.0168858304630073
0   0.1041594001769236
0   1.016945137318336
0   0.5797368763384747
0   1.5076985154408455
0   1.9324535309103488
0   1.0245435210379135
0   1.0093504656692724
0   1.9617789940288577
0   1.098586412704716
0   1.3554653696301522
0   1.8676466977839676
0   1.3244074971871178
0   1.2475154879243922
0   1.0371686493483061
0   1.3065489559249697
0   1.3711678593322767
0   1.2733488897143488
0   1.2154945497098055
0   0.51896554901523628
0   1.6130585885369073
0   1.0056636099906104
0   1.0406419873744979
0   0.84109598830570853
0   1.6117919730394701
0   2.1664489922856403
0   2.6879515533678568
0   1.106191344167897
0   1.9828394490712604
0   1.9398697025242209
0   1.4883050871453907
0   0.63149236738858772
0   1.0170569747849465
0   1.687723627899949
0   1.0293331431674715
0   1.9744869335185511
0   2.5736345450904077
0   1.5383739877092069
0   1.8673669459233042
0   1.0179900629914012
0   1.0232411843237317
0   1.3927701544606439
0   1.6508940157245058
0   1.4098929774878115
0   1.9325092038894418
0   1.2613531934131492
0   1.6570168160743677
0   1.0611690076978497
0   1.2271265719658053
0   1.5950192156757765
0   1.7793562281110606
0   1.2766586761609608
0   1.8460764831422671
0   1.5995875086421436
0   1.4027049116745789
0   1.9307744238711591
0   1.6110915794293774
0   1.9031721870705138
0   1.8169415438855565
0   2.7098181282129508
0   1.2012548006943227
0   2.2886903058048871
0   2.1421862949282553
0   1.9811628022793175
0   2.8255092427314787
0   1.2063102095996185
0   3.2709990190949454
0   1.9044165100349435
0   1.9162100570265719
0   2.7512041973158232
0   1.7148981089072985
0   1.8332328323127132
0   1.4224808848384896
0   1.4914603540263025
0   0.59872088128791767
0   1.0970176494170785
0   2.3250982119906647
0   1.9949841252630809
0   1.9806986382368827
0   2.1191782681771354
0   1.296901766913743
0   2.4622873841626749
0   1.9634459526575925
0   2.4198201407762605
0   1.9534579641076752
0   1.0941577058281808
0   0.51057535155525424
0   3.8032883881939519
0   1.0188937657266015
0   1.0303439573149082
0   1.9208839855390387
0   0.41157875636155428
0   1.0537616929034197
0   1.0018969941535578
0   1.8033197613505245
0   1.0161899002512844
0   0.39055584798439968
0   1.4750522644426975
0   1.0540434958537603
0   1.3998784798600283
0   1.7733681259118268
0   1.0942572302522999
0   0.57154888102670798
0   1.0699746480550494
0   1.86708702406969
0   1.971918603532576
0   1.3430092285296349
0   2.3351373163443294
0   1.818850581915179
0   1.0144448420958425
0   0.83136974849234146
0   1.4900419697449949
0   2.9436857574966351
0   1.6749851259877628
0   1.0053066580883605
0   1.5530747170240802
0   1.0430043537034224
0   1.0166285697751185
0   1.0224494895529834
0   0.88747501870893397
0   1.0056718487814402
0   1.6441551798936431
0   1.0057129130111584
0   1.3955711630044232
0   1.3902767316908322
0   1.1620846757826058
0   1.7231383217673137
0   1.66830608198973
0   1.7502017983775997
0   1.6769441630775521
0   2.1041560299938626
0   2.5421904830582789
0   1.0448133040893559
0   1.6117155344265965
0   1.0605877699243873
0   1.0061183946669885
0   1.0490640162713347
0   1.325406070587908
0   2.8421035630158844
0   1.3308445332265406
0   1.3236166829027662
0   1.8346262981541059
0   1.7802789313901557
0   1.0067760865008866
0   1.0211603484633758
0   1.9824775331831357
0   1.9918397162603738
0   1.403540662342087
0   1.7315044354654208
0   1.0030920372015775
0   2.8214297614693384
0   0.74912370953603391
0   0.32757578732656689
0   1.0379174569961651
0   1.758003688810811
0   1.6088807050900411
0   1.0052398953818529
0   1.9879747575118918
0   1.0906950413642218
0   1.8468095936856059
0   0.95194446093015883
0   2.9592479320431697
0   1.5518000497720834
0   1.5581133932366544
0   1.1433527530625573
0   2.3553309897528134
0   1.2125642163269545
0   1.0535616410904172
0   1.0681879256657278
0   1.3934258115873157
0   2.5416380482168051
0   0.88800729670310607
0   1.1455042474300123
0   1.0163634064257112
0   1.5322032846513287
0   1.4165274722284271
0   1.2515806061888286
0   1.8126846748674876
0   1.7844138289768154
0   2.5041476801179359
0   2.005007738686464
0   2.2109584607299149
0   1.2317551510770171
0   1.274651115731009
0   0.58920792485099316
0   0.66977288164534676
0   1.6601055368531421
0   1.9856895394549499
0   1.3922506955421199
0   1.0057286794597642
0   1.0058420226121358
0   2.6178410430127714
0   1.743507029475956
0   1.0137523760751057
0   1.0036309569814186
0   0.77718109222558218
0   0.42486024096282382
0   1.0059755824135275
0   1.9872004245384218
0   1.970754152453412
0   1.994173788074689
0   1.0013016066699179
0   1.0046270082508841
0   1.9696650546133978
0   1.9158646714668413
0   1.0059096210750862
0   1.0008528414522389
0   0.067376074824500587
0   1.0529171022283972
0   0.035882235879613478
0   0.073880933063777965
0   0.61801507734531524
0   1.0482130330001154
0   1.0060638473242973
0   1.790227109250333
0   0.39366685224991549
0   1.9289627900667901
0   2.9333979937565196
0   2.8453521704082272
0   1.8557359581169246
0   1.0321525661393045
0   1.0008124345409906
0   1.2551776762344629
0   1.0623316406250016
0   1.9883867582515027
0   1.9186519513262534
0   1.0054432964041253
0   1.0125333436762112
0   1.3384040517944764
0   1.1146761562171867
0   1.0486648072902161
0   1.9224006566402521
0   0.55468043829791447
0   1.0033600002763181
0   1.0038619860164875
0   1.9780948473706133
0   1.9177223686109635
0   1.0853731379660896
0   0.3632455964561091
0   1.0364839622201347
0   0.30208984781968085
0   1.0069978895425391
0   1.0097971924987976
0   0.11154801275424164
0   1.013914850564926
0   0.97068750008145321
0   0.31758613848266148
0   1.4781170561749746
0   0.43587072729141929
0   2.5149878408864379
0   1.5479451546671958
0   1.6937990058522341
0   1.6915893353452667
0   2.2381696124901804
0   1.6547537876662783
0   0.45387815760655703
0   1.9800926920717541
0   1.9542937686131774
0   1.1727271721437287
0   1.0527510745676001
0   1.1289404695790581
0   0.072772165798623445
0   0.082699988617639053
0   1.0059448010567527
0   1.0046572981721031
0   0.62291981895023585
0   1.0069088898965664
0   1.7811284379651977
0   1.0274664648414327
0   0.94883928794240058
0   1.0137576850317338
0   1.9596425624080145
0   1.2342342535807687
0   1.6319734208009464
0   1.0588474112135531
0   0.63989134482772636
0   1.0073041652525581
0   2.6526397547724119
0   1.918326486048286
0   2.6983626877515059
0   1.7738159342276925
0   0.86231609035994117
0   1.0226668241423853
0   1.8618155738860676
0   1.8467990261170932
0   1.4212680275636087
0   2.0975644244931289
0   1.4150993408073853
0   2.5481282933245373
0   0.50461187103142957
0   1.5962115388146323
0   1.5965846686647076
0   1.2908023176557819
0   0.60953176222855521
0   1.319861767924619
0   1.9836399812044818
0   1.9232617921686219
0   3.0280242927637575
0   1.532817851315345
0   1.4146130746475436
0   1.9787451013838995
0   1.9946529966474236
0   1.2037820569417885
0   1.3452915654710609
0   1.1024488874361176
0   1.9184405923657022
0   0.071481773925724079
0   1.006059539433215
0   1.0063026496634975
0   0.53055620034183004
0   0.328987784882671
0   1.0082121294365596
0   1.0130068761280919
0   1.17647428155692
0   1.5357480318281831
0   1.8660145910750159
0   1.7672577966376455
0   1.0088163677754556
0   1.1315376513380628
0   1.030824276681845
0   1.9157069630699186
0   1.5025674509874238
0   1.2862997594388963
0   1.0063769180553137
0   1.1545358537826755
0   1.4136819917037393
0   2.8506807778919607
0   1.9636838470253513
0   1.802515302048231
0   0.071951262838462759
0   2.8990199377139536
0   0.12805380931413168
0   1.0014632847982479
0   1.0101834805791579
0   1.0024599301495396
0   0.17043802824814092
0   1.9822163307964167
0   1.0216257510489153
0   0.13740733226687374
0   1.0271944212903006
0   1.0248923335793794
0   0.4411191729064986
0   1.0166442573342303
0   1.9804556895887746
0   1.0475856283484519
0   1.1776753153112467
0   1.0174629670422679
0   1.7181150881160154
0   0.84607945590818834
0   1.0611716165289511
0   1.9059592587084602
0   1.7017121328928941
0   1.9286129304217305
0   0.55463321040279845
0   1.1230070663414398
0   2.7029133026529704
0   1.0294858378647636
0   1.0017529526169013
0   1.0471036613220785
0   1.9915817689143513
0   1.4248763507094635
0   1.8513689174180552
0   1.9875877410825589
0   1.0984242143485268
0   1.5969117972391382
0   2.0052561489630345
0   1.3685064026780165
0   2.4352617249900459
0   1.088765421807887
0   1.9404209487344088
0   1.8386533600745985
0   1.34844683488534
0   2.9205703343588958
0   2.043365111127152
0   1.9828078564938991
0   2.8161604189810068
0   2.0323596503203971
0   2.9443316139575195
0   2.8303830389798112
0   3.8328062557135354

1   1.0430960373645659
1   1.1035974870153462
1   1.1391508345794175
1   1.5797995335416735
1   1.066809304088234
1   1.5210317911597446
1   1.3532531626503834
1   1.3582859168125763
1   1.13750358886082
1   1.7461222095230995
1   1.9110034747885205
1   1.238771777683132
1   1.8624210051786632
1   1.790440091833934
1   1.0430833671654747
1   2.8173627152839584
1   1.9104546860946554
1   1.3418150432818636
1   1.1217714586211567
1   2.0730699713858805
1   1.8234587518893752
1   2.7432026647396968
1   1.3549963975278483
1   1.1504205971828692
1   1.8728923219225555
1   1.0277733830606701
1   1.4710338240878742
1   2.4779713749474093
1   1.6707925585226193
1   2.1188312702602858
1   1.0654037701000378
1   1.3649917613617011
1   1.6739232763170944
1   1.4570823826693262
1   1.1006381104932814
1   1.7343013857151033
1   1.4636883340288063
1   1.5469400362467858
1   1.3689895925983619
1   1.6260846053038032
1   1.7869412625383618
1   1.2223167969395947
1   1.6509706583958841
1   1.3721433878060016
1   1.3910274176989104
1   2.7117292122975085
1   1.1359308241182242
1   1.2924545771756617
1   1.6956663976523001
1   1.4446587010873153
1   1.1254213665330692
1   1.8346812804029771
1   1.7738472150213047
1   1.9250762419710008
1   1.9428600456586538
1   1.3783688489411599
1   1.9847634041421851
1   2.0759473478432464
1   2.0688119701720282
1   2.2311533750165551
1   2.6588891611903955
1   1.8329680297448041
1   1.5874915027364915
1   1.8832206229347097
1   3.014710400714149
1   2.0768427751018423
1   1.8589574199849879
1   1.8175753078033852
1   1.510287643117882
1   1.871734296797825
1   2.2422242061888116
1   1.7576895133065364
1   2.319138032377869
1   2.5794740946853238
1   2.1868016211692973
1   1.522097133860878
1   1.7645303143327098
1   1.5801380203887909
1   1.940570488079596
1   1.5737607761523953
1   1.7536905255009927
1   2.7059175042571626
1   2.033945458866651
1   2.1656756236585326
1   2.1316330627145201
1   1.8267987551653877
1   1.3882557087539866
1   2.8019035728444894
1   1.8551027516706062
1   2.1835672434494229
1   1.627926166609202
1   1.4056429116889086
1   1.5610191537408653
1   1.8161707156246845
1   1.2992207497912795
1   2.2168801871855313
1   1.8979975231127217
1   1.606889141004304
1   1.097251626332006
1   2.0019859956505988
1   1.2696302921446294
1   1.7558203262272509
1   2.7941874508389923
1   1.7064841442116125
1   1.9894117822849098
1   1.1917769869611385
1   1.346101892306117
1   1.190697400455043
1   1.9330115111834392
1   1.3851617819768036
1   1.6343604413042621
1   1.7695909695191618
1   1.8976692405976197
1   1.2036930620226884
1   1.1323544656011104
1   1.0942120712159142
1   1.8944822301533466
1   2.0938834008718628
1   1.9451272543827063
1   2.2405493430377179
1   2.2173810950479877
1   1.6785417857660536
1   1.5782979785984006
1   2.3876875837408869
1   1.443705790638333
1   2.5839770570026444
1   1.4536780139403525
1   1.2831823496721571
1   1.78672101937455
1   1.856870230644768
1   1.7880537664667808
1   1.7465952220629428
1   1.710042214775811
1   1.5516593803813636
1   1.4265908053373606
1   1.7126784564568802
1   1.4159556947161016
1   1.5056696389425959
1   1.8071766754212488
1   2.0664585954662309
1   1.6693003295793405
1   1.5537461307356542
1   1.8072102789029647
1   1.9769207302111935
1   2.4373279183120897
1   1.9409749479305489
1   2.1547383244915426
1   2.8584757381208101
1   1.5264091829114501
1   1.435370321268725
1   2.5673863261239873
1   2.4352203600605926
1   1.7166114353867341
1   1.7226483689380072
1   1.69254064511503
1   1.9582909395669557
1   1.5367920130749111
1   1.4820740592213566
1   1.7086609731234641
1   1.6602840469332425
1   2.2579538668230521
1   1.6784501133303324
1   1.4324602277747587
1   1.4527612901016775
1   2.4071723924227473
1   1.712892855504931
1   2.1563917147955092
1   1.3249874449940278
1   1.5581937660864336
1   1.6380155766096256
1   1.4375822600375985
1   1.3647787688852953
1   1.6306920233407913
1   1.3621459371813589
1   2.3182341748317246
1   1.55263838580237
1   2.2768613716738599
1   2.1349562170622116
1   1.7691671369793718
1   2.2145126596531277
1   1.8567131064806914
1   1.9379860836516274
1   1.7209788510773256
1   1.7350458503996937
1   1.2051140384681112
1   1.0972648221047865
1   2.2136868442254234
1   2.2095701186832466
1   1.0605966527532193
1   3.0806998086417483
1   1.7970509347174564
1   1.5244295816583371
1   2.6800930425495793
1   1.2306346296238562
1   2.5379491449302489
1   2.3678671897703452
1   1.5843333550071463
1   2.750224453694496
1   1.893640130018952
1   1.2035906074902381
1   1.4670731851715504
1   1.5942777795301328
1   1.0776059458419813
1   1.8865267084320867
1   1.0984925994245669
1   1.5771853930911885
1   1.3458314773410029
1   1.2468077339165133
1   1.6950026998679637
1   1.2193652380807771
1   1.9759104635537268
1   1.7159889309356271
1   2.0039540534748155
1   1.8606506919036754
1   1.3290204417177172
1   1.7363804225690624
1   1.5150894593232653
1   1.4137053393084391
1   2.1920123611350202
1   1.6024364675742899
1   2.1824313562775064
1   1.9046764915851053
1   2.0051810091721634
1   1.9345358806051118
1   1.2743331538113889
1   1.385278302951249
1   1.2085929277258924
1   1.8259871241855947
1   2.0084076648313083
1   2.0800835397925677
1   1.8554653462008459
1   1.2965070457570802
1   1.2274638895671057
1   1.707345341836934
1   1.710960617236096
1   1.4292719644016729
1   1.71196608416713
1   1.5092322846618491
1   1.6583891959616808
1   1.3850096400815319
1   1.8178056056924672
1   1.918558128785036
1   2.2343281864550351
1   1.9711821563972736
1   1.8117792424068617
1   1.8349900016545924
1   2.416341363967538
1   2.0712036129217961
1   2.091528801439992
1   1.6338841311627732
1   1.9797805763805498
1   2.7341499279073904
1   2.3739048903836539
1   2.0117835213271862
1   2.6371080850190429
1   1.4817801306555887
1   3.1727390051761728
1   2.1809814234592011
1   1.7980607272356806
1   2.4029902203019353
1   1.7914542967547624
1   1.5313766007048644
1   2.2664966956246451
1   2.2930721982644577
1   1.5023647420308013
1   1.5443926944051238
1   1.8004082972333189
1   2.3008606737040513
1   2.4199632507804258
1   2.1233546349732118
1   2.3766251806249326
1   1.6397780692851764
1   3.749178022116471
1   1.1260799521211844
1   1.9135525441358219
1   1.1474494323578959
1   1.2413365073303342
1   1.0886007878442852
1   1.7775229962887691
1   1.1321463536414027
1   1.3435444974515154
1   1.6928752326299432
1   1.9239458956538491
1   1.2712769519066047
1   1.3891991658880454
1   2.0041627877606056
1   1.5426110758379732
1   2.5254532448188098
1   1.592021569871362
1   1.7596595355522369
1   1.9127511194378415
1   1.7405181464964476
1   2.8995214257276833
1   1.3108244355184355
1   1.9777521751357781
1   1.0172569080819487
1   1.0340045597672021
1   1.666700084884277
1   1.0088990826220801
1   1.4492863736913686
1   1.0626507572903565
1   1.7531644448704098
1   1.7669771455613072
1   2.2297451092441651
1   2.3737081707133503
1   1.8939071089497763
1   2.1598538289184317
1   1.6569456796052062
1   1.9355889771915056
1   1.9624351127381843
1   1.1977317404975441
1   1.4262763613928187
1   2.3006647889088212
1   1.8165046726735912
1   1.9224984759368704
1   1.2124287772542546
1   1.3889339799301843
1   1.8002699309572736
1   1.8797759033440093
1   1.8549502575701418
1   2.0285988493167224
1   1.8814322900633558
1   1.1569891898300231
1   2.433557274551637
1   1.1945630731750168
1   1.8118688262089266
1   2.0686363461165782
1   1.8137698772001221
1   1.1815856562349434
1   1.1998356448244367
1   1.4971626254033794
1   1.5090182426755496
1   3.4578778874666947
1   1.6107726792099415
1   1.2520069042424391
1   1.7487440988957332
1   1.4836522776866519
1   1.9964286130604365
1   1.8178777760972733
1   1.2908461402390812
1   1.9224606620149625
1   2.1081979939614497
1   2.6695116338111218
1   1.5618295906631783
1   1.3313016449796879
1   2.017751379882283
1   2.0117833939424106
1   1.9710244440647915
1   1.9924468570640115
1   1.3780270249048203
1   1.6137312091684204
1   1.0628388702644134
1   1.1152860602049819
1   1.6080701466946965
1   1.8113118279646665
1   2.8435330172694777
1   1.7134083080893436
1   1.0249165281370483
1   1.3557617298813918
1   1.7301971541678727
1   1.7887779394508971
1   1.794080064216129
1   1.4343268413606531
1   1.0125249615340342
1   1.6148469151742093
1   1.9303553726589673
1   1.9634205587008289
1   1.0082075761146503
1   1.0059836790172225
1   1.0500464965066127
1   1.4641185372631405
1   1.0404614471628229
1   1.6300732718217952
1   2.1931107355614206
1   2.1317127309665165
1   1.4817995902556929
1   1.4655111658432565
1   1.2174498015983033
1   1.325226106730178
1   2.5261131456200658
1   2.6087535225535889
1   1.0698849686443632
1   1.1671292042336499
1   1.7224665455059847
1   1.9050488527190357
1   1.7926322975856297
1   1.3138314655923875
1   1.1924035941794113
1   1.2429502387045168
1   1.8310137871329908
1   1.8730858381757254
1   1.8399010823048796
1   1.0833993239598563
1   1.0367170462899467
1   1.0938056240089769
1   1.0778302192153046
1   1.0499781947786881
1   1.5767189854884989
1   1.9411588907938437
1   2.1347833367373616
1   2.1692162441898146
1   1.411583210088186
1   2.3508318433191135
1   1.8884979412835325
1   1.4423684296413637
1   1.9627443899111778
1   1.1669496370955614
1   1.5917704147806817
1   1.4084161325891777
1   1.0121364258221421
1   1.0202681300490659
1   1.0224002846580424
1   1.9863211248540082
1   1.0468724041726336
1   1.8223950652607908
1   1.0909603462853403
1   1.9829895587565236
1   1.035048194004432
1   1.1967396804687704
1   1.4130888488465452
1   2.3783103108301038
1   2.2448970787288065
1   2.4294087317627029
1   2.6158625579537431
1   1.7207201953475391
1   2.0089025392115221
1   2.0796988443913129
1   1.6770810748744109
1   1.4631430863364305
1   1.5568466632870854
1   1.2596764508784712
1   1.9750931363318647
1   1.2699473284423277
1   2.3818284614999028
1   2.5710935101234078
1   2.4254029811189235
1   1.2375867307797017
1   2.81897802281344
1   1.823602494410661
1   1.9257299311751557
1   1.7240224902953747
1   1.4247707130928171
1   1.1186131863721265
1   1.9634436492798177
1   1.0248459975097224
1   1.0348669214218951
1   1.2307220032762596
1   1.2035213584746092
1   1.7941970357649111
1   1.6153748903255383
1   1.3033263132388686
1   1.137455973847004
1   1.1678721414667976
1   1.9596209376946359
1   1.5239438655994224
1   1.6677430508029145
1   1.8228948611518936
1   1.9675212444973118
1   1.3518688639847276
1   2.4767936879125063
1   1.9426403790067952
1   1.8618934852435416
1   2.9017137804048616
1   1.0189965103098555
1   1.0395114311488285
1   1.0167666548080669
1   1.8681596207665838
1   1.0503100839553186
1   1.1923556329958409
1   1.1857042552729431
1   1.1284840722300855
1   1.778343888812207
1   1.1847448688501316
1   1.2585720596138994
1   1.1395601939096018
1   1.8178976197633356
1   1.2661817016242283
1   1.7527159465668269
1   1.919203516386558
1   1.9118534765558457
1   1.1597540287161698
1   1.2616421407280205
1   2.5918856826502639
1   1.8597911445736592
1   1.85456355174813
1   1.3188083040689422
1   1.7163775651523365
1   1.6821107700932352
1   1.4898552934659806
1   1.9920925169749677
1   2.1930212221347123
1   1.3487378924807141
1   2.2228844047513876
1   2.0550637836270229
1   1.993681740896601
1   1.4788596489247576
1   2.4279185293663335
1   2.5210587627678565
1   2.0250360174097191
1   2.8599650381648272
1   2.0530625868663961
1   2.9384144145327733
1   2.8211115293859401
1   3.8412351126833757

2   2.0003836078451922
2   2.0006929912175582
2   2.0015119776599546
2   2.1654337423259848
2   2.0121658397737745
2   2.8710305683719199
2   2.0042445927343517
2   2.1298662126176828
2   2.0049782493187025
2   2.889028760740838
2   2.0018890983011595
2   2.8755697109176839
2   2.0043397654802848
2   2.1344371334194521
2   2.0285748676754745
2   2.0140860658949222
2   2.0255030204755573
2   2.0286104193964305
2   2.0169325882655769
2   2.843530095033123
2   2.1720104135078664
2   2.0048841204299466
2   2.1106471354809444
2   2.9524778275694041
2   2.6916642532113602
2   2.6622361870085731
2   2.0419384357162271
2   2.3604266837814207
2   2.2549932411365918
2   2.6449596220209401
2   2.470799857116845
2   2.1419113648324211
2   3.0180078196300362
2   2.5936920514228108
2   2.1799528284886236
2   2.2520204349552602
2   2.8675112831310217
2   2.5619454633354328
2   2.3633288823256042
2   3.1317982694171067
2   2.5017084171240516
2   2.3712094678256275
2   3.0360594085989066
2   2.3711977189940523
2   2.4737051889846078
2   2.3247954069354866
2   2.1908118672731636
2   2.5442875328996957
2   2.2687424420768347
2   2.214214869936967
2   2.3660550607714668
2   2.494673271365214
2   2.0147890115735532
2   2.0026148060119979
2   2.010380052605802
2   2.0100065350384582
2   2.0499287771702295
2   2.141671090502018
2   2.8952283080235022
2   2.5168795892679912
2   2.4016183008515193
2   2.9302243468333753
2   2.1514162132358199
2   2.0959436484429754
2   2.1945903998715659
2   2.0274733986187492
2   2.5375702070232333
2   2.2775302918657179
2   2.9483390322256193
2   2.0700133137067298
2   2.3528360004998574
2   2.0784743648084154
2   3.0941705928695908
2   2.7518010678456384
2   2.8354454309408195
2   2.2463493847178508
2   2.6797803339644437
2   2.0603016669901639
2   2.110023901666533
2   2.1343157266154162
2   2.0673821306855116
2   2.6141545626252256
2   2.3520523797864601
2   2.2966459729978781
2   2.2559269301130223
2   2.2180714895581501
2   2.0465265367556364
2   2.7563339710070283
2   2.3469592968272335
2   2.0269102956985607
2   2.5230291939562584
2   2.0793102101824763
2   2.6642404808295161
2   2.6794193398644377
2   2.709136689186852
2   2.7051326871053067
2   2.9818045180453416
2   2.3804891141452957
2   2.6350894365691993
2   2.6992376398658204
2   2.0974563299292193
2   2.0037023814738215
2   2.0467206494606489
2   2.0452321636256983
2   2.0757584741786754
2   2.2582402250885112
2   2.1379400368381543
2   2.2607687525999136
2   2.5304864512946814
2   2.7985728930022695
2   2.0411110682261429
2   2.0068924082208133
2   2.9775791307671091
2   2.01832515246186
2   2.0102923586604029
2   2.006330996184801
2   2.0190354669399011
2   2.0380592622075655
2   2.1013294295818929
2   2.2312078416826311
2   2.4949844503946226
2   2.3138291414870471
2   2.1659039974262573
2   2.2849879251122251
2   2.2236778651078448
2   2.8003977853580011
2   2.5566775309287642
2   3.2259294767204767
2   2.8866928404839709
2   2.2766883727773823
2   3.2148686992100837
2   2.693721446860847
2   2.3051552994629465
2   2.3782862250160379
2   2.709511682899155
2   2.2351848538089762
2   2.4154722081804092
2   2.3603829148248554
2   2.6954005034893345
2   2.6910299515740173
2   3.671942888443021
2   2.020696294092533
2   2.0033599170184564
2   2.0487595755253056
2   2.0038978057864343
2   2.4635223328013924
2   2.4730798828404521
2   2.0621238789646976
2   2.2164588582591409
2   2.1567195604611777
2   2.7576955903531699
2   2.0303678052679941
2   2.0012137236240783
2   2.9108477066307681
2   2.6304876885530946
2   2.447700154534163
2   2.1092599434606565
2   2.0052173746040904
2   2.9907284031047321
2   2.0103153845098016
2   2.0013690849244075
2   2.0067626593194769
2   2.0111662399262782
2   2.0142211825063838
2   2.0528067426647501
2   2.8624103673714476
2   2.0102712435247168
2   2.0190985076852264
2   2.1786914337614123
2   3.7444879064305523
2   2.1921602424999995
2   2.2212893213681046
2   2.7188897463936752
2   2.8149735853742692
2   2.9218718454545374
2   2.3691757451849838
2   2.1192104680002615
2   2.0305083303639324
2   2.0793068633576657
2   2.0774738951021696
2   2.9475082514239785
2   2.0005160569756013
2   2.0073159784727457
2   2.0012442038608036
2   2.0054271440482081
2   2.0023532197227349
2   2.0027703772130603
2   2.006160547273343
2   2.1995683657760678
2   2.1697919480974517
2   2.6187329482530379
2   2.6379175092405243
2   2.2218505344482242
2   2.2096881009743403
2   2.0771660240749634
2   2.0641209972617784
2   2.0018754140014394
2   2.0167175713289454
2   2.6082212081225888
2   2.7381125506974886
2   2.3534492076972797
2   2.1867168159947772
2   2.1271650966691382
2   2.1468501327111875
2   2.0034018394316271
2   2.0537590206385135
2   2.2634308383977411
2   2.2325479181840477
2   2.126370953615266
2   2.688037767055929
2   2.8140810884617498
2   2.002026303119953
2   2.0528821088805596
2   2.019805294022758
2   3.2930640676103806
2   2.8607499657613884
2   3.1313604985839296
2   2.7612216561826801
2   2.1358239550255393
2   2.0378938161520792
2   2.0025128599850168
2   2.0037483092091066
2   2.0009650438972555
2   2.004135024773507
2   2.0297039979914482
2   2.0024741391102512
2   2.9718508260482879
2   2.0193684556959077
2   2.0038940151446667
2   2.9818361512332738
2   2.0029149091203973
2   2.0058902310836153
2   2.0313312511092652
2   2.0132859044058917
2   2.0290551206348999
2   2.0108029039206134
2   2.8096515016252184
2   2.0862834151586456
2   2.2135593250412318
2   2.0615683331494701
2   2.060250979464334
2   2.3146957359529363
2   2.614937093588618
2   2.1666351017746721
2   2.148280444389437
2   2.2328187867305349
2   2.7711978929550209
2   2.9665552573333653
2   2.2062540357100593
2   2.9524385023123916
2   2.8525861394826504
2   3.8592798483536344

3   3.0000315684558068
3   3.0000499579936757
3   3.0004366224883188
3   3.0013074088406504
3   3.0002664142301723
3   3.0294391588297032
3   3.0090622009774184
3   3.8357758345219848
3   3.0005279361497088
3   3.1709615806815079
3   3.8559799105410901
3   3.1620049248996902
3   3.0014062871544951
3   3.0001610486858796
3   3.0057977524670259
3   3.000426410310125
3   3.0025390133654075
3   3.0002085212307854
3   3.7915551404583976
3   3.0007110427423576
3   3.0278901770266931
3   3.1665125423791061
3   3.0041929588363798
3   3.0579705967075466
3   3.0113245836945839
3   3.001803800784506
3   3.7637687978848051
3   3.0003294436783601
3   3.2665753969863052
3   3.0001142422881681
3   3.0037353587673277
3   3.000058047035242
3   3.0020281121736385
3   3.0042223003468314
3   3.2983912126691899
3   3.0024816382062971
3   3.2185343442787637
3   3.5435034599905251
3   3.006347229211499
3   3.0067641733174542
3   3.0823579244545019
3   3.0101877980766996
3   3.9240066572226251
3   3.0000881502236747
3   3.0001631997585214
3   3.00023461969612
3   3.0013825210550098
3   3.0000922041123821
3   3.000014424407909
3   3.7159848996672702
3   3.0000435863894079
3   3.333843143220117
3   3.0000140904480079
3   3.0022216846188168
3   3.0001483087075744
3   3.0001862078004171
3   3.0000068513652942
3   3.0000272975427773
3   3.0356602833345541
3   3.0000151794367973
3   3.9223157594646194
3   3.0000783055452058
3   3.062268291649624
3   3.0000355687762452
3   3.0000450030827532
3   3.0002378701187227
3   3.0000304729046365
3   3.0000120392738849
3   3.0000180344762231
3   3.1141750558774044
3   3.0000895139535433
3   3.9085279540275932

4   4
4   4
4   4
4   4
4   4
4   4
4   4
4   4
4   4

