-4   4
-4   4
-4   4
-4   4
-4   3.9999999999999991
-4   3.9999999999999991
-4   3.9999999999999991
-4   4
-4   4

-3   3.0000318607967564
-3   3.0000504584055401
-3   3.0004400137035376
-3   3.0013187498006624
-3   3.0002785717236744
-3   3.0297533863815862
-3   3.0091243465095432
-3   3.8344376355880305
-3   3.0005319299844553
-3   3.1722082033690415
-3   3.8554726540706321
-3   3.1624996973822124
-3   3.0014197186362157
-3   3.0001621688012206
-3   3.0058364008523024
-3   3.0004299168171404
-3   3.002560632541341
-3   3.0002106506896009
-3   3.7911647115197935
-3   3.000715940755323
-3   3.0280698727135764
-3   3.1663152246344408
-3   3.0042250869643503
-3   3.0584332948447046
-3   3.0114349550059463
-3   3.0018111013990669
-3   3.763659932078351
-3   3.0003319987354522
-3   3.2665401882896243
-3   3.000115160713988
-3   3.0037671330030182
-3   3.000058520279214
-3   3.0020437869367274
-3   3.0042786777981623
-3   3.298248341590198
-3   3.0024823037117314
-3   3.2207665243652923
-3   3.5414509146920681
-3   3.0063976007524462
-3   3.0068152999365729
-3   3.0829038888766371
-3   3.010258695372972
-3   3.9234763254771714
-3   3.0000888939180026
-3   3.0001644061791368
-3   3.0002365933666386
-3   3.0013936579128746
-3   3.0000927967288527
-3   3.0000145575795854
-3   3.7138991941853128
-3   3.0000439321100649
-3   3.3361079328539049
-3   3.000014216872716
-3   3.0022387093053986
-3   3.0001495698334177
-3   3.000187751518641
-3   3.000006922399423
-3   3.0000275132491629
-3   3.0359019956563498
-3   3.000015339777474
-3   3.9218573701407067
-3   3.0000789092607469
-3   3.0625944697847176
-3   3.000035873452592
-3   3.0000453829875409
-3   3.0002401188620307
-3   3.0000306681264948
-3   3.0000109208020098
-3   3.0000180852322664
-3   3.1147011316748219
-3   3.0000903964500236
-3   3.908094904993682

-2   2.0003874498776621
-2   2.0007045175572773
-2   2.0015315698397758
-2   2.1661765876092098
-2   2.0122661108362694
-2   2.8703986671681068
-2   2.0042876848736051
-2   2.130424007864177
-2   2.0050126234132324
-2   2.8884702879018409
-2   2.0019131416999905
-2   2.8755014861883335
-2   2.0043728127005531
-2   2.134258246621008
-2   2.0288462549321369
-2   2.0142095613683146
-2   2.0259014750315378
-2   2.0289671996745327
-2   2.0169482713750129
-2   2.8423318789495644
-2   2.1730449241066077
-2   2.004931008418108
-2   2.1113427008895189
-2   2.9521605485093763
-2   2.6906991112525911
-2   2.660143414789597
-2   2.0423965111632598
-2   2.3623399388252246
-2   2.2553016235288053
-2   2.6505323928219151
-2   2.4639471121671717
-2   2.1432115465102792
-2   3.0161027810057561
-2   2.5934864949191709
-2   2.1821799745694483
-2   2.2501621125629292
-2   2.8676598216154008
-2   2.564672965127313
-2   2.3652962088299185
-2   3.1282927932956586
-2   2.4997469540988981
-2   2.3713488996605467
-2   3.0352347779516937
-2   2.3725161150640219
-2   2.476787335982519
-2   2.3246875277935111
-2   2.1896490064060785
-2   2.5419648471288907
-2   2.2700689087918051
-2   2.2178161009564903
-2   2.3619054606800511
-2   2.4975630068588384
-2   2.0148936530197235
-2   2.0026365428269117
-2   2.0104560682323487
-2   2.0100931059852458
-2   2.0498413638672819
-2   2.1429062321691621
-2   2.8944215033827083
-2   2.5146474897014297
-2   2.4024979243826987
-2   2.928816926724092
-2   2.1542039169514378
-2   2.0968384422362178
-2   2.1970975498953988
-2   2.0276299829167748
-2   2.538045830862909
-2   2.2761823811436792
-2   2.9455843334888416
-2   2.0705969036192085
-2   2.3516155174142668
-2   2.0783479220555496
-2   3.0885147922382337
-2   2.7584903761933011
-2   2.8230896066966342
-2   2.2619027156670937
-2   2.679160919125898
-2   2.0607835343601852
-2   2.1110559000688247
-2   2.1371092402403722
-2   2.0667907740306579
-2   2.6101006925396288
-2   2.3532368203047209
-2   2.2975249923879937
-2   2.2559987128669508
-2   2.2189771921940742
-2   2.0460922765250724
-2   2.7563165590051031
-2   2.3445896924981318
-2   2.0272829281552918
-2   2.5248190352271673
-2   2.0797931096417357
-2   2.6639792612200774
-2   2.6792340181154075
-2   2.7091424630510108
-2   2.7051409745639132
-2   2.9816962325787641
-2   2.3805226522641783
-2   2.6339183044994616
-2   2.6991848423445441
-2   2.0989927245383626
-2   2.0037354199674824
-2   2.0476443678263592
-2   2.0458418865481054
-2   2.0755061161096111
-2   2.2576632284440645
-2   2.1378998132114044
-2   2.259052267752184
-2   2.5319068653089936
-2   2.7980669649332568
-2   2.041442223740138
-2   2.0069289943588111
-2   2.977368599513972
-2   2.0184579577467194
-2   2.010396708556454
-2   2.0064224911118584
-2   2.0192470628417873
-2   2.0384339352739773
-2   2.1031342790687155
-2   2.2340228842463365
-2   2.4938275188973162
-2   2.311945070148683
-2   2.1666875761064808
-2   2.2827046221487448
-2   2.2258261677308324
-2   2.8021136624629546
-2   2.5533436981252535
-2   3.2244263883722168
-2   2.8881733236170692
-2   2.275981626547237
-2   3.2140811002548388
-2   2.6939810641992641
-2   2.3060043660406735
-2   2.3810928517305157
-2   2.7098977253605265
-2   2.2315770818855172
-2   2.4158119692611937
-2   2.361637828768743
-2   2.6942490712239748
-2   2.6941496474758875
-2   3.6690625559732037
-2   2.0208171619379121
-2   2.0033872498139584
-2   2.0493108952903185
-2   2.0039395375729936
-2   2.4637019096610371
-2   2.4718227313297461
-2   2.0623800675857256
-2   2.2168017173286509
-2   2.157818290291615
-2   2.7569099606856478
-2   2.030692697996288
-2   2.0012256263837678
-2   2.9103657717205702
-2   2.6295119100649726
-2   2.448717006526107
-2   2.1098047812044793
-2   2.0052494217720378
-2   2.9906658246130315
-2   2.0103870930372691
-2   2.0013831651178737
-2   2.006831430870629
-2   2.0112992008910071
-2   2.0143373177046784
-2   2.0532516368458267
-2   2.8611745491914138
-2   2.0103799973546166
-2   2.0191413187653264
-2   2.1801763709819011
-2   3.7424090528237492
-2   2.1925919641305813
-2   2.221660676744281
-2   2.7194972062772558
-2   2.8145231682262293
-2   2.9214822937534546
-2   2.3690795049908289
-2   2.1211651036863843
-2   2.0305131979837219
-2   2.0793882927220859
-2   2.0780130791517615
-2   2.9471271925616089
-2   2.0005197785935538
-2   2.0074038376384586
-2   2.001254373426296
-2   2.0054713832144588
-2   2.0023723492844496
-2   2.0027946809246688
-2   2.0062090471439786
-2   2.1994904238924873
-2   2.1698564259695661
-2   2.6171667940571313
-2   2.6364889704392844
-2   2.2218054716263311
-2   2.2088977837329673
-2   2.0795904468618152
-2   2.0661512842634364
-2   2.001891681622463
-2   2.0168672103512058
-2   2.6097404545391187
-2   2.7371261606834731
-2   2.3509839774351464
-2   2.1870836307684396
-2   2.1279792329321152
-2   2.1476270013672143
-2   2.003414952409992
-2   2.0539068790730171
-2   2.2644883069135808
-2   2.2326767368645632
-2   2.1260106322550523
-2   2.6875280239409634
-2   2.8139451319492981
-2   2.0020585115392295
-2   2.0533516223281003
-2   2.0199523637713308
-2   3.28984773727157
-2   2.8602219925459536
-2   3.1345186604347455
-2   2.7607886635219225
-2   2.1367548978103663
-2   2.0374831714338835
-2   2.0025230867064647
-2   2.0037785077949417
-2   2.0009732953808936
-2   2.0041662272269574
-2   2.0299588623228209
-2   2.0024964547839952
-2   2.9716103446227895
-2   2.0195358293422738
-2   2.0039265172408869
-2   2.9816782451154977
-2   2.0029375195646151
-2   2.0059292880792752
-2   2.0316146898427134
-2   2.0134377302533233
-2   2.0293805167277053
-2   2.010825257368134
-2   2.8077377526929297
-2   2.0865839555638326
-2   2.2156818257983213
-2   2.0618461985450178
-2   2.0604521824738753
-2   2.3101713291154655
-2   2.6183104947813916
-2   2.1672243850155373
-2   2.1474255599614929
-2   2.2338820938503634
-2   2.7708800938720484
-2   2.9663818619894888
-2   2.2078468724014177
-2   2.9521498331481393
-2   2.8519241969938331
-2   3.8585994660027785

-1   1.0437913038176074
-1   1.104531735217446
-1   1.1393991546992663
-1   1.5777362471867291
-1   1.067206558309634
-1   1.5237133776479901
-1   1.352544689979855
-1   1.357845035742314
-1   1.1380188287559121
-1   1.746549377840934
-1   1.9108395040064265
-1   1.2394619337184589
-1   1.8618546860704339
-1   1.7897751656967769
-1   1.0434807628153129
-1   2.8166723273649996
-1   1.909376758149012
-1   1.3447414575402901
-1   1.1223126436656632
-1   2.0733695250153232
-1   1.8220221098799874
-1   2.7415036434196987
-1   1.3577193551936173
-1   1.1515540447181154
-1   1.8717521607090579
-1   1.0280113303877418
-1   1.473829021267878
-1   2.4738430464989207
-1   1.6686688903978077
-1   2.1206439603870479
-1   1.0658310382626137
-1   1.3652662871748518
-1   1.6734514680244579
-1   1.4601259653202716
-1   1.0980346851031118
-1   1.7298879174918049
-1   1.467086556432925
-1   1.5520266528265316
-1   1.3683571140106985
-1   1.6252535544771596
-1   1.7871039527426715
-1   1.221007216328075
-1   1.6518869131459328
-1   1.373303624924294
-1   1.3917199600585854
-1   2.7105894454646653
-1   1.1364104438068872
-1   1.2943060587042812
-1   1.6934294862544621
-1   1.4476108372457641
-1   1.1264190566468257
-1   1.8336207927091746
-1   1.7729968618582297
-1   1.925112606253025
-1   1.9453997861727488
-1   1.3827392447907725
-1   1.9830649941879965
-1   2.0722611016168053
-1   2.0681065010168287
-1   2.2285059849862399
-1   2.6605329277320018
-1   1.8334941041381168
-1   1.5906001111687682
-1   1.881794416691748
-1   3.0155082267076283
-1   2.0692512431302248
-1   1.860513157487016
-1   1.8203055392123262
-1   1.5039726162963833
-1   1.8699325902811701
-1   2.2387722211361845
-1   1.7557784139604746
-1   2.3261355275603832
-1   2.5793899094540409
-1   2.1912955328456265
-1   1.5195931022211817
-1   1.7681350571962642
-1   1.5777360736928578
-1   1.9446797472398836
-1   1.5684071586035149
-1   1.7542375742373344
-1   2.7069265882304232
-1   2.0338066858559007
-1   2.1624099548824334
-1   2.1325969720818039
-1   1.8251949319385559
-1   1.3880651229354302
-1   2.8031529949321592
-1   1.8558935184553382
-1   2.1830900003507137
-1   1.6291535232021381
-1   1.4059408756014025
-1   1.5598201857837926
-1   1.8174795645681145
-1   1.300351953068025
-1   2.2110040619407831
-1   1.8983635694658272
-1   1.6101488616517385
-1   1.0983068609613955
-1   2.0038040800705397
-1   1.2695108774332828
-1   1.7585332194548693
-1   2.7933562142241626
-1   1.7044869561895188
-1   1.9893704906191227
-1   1.1935015324566065
-1   1.3463492011388947
-1   1.1920710176398253
-1   1.9333466953372094
-1   1.3963716191157056
-1   1.6240263575242451
-1   1.7679651565455932
-1   1.8971352342142458
-1   1.2047609337500662
-1   1.1340147358816306
-1   1.0949955075453097
-1   1.8936114165761975
-1   2.0917506192331885
-1   1.9464346545168083
-1   2.240731345380965
-1   2.2203087388227245
-1   1.6787091415762565
-1   1.5793614974856376
-1   2.386364915794378
-1   1.4388192793271124
-1   2.5857417963062219
-1   1.4547192485034361
-1   1.284695989645779
-1   1.7857888815853307
-1   1.8563589594317369
-1   1.7883454172041922
-1   1.7505489956476188
-1   1.7072764931805859
-1   1.5501938407027667
-1   1.4251150909938652
-1   1.7120595517998343
-1   1.4196725209921939
-1   1.5076663887060056
-1   1.8060328762793572
-1   2.0660162886573707
-1   1.6685157016907004
-1   1.5515124450149416
-1   1.8072165477932605
-1   1.9751704410105453
-1   2.4330966557202136
-1   1.9460763349027124
-1   2.1527423998007342
-1   2.8612867841373668
-1   1.5261174845438723
-1   1.4347863388510194
-1   2.5637307765425636
-1   2.4349920986931446
-1   1.7187844326615904
-1   1.7240645809223869
-1   1.6939758879618303
-1   1.9567665839834203
-1   1.5388852289666008
-1   1.4795695696731563
-1   1.7105657963375731
-1   1.6606251964287062
-1   2.2559552714493036
-1   1.6812707675912169
-1   1.4319834957836253
-1   1.4532265317734785
-1   2.4044924932867522
-1   1.7138372498120011
-1   2.1562627917566797
-1   1.3445823005949171
-1   1.5610480146305421
-1   1.62146803356536
-1   1.4382334380560944
-1   1.365076870928513
-1   1.6314985388728447
-1   1.3656439087370629
-1   2.3157901249228283
-1   1.5512687801356928
-1   2.277727333753075
-1   2.1358882146766409
-1   1.767072351745393
-1   2.2147926956355333
-1   1.8562796045203167
-1   1.9291409089177338
-1   1.7294705848198615
-1   1.7436844458348166
-1   1.1951860791963362
-1   1.0999249482147411
-1   2.2139510462004024
-1   2.2084136225249016
-1   1.0605864055365082
-1   3.0803245273166113
-1   1.7971319622293995
-1   1.5244234291151502
-1   2.6799595223500838
-1   1.2307283833902549
-1   2.5366360679569158
-1   2.3688699814363101
-1   1.583932813211097
-1   2.7504262241294914
-1   1.8925712933251737
-1   1.2056292341384651
-1   1.4683557398430771
-1   1.5925046909130303
-1   1.0781756425875426
-1   1.8849370872613993
-1   1.1000333366691721
-1   1.574259133828841
-1   1.3501160185526138
-1   1.2462391696332651
-1   1.6987436082125567
-1   1.2191990261385472
-1   1.9761791195476017
-1   1.715327998543831
-1   2.0027522419154615
-1   1.8601834587432089
-1   1.3289243871569523
-1   1.7348815769241694
-1   1.5152754033281428
-1   1.4143488351337301
-1   2.189232162540649
-1   1.6051458867831547
-1   2.1823596776341234
-1   1.9077508623085322
-1   2.0053528561920619
-1   1.9298031664654784
-1   1.2750972168750541
-1   1.3896349031147823
-1   1.2069620714014782
-1   1.8246168744356983
-1   2.0066367783113641
-1   2.0808644694005536
-1   1.8550402866181255
-1   1.2992381815891809
-1   1.2294528261414734
-1   1.7078472850665651
-1   1.7112593251609183
-1   1.4283403452175694
-1   1.712767777192008
-1   1.5050449080564867
-1   1.662749519577372
-1   1.3863206043587242
-1   1.8159265158383322
-1   1.9197432615167984
-1   2.2383262284567613
-1   1.9660443278718551
-1   1.8141890347955041
-1   1.8346061901738575
-1   2.4163080414582327
-1   2.0776173018616464
-1   2.0852686042758748
-1   1.6341096240495552
-1   1.9722176457487262
-1   2.7401561383756725
-1   2.3706345017974297
-1   2.0149154166781522
-1   2.636377589825686
-1   1.4788982091714282
-1   3.1689811542510333
-1   2.181307455463235
-1   1.8020160097981095
-1   2.3999708208534805
-1   1.7980032495145726
-1   1.5322116299640962
-1   2.2715753670170278
-1   2.2895288426407223
-1   1.4991265477314757
-1   1.5437913484883161
-1   1.8031470759125079
-1   2.299192928397503
-1   2.4150710836122187
-1   2.1290158699011754
-1   2.3742020842474991
-1   1.6427942463980174
-1   3.7471097287986446
-1   1.1278534084122542
-1   1.91250132950961
-1   1.1488329687956962
-1   1.2425196628279611
-1   1.0895702603170647
-1   1.7777768158236698
-1   1.1317760972154782
-1   1.3444289550019595
-1   1.691446613769287
-1   1.9239638303529012
-1   1.2732807511229209
-1   1.3905673829867147
-1   2.0027454935099209
-1   1.5420745520725463
-1   2.522580876248083
-1   1.5955629939942231
-1   1.7620848040234152
-1   1.9112209124223654
-1   1.7393441494359698
-1   2.8989691571988665
-1   1.3124579812245976
-1   1.9776027286451354
-1   1.0173938518022922
-1   1.0342132617218287
-1   1.666198623643429
-1   1.0089801337133861
-1   1.4498312414321048
-1   1.0632527341103255
-1   1.7524862458031101
-1   1.7661164410438226
-1   2.2290830893725784
-1   2.3720313298140274
-1   1.8942450754714946
-1   2.1619953862108576
-1   1.6613591155008405
-1   1.9323621345191717
-1   1.9619455506841748
-1   1.1988181650410352
-1   1.424706662464478
-1   2.3017260239001236
-1   1.8153940385909144
-1   1.9221211616908769
-1   1.2132941624258398
-1   1.3910826888516754
-1   1.8015411548579956
-1   1.8794133208195034
-1   1.856333699235353
-1   2.0275507632681173
-1   1.8805617564001502
-1   1.1576768128004167
-1   2.4317308606648527
-1   1.1962756969076209
-1   1.8110996778115598
-1   2.0688264639527776
-1   1.8132474036580977
-1   1.1826000348681309
-1   1.1975088034917278
-1   1.4996085366722884
-1   1.5127966501579131
-1   3.4520807228885717
-1   1.6094630221359378
-1   1.2528284564866674
-1   1.7683350359561256
-1   1.4868264668649531
-1   1.9742754991351346
-1   1.8384644063898299
-1   1.289720149377787
-1   1.9140595736754791
-1   2.1032011413964833
-1   2.6679609042651196
-1   1.5595878641115104
-1   1.3318972425176885
-1   2.0157975500402805
-1   2.0161435617529544
-1   1.9736724827316974
-1   1.9923842906862421
-1   1.3802537732902254
-1   1.6124713099150485
-1   1.0631222110852927
-1   1.1153976096445939
-1   1.610285806760734
-1   1.8108576074839284
-1   2.8428944796782156
-1   1.7126547634613543
-1   1.0251007191834813
-1   1.3564570368062938
-1   1.7276261018439993
-1   1.7855266979220943
-1   1.7959157839352522
-1   1.4384289679887214
-1   1.0126098656022349
-1   1.6155141167280211
-1   1.9311178655846954
-1   1.9623981881937116
-1   1.0082836748447235
-1   1.0060391587143229
-1   1.0505001798306266
-1   1.465989808078235
-1   1.0408548922316427
-1   1.6283573454313758
-1   2.191078003569221
-1   2.1303419395669891
-1   1.4841645537702879
-1   1.4690233219257096
-1   1.216200448369064
-1   1.3256285288129352
-1   2.5253188664924417
-1   2.6075579294116316
-1   1.0702980088567851
-1   1.1677778430752288
-1   1.7219529201881003
-1   1.9095440120884044
-1   1.7877265835431162
-1   1.3153450466610308
-1   1.1925919141383912
-1   1.2432849230671756
-1   1.8312403953007053
-1   1.8729721942614206
-1   1.838881270495345
-1   1.0841864209324956
-1   1.037009226193812
-1   1.0943406269766993
-1   1.0788871426514979
-1   1.0511161913341935
-1   1.5776566979668307
-1   1.9399481126692648
-1   2.1303910181033565
-1   2.1668273895464067
-1   1.4066483769234537
-1   2.3548553291684247
-1   1.8904326737321271
-1   1.4421354455424662
-1   1.9646379071272202
-1   1.1667153965349526
-1   1.5928553223173387
-1   1.4094740015731755
-1   1.0122364351431743
-1   1.0205443630417126
-1   1.0225829532377473
-1   1.9861504984075569
-1   1.0473964726631837
-1   1.822113284444157
-1   1.0922096918619639
-1   1.9833047276972322
-1   1.0350604148627462
-1   1.1993561524676186
-1   1.4139304662481729
-1   2.3751142269848513
-1   2.2441311151844983
-1   2.429379193456453
-1   2.6128147822561893
-1   1.7250573339076003
-1   2.0132694899650323
-1   2.0786472621633463
-1   1.6719714191079338
-1   1.4624073236335178
-1   1.5587020058388852
-1   1.2564918920799883
-1   1.9746787191885633
-1   1.2712231106461007
-1   2.4033333086757143
-1   2.5488416516687802
-1   2.4264244240877537
-1   1.237221603910448
-1   2.8190467316254177
-1   1.8228776260435069
-1   1.9286847112551078
-1   1.7241934222833515
-1   1.4261203978834243
-1   1.1193826467551646
-1   1.9632945815667435
-1   1.0250636760613623
-1   1.0352393722181354
-1   1.2309855516764958
-1   1.20377444511624
-1   1.7935745228611357
-1   1.5993185961603271
-1   1.3212935171397211
-1   1.1384027443047178
-1   1.1696055185475192
-1   1.9592183596464996
-1   1.5211250380818702
-1   1.6705220481337291
-1   1.8230439180969582
-1   1.9671332556559911
-1   1.3525162784117351
-1   2.4767081325910572
-1   1.9421350823712165
-1   1.8619396370004733
-1   2.9010790408963896
-1   1.0191573673936107
-1   1.0398200794979897
-1   1.016954339045399
-1   1.8668118443922075
-1   1.0508242780722994
-1   1.194248431583693
-1   1.1865981298827881
-1   1.1300199375119346
-1   1.7766975429745462
-1   1.1842376511361248
-1   1.2603921882424731
-1   1.1409449563115726
-1   1.8165378948377322
-1   1.2684693235458977
-1   1.7507830227795864
-1   1.9182155227589757
-1   1.9112669605158699
-1   1.1568544012072091
-1   1.2669508544273198
-1   2.5867787810447287
-1   1.8676550433601342
-1   1.849220508934553
-1   1.3266615123956478
-1   1.7126751572186971
-1   1.6799516758361395
-1   1.4953112105472293
-1   1.9920908527673049
-1   2.186855688412972
-1   1.349708423768615
-1   2.2278980245175837
-1   2.0550291570538151
-1   1.9937244613206784
-1   1.4822067361282192
-1   2.4238591311205946
-1   2.5240641799403662
-1   2.0251685855048938
-1   2.8591671124771403
-1   2.0532594510533735
-1   2.9380433917404374
-1   2.8204354415070885
-1   3.840517354575673

0   0.048761999267084133
0   1.0038256974535196
0   0.82540260322594938
0   1.0595253764889461
0   1.0037394952286265
0   0.98572231001943122
0   1.0210507970063833
0   0.21453674490113284
0   1.6321235305584385
0   1.050626646203767
0   1.0044195795779511
0   1.9955480206710683
0   0.65263876452039682
0   1.030798705738269
0   1.0053834141042872
0   1.310945246312186
0   1.6300677033670405
0   1.9480323416192444
0   1.7655631691621312
0   2.7714812779641806
0   1.0024278543305893
0   1.5495168835475552
0   1.0046973795749075
0   1.18584382455394
0   1.1404247382813113
0   1.8442038365136839
0   1.8514629876786515
0   2.7489763985824336
0   0.71151030768482015
0   1.1137032057104808
0   1.2532022379200152
0   1.7588283000018738
0   0.37424563930413957
0   1.1343139593419762
0   1.0036375711028287
0   0.76168295927224738
0   2.6421752356557011
0   0.090071549615702073
0   1.853304643016414
0   1.6073939169433848
0   1.4474563727906589
0   1.003246740955904
0   0.8142501722384774
0   1.9352318983371299
0   1.1286860709509046
0   1.0033358535645374
0   1.9903995383986288
0   1.164181644287611
0   0.3417463103748748
0   1.6558806170416744
0   1.3857698073586584
0   1.0140289331076411
0   1.8179435591226243
0   1.9231892685502729
0   1.054380229570137
0   1.1768229932532179
0   1.4954102373742533
0   1.0263400772061111
0   0.41644389737756882
0   1.0906906463552946
0   2.3417746184254069
0   1.4424843100257692
0   1.1363048063021122
0   1.0446710365810861
0   1.0294102860415273
0   1.4775440836060028
0   1.1883150089887713
0   1.8012105168476347
0   2.1674148140156793
0   1.2308522387864858
0   1.4168385384927888
0   1.0591847407110975
0   1.0840178528645532
0   1.8655853045512565
0   1.6030427425943476
0   2.6234339430384206
0   1.1183550838677774
0   1.0505350927434303
0   1.7588967440477075
0   2.4101186984015048
0   2.1202093574015146
0   1.6559559029367428
0   1.575582058518969
0   3.2159492702166057
0   1.8270751413845834
0   1.9377712272871128
0   1.3770407538384255
0   2.0568650517948246
0   1.5984494138616583
0   1.4230963707298396
0   2.341801372527502
0   2.0262266239747282
0   1.5673438338095123
0   1.8415086830367948
0   1.8105150899722462
0   1.6501530474641122
0   2.050730161680808
0   0.78770518733343242
0   2.0377583826724415
0   1.2575244643233985
0   1.9552369067680186
0   1.2730271381746652
0   1.7494811535673769
0   2.2218085593197858
0   1.3680187663799934
0   1.7962538482842074
0   1.6114595355918921
0   1.6494733840542231
0   2.2377392794088657
0   1.5519103902914817
0   2.0050749715913789
0   1.6622517211553123
0   1.5485036597144775
0   1.7509807321012536
0   1.9940913817831345
0   1.2289723111123945
0   1.524505885151219
0   1.6481492215130924
0   1.106549690816367
0   1.1991842275118689
0   1.6227668527453609
0   2.6425533844761619
0   1.3976106006405253
0   1.7083949308642223
0   0.71223124891728018
0   1.272446774317717
0   2.6003441957147619
0   1.5307686074766265
0   1.1415763177614078
0   1.4870164382378857
0   1.1743510953755159
0   1.0181870067284426
0   1.2826646921657103
0   1.498253466845481
0   0.54464837856074455
0   1.0404912796507755
0   1.0585328714276536
0   1.522993528757115
0   1.007288814350441
0   1.9660221881841395
0   1.3787097715231105
0   1.9430695588390736
0   1.0287843375362355
0   1.1602579797041732
0   1.6507971946214441
0   0.26554509601766041
0   1.0097681464786734
0   1.8493079321976453
0   1.8529026004680893
0   2.5291185575303432
0   1.4460593793757199
0   1.9145826355842663
0   1.1637897235172268
0   2.0930501937039083
0   1.4938451590958182
0   1.8397934357837937
0   1.8248729614159225
0   0.83591523447127369
0   2.3018369534695995
0   1.4755149534107657
0   1.2706050043948587
0   0.58309276842865598
0   1.1119708408381106
0   1.1556370550009039
0   1.8633997336899579
0   1.9857062215634205
0   1.9213282657066362
0   1.2201374638853333
0   1.1897124508785337
0   1.1456381139303773
0   1.5550280978254762
0   1.6611370548523769
0   1.6570818761284376
0   1.7215263246261383
0   2.1162260422989783
0   1.6420683303593302
0   1.1899878595845836
0   1.8719699316929579
0   1.3720599460069602
0   2.1078717814445911
0   1.3731791400780937
0   1.0662380395385187
0   2.3122091256684016
0   2.3874092644899774
0   1.1830590697717938
0   1.7642439213631231
0   1.8474678427402771
0   2.6685148842409578
0   2.2461203233214708
0   1.0030308319495538
0   1.4792619958921285
0   1.5465851550572118
0   1.1178444401339127
0   1.7938180746641255
0   1.6558206086952709
0   1.1882218509529825
0   1.6892390577465277
0   1.8770361620549192
0   1.9616559366259754
0   1.448567167954194
0   1.6305154061249159
0   1.1600866538847379
0   1.4891426647341703
0   1.3252122430922995
0   1.4648289750150771
0   1.5870564383265386
0   0.56575337351873545
0   2.3231462093680388
0   2.0332382474208335
0   1.1238399757580828
0   1.2733958976059048
0   1.4474742369017954
0   1.4511546762984737
0   1.5941931948910777
0   1.0628415207020354
0   2.0334031980210314
0   1.9506838661380557
0   0.86149547650844371
0   1.5529194842146841
0   1.5627814907064748
0   1.9105159038332182
0   1.2428729574770974
0   1.3707332473810894
0   1.3378032603463312
0   1.9520112808249626
0   1.6547542786539466
0   1.8996445049794151
0   2.1122054773995012
0   1.7194065780761543
0   1.0165183295946305
0   1.0420772184552718
0   1.0316588377517233
0   1.5354494107769074
0   1.9847216603741242
0   2.0083315381902449
0   1.9572213462534584
0   1.1273999960394323
0   0.32461950785460925
0   2.3553429362250808
0   2.4356796663915889
0   1.5555436400234477
0   1.5561465853792953
0   2.2158087372631048
0   2.3257213339701597
0   1.0581233239459473
0   2.4112966861316694
0   2.3619745987500735
0   1.0630272298762453
0   0.88430916507939372
0   1.9442473370101823
0   1.0169784056449664
0   0.10484988495425585
0   1.0170604287562517
0   0.57751141745303713
0   1.5096279941287025
0   1.9317294571243067
0   1.0247117356486024
0   1.0094374459215978
0   1.9613409540456304
0   1.0993071625100805
0   1.3564697715703087
0   1.8643020641362673
0   1.3248024592051997
0   1.249323381884974
0   1.0376933215722055
0   1.3067421333122906
0   1.3750218408190464
0   1.2726022637887222
0   1.2119447925068705
0   0.51022551198812938
0   1.6184415877863185
0   1.0055508306955021
0   1.0402263608310915
0   0.83984719878639624
0   1.6114979056555825
0   2.1649316756463848
0   2.6884824058762371
0   1.1079437836398851
0   1.9839072304146286
0   1.9394643637338005
0   1.4920738439335985
0   0.63285731412898083
0   1.0172057400356911
0   1.683309807707484
0   1.0265847591924677
0   1.9742773971892102
0   2.5725424105608958
0   1.5427396625895979
0   1.8670000526421071
0   1.0183412323892151
0   1.0233769249709035
0   1.417454886589409
0   1.6564442996350692
0   1.3863531366268196
0   1.9308196307727656
0   1.2549837738870335
0   1.656240063848712
0   1.0622261949443601
0   1.2324439798150828
0   1.5955565901831155
0   1.7779946235724453
0   1.2937510290066496
0   1.8460497354695558
0   1.5859581472668474
0   1.4031081560675094
0   1.9311712673150025
0   1.6075548907527688
0   1.9047288551345738
0   1.8142756275733087
0   2.7147469315444188
0   1.2055470392658409
0   2.289079668101814
0   2.1346416575327343
0   1.9824360735296609
0   2.8241884821822496
0   1.2060136260399374
0   3.2718600058087035
0   1.9000892849384776
0   1.9155705361343096
0   2.7490795740187677
0   1.7194435198698801
0   1.8317481454174733
0   1.4257773711626873
0   1.4905800483912068
0   0.60142840973797274
0   1.0984779148040795
0   2.3235625607224089
0   1.9971258967087668
0   1.9816023559276421
0   2.121516286879598
0   1.2967877853826324
0   2.4580059322886338
0   1.9628255774147432
0   2.4193326578505672
0   1.9544804387286718
0   1.0947264567047665
0   0.51267863044617457
0   1.0189903722230607
0   3.8016155168621735
0   1.0306238872334208
0   1.9204891633468648
0   0.41416332965445735
0   1.0542307148087739
0   1.001915602350778
0   1.7996019987648473
0   1.0162605092198531
0   0.39953292536196416
0   1.4795784410275732
0   1.0544161138709951
0   1.397674116188439
0   1.771010571700864
0   1.0949219527219307
0   0.57442448081966035
0   1.0703221183983795
0   1.865914070372618
0   1.9661327529026251
0   1.3421905266825762
0   2.3397877695812204
0   1.8196868042181356
0   1.0145566247694799
0   0.83291831922386006
0   1.4899252942038019
0   2.9433021427805048
0   1.6740372869827533
0   1.0053417451938012
0   1.551113791945085
0   1.0458407256983144
0   1.0167455631169224
0   1.0225939970497055
0   0.88788425833650408
0   1.0057250966674567
0   1.6439363842262789
0   1.0057655223190098
0   1.3939878596167266
0   1.3889079932641246
0   1.1680288448385348
0   1.7218615239010564
0   1.6617236240257083
0   1.7489140446267957
0   1.6768745141784711
0   2.1063441716214131
0   2.5435070808956661
0   1.0473969174682463
0   1.61162317926915
0   1.0627200985331677
0   1.0064346658893308
0   1.0488400105101441
0   1.3252010426892076
0   2.8422757628264033
0   1.3293466640707055
0   1.3239653534972255
0   1.8357296707532447
0   1.7802408053392087
0   1.006844808655097
0   1.0214727378192581
0   1.9824969977280262
0   1.9917619479379511
0   1.4038153316681621
0   1.7302220420981169
0   1.0031270243604447
0   2.820900536003724
0   0.75156818914294177
0   0.32935088040978244
0   1.0383221576144515
0   1.7577064038412051
0   1.6126451614376722
0   1.0052998259673231
0   1.9878423469568927
0   1.0919779618857341
0   1.8526790183918314
0   0.95988798486649007
0   2.9398493412326414
0   1.5531396913574245
0   1.5580925602596047
0   1.1435968376372403
0   2.3658543629738045
0   1.203010052946295
0   1.0513824673539738
0   1.0700439258414853
0   1.3984145402232855
0   2.536399985502499
0   0.89051585318744286
0   1.1448017144310212
0   1.0171031523499934
0   1.5345700068672983
0   1.4182174408252513
0   1.2478609424284306
0   1.8183017623589315
0   1.7846091608683237
0   2.5056902740179923
0   1.9998367867274305
0   2.2125204281628035
0   1.2337882376979885
0   1.2740994254145497
0   0.58785239389370392
0   0.67156801706008595
0   1.6612288642269553
0   1.984925569368114
0   1.3939910045709933
0   1.0056822004181316
0   1.0058681107390686
0   2.6169559063861185
0   1.7425455757140469
0   1.0138818318222924
0   1.0036627899124633
0   0.77940435463451729
0   0.42589023099798928
0   1.0060517113108931
0   1.9872696457545773
0   1.9705363098260369
0   1.9941012830086535
0   1.0013134430889661
0   1.0046641464500772
0   1.9690988344445621
0   1.9159491978546153
0   1.0059576068834331
0   1.0008579318780992
0   0.067939255132320353
0   1.0533942468951691
0   0.03615296059916151
0   0.074511197162341447
0   0.62113226444026837
0   1.0486570464188991
0   1.0061129290478097
0   1.7887010586197745
0   0.39669511309403405
0   1.9283223674400976
0   2.9328269865854524
0   2.8438901956932092
0   1.8542698451380417
0   1.0322537398318485
0   1.000812736993735
0   1.2627352433393824
0   1.0628423693761915
0   1.9882031496981769
0   1.915363555855969
0   1.0053590069727141
0   1.0128601131164119
0   1.3357062572707397
0   1.1157973450963359
0   1.0491736486381384
0   1.9219963508179365
0   0.55603182353213443
0   1.0033937175648844
0   1.0039140093681744
0   1.9779825800145736
0   1.9169433124593214
0   1.0860426425308884
0   0.36507095921693078
0   1.0367874018215768
0   0.30440557121835154
0   1.0070568047347075
0   1.0098127714479785
0   0.11293221368715578
0   1.0140665106027356
0   0.97401698652314228
0   0.3229755391661836
0   1.4824831506195921
0   0.44528782997217287
0   2.5130645407178833
0   1.5451018237483218
0   1.6877795125316304
0   1.683667835420648
0   2.2405144478822554
0   1.6561281572268807
0   0.45739651223282707
0   1.9799458449783116
0   1.9529634850720208
0   1.1738303405834716
0   1.0532923347269323
0   1.1299485162209648
0   0.073268451233783338
0   0.083260972253571652
0   1.0060004444504009
0   1.0046881055594015
0   0.62390324200703384
0   1.0070146184680455
0   1.7805699593497146
0   0.94948306610892774
0   1.0277881086070821
0   1.0139507820656477
0   1.9593865490953144
0   1.235239122085509
0   1.6318524144435362
0   1.0595576389917876
0   0.64216810249160416
0   1.0072506096296847
0   2.6498813460137156
0   1.9176429346898272
0   2.6945808571903389
0   1.7723729799036003
0   0.86344258106614613
0   1.0227196825015297
0   1.8614436592251917
0   1.8473851677899185
0   1.4248513839943096
0   2.1179398041130884
0   1.3987573078461948
0   2.5455815752764348
0   0.50332135714373583
0   1.5893551180064054
0   1.5941492385896359
0   1.2967399731948075
0   0.62036114312325341
0   1.3225649950408951
0   1.9780183502787403
0   1.9213885295745738
0   3.0256119370020875
0   1.5337466588573601
0   1.4143231195945387
0   1.979268290041206
0   1.9946255285304764
0   1.21002568017221
0   1.3461664353605043
0   1.1031344178811393
0   1.9178739334604606
0   0.072104443487890357
0   1.0061091530949922
0   1.0063515105717136
0   0.53224508811729376
0   0.33121805093791423
0   1.0083183156943276
0   1.0147490707248483
0   1.1766995498177801
0   1.5287652107115108
0   1.8655701537271563
0   1.7729142916052938
0   1.0088795975093627
0   1.1299053879683667
0   1.0310707619800767
0   1.9160685323900575
0   1.4963932500703983
0   1.2941365993914948
0   1.0063825233221129
0   1.1551533283055349
0   1.4133075898648466
0   2.8505647052645156
0   1.9635447181165211
0   1.8013451641935112
0   0.072414191683357165
0   2.8984258711843269
0   0.12891521196089606
0   1.0014849426589643
0   1.0102725383055968
0   1.0024805962236818
0   0.17168374282327703
0   1.9820557258005773
0   1.0218406054852502
0   0.13836979686878526
0   1.0274804450810124
0   1.0251534342796012
0   0.44408063217036575
0   1.0168946140979995
0   1.9802817282292877
0   1.048109280910188
0   1.1786868757735425
0   1.0175952948125913
0   1.7076942686769061
0   0.86377704148368184
0   1.0615695439853674
0   1.9048482394536039
0   1.6981911186729519
0   1.9278914348914067
0   0.55866423564925283
0   1.1237316928107712
0   2.7002114413999632
0   1.0299613312282667
0   1.0077301582878648
0   1.0473269913803069
0   1.9915029533025552
0   1.4280887976211818
0   1.8496630894168593
0   1.9874483026689598
0   1.09911926335438
0   1.5833780399745616
0   1.9972099797010006
0   1.3864293605617419
0   2.4421175128696762
0   1.0895148772690191
0   1.9399908406606547
0   1.8377075658092883
0   1.3494093349149645
0   2.9200410276524047
0   2.0435895833003745
0   1.9827075428712249
0   2.8150612078000847
0   2.0323939602857743
0   2.9439842652657657
0   2.8298930535457538
0   3.8320328512597026

1   1.0437913038175788
1   1.1045317352174564
1   1.1393991546993079
1   1.5777362471866385
1   1.0672065583097314
1   1.5237133776480127
1   1.3525446899797742
1   1.3578450357423424
1   1.1380188287558886
1   1.7465493778409189
1   1.9108395040064741
1   1.2394619337184776
1   1.8618546860704335
1   1.7897751656967782
1   1.0434807628152789
1   2.8166723273650054
1   1.9093767581489631
1   1.3447414575404211
1   1.1223126436656243
1   2.0733695250153032
1   1.8220221098799287
1   2.7415036434197226
1   1.3577193551936131
1   1.1515540447181345
1   1.8717521607091219
1   1.0280113303877323
1   1.4738290212677401
1   2.4738430464989141
1   1.6686688903980462
1   2.1206439603871576
1   1.0658310382625298
1   1.3652662871748114
1   1.6734514680245214
1   1.4601259653202268
1   1.0980346851029672
1   1.7298879174916566
1   1.467086556432958
1   1.5520266528266449
1   1.3683571140106991
1   1.6252535544772031
1   1.7871039527426325
1   1.2210072163279073
1   1.6518869131460718
1   1.3733036249242634
1   1.3917199600585313
1   2.710589445464608
1   1.1364104438068867
1   1.2943060587043878
1   1.6934294862544497
1   1.4476108372457768
1   1.1264190566468157
1   1.8336207927092176
1   1.7729968618582368
1   1.9251126062530401
1   1.9453997861723251
1   1.3827392447908253
1   1.9830649941883811
1   2.0722611016166934
1   2.0681065010168944
1   2.2285059849864752
1   2.6605329277317034
1   1.8334941041381492
1   1.5906001111686701
1   1.8817944166918292
1   3.015508226707408
1   2.0692512431307195
1   1.8605131574869085
1   1.8203055392124647
1   1.5039726162959743
1   1.8699325902811563
1   2.2387722211363408
1   1.7557784139601398
1   2.3261355275606168
1   2.5793899094540595
1   2.1912955328456447
1   1.5195931022211502
1   1.7681350571963637
1   1.5777360736929817
1   1.9446797472399369
1   1.5684071586034851
1   1.7542375742371146
1   2.7069265882304405
1   2.0338066858559118
1   2.1624099548824649
1   2.1325969720818363
1   1.8251949319384435
1   1.3880651229354071
1   2.8031529949321525
1   1.8558935184553405
1   2.183090000350822
1   1.6291535232022518
1   1.4059408756013936
1   1.5598201857834813
1   1.8174795645680755
1   1.3003519530679646
1   2.2110040619405926
1   1.898363569465912
1   1.6101488616521014
1   1.098306860961441
1   2.0038040800705015
1   1.2695108774332806
1   1.7585332194549812
1   2.7933562142241133
1   1.7044869561894842
1   1.9893704906191543
1   1.1935015324566287
1   1.3463492011388396
1   1.1920710176399665
1   1.9333466953372009
1   1.396371619113135
1   1.6240263575264313
1   1.7679651565455932
1   1.8971352342143177
1   1.2047609337499667
1   1.134014735881645
1   1.0949955075453268
1   1.893611416576193
1   2.0917506192332036
1   1.9464346545168372
1   2.2407313453810587
1   2.2203087388226228
1   1.6787091415763378
1   1.5793614974858055
1   2.3863649157941755
1   1.4388192793271215
1   2.5857417963061962
1   1.4547192485034215
1   1.2846959896456971
1   1.7857888815854017
1   1.8563589594317289
1   1.7883454172042281
1   1.7505489956475837
1   1.7072764931805779
1   1.5501938407027773
1   1.425115090993905
1   1.7120595517998689
1   1.4196725209921495
1   1.5076663887060033
1   1.8060328762793727
1   2.0660162886573961
1   1.6685157016907
1   1.5515124450148736
1   1.8072165477930935
1   1.9751704410105102
1   2.4330966557201776
1   1.9460763349029873
1   2.1527423998005526
1   2.8612867841374894
1   1.5261174845440371
1   1.4347863388510091
1   2.5637307765424522
1   2.434992098693157
1   1.7187844326615647
1   1.7240645809223776
1   1.6939758879618396
1   1.9567665839833808
1   1.5388852289665964
1   1.4795695696732878
1   1.7105657963378076
1   1.6606251964287115
1   2.255955271449265
1   1.6812707675909988
1   1.4319834957836393
1   1.4532265317734814
1   2.404492493286734
1   1.7138372498119914
1   2.1562627917567085
1   1.3445823005951771
1   1.5610480146305203
1   1.6214680335651259
1   1.4382334380561386
1   1.3650768709285384
1   1.6314985388728416
1   1.3656439087370891
1   2.3157901249227897
1   1.5512687801356511
1   2.2777273337530821
1   2.1358882146766711
1   1.7670723517453726
1   2.2147926956355195
1   1.856279604520255
1   1.9291409089177565
1   1.729470584819802
1   1.7436844458347878
1   1.1951860791965172
1   1.0999249482146862
1   2.21395104620039
1   2.2084136225249371
1   1.060586405536535
1   3.0803245273166402
1   1.7971319622294062
1   1.5244234291151635
1   2.6799595223500883
1   1.2307283833901712
1   2.536636067955726
1   2.3688699814375318
1   1.5839328132110926
1   2.7504262241295261
1   1.8925712933251391
1   1.2056292341385093
1   1.468355739843074
1   1.592504690913032
1   1.078175642587538
1   1.8849370872613966
1   1.100033336669169
1   1.5742591338288858
1   1.3501160185525753
1   1.2462391696333235
1   1.6987436082124936
1   1.2191990261385757
1   1.9761791195476017
1   1.7153279985438168
1   2.0027522419154642
1   1.8601834587432196
1   1.3289243871570149
1   1.7348815769241424
1   1.5152754033281348
1   1.4143488351337474
1   2.189232162540506
1   1.6051458867833381
1   2.1823596776341114
1   1.90775086230855
1   2.0053528561920539
1   1.9298031664654136
1   1.2750972168750419
1   1.3896349031148088
1   1.206962071401525
1   1.8246168744357103
1   2.0066367783113384
1   2.0808644694005687
1   1.8550402866181224
1   1.2992381815891689
1   1.2294528261414708
1   1.7078472850665722
1   1.7112593251609267
1   1.4283403452175409
1   1.7127677771920311
1   1.505044908056381
1   1.6627495195774631
1   1.3863206043587279
1   1.8159265158383118
1   1.9197432615168002
1   2.2383262284568026
1   1.96604432787184
1   1.8141890347955183
1   1.8346061901738602
1   2.4163080414582101
1   2.077617301861582
1   2.0852686042758997
1   1.6341096240495698
1   1.9722176457488851
1   2.7401561383755619
1   2.370634501797475
1   2.0149154166780345
1   2.6363775898257042
1   1.4788982091714888
1   3.1689811542509974
1   2.1813074554631737
1   1.802016009798121
1   2.3999708208535355
1   1.7980032495145735
1   1.5322116299641357
1   2.271575367017133
1   2.2895288426405696
1   1.499126547731493
1   1.5437913484883579
1   1.8031470759125088
1   2.2991929283974999
1   2.415071083612228
1   2.1290158699011092
1   2.3742020842475844
1   1.6427942463980085
1   3.7471097287986295
1   1.1278534084122289
1   1.9125013295096123
1   1.1488329687956937
1   1.2425196628279591
1   1.0895702603170598
1   1.7777768158236715
1   1.1317760972154829
1   1.3444289550019681
1   1.6914466137692834
1   1.9239638303529052
1   1.273280751122946
1   1.3905673829867211
1   2.0027454935099045
1   1.5420745520725405
1   2.5225808762480941
1   1.5955629939942031
1   1.7620848040233974
1   1.911220912422388
1   1.7393441494359729
1   2.8989691571988478
1   1.3124579812245882
1   1.9776027286451368
1   1.0173938518022934
1   1.0342132617218283
1   1.666198623643445
1   1.0089801337133852
1   1.4498312414320911
1   1.0632527341103333
1   1.7524862458031043
1   1.7661164410438142
1   2.2290830893725393
1   2.3720313298140203
1   1.8942450754715598
1   2.1619953862108723
1   1.6613591155008081
1   1.9323621345192095
1   1.9619455506841579
1   1.1988181650410328
1   1.4247066624645566
1   2.3017260239000668
1   1.8153940385908975
1   1.92212116169088
1   1.2132941624258524
1   1.3910826888516683
1   1.8015411548580067
1   1.8794133208195052
1   1.8563336992353556
1   2.0275507632681173
1   1.8805617564001564
1   1.1576768128003936
1   2.4317308606648602
1   1.1962756969075763
1   1.8110996778115478
1   2.0688264639527829
1   1.8132474036581092
1   1.1826000348682038
1   1.1975088034917267
1   1.4996085366722796
1   1.5127966501579109
1   3.4520807228884496
1   1.6094630221361368
1   1.2528284564866674
1   1.7683350359561665
1   1.4868264668649107
1   1.9742754991350933
1   1.8384644063897055
1   1.2897201493777479
1   1.914059573675631
1   2.1032011413965157
1   2.6679609042651125
1   1.5595878641115548
1   1.3318972425177664
1   2.015797550040245
1   2.016143561752997
1   1.9736724827316201
1   1.9923842906862479
1   1.3802537732902429
1   1.6124713099150956
1   1.0631222110852985
1   1.1153976096447351
1   1.6102858067605359
1   1.8108576074839116
1   2.8428944796782658
1   1.7126547634613223
1   1.0251007191834796
1   1.3564570368063238
1   1.7276261018440087
1   1.785526697921993
1   1.795915783935242
1   1.4384289679888427
1   1.0126098656022338
1   1.615514116728034
1   1.9311178655846719
1   1.9623981881937329
1   1.0082836748447244
1   1.0060391587143227
1   1.0505001798306253
1   1.4659898080782643
1   1.0408548922316365
1   1.6283573454313625
1   2.1910780035691362
1   2.1303419395669012
1   1.4841645537703911
1   1.469023321925863
1   1.2162004483690285
1   1.3256285288130709
1   2.5253188664923818
1   2.6075579294116493
1   1.0702980088567493
1   1.1677778430751673
1   1.721952920188019
1   1.9095440120891323
1   1.7877265835423568
1   1.3153450466611956
1   1.1925919141384058
1   1.243284923067056
1   1.8312403953007315
1   1.8729721942614312
1   1.8388812704953632
1   1.0841864209325074
1   1.0370092261938124
1   1.0943406269766971
1   1.0788871426514597
1   1.0511161913342404
1   1.5776566979668547
1   1.9399481126692897
1   2.1303910181033685
1   2.1668273895464729
1   1.4066483769234119
1   2.3548553291683167
1   1.890432673732096
1   1.4421354455425521
1   1.9646379071270115
1   1.1667153965348995
1   1.5928553223175212
1   1.4094740015732803
1   1.0122364351431747
1   1.020544363041739
1   1.0225829532377557
1   1.9861504984075871
1   1.0473964726631426
1   1.8221132844440993
1   1.092209691861914
1   1.9833047276971159
1   1.0350604148627303
1   1.1993561524675849
1   1.4139304662484917
1   2.3751142269849073
1   2.2441311151843957
1   2.4293791934563593
1   2.6128147822563443
1   1.7250573339079884
1   2.0132694899652845
1   2.0786472621626597
1   1.6719714191077415
1   1.4624073236339981
1   1.5587020058391428
1   1.25649189207958
1   1.9746787191886206
1   1.2712231106460155
1   2.40333330867638
1   2.5488416516684276
1   2.4264244240877373
1   1.2372216039104231
1   2.8190467316253387
1   1.8228776260434643
1   1.9286847112548378
1   1.7241934222834536
1   1.4261203978833936
1   1.1193826467551098
1   1.963294581566756
1   1.0250636760613623
1   1.0352393722181541
1   1.230985551676387
1   1.2037744451161887
1   1.7935745228612148
1   1.5993185961577963
1   1.3212935171427422
1   1.1384027443047322
1   1.1696055185475089
1   1.9592183596464925
1   1.5211250380818435
1   1.6705220481338627
1   1.8230439180968276
1   1.9671332556559862
1   1.3525162784116493
1   2.4767081325910874
1   1.9421350823712249
1   1.861939637000523
1   2.9010790408963953
1   1.0191573673936014
1   1.0398200794980186
1   1.0169543390454099
1   1.8668118443923261
1   1.0508242780723269
1   1.1942484315835027
1   1.1865981298828512
1   1.1300199375118922
1   1.7766975429746257
1   1.1842376511361865
1   1.2603921882421996
1   1.1409449563117702
1   1.8165378948377753
1   1.2684693235460049
1   1.7507830227795775
1   1.9182155227587461
1   1.9112669605160009
1   1.1568544012075284
1   1.2669508544269408
1   2.5867787810451901
1   1.8676550433595311
1   1.849220508934498
1   1.3266615123957919
1   1.7126751572180403
1   1.6799516758359796
1   1.4953112105479851
1   1.9920908527672818
1   2.1868556884137851
1   1.3497084237687647
1   2.2278980245167577
1   2.0550291570539034
1   1.9937244613207081
1   1.4822067361284172
1   2.4238591311195639
1   2.5240641799412629
1   2.0251685855047317
1   2.8591671124772118
1   2.0532594510532722
1   2.9380433917404645
1   2.8204354415070716
1   3.8405173545756828

2   2.0003874498776639
2   2.0007045175572791
2   2.0015315698397762
2   2.1661765876092116
2   2.0122661108362676
2   2.8703986671680966
2   2.0042876848736073
2   2.1304240078641627
2   2.0050126234132355
2   2.8884702879018391
2   2.001913141699986
2   2.8755014861882957
2   2.004372812700554
2   2.1342582466210436
2   2.02884625493214
2   2.0142095613683191
2   2.0259014750315334
2   2.0289671996745393
2   2.0169482713750115
2   2.8423318789495728
2   2.1730449241066077
2   2.0049310084181085
2   2.1113427008895247
2   2.9521605485093785
2   2.690699111252596
2   2.6601434147893994
2   2.0423965111632576
2   2.3623399388253747
2   2.2553016235288212
2   2.6505323928218134
2   2.4639471121675216
2   2.1432115465103116
2   3.0161027810055896
2   2.5934864949191212
2   2.1821799745694803
2   2.2501621125629567
2   2.8676598216154154
2   2.5646729651273787
2   2.3652962088298692
2   3.1282927932956377
2   2.4997469540989061
2   2.3713488996605179
2   3.0352347779516768
2   2.3725161150640304
2   2.4767873359825052
2   2.3246875277934671
2   2.1896490064061283
2   2.5419648471288347
2   2.2700689087918255
2   2.2178161009565476
2   2.3619054606799823
2   2.4975630068588881
2   2.0148936530197252
2   2.0026365428269104
2   2.0104560682323473
2   2.0100931059852449
2   2.0498413638672841
2   2.1429062321691617
2   2.8944215033827008
2   2.5146474897014213
2   2.4024979243826983
2   2.9288169267240534
2   2.1542039169514959
2   2.0968384422362232
2   2.1970975498953784
2   2.0276299829167694
2   2.5380458308629148
2   2.276182381143689
2   2.9455843334888829
2   2.070596903619204
2   2.3516155174142979
2   2.0783479220555248
2   3.0885147922382843
2   2.7584903761932287
2   2.8230896066963171
2   2.2619027156674663
2   2.6791609191259007
2   2.0607835343601799
2   2.1110559000688558
2   2.1371092402403353
2   2.0667907740306397
2   2.6101006925396288
2   2.3532368203047347
2   2.2975249923879968
2   2.2559987128669436
2   2.2189771921940742
2   2.0460922765250675
2   2.7563165590051102
2   2.3445896924981362
2   2.0272829281552953
2   2.5248190352271616
2   2.0797931096417366
2   2.663979261220073
2   2.6792340181153862
2   2.7091424630510206
2   2.7051409745639008
2   2.9816962325788103
2   2.3805226522642045
2   2.6339183044994208
2   2.6991848423445379
2   2.0989927245383604
2   2.0037354199674815
2   2.0476443678263641
2   2.0458418865481041
2   2.0755061161096093
2   2.2576632284440508
2   2.1378998132114067
2   2.2590522677521205
2   2.5319068653090633
2   2.7980669649332559
2   2.0414422237401411
2   2.0069289943588116
2   2.977368599513972
2   2.0184579577467199
2   2.0103967085564536
2   2.0064224911118562
2   2.0192470628417873
2   2.0384339352739791
2   2.1031342790687053
2   2.234022884246373
2   2.4938275188973269
2   2.3119450701486572
2   2.166687576106491
2   2.2827046221487715
2   2.2258261677307933
2   2.8021136624629395
2   2.5533436981252575
2   3.2244263883722644
2   2.8881733236170319
2   2.2759816265472446
2   3.2140811002548331
2   2.6939810641992654
2   2.3060043660406793
2   2.3810928517305188
2   2.7098977253605296
2   2.2315770818855123
2   2.4158119692611777
2   2.3616378287687576
2   2.6942490712239846
2   2.6941496474758742
2   3.6690625559732144
2   2.0208171619379116
2   2.0033872498139575
2   2.0493108952903176
2   2.0039395375729923
2   2.4637019096610273
2   2.4718227313297589
2   2.0623800675857211
2   2.2168017173286789
2   2.1578182902916145
2   2.7569099606856251
2   2.0306926979962876
2   2.0012256263837673
2   2.9103657717205595
2   2.6295119100649762
2   2.4487170065261048
2   2.1098047812044904
2   2.0052494217720365
2   2.990665824613032
2   2.0103870930372683
2   2.0013831651178737
2   2.0068314308706308
2   2.0112992008910124
2   2.0143373177046806
2   2.0532516368458289
2   2.8611745491914125
2   2.0103799973546224
2   2.0191413187653304
2   2.180176370981894
2   3.7424090528237599
2   2.1925919641305582
2   2.2216606767442992
2   2.7194972062772482
2   2.814523168226216
2   2.9214822937534528
2   2.3690795049908266
2   2.1211651036864092
2   2.0305131979837183
2   2.0793882927220539
2   2.0780130791517655
2   2.947127192561612
2   2.0005197785935516
2   2.007403837638456
2   2.0012543734262955
2   2.0054713832144597
2   2.0023723492844483
2   2.0027946809246715
2   2.0062090471439777
2   2.1994904238924891
2   2.1698564259695767
2   2.6171667940570993
2   2.6364889704393137
2   2.2218054716263715
2   2.2088977837329247
2   2.0795904468618112
2   2.0661512842634293
2   2.0018916816224621
2   2.0168672103512044
2   2.6097404545393657
2   2.7371261606835509
2   2.3509839774349368
2   2.1870836307683299
2   2.1279792329320562
2   2.1476270013672347
2   2.0034149524099898
2   2.0539068790729971
2   2.2644883069135977
2   2.2326767368645299
2   2.1260106322551557
2   2.6875280239408776
2   2.8139451319493305
2   2.0020585115392255
2   2.0533516223280732
2   2.0199523637713432
2   3.2898477372717099
2   2.8602219925459669
2   3.1345186604346664
2   2.7607886635218701
2   2.1367548978103792
2   2.0374831714338497
2   2.0025230867064669
2   2.0037785077949413
2   2.0009732953808927
2   2.0041662272269574
2   2.0299588623227822
2   2.0024964547839961
2   2.971610344622821
2   2.0195358293422818
2   2.0039265172408864
2   2.9816782451154866
2   2.002937519564616
2   2.0059292880792743
2   2.0316146898427121
2   2.0134377302533402
2   2.0293805167277026
2   2.0108252573681322
2   2.8077377526929976
2   2.086583955563845
2   2.2156818257982129
2   2.0618461985450183
2   2.0604521824739037
2   2.3101713291154637
2   2.6183104947813383
2   2.1672243850155426
2   2.1474255599614356
2   2.2338820938503616
2   2.7708800938720777
2   2.9663818619894986
2   2.2078468724015252
2   2.9521498331480855
2   2.8519241969938376
2   3.8585994660027705

3   3.0000318607967569
3   3.000050458405541
3   3.0004400137035376
3   3.0013187498006619
3   3.0002785717236726
3   3.0297533863815906
3   3.0091243465095427
3   3.8344376355880527
3   3.0005319299844557
3   3.1722082033690091
3   3.8554726540706277
3   3.1624996973822146
3   3.0014197186362144
3   3.0001621688012206
3   3.0058364008523024
3   3.0004299168171409
3   3.0025606325413419
3   3.0002106506896009
3   3.7911647115197935
3   3.0007159407553221
3   3.0280698727135924
3   3.1663152246344279
3   3.0042250869643503
3   3.0584332948446971
3   3.0114349550059463
3   3.0018111013990674
3   3.7636599320783457
3   3.0003319987354518
3   3.2665401882896297
3   3.0001151607139867
3   3.0037671330030191
3   3.0000585202792145
3   3.0020437869367287
3   3.0042786777981614
3   3.2982483415901958
3   3.0024823037117319
3   3.2207665243653096
3   3.5414509146920548
3   3.0063976007524476
3   3.006815299936572
3   3.0829038888766318
3   3.0102586953729702
3   3.9234763254771758
3   3.0000888939179999
3   3.0001644061791364
3   3.0002365933666373
3   3.0013936579128737
3   3.0000927967288513
3   3.0000145575795858
3   3.7138991941853199
3   3.0000439321100645
3   3.3361079328538965
3   3.000014216872716
3   3.0022387093053982
3   3.0001495698334186
3   3.0001877515186424
3   3.0000069223994235
3   3.0000275132491629
3   3.0359019956563515
3   3.0000153397774727
3   3.9218573701407067
3   3.0000789092607465
3   3.0625944697847096
3   3.0000358734525934
3   3.0000453829875422
3   3.0002401188620316
3   3.0000306681264952
3   3.0000109208020098
3   3.0000180852322686
3   3.1147011316748037
3   3.0000903964500232
3   3.9080949049936935

4   4
4   4
4   4
4   4
4   3.9999999999999991
4   3.9999999999999991
4   3.9999999999999991
4   4
4   4

