-3   2.9999999999999996
-3   3
-3   2.9999999999999996
-3   3
-3   3
-3   2.9999999999999996
-3   2.9999999999999996

-2   2.0000354743287669
-2   2.002363821644833
-2   2.0032184222323206
-2   2.0062929297349652
-2   2.0176411170760615
-2   2.9309973059311076
-2   2.0038863483374287
-2   2.0774072773198338
-2   2.9123732074206208
-2   2.0081074400950785
-2   2.093974721520484
-2   2.0578365490308523
-2   2.0025429424120964
-2   2.344983465878423
-2   2.0008586556649925
-2   2.0004967848423028
-2   2.1543132875953468
-2   2.5509904743290259
-2   2.0232864336505081
-2   2.0013192608972648
-2   2.9296753232860357
-2   2.0444611518275466
-2   2.0009376216298378
-2   2.0368469429170601
-2   2.0000014977488449
-2   2.9889586092030505
-2   2.0001514874605824
-2   2.0033227727165648
-2   2.0000737015522891
-2   2.0003026497000214
-2   2.0090995665675493
-2   2.0002782278580642
-2   2.9139635563457849
-2   2.0001351719527345
-2   2.1070545505064482
-2   2.0000188719040191
-2   2.0003796152394755
-2   2.0015912622117447
-2   2.0000143594735413
-2   2.1067615442143603
-2   2.0001056735384011
-2   2.9199384921277298

-1   1.0099578250240295
-1   1.1018335357156397
-1   1.0109455828489309
-1   1.9277185073126377
-1   1.0163571602035109
-1   1.977548964294046
-1   1.0202496311504032
-1   1.1349017087331246
-1   1.9121099406707187
-1   1.0464794664310342
-1   1.1394390302758115
-1   1.5222117273066575
-1   1.9030203275258319
-1   1.5934297170753178
-1   2.1513691595385827
-1   2.0792309235064539
-1   1.4777851799179089
-1   1.2104931788802935
-1   1.4638799153401181
-1   1.7449623742681553
-1   2.3083807880572165
-1   1.6773508569425966
-1   1.2405127668091425
-1   2.0851534982706439
-1   1.8513331672688613
-1   1.7383922960766141
-1   1.172107064923019
-1   1.0442463383817164
-1   1.0044936819078965
-1   1.9978167151968962
-1   1.0867361252661125
-1   1.4865211843388795
-1   1.4920017710259594
-1   1.6733907347663148
-1   1.7812543766162632
-1   1.9156481952079436
-1   1.5279234781061737
-1   1.3585312420575639
-1   1.5183606748974592
-1   1.6436284060583386
-1   1.7154042450308511
-1   1.2978123197559086
-1   1.7501630380367064
-1   1.8913199903580611
-1   1.0260416556640317
-1   1.1381585263840401
-1   1.597933079818302
-1   1.5506590528210098
-1   1.0554056886130727
-1   1.9084094481945115
-1   2.9137794871302227
-1   1.0459031477996696
-1   1.940667439817255
-1   1.4832496960558859
-1   1.5130200130200704
-1   1.7780953687508165
-1   1.5912676271505171
-1   1.8749240238360527
-1   1.9652946165485443
-1   1.1796417364988869
-1   2.389546357309849
-1   1.0039675927025731
-1   1.0637709765582
-1   1.5415706446605961
-1   1.5718650983694245
-1   1.0178183659579783
-1   1.9621087924191385
-1   1.0055041555139177
-1   1.0302037506216499
-1   1.6276271480603319
-1   1.4587332750733391
-1   1.5662046639827172
-1   1.2033557366127494
-1   1.1335264017233246
-1   1.3521093924725178
-1   1.9698114302560339
-1   1.9743421629271327
-1   1.0574206072392731
-1   1.0139642329431311
-1   1.2849644187223304
-1   1.7212230789367688
-1   2.0183129806500149
-1   2.3083265078862105
-1   1.0034140787688413
-1   1.3685518842148616
-1   1.826613600272124
-1   1.0171629677548903
-1   1.0079060475677626
-1   1.0038711566646323
-1   1.0115090312364279
-1   1.9924715273773366
-1   1.0373097578169228
-1   1.0134384997460395
-1   1.966431282627052
-1   1.0328800960370399
-1   1.0248853581477566
-1   1.0956227543670491
-1   1.6885609065450851
-1   1.3724559755574921
-1   1.2200683442893736
-1   1.9335931149506811
-1   1.159545987138078
-1   1.9831196112855616
-1   1.9124338012516837
-1   2.90835921707487

0   0.025204694498913938
0   1.0038643656959489
0   0.47676902720020742
0   1.0028280344141265
0   1.0041345891230793
0   1.8462083082848673
0   1.001854746102121
0   1.9883712402515297
0   1.004050660178903
0   0.54813424809356359
0   0.04684858697201566
0   1.0026565085559951
0   1.0303583139839487
0   1.8241898702686954
0   0.038494178790072664
0   1.0088799386368736
0   1.3035893407186427
0   1.9812729967033111
0   1.3030206696155122
0   1.7926695989779304
0   1.0886008089485628
0   2.3655717999921726
0   1.0008504142476196
0   1.9395712644324017
0   1.374590964352941
0   1.626437748899328
0   1.8084866927411687
0   1.153541238508067
0   1.3122828433630531
0   0.75544521626549122
0   2.1036540004229374
0   1.0482012633478492
0   1.6532374367044143
0   1.9295688705876355
0   0.44314797867686584
0   1.0001694459493049
0   0.1060205452949613
0   1.0027133500073051
0   1.0248760514523167
0   1.878141984150016
0   1.002460533308241
0   1.3019607566278124
0   1.30201993758458
0   0.42316299372456723
0   1.0125411209233748
0   0.84734577547494738
0   1.0007752740134692
0   1.1569788529660376
0   0.98706887247017061
0   2.0300195262012313
0   1.9515315994298481
0   1.0028288881789611
0   1.227456244983367
0   1.5050395487319657
0   1.2040672912779073
0   1.6362586060467978
0   1.4859569667102241
0   1.8717825431635884
0   1.4141581536355268
0   1.0077099407788068
0   0.099696460380387486
0   1.9784023085751432
0   1.010231905144064
0   1.07128479869527
0   1.0517813660721829
0   1.9832391828206082
0   1.0018983904939569
0   0.74542108996621215
0   2.9335943281049568
0   1.740492037322412
0   1.0004553531737819
0   1.9834791500812958
0   1.9870737131387211
0   1.0199077683125659
0   0.056722425790122655
0   1.3046786820606262
0   1.2962190092847703
0   0.085388263288818544
0   1.0003831496931259
0   2.7757691687139259
0   1.3028420168701453
0   1.1477066252185248
0   1.999053078888553
0   1.0037132152829098
0   1.0001525295117732
0   1.000058523304332
0   1.9953054550152136
0   0.0082170585464821366
0   1.00297663892842
0   0.40205335313127744
0   1.001040067623564
0   0.13529390148025533
0   1.0015676422642985
0   0.18553869134767165
0   1.8849039023745093
0   1.9426499021830788
0   1.0002475256366776
0   1.0003207630378861
0   1.0060241669720893
0   1.9833709265310238
0   1.9734780762958581
0   1.0415760949993371
0   1.0002195944295507
0   0.20275070860085176
0   0.093706171399572047
0   1.0369632937754487
0   2.5545375691854844
0   1.5782609458910377
0   0.12503381395676993
0   1.0005896989933625
0   0.87650440963698228
0   1.0007121348966328
0   1.9627074261385506
0   1.7057377438692494
0   0.078708418147946824
0   0.026381705590628579
0   1.0002958019129378
0   1.0084389056134879
0   1.0008656665290645
0   1.0049281343904179
0   0.95195999188046487
0   0.086571247024944897
0   1.0066758336122745
0   1.0001053606571249
0   1.6038954668814669
0   1.9691877593360672
0   0.025011032593325933
0   1.0002261258903271
0   0.28473984642172412
0   1.0000544761090389
0   1.013141850246809
0   1.9992735410845697
0   0.40037768020811704
0   1.0483127342705745
0   1.0000194435342786
0   1.9017625588681617
0   1.1507071270959643
0   1.992841708134359
0   1.9204675679834491
0   2.900242276163099

1   1.0099578250240295
1   1.1018335357156406
1   1.0109455828489278
1   1.9277185073126337
1   1.0163571602035091
1   1.9775489642940469
1   1.0202496311504061
1   1.1349017087330937
1   1.912109940670744
1   1.0464794664310355
1   1.1394390302758086
1   1.5222117273066713
1   1.9030203275258368
1   1.593429717075292
1   2.1513691595386208
1   2.0792309235064144
1   1.4777851799179045
1   1.2104931788802946
1   1.4638799153401241
1   1.7449623742680935
1   2.3083807880572902
1   1.6773508569425899
1   1.2405127668091476
1   2.0851534982706341
1   1.8513331672688675
1   1.7383922960765981
1   1.1721070649230181
1   1.0442463383817191
1   1.0044936819078973
1   1.9978167151968966
1   1.0867361252661152
1   1.4865211843388748
1   1.4920017710259543
1   1.6733907347663304
1   1.7812543766162694
1   1.9156481952079343
1   1.527923478106187
1   1.3585312420575695
1   1.5183606748974587
1   1.6436284060583439
1   1.7154042450308404
1   1.2978123197559075
1   1.7501630380366997
1   1.8913199903580491
1   1.0260416556640317
1   1.1381585263840406
1   1.5979330798183016
1   1.5506590528210102
1   1.0554056886130729
1   1.9084094481945102
1   2.9137794871302174
1   1.0459031477996681
1   1.9406674398172634
1   1.4832496960558783
1   1.5130200130200682
1   1.7780953687508196
1   1.5912676271505237
1   1.8749240238360456
1   1.9652946165485359
1   1.1796417364988938
1   2.3895463573098539
1   1.0039675927025722
1   1.0637709765582
1   1.5415706446606015
1   1.5718650983694262
1   1.0178183659579714
1   1.9621087924191425
1   1.0055041555139159
1   1.0302037506216501
1   1.6276271480603213
1   1.4587332750732307
1   1.5662046639828207
1   1.2033557366127641
1   1.1335264017233162
1   1.3521093924725114
1   1.9698114302560339
1   1.9743421629271274
1   1.0574206072392704
1   1.0139642329431324
1   1.2849644187223148
1   1.7212230789367808
1   2.0183129806500384
1   2.3083265078861968
1   1.0034140787688417
1   1.3685518842148467
1   1.8266136002721232
1   1.017162967754885
1   1.0079060475677619
1   1.0038711566646319
1   1.0115090312364312
1   1.9924715273773295
1   1.0373097578169221
1   1.0134384997460555
1   1.9664312826270485
1   1.0328800960370395
1   1.0248853581477562
1   1.0956227543670476
1   1.6885609065450535
1   1.3724559755575345
1   1.2200683442893769
1   1.933593114950678
1   1.1595459871380545
1   1.9831196112855776
1   1.9124338012516864
1   2.908359217074874

2   2.0000354743287678
2   2.002363821644833
2   2.0032184222323197
2   2.0062929297349621
2   2.0176411170760624
2   2.9309973059311116
2   2.0038863483374287
2   2.0774072773198329
2   2.9123732074206181
2   2.0081074400950785
2   2.0939747215204862
2   2.0578365490308514
2   2.0025429424120951
2   2.3449834658784217
2   2.0008586556649925
2   2.0004967848423036
2   2.1543132875953339
2   2.5509904743290401
2   2.0232864336505076
2   2.0013192608972639
2   2.9296753232860362
2   2.0444611518275471
2   2.0009376216298378
2   2.0368469429170606
2   2.0000014977488449
2   2.9889586092030496
2   2.0001514874605832
2   2.0033227727165661
2   2.0000737015522905
2   2.0003026497000218
2   2.0090995665675484
2   2.0002782278580638
2   2.9139635563457773
2   2.0001351719527336
2   2.1070545505064553
2   2.0000188719040186
2   2.0003796152394759
2   2.0015912622117442
2   2.0000143594735396
2   2.1067615442143679
2   2.0001056735384011
2   2.9199384921277227

3   2.9999999999999996
3   3
3   2.9999999999999996
3   3
3   3
3   2.9999999999999996
3   2.9999999999999996

