-3   3
-3   3.0000000000000004
-3   3
-3   2.9999999999999996
-3   3
-3   3.0000000000000004
-3   2.9999999999999996

-2   2.0000719191113356
-2   2.003580764983746
-2   2.0049872041827062
-2   2.0082424886754522
-2   2.0260638784576637
-2   2.8971309694880349
-2   2.0047987323398142
-2   2.1148594197352533
-2   2.8867103989647829
-2   2.0120669137631846
-2   2.1164450347738923
-2   2.1013501676148385
-2   2.0037681964568455
-2   2.2973181396370927
-2   2.0015461062806916
-2   2.0007727706923464
-2   2.1534672563259316
-2   2.5580224179135933
-2   2.036758334974869
-2   2.0022071281105016
-2   2.9086111973235127
-2   2.0478423174948346
-2   2.0013903596947529
-2   2.052348006542219
-2   2.000003346487973
-2   2.9831413539505145
-2   2.0002278092929031
-2   2.0051134476378234
-2   2.0001076165759346
-2   2.0004448091799776
-2   2.0137614413256917
-2   2.0004327187945097
-2   2.8881991160126863
-2   2.000205787220954
-2   2.135783030296559
-2   2.0000288478755293
-2   2.0005645366297458
-2   2.0018020529584177
-2   2.000016138098331
-2   2.1404773097932561
-2   2.0001674376955911
-2   2.8937538812770986

-1   1.0177249784530213
-1   1.1363061664778711
-1   1.0147718059646007
-1   1.8985274533493848
-1   1.0275350979636182
-1   1.9659406007402684
-1   1.0293277396862128
-1   1.2776206695044849
-1   1.8079146515431823
-1   1.0760587752228903
-1   1.1907918274863205
-1   1.4910649234397118
-1   1.8668456323227125
-1   1.6204395897396209
-1   2.198193618920036
-1   1.518657923678997
-1   1.9422516091045372
-1   1.3035343609853716
-1   1.5118630253480418
-1   2.1924739129784032
-1   1.6161727473777709
-1   1.681308316525068
-1   1.3028480439350247
-1   2.2141138579456743
-1   1.798107735911139
-1   1.7387279957896009
-1   1.2241636547236427
-1   1.0618491199147804
-1   1.0066483526557544
-1   1.9943148841845737
-1   1.1649947616648813
-1   1.4723837559312714
-1   1.4379767385187983
-1   1.6579571008564034
-1   1.7694767503490234
-1   1.9271901249545684
-1   1.5295034222952122
-1   1.3708555689715594
-1   1.5125326235994994
-1   1.6448108738510219
-1   1.7103796116599801
-1   1.298940959939312
-1   1.7428232670092862
-1   1.8930525351450593
-1   1.044024649751284
-1   1.1847254094871862
-1   1.5459200307334893
-1   1.6179083047227962
-1   1.8747863181249906
-1   1.0687389117263524
-1   2.8824060295243528
-1   1.0791433283897851
-1   1.7967603855700389
-1   1.4608337777224445
-1   1.6954662724403819
-1   1.759427983312102
-1   1.6244115726846093
-1   1.9324750346420871
-1   1.9552525466508199
-1   1.0871920996119291
-1   2.3903825379314436
-1   1.0073090583098225
-1   1.0822503284342633
-1   1.4947529940567617
-1   1.5206357076781369
-1   1.1461955707037406
-1   1.9513285829553517
-1   1.0080917456790672
-1   1.0439967655315074
-1   1.5956635963113652
-1   1.8607015771714122
-1   1.0221455071745684
-1   1.1657073078256108
-1   1.202043997921455
-1   1.4350793264618751
-1   1.9551676940459859
-1   1.9614201520797652
-1   1.0253471766360416
-1   1.0962444246241698
-1   1.7054518023183203
-1   1.6925267179852019
-1   1.4506084796173373
-1   2.436110386611642
-1   1.0061642257658472
-1   1.3961299986018412
-1   1.828115691175507
-1   1.0162272441545372
-1   1.0109553448228907
-1   1.0059814116243
-1   1.0178379860584834
-1   1.986815800530406
-1   1.0573792852627271
-1   1.0229625684459782
-1   1.9473008272598458
-1   1.0494830376849138
-1   1.0433485683445785
-1   1.1484555476354026
-1   1.5336110297267447
-1   1.4975002065660057
-1   1.261865036674034
-1   1.2018629634032212
-1   1.9228156809011727
-1   1.9754044043770724
-1   1.8847033130486146
-1   2.8836985603923542

0   0.050660877119847569
0   1.0072540797526162
0   0.58698625376326574
0   1.0038786333910839
0   1.0067396610391715
0   1.7852523290632414
0   1.0025358594540761
0   1.9820647088926182
0   1.0074236679687767
0   0.64935767267179956
0   0.072792667854637338
0   1.0041021128854966
0   1.0406598638412783
0   1.7749152685722107
0   0.05685140343418349
0   1.3274362174259899
0   1.0155930794852916
0   1.9657116654315838
0   1.8592240844421393
0   1.2858180785015785
0   1.002313204428454
0   2.3034947457561636
0   1.0221601200739368
0   1.4004934791278656
0   1.9136840703569731
0   1.9921523655276028
0   1.2258823044718075
0   1.2094770030143194
0   1.3164509375961793
0   1.0401701162759458
0   2.2037801069128853
0   1.0690363654534623
0   1.9094192372990979
0   1.4356985183504298
0   0.56701087491431279
0   1.0003317925778841
0   1.0041132750827286
0   0.14362804719746092
0   1.0368798549198213
0   1.8013772337123615
0   1.0036790684946308
0   1.3017065644609827
0   1.3018334207159699
0   0.59992422054998551
0   1.0146946860043864
0   0.84955615195131373
0   1.0011763012835941
0   1.15417340451314
0   0.98847062921018303
0   2.0321288583002799
0   1.9513112605199137
0   1.0042832284686258
0   1.217776515301358
0   1.5039025656097871
0   1.2058365945945337
0   1.6403001656375613
0   1.4828212822412432
0   1.8675162071985763
0   1.4138752823685243
0   1.0119931140449543
0   1.9633029182397386
0   0.1455935796720853
0   1.016710328432596
0   1.1033120577833444
0   1.9743217382364877
0   1.0612406487186532
0   1.0032685045513881
0   0.8111898046280086
0   2.9089417541824698
0   1.7099534378294408
0   1.0005853394054323
0   1.9787413187757581
0   1.9788231213196945
0   1.0266731191143978
0   1.3037615302056769
0   1.3067465398265998
0   0.056503044761620824
0   0.12058904552548166
0   1.0005666006723255
0   2.744999404973778
0   1.3032232021886105
0   1.1988118845330871
0   1.998556207367729
0   1.0002432088484239
0   1.0057117456733731
0   1.9931060066755011
0   1.0001014722055042
0   0.01265370572636848
0   1.0046381573340242
0   0.54270619291376598
0   1.0015472914248598
0   0.16826008782884549
0   1.0022030707982297
0   0.30850748180635534
0   1.9064127581179222
0   1.8273483218002409
0   1.0004302248714878
0   1.0004283366852369
0   1.0107228894556752
0   1.9742905625957747
0   1.956700123009806
0   1.0670823792085928
0   1.0003189243733306
0   0.34996893673610197
0   0.13858769654409664
0   1.0987236378956446
0   1.5836887679180363
0   2.3996029314247891
0   0.20497581475858317
0   1.0008442440342811
0   0.7902262212708604
0   1.0011089905469961
0   1.9354243993879359
0   1.8402730021846088
0   0.087865765010940122
0   0.042315709081040653
0   1.0005555254729084
0   1.0127687401338339
0   1.0011823208505446
0   0.96579150445967943
0   1.0072683718688473
0   0.12914989601655391
0   1.0112218452891366
0   1.000273960624658
0   1.59852380489877
0   1.9503799547269765
0   0.038027174369072325
0   1.0004088956987995
0   0.41029596788580303
0   1.0233247509084036
0   1.0000862644041071
0   1.9988468913153752
0   0.43586812853023227
0   1.0672805874963278
0   1.0000292941177118
0   1.8658358360291887
0   1.1771987728071125
0   1.9889380130102419
0   1.9061364775242842
0   2.8714048918888446

1   1.017724978453022
1   1.1363061664778695
1   1.0147718059646009
1   1.8985274533493914
1   1.027535097963604
1   1.9659406007402698
1   1.0293277396862146
1   1.2776206695044889
1   1.8079146515431841
1   1.0760587752228903
1   1.1907918274863132
1   1.4910649234397064
1   1.8668456323227156
1   1.6204395897396418
1   2.1981936189200084
1   1.518657923679001
1   1.9422516091045425
1   1.3035343609854022
1   1.5118630253480512
1   2.1924739129783779
1   1.6161727473777687
1   1.681308316525068
1   1.3028480439350403
1   2.2141138579456903
1   1.7981077359111399
1   1.738727995789592
1   1.2241636547236407
1   1.0618491199147817
1   1.0066483526557555
1   1.9943148841845759
1   1.1649947616648826
1   1.4723837559312734
1   1.4379767385188
1   1.6579571008564091
1   1.7694767503490216
1   1.9271901249545795
1   1.529503422295206
1   1.3708555689715634
1   1.5125326235995011
1   1.6448108738510223
1   1.7103796116599748
1   1.2989409599393105
1   1.7428232670092858
1   1.8930525351450527
1   1.0440246497512833
1   1.1847254094871875
1   1.545920030733495
1   1.6179083047227936
1   1.8747863181249897
1   1.0687389117263522
1   2.8824060295243497
1   1.0791433283897858
1   1.7967603855700425
1   1.4608337777224458
1   1.6954662724403815
1   1.7594279833121047
1   1.6244115726846085
1   1.932475034642084
1   1.9552525466508208
1   1.0871920996119311
1   2.3903825379314392
1   1.0073090583098234
1   1.0822503284342633
1   1.4947529940567637
1   1.5206357076781472
1   1.1461955707037303
1   1.9513285829553566
1   1.0080917456790677
1   1.0439967655315108
1   1.5956635963113652
1   1.8607015771714415
1   1.0221455071744934
1   1.1657073078256037
1   1.2020439979214812
1   1.4350793264618804
1   1.9551676940459886
1   1.9614201520797669
1   1.02534717663604
1   1.0962444246241707
1   1.7054518023183722
1   1.6925267179851966
1   1.4506084796172651
1   2.4361103866116625
1   1.0061642257658483
1   1.3961299986018421
1   1.8281156911755043
1   1.0162272441545372
1   1.0109553448228905
1   1.0059814116243004
1   1.0178379860584845
1   1.9868158005304064
1   1.05737928526273
1   1.0229625684459789
1   1.9473008272598449
1   1.0494830376849229
1   1.0433485683445769
1   1.1484555476354679
1   1.5336110297266781
1   1.4975002065660252
1   1.261865036674036
1   1.2018629634032219
1   1.9228156809011798
1   1.9754044043770445
1   1.8847033130486048
1   2.8836985603923666

2   2.0000719191113356
2   2.003580764983746
2   2.0049872041827066
2   2.0082424886754509
2   2.0260638784576641
2   2.8971309694880318
2   2.0047987323398129
2   2.114859419735255
2   2.8867103989647842
2   2.0120669137631846
2   2.1164450347738901
2   2.1013501676148376
2   2.0037681964568455
2   2.2973181396370945
2   2.0015461062806916
2   2.0007727706923459
2   2.1534672563259245
2   2.5580224179135977
2   2.036758334974869
2   2.0022071281105007
2   2.9086111973235149
2   2.0478423174948319
2   2.0013903596947533
2   2.0523480065422204
2   2.000003346487973
2   2.9831413539505136
2   2.0002278092929013
2   2.0051134476378234
2   2.0001076165759342
2   2.0004448091799767
2   2.0137614413256908
2   2.0004327187945101
2   2.8881991160126947
2   2.0002057872209558
2   2.1357830302965559
2   2.0000288478755306
2   2.0005645366297458
2   2.00180205295842
2   2.0000161380983306
2   2.1404773097932552
2   2.0001674376955907
2   2.8937538812770982

3   3
3   3.0000000000000004
3   3
3   2.9999999999999996
3   3
3   3.0000000000000004
3   2.9999999999999996

