0   -31.7345   0.0292534   0.112933   1.02742e-06   0.248173   0.10964   0.10964   0.248173   1.02742e-06   0.112933   0.0292534   
1   -41.1765   0.0157266   0.0377898   0.089243   0.155168   0.202073   0.202073   0.155168   0.089243   0.0377898   0.0157266   
2   -41.855   0.014596   0.0374706   0.0917168   0.154785   0.201432   0.201432   0.154785   0.0917168   0.0374706   0.014596   
3   -41.9496   0.0204497   0.0448445   0.101487   0.147256   0.185963   0.185963   0.147256   0.101487   0.0448445   0.0204497   
4   -41.8667   0.0203775   0.048274   0.103097   0.148433   0.179819   0.179819   0.148433   0.103097   0.048274   0.0203775   
5   -41.8667   0.0203775   0.048274   0.103097   0.148433   0.179819   0.179819   0.148433   0.103097   0.048274   0.0203775   
6   -41.9496   0.0204497   0.0448445   0.101487   0.147256   0.185963   0.185963   0.147256   0.101487   0.0448445   0.0204497   
7   -41.855   0.014596   0.0374706   0.0917168   0.154785   0.201432   0.201432   0.154785   0.0917168   0.0374706   0.014596   
8   -41.1765   0.0157266   0.0377898   0.089243   0.155168   0.202073   0.202073   0.155168   0.089243   0.0377898   0.0157266   
9   -31.7345   0.0292534   0.112933   1.02742e-06   0.248173   0.10964   0.10964   0.248173   1.02742e-06   0.112933   0.0292534   
