-2   2
-2   2
-2   1.9999999999999996
-2   2
-2   2

-1   1.3537642567245509
-1   1.1891837766225406
-1   1.0619921479528664
-1   1.6455917978425609
-1   1.1784571380381581
-1   1.3047416331924597
-1   1.2999197202732669
-1   1.2119280400196188
-1   1.3915283082119567
-1   1.4070785683898008
-1   1.4446936106591581
-1   1.280989203168208
-1   1.005673730054444
-1   1.3446656554270626
-1   1.231347395334168
-1   1.4657052773406609
-1   1.3782759730188381
-1   1.2157317651051882
-1   1.0538850829234934
-1   1.4585476031388365

0   0.95071328612047279
0   1.0000000000000002
0   0.99999999999999867
0   1.3107985837345488
0   0.45740818877690992
0   0.99999999999999978
0   1.0508128132992316
0   0.99999999999999978
0   1.0000000000000009
0   0.60499252899960765
0   1.0000000000000002
0   1.0000000000000007
0   1.5808066622379529
0   1.0000000000000002
0   1.3107985837345517
0   1.0000000000000007
0   0.63055092051353245
0   1.0000000000000002
0   1.143342607263629
0   0.99999999999999978
0   0.99999999999999956
0   0.60499252899960565
0   0.99999999999999978
0   1.1473690906968035
0   0.99999999999999978
0   0.26988950968415404
0   1.0000000000000013
0   1.0000000000000002
0   0.99999999999999933
0   1.2912980453298626

1   1.353764256724552
1   1.189183776622541
1   1.0619921479528662
1   1.64559179784256
1   1.1784571380381563
1   1.3047416331924595
1   1.2999197202732689
1   1.2119280400196191
1   1.3915283082119569
1   1.4070785683898022
1   1.4446936106591599
1   1.2809892031682089
1   1.005673730054444
1   1.3446656554270631
1   1.2313473953341667
1   1.4657052773406605
1   1.3782759730188399
1   1.2157317651051887
1   1.0538850829234931
1   1.4585476031388358

2   2
2   2
2   1.9999999999999996
2   2
2   2

