-2.5   2.5000000000000004
-2.5   2.5
-2.5   2.5000000000000004
-2.5   2.4999999999999996
-2.5   2.5000000000000004
-2.5   2.5

-1.5   1.5034646740618456
-1.5   1.5202460825352704
-1.5   1.5585830889581875
-1.5   1.5391367555451452
-1.5   2.3323915954202836
-1.5   1.6334670150763242
-1.5   2.3628900347116852
-1.5   1.6752025719214645
-1.5   1.5002730781076865
-1.5   1.5334810416463607
-1.5   1.5321379690804102
-1.5   1.542057509811408
-1.5   1.5075368633061661
-1.5   2.213209538087503
-1.5   2.0797517682130042
-1.5   1.8014952168427203
-1.5   1.9833959037435696
-1.5   1.5036840248626291
-1.5   1.520134137633212
-1.5   1.5077817852111361
-1.5   1.5015140556318909
-1.5   1.6289039657954558
-1.5   2.3930919579849532
-1.5   1.5001746242510032
-1.5   1.5065542136701242
-1.5   1.5060009144112625
-1.5   1.5001361959150046
-1.5   1.6964922313379103
-1.5   1.5003002512431856
-1.5   2.3544638288534512

-0.5   0.66904800908339701
-0.5   0.60824041771156323
-0.5   1.3669272183090693
-0.5   1.4149625874669201
-0.5   0.65520910065045501
-0.5   0.78840398780372301
-0.5   1.1928373595325359
-0.5   1.3882042405283914
-0.5   1.6479976719614347
-0.5   0.9961377145005792
-0.5   1.4151634668628243
-0.5   1.3007388679653595
-0.5   1.1936111941716563
-0.5   1.6877677004852289
-0.5   1.4758604938572668
-0.5   1.7723738028561931
-0.5   1.4436913569977592
-0.5   0.7777926418022798
-0.5   0.62237011022326039
-0.5   1.4209427992428789
-0.5   0.6282751127159063
-0.5   1.452463851073001
-0.5   0.63913365663100263
-0.5   1.1189056255708776
-0.5   1.1604643055144561
-0.5   1.4603082295110779
-0.5   1.2013354945750705
-0.5   1.189204147843248
-0.5   1.9198469358064081
-0.5   1.3691957192358415
-0.5   1.4396819509268388
-0.5   2.3014014150593582
-0.5   0.78959859553050071
-0.5   1.4617815437878281
-0.5   0.56015154865562344
-0.5   1.4953807170927906
-0.5   1.4685463452829937
-0.5   0.54933400173898916
-0.5   0.89346413157802362
-0.5   1.2034671008377837
-0.5   0.84879858083868553
-0.5   1.3323452102381124
-0.5   0.98057548299177966
-0.5   1.9933079156017364
-0.5   1.421212569593592
-0.5   1.1665107497377347
-0.5   0.56911299572960705
-0.5   0.50927468208088866
-0.5   0.56100822063084066
-0.5   0.58492723318456297
-0.5   1.381799228611964
-0.5   0.69654084559257279
-0.5   1.4263399062478781
-0.5   0.67108804750973894
-0.5   0.89717270739467225
-0.5   0.74949428846398547
-0.5   1.3461730353385182
-0.5   1.4938246523207344
-0.5   1.3869641662015535
-0.5   2.3639737253791271

0.5   0.66904800908339257
0.5   0.60824041771156434
0.5   1.366927218309075
0.5   1.4149625874669158
0.5   0.65520910065045546
0.5   0.78840398780372056
0.5   1.1928373595325357
0.5   1.3882042405283954
0.5   1.6479976719614258
0.5   0.99613771450057675
0.5   1.4151634668628326
0.5   1.3007388679653609
0.5   1.1936111941716534
0.5   1.6877677004852307
0.5   1.4758604938572701
0.5   1.7723738028561935
0.5   1.4436913569977599
0.5   0.7777926418022798
0.5   0.62237011022326127
0.5   1.4209427992428791
0.5   0.62827511271590764
0.5   1.4524638510730001
0.5   0.63913365663100241
0.5   1.1189056255708765
0.5   1.1604643055144566
0.5   1.4603082295110779
0.5   1.2013354945750703
0.5   1.1892041478432469
0.5   1.9198469358064085
0.5   1.369195719235843
0.5   1.4396819509268399
0.5   2.3014014150593596
0.5   0.78959859553050071
0.5   1.4617815437878265
0.5   0.560151548655623
0.5   1.495380717092792
0.5   1.4685463452829925
0.5   0.54933400173899116
0.5   0.8934641315780163
0.5   1.2034671008377817
0.5   0.84879858083868331
0.5   1.3323452102381179
0.5   0.98057548299178099
0.5   1.9933079156017373
0.5   1.421212569593594
0.5   1.1665107497377385
0.5   0.56911299572960505
0.5   0.509274682080888
0.5   0.5610082206308411
0.5   0.58492723318456208
0.5   1.3817992286119711
0.5   0.69654084559255613
0.5   1.426339906247877
0.5   0.67108804750973405
0.5   0.89717270739467803
0.5   0.74949428846398169
0.5   1.3461730353385153
0.5   1.4938246523207332
0.5   1.3869641662015522
0.5   2.3639737253791315

1.5   1.5034646740618456
1.5   1.5202460825352699
1.5   1.5585830889581933
1.5   1.5391367555451461
1.5   2.3323915954202787
1.5   1.6334670150763242
1.5   2.3628900347116848
1.5   1.6752025719214663
1.5   1.5002730781076865
1.5   1.5334810416463611
1.5   1.5321379690804102
1.5   1.542057509811408
1.5   1.5075368633061657
1.5   2.2132095380875021
1.5   2.0797517682130042
1.5   1.8014952168427194
1.5   1.9833959037435691
1.5   1.5036840248626304
1.5   1.520134137633212
1.5   1.5077817852111361
1.5   1.5015140556318909
1.5   1.6289039657954576
1.5   2.3930919579849568
1.5   1.5001746242510041
1.5   1.5065542136701242
1.5   1.506000914411262
1.5   1.5001361959150041
1.5   1.6964922313379089
1.5   1.500300251243186
1.5   2.3544638288534521

2.5   2.5000000000000004
2.5   2.5
2.5   2.5000000000000004
2.5   2.4999999999999996
2.5   2.5000000000000004
2.5   2.5

