-3.5   3.5000000000000009
-3.5   3.4999999999999996
-3.5   3.4999999999999996
-3.5   3.5
-3.5   3.5
-3.5   3.5
-3.5   3.5
-3.5   3.5

-2.5   2.5001188798130016
-2.5   2.5001357929996049
-2.5   2.5020736225473486
-2.5   2.5081364767730685
-2.5   2.507675701917274
-2.5   2.5886752783585605
-2.5   3.368571101407702
-2.5   2.846038687228583
-2.5   3.181837540346641
-2.5   2.5036173312295449
-2.5   2.5690061533848274
-2.5   2.5214673572258346
-2.5   2.5093149252985625
-2.5   2.5018341552072227
-2.5   2.5011372984939046
-2.5   2.510736172619354
-2.5   3.0691192937761023
-2.5   2.508584162830092
-2.5   3.0970971271135954
-2.5   2.5050325079817557
-2.5   2.5672968702274144
-2.5   2.6970712753417478
-2.5   2.8752128388786642
-2.5   2.7695550290294069
-2.5   2.5035951302615129
-2.5   2.5704885049624204
-2.5   2.5205476897406243
-2.5   2.5004401619178962
-2.5   2.5024239798204895
-2.5   2.5001089459904988
-2.5   3.4596921956283793
-2.5   2.5006076552810996
-2.5   2.5289961859050756
-2.5   2.5043906429602614
-2.5   2.5010195724834854
-2.5   3.4876989181868501
-2.5   2.5000352794670109
-2.5   2.5026770545729495
-2.5   2.5001250861169617
-2.5   2.5087934257380784
-2.5   2.5000510292631213
-2.5   2.5006504697626006
-2.5   2.5014219826724848
-2.5   2.5001158750536394
-2.5   2.5001065435757925
-2.5   2.7318893524923897
-2.5   3.3130051384260177
-2.5   2.500043630686978
-2.5   2.5004160379008793
-2.5   2.5000765643015535
-2.5   2.5000592412383682
-2.5   2.5004787461919773
-2.5   2.5000215519016704
-2.5   2.6302791478087593
-2.5   2.5001333229893339
-2.5   3.3983490060888384

-1.5   1.5023798783364044
-1.5   1.5052652899504513
-1.5   1.687810366703915
-1.5   1.5156887116084778
-1.5   2.3590329862491517
-1.5   1.5598655463251054
-1.5   1.512624367719273
-1.5   2.4330526658202323
-1.5   1.5077850108859367
-1.5   2.3341436105554347
-1.5   1.684947525423369
-1.5   1.5569970542348166
-1.5   1.5288753519279337
-1.5   1.5332474003595347
-1.5   1.5767547266468158
-1.5   2.4570214967811115
-1.5   1.6803866789818591
-1.5   1.8267564021461338
-1.5   2.0518194009863504
-1.5   1.9676740199384368
-1.5   1.9107669496232305
-1.5   1.8401556993930432
-1.5   1.5428506087985294
-1.5   3.2787866795411404
-1.5   1.8761816079175837
-1.5   2.5199902911143637
-1.5   2.0515922122082944
-1.5   2.1933053214849321
-1.5   2.497641484630496
-1.5   2.287279562365645
-1.5   1.7510819622548404
-1.5   1.8845040010823251
-1.5   1.9849106835817629
-1.5   2.1472711004067859
-1.5   2.2502089048615312
-1.5   1.6311334205450589
-1.5   2.3942826398468293
-1.5   1.5731058918106018
-1.5   1.5466178036500096
-1.5   1.5090343698134925
-1.5   1.5237871425986405
-1.5   2.4678970690330306
-1.5   1.5211115957061772
-1.5   1.5519204109682634
-1.5   2.4204340322737266
-1.5   1.5635825879082379
-1.5   2.4020327028804012
-1.5   1.5980987939467637
-1.5   1.5032781329906113
-1.5   1.569045621739837
-1.5   1.9519966395679145
-1.5   1.9512060286278659
-1.5   1.5364346196474332
-1.5   1.9730096545458187
-1.5   1.9766000416974516
-1.5   1.5316105206878414
-1.5   2.0564957841117497
-1.5   2.0488865083335992
-1.5   2.3869325962958658
-1.5   2.0571422427502939
-1.5   2.0926422938813003
-1.5   2.1710392926078219
-1.5   2.6292378524328872
-1.5   2.4049359228196039
-1.5   1.847270431289652
-1.5   1.862544743698777
-1.5   2.1049511762156006
-1.5   2.1924888962778217
-1.5   2.0687899254720361
-1.5   2.1957388141337613
-1.5   2.0615320593478788
-1.5   2.29304878720089
-1.5   2.2500420388825888
-1.5   2.0103340184380509
-1.5   1.5085124438483462
-1.5   1.5195092812631685
-1.5   1.5338094823720074
-1.5   1.5044915614899361
-1.5   1.5315346545325523
-1.5   1.6028532003026754
-1.5   2.2950243760708537
-1.5   1.8278727574056037
-1.5   1.9818911661487109
-1.5   2.1015613840181828
-1.5   1.9390806946349661
-1.5   2.3818733846223976
-1.5   2.2421388103181683
-1.5   1.5579935865444612
-1.5   1.5210412776833806
-1.5   3.0724906572354094
-1.5   2.2762888391089775
-1.5   2.0923651655794022
-1.5   1.5406321810235934
-1.5   1.7664535780409758
-1.5   2.4104643041220117
-1.5   1.57882021248242
-1.5   2.2652357240955889
-1.5   1.8151644658484383
-1.5   2.4062330843122428
-1.5   1.5711129667654795
-1.5   1.5304636053886784
-1.5   1.7179883705554966
-1.5   2.8716686007339067
-1.5   2.3086155457723687
-1.5   1.5175209064650605
-1.5   2.4150446366893528
-1.5   1.5224009288767357
-1.5   1.5261030496870935
-1.5   2.4303329173532293
-1.5   1.99779509615886
-1.5   1.9447844828549394
-1.5   2.1108791867307057
-1.5   2.0869670416479433
-1.5   1.6264655813430182
-1.5   1.503570884749911
-1.5   1.5133536288727982
-1.5   1.5068090594921162
-1.5   1.5070519691447872
-1.5   1.5072122048695502
-1.5   1.7500465508754521
-1.5   1.7332700454369148
-1.5   1.5662200045015302
-1.5   2.3212987706818775
-1.5   2.2615319263695022
-1.5   1.5073251668078114
-1.5   1.583493345254201
-1.5   2.0149510398790849
-1.5   1.9444761234634562
-1.5   2.0693187852936354
-1.5   2.0939405414832781
-1.5   1.5115150729827289
-1.5   1.5072570316997767
-1.5   1.5116022257760457
-1.5   1.9653491971012236
-1.5   1.9212008893843637
-1.5   1.8732078578242302
-1.5   1.9949675394794832
-1.5   1.5640846196802309
-1.5   2.081302677971542
-1.5   3.3244711386641423
-1.5   2.4843822852567463
-1.5   1.5035426458100152
-1.5   1.6403422922811677
-1.5   1.5101478743340446
-1.5   1.5026398763572004
-1.5   1.5216033670818101
-1.5   1.5080053877686956
-1.5   1.5947157408492303
-1.5   1.5043452298584241
-1.5   2.4143720299983156
-1.5   1.5091099304138207
-1.5   2.489819815447698
-1.5   1.5025618836662131
-1.5   1.5657834876545209
-1.5   1.5432440246837533
-1.5   1.5022502558588422
-1.5   1.5575353390520976
-1.5   2.1639476134704161
-1.5   1.8877682340298803
-1.5   1.6848163417229589
-1.5   1.6953651480417706
-1.5   1.735067033280576
-1.5   2.2145570210082877
-1.5   1.7218222713442093
-1.5   2.455784689980034
-1.5   2.459198539784508
-1.5   2.3600414978547901
-1.5   3.3666249694897687

-0.5   0.57286473170850871
-0.5   0.67130314777841105
-0.5   1.2193904416303833
-0.5   0.95749486707958886
-0.5   0.99263143232868711
-0.5   0.91291486163183277
-0.5   1.3553416136527472
-0.5   1.4179462523015425
-0.5   1.2657151512911931
-0.5   2.3257676562192287
-0.5   1.1738570641105446
-0.5   1.0434231587242069
-0.5   1.475783758732659
-0.5   2.4075233087737686
-0.5   0.65681975958006689
-0.5   1.4688527800821658
-0.5   1.2806861994271703
-0.5   0.68905834133851784
-0.5   0.55770881117575821
-0.5   2.1182357039153281
-0.5   1.4103489891115741
-0.5   1.2762042670765177
-0.5   0.98354002057169065
-0.5   0.60354428717476294
-0.5   1.1372717313670004
-0.5   1.4817306219284443
-0.5   1.3050867739560998
-0.5   1.2701175586698501
-0.5   0.6057128585174878
-0.5   1.7674103190832029
-0.5   1.422446245909323
-0.5   1.907003866421821
-0.5   0.99152596159019701
-0.5   1.7705386029621559
-0.5   1.9102962225735243
-0.5   2.1013093131516096
-0.5   1.1076047571502174
-0.5   1.7343630902367249
-0.5   2.0722301938141903
-0.5   1.5732772991269841
-0.5   1.5728939809800542
-0.5   1.9753199197212306
-0.5   1.3978048055513923
-0.5   1.9482605626187448
-0.5   1.2867704156125006
-0.5   2.7641124217722428
-0.5   2.023482246206683
-0.5   1.5855736056515894
-0.5   1.4582066332417971
-0.5   1.8354272850478517
-0.5   1.8254171321938442
-0.5   1.6643046314935042
-0.5   1.7761007944350431
-0.5   1.4879497524317684
-0.5   1.3680461581396426
-0.5   1.6691427223164368
-0.5   1.9735306607903977
-0.5   1.3368309016254498
-0.5   1.8763834233894219
-0.5   1.108945809879613
-0.5   2.3013832547415185
-0.5   0.70467112726530945
-0.5   1.060759138936755
-0.5   1.3881293402713364
-0.5   0.73781570660320472
-0.5   1.1939541802209057
-0.5   0.85488968863028703
-0.5   1.4415459814820069
-0.5   1.3418125576897522
-0.5   1.6448750204649212
-0.5   1.4138198899915881
-0.5   0.59835649112853284
-0.5   1.8359084710664462
-0.5   1.3927531110674669
-0.5   1.6549036005418669
-0.5   1.332334290995534
-0.5   1.9803677824784249
-0.5   1.2655541705260762
-0.5   2.0310438482829891
-0.5   1.0524960373413339
-0.5   1.02917624897529
-0.5   1.2785371102930922
-0.5   1.330680581157164
-0.5   1.4774844080767673
-0.5   0.66157471582692651
-0.5   1.4997589739656065
-0.5   1.5000666377673335
-0.5   1.1377438303316214
-0.5   0.83238355056669411
-0.5   1.1854361755939957
-0.5   1.4107600994196234
-0.5   1.4111373905039772
-0.5   1.3940657945465882
-0.5   1.850236285738557
-0.5   1.8859132205085674
-0.5   0.78560140356536823
-0.5   2.0828888945374437
-0.5   1.1839423097865089
-0.5   1.5073667117530705
-0.5   1.7145304853332579
-0.5   1.7602338256582151
-0.5   1.6843845567476361
-0.5   1.8771376247152429
-0.5   1.714174551447424
-0.5   1.549944055916987
-0.5   1.8880171723126313
-0.5   1.9775898770042297
-0.5   1.6557148234212509
-0.5   1.7512848130015484
-0.5   2.1816670238811628
-0.5   2.0008613226174701
-0.5   1.5114164804297876
-0.5   1.6832190478945526
-0.5   1.6426946552773605
-0.5   1.2910669662308032
-0.5   1.4708523855145885
-0.5   2.0241219896957845
-0.5   2.0888970789344903
-0.5   2.2517734155461455
-0.5   1.9252522557235636
-0.5   2.1869728456938877
-0.5   0.56427255333387971
-0.5   0.60686255143755252
-0.5   1.135713657556793
-0.5   1.0366821228978398
-0.5   1.487596725077456
-0.5   0.5677042029486643
-0.5   0.67697262241225609
-0.5   1.435610801601767
-0.5   1.478412748339516
-0.5   1.4949290926784451
-0.5   1.5024252509941536
-0.5   1.4150093686144953
-0.5   2.128808028765063
-0.5   1.3276550943468499
-0.5   1.1431012404697245
-0.5   2.4165128048781397
-0.5   1.3624025419862702
-0.5   1.4537956632912581
-0.5   1.3935739919674979
-0.5   1.9919976203642342
-0.5   2.2733520312810396
-0.5   1.4643572488558614
-0.5   0.99108577284688537
-0.5   1.3258997661013308
-0.5   1.4983878105878836
-0.5   1.4085451702109115
-0.5   3.0807366307629955
-0.5   1.0981936413146045
-0.5   1.4761463115103259
-0.5   1.9774397954143295
-0.5   1.5999365119805908
-0.5   1.5781869760862204
-0.5   0.9336113548751046
-0.5   2.0322314140345918
-0.5   0.85189290463301748
-0.5   1.4049019201815058
-0.5   1.1701420368214459
-0.5   1.1223970454287528
-0.5   2.3255602343216073
-0.5   0.88534152664289567
-0.5   2.2915474727654264
-0.5   0.82482995158708938
-0.5   1.4722438713560391
-0.5   1.772734729593596
-0.5   1.8379276641641984
-0.5   1.4694217154408493
-0.5   0.76341782927828716
-0.5   0.77666647276499745
-0.5   1.3762090825500766
-0.5   3.0065651883331181
-0.5   1.7133383556493502
-0.5   1.417826200090555
-0.5   1.5022044736858788
-0.5   1.5680002565458868
-0.5   1.3753938312101968
-0.5   2.3256189061612873
-0.5   1.6726570436203971
-0.5   1.7169473363271646
-0.5   1.2964631122157348
-0.5   1.3318580794694905
-0.5   1.7108787079909744
-0.5   1.7435292836130891
-0.5   0.85633505181360925
-0.5   0.88366462144785629
-0.5   1.4614428043506742
-0.5   0.55965058246997601
-0.5   0.82141916212586352
-0.5   1.4880787127592321
-0.5   1.3560422877132416
-0.5   1.4922810598117078
-0.5   0.57773270881179117
-0.5   0.56472855417458345
-0.5   1.285883572036874
-0.5   1.4281946215518191
-0.5   0.87390843102646332
-0.5   0.65746526578519981
-0.5   1.7454012115539501
-0.5   1.9309459922905878
-0.5   1.6457754943345737
-0.5   2.1128145208732301
-0.5   2.1456371463032671
-0.5   1.4289765510229622
-0.5   0.61555074221007877
-0.5   0.61106618938817747
-0.5   0.65034481990183934
-0.5   1.4726975632021686
-0.5   0.53554744377216812
-0.5   0.80201315908518289
-0.5   1.4985994313584388
-0.5   1.8529652296841785
-0.5   2.1810222893748628
-0.5   1.5088583957976427
-0.5   1.4866985809119575
-0.5   0.97277820079430266
-0.5   1.46226157135616
-0.5   1.4137242844534361
-0.5   1.005411134725632
-0.5   0.68423712081583732
-0.5   1.2799811020309317
-0.5   0.51288133717945072
-0.5   0.52845052021745986
-0.5   0.57594746772401417
-0.5   0.66555855491709415
-0.5   1.2852619085012724
-0.5   1.1386263563379513
-0.5   0.94803002488872168
-0.5   1.7910384114775391
-0.5   2.3568147719860266
-0.5   2.3721584328383294
-0.5   1.7068530448687418
-0.5   1.5996758761955134
-0.5   2.417158398643013
-0.5   1.9174311382934972
-0.5   1.1539001270371467
-0.5   1.6777129743140358
-0.5   0.80135310329590959
-0.5   1.4022099186464929
-0.5   1.6210243049130444
-0.5   0.97661746009286987
-0.5   1.3280304553417972
-0.5   0.59681899561805296
-0.5   1.4516073176314421
-0.5   0.85263504553241631
-0.5   1.0230744300516068
-0.5   0.52278900525700922
-0.5   1.2393986401895594
-0.5   0.97541247388025942
-0.5   1.2846748870865956
-0.5   1.3805580910380801
-0.5   1.4883478760284632
-0.5   1.0625845982346673
-0.5   2.2518713975964317
-0.5   1.4792694256196803
-0.5   2.3355287395787347
-0.5   0.53192605967960449
-0.5   0.60580559185786331
-0.5   1.4741095637659407
-0.5   0.65374807325975093
-0.5   0.56617430810650493
-0.5   0.83777942634982883
-0.5   1.4958117495428775
-0.5   1.3788824332169021
-0.5   1.3555518477345705
-0.5   0.67296755074853287
-0.5   2.1333267418153286
-0.5   1.4807009566940688
-0.5   1.4231134214596719
-0.5   0.87106087036940383
-0.5   1.4940452898971972
-0.5   1.4079147012727122
-0.5   0.96105891247171105
-0.5   2.3163729318560522
-0.5   1.713268395616137
-0.5   1.5217071667147599
-0.5   2.3416175226701856
-0.5   1.5997658878710252
-0.5   2.463259326664339
-0.5   2.3607758476069125
-0.5   3.3519284290662936

0.5   0.57286473170848806
0.5   0.67130314777843969
0.5   1.2193904416303927
0.5   0.95749486707958065
0.5   0.9926314323286034
0.5   0.91291486163191982
0.5   1.3553416136527214
0.5   1.4179462523015376
0.5   1.2657151512912117
0.5   2.3257676562192366
0.5   1.1738570641106016
0.5   1.0434231587241565
0.5   1.4757837587326696
0.5   2.407523308773762
0.5   0.6568197595800942
0.5   1.4688527800821702
0.5   1.2806861994271463
0.5   0.6890583413385083
0.5   0.55770881117577553
0.5   2.1182357039154276
0.5   1.4103489891114425
0.5   1.2762042670765241
0.5   0.98354002057167267
0.5   0.60354428717474429
0.5   1.1372717313670921
0.5   1.4817306219284376
0.5   1.305086773956039
0.5   1.2701175586698614
0.5   0.60571285851770984
0.5   1.7674103190831429
0.5   1.4224462459093883
0.5   1.9070038664217401
0.5   0.99152596159005135
0.5   1.7705386029623988
0.5   1.9102962225736428
0.5   2.10130931315142
0.5   1.1076047571500733
0.5   1.7343630902367031
0.5   2.0722301938142489
0.5   1.5732772991269819
0.5   1.5728939809800946
0.5   1.9753199197212306
0.5   1.3978048055513592
0.5   1.9482605626187195
0.5   1.2867704156125308
0.5   2.7641124217722628
0.5   2.0234822462066857
0.5   1.5855736056515903
0.5   1.4582066332410861
0.5   1.8354272850484281
0.5   1.8254171321938206
0.5   1.6643046314935419
0.5   1.7761007944350653
0.5   1.4879497524317447
0.5   1.368046158139627
0.5   1.6691427223159878
0.5   1.9735306607903942
0.5   1.3368309016258826
0.5   1.8763834233894925
0.5   1.1089458098795961
0.5   2.3013832547415158
0.5   0.70467112726530101
0.5   1.0607591389367705
0.5   1.388129340271379
0.5   0.73781570660313678
0.5   1.1939541802209206
0.5   0.85488968863031234
0.5   1.4415459814819682
0.5   1.3418125576897466
0.5   1.6448750204649536
0.5   1.4138198899915972
0.5   0.59835649112853351
0.5   1.8359084710664222
0.5   1.3927531110674782
0.5   1.654903600541854
0.5   1.3323342909955289
0.5   1.9803677824784174
0.5   1.2655541705260749
0.5   2.0310438482830113
0.5   1.0524960373413306
0.5   1.0291762489753018
0.5   1.2785371102930461
0.5   1.3306805811571671
0.5   1.4774844080767653
0.5   0.6615747158269305
0.5   1.4997589739656023
0.5   1.5000666377673317
0.5   1.1377438303316227
0.5   0.83238355056670699
0.5   1.1854361755939948
0.5   1.4107600994196057
0.5   1.4111373905039544
0.5   1.3940657945465942
0.5   1.8502362857385535
0.5   1.8859132205085749
0.5   0.78560140356535579
0.5   2.0828888945374322
0.5   1.183942309786536
0.5   1.5073667117530656
0.5   1.7145304853332539
0.5   1.7602338256582351
0.5   1.684384556747629
0.5   1.8771376247152327
0.5   1.714174551447408
0.5   1.5499440559169915
0.5   1.8880171723126362
0.5   1.9775898770042382
0.5   1.6557148234212309
0.5   1.7512848130015395
0.5   2.1816670238811615
0.5   2.0008613226172365
0.5   1.5114164804298253
0.5   1.6832190478948061
0.5   1.642694655277352
0.5   1.2910669662308236
0.5   1.4708523855145483
0.5   2.0241219896959421
0.5   2.0888970789343513
0.5   2.2517734155461784
0.5   1.9252522557235761
0.5   2.1869728456938811
0.5   0.56427255333387794
0.5   0.60686255143755097
0.5   1.1357136575568971
0.5   1.0366821228977379
0.5   1.4875967250774533
0.5   0.56770420294866275
0.5   0.67697262241219947
0.5   1.4356108016017981
0.5   1.4784127483395142
0.5   1.4949290926784409
0.5   1.5024252509941451
0.5   1.4150093686144922
0.5   2.1288080287650653
0.5   1.3276550943468448
0.5   1.1431012404697249
0.5   2.4165128048781384
0.5   1.3624025419862786
0.5   1.4537956632912601
0.5   1.3935739919674819
0.5   1.9919976203642427
0.5   2.2733520312810449
0.5   1.4643572488558616
0.5   0.99108577284688026
0.5   1.3258997661013459
0.5   1.4983878105878774
0.5   1.4085451702109171
0.5   3.0807366307629835
0.5   1.0981936413146334
0.5   1.476146311510327
0.5   1.9774397954143268
0.5   1.5999365119805886
0.5   1.5781869760862084
0.5   0.93361135487509084
0.5   2.0322314140345954
0.5   0.85189290463301282
0.5   1.4049019201815087
0.5   1.1701420368214426
0.5   1.1223970454287622
0.5   2.3255602343216153
0.5   0.88534152664288945
0.5   2.2915474727654175
0.5   0.82482995158708694
0.5   1.4722438713560395
0.5   1.7727347295936053
0.5   1.837927664164186
0.5   1.4694217154408251
0.5   0.76341782927828916
0.5   0.77666647276500544
0.5   1.3762090825500786
0.5   3.0065651883331181
0.5   1.7133383556493547
0.5   1.417826200090553
0.5   1.5022044736858815
0.5   1.5680002565458921
0.5   1.3753938312102045
0.5   2.3256189061612829
0.5   1.6726570436203771
0.5   1.7169473363272219
0.5   1.2964631122156587
0.5   1.3318580794695145
0.5   1.7108787079909735
0.5   1.743529283613082
0.5   0.85633505181360525
0.5   0.88366462144785829
0.5   1.4614428043506802
0.5   0.55965058246997845
0.5   0.82141916212590016
0.5   1.4880787127592312
0.5   1.3560422877132134
0.5   1.4922810598117104
0.5   0.57773270881179184
0.5   0.56472855417459611
0.5   1.2858835720368569
0.5   1.4281946215518388
0.5   0.87390843102647375
0.5   0.65746526578516695
0.5   1.7454012115539461
0.5   1.9309459922905514
0.5   1.6457754943345306
0.5   2.1128145208732612
0.5   2.1456371463032986
0.5   1.4289765510229655
0.5   0.6155507422100901
0.5   0.61106618938819723
0.5   0.65034481990182735
0.5   1.4726975632021766
0.5   0.53554744377217145
0.5   0.80201315908524484
0.5   1.4985994313586322
0.5   1.8529652296840196
0.5   2.1810222893748104
0.5   1.5088583957976893
0.5   1.4866985809119326
0.5   0.97277820079427957
0.5   1.4622615713561693
0.5   1.413724284453435
0.5   1.0054111347256836
0.5   0.68423712081583754
0.5   1.2799811020308896
0.5   0.5128813371794525
0.5   0.52845052021746675
0.5   0.57594746772400507
0.5   0.66555855491710525
0.5   1.2852619085012142
0.5   1.1386263563379981
0.5   0.94803002488885535
0.5   1.7910384114774698
0.5   2.3568147719859751
0.5   2.372158432838241
0.5   1.7068530448687635
0.5   1.5996758761955268
0.5   2.4171583986430796
0.5   1.9174311382934794
0.5   1.1539001270368443
0.5   1.6777129743144212
0.5   0.80135310329594001
0.5   1.4022099186463886
0.5   1.6210243049130741
0.5   0.97661746009291739
0.5   1.3280304553417908
0.5   0.59681899561808049
0.5   1.4516073176314064
0.5   0.85263504553245917
0.5   1.0230744300516048
0.5   0.52278900525701433
0.5   1.2393986401895516
0.5   0.97541247388017838
0.5   1.2846748870866067
0.5   1.3805580910381681
0.5   1.4883478760284674
0.5   1.0625845982345523
0.5   2.2518713975964753
0.5   1.4792694256196688
0.5   2.3355287395787356
0.5   0.53192605967961093
0.5   0.60580559185790728
0.5   1.4741095637659238
0.5   0.65374807325981199
0.5   0.56617430810639635
0.5   0.83777942634986369
0.5   1.4958117495428744
0.5   1.3788824332168772
0.5   1.3555518477346156
0.5   0.67296755074856929
0.5   2.133326741815174
0.5   1.4807009566940412
0.5   1.423113421459804
0.5   0.87106087036941315
0.5   1.4940452898972416
0.5   1.4079147012728033
0.5   0.96105891247169573
0.5   2.3163729318558448
0.5   1.7132683956163199
0.5   1.5217071667147093
0.5   2.3416175226702407
0.5   1.5997658878710137
0.5   2.4632593266643297
0.5   2.3607758476069303
0.5   3.3519284290663038

1.5   1.5023798783364035
1.5   1.5052652899504522
1.5   1.6878103667038955
1.5   1.5156887116084765
1.5   2.3590329862491775
1.5   1.5598655463250877
1.5   1.512624367719269
1.5   2.4330526658202491
1.5   1.5077850108859336
1.5   2.3341436105554481
1.5   1.6849475254233588
1.5   1.5569970542348157
1.5   1.5288753519279323
1.5   1.5332474003595356
1.5   1.5767547266468149
1.5   2.4570214967811088
1.5   1.6803866789818689
1.5   1.8267564021461205
1.5   2.0518194009863477
1.5   1.9676740199384364
1.5   1.910766949623238
1.5   1.8401556993930326
1.5   1.5428506087985294
1.5   3.2787866795411547
1.5   1.876181607917534
1.5   2.519990291114317
1.5   2.0515922122082464
1.5   2.1933053214849338
1.5   2.4976414846305985
1.5   2.2872795623656699
1.5   1.751081962254835
1.5   1.8845040010823393
1.5   1.9849106835817101
1.5   2.1472711004067944
1.5   2.2502089048615415
1.5   1.6311334205450523
1.5   2.3942826398468275
1.5   1.5731058918106036
1.5   1.5466178036500065
1.5   1.5090343698134947
1.5   1.5237871425986369
1.5   2.4678970690330329
1.5   1.5211115957061794
1.5   1.5519204109682589
1.5   2.4204340322737266
1.5   1.5635825879082415
1.5   2.4020327028803994
1.5   1.5980987939467601
1.5   1.5032781329906104
1.5   1.5690456217398414
1.5   1.9519966395679131
1.5   1.9512060286278712
1.5   1.5364346196474306
1.5   1.973009654545816
1.5   1.9766000416974543
1.5   1.5316105206878383
1.5   2.0564957841117502
1.5   2.0488865083336063
1.5   2.386932596295853
1.5   2.0571422427502917
1.5   2.0926422938813136
1.5   2.1710392926078219
1.5   2.6292378524329085
1.5   2.4049359228195919
1.5   1.8472704312896635
1.5   1.8625447436987557
1.5   2.1049511762156081
1.5   2.192488896277784
1.5   2.0687899254719917
1.5   2.1957388141336809
1.5   2.0615320593479987
1.5   2.2930487872009118
1.5   2.2500420388825906
1.5   2.0103340184380531
1.5   1.5085124438483466
1.5   1.5195092812631681
1.5   1.5338094823720074
1.5   1.5044915614899361
1.5   1.531534654532555
1.5   1.6028532003026825
1.5   2.2950243760708453
1.5   1.8278727574056064
1.5   1.9818911661486887
1.5   2.1015613840182015
1.5   1.9390806946349661
1.5   2.381873384622359
1.5   2.242138810318171
1.5   1.5579935865445087
1.5   1.5210412776833802
1.5   3.0724906572354014
1.5   2.2762888391089864
1.5   2.092365165579408
1.5   1.5406321810235859
1.5   1.7664535780409696
1.5   2.4104643041220126
1.5   1.5788202124824222
1.5   2.2652357240955707
1.5   1.8151644658484574
1.5   2.4062330843122379
1.5   1.5711129667654848
1.5   1.5304636053886806
1.5   1.717988370555521
1.5   2.8716686007339112
1.5   2.3086155457723527
1.5   1.5175209064650619
1.5   2.4150446366893434
1.5   1.5224009288767322
1.5   1.5261030496870922
1.5   2.4303329173532258
1.5   1.9977950961588831
1.5   1.9447844828549314
1.5   2.1108791867307084
1.5   2.0869670416479185
1.5   1.6264655813430253
1.5   1.503570884749911
1.5   1.5133536288728
1.5   1.5068090594921157
1.5   1.5070519691447859
1.5   1.5072122048695502
1.5   1.7500465508754544
1.5   1.7332700454369396
1.5   1.5662200045015413
1.5   2.3212987706818597
1.5   2.2615319263694982
1.5   1.5073251668078109
1.5   1.5834933452541824
1.5   2.014951039879084
1.5   1.9444761234634984
1.5   2.0693187852936497
1.5   2.0939405414832568
1.5   1.5115150729827174
1.5   1.507257031699778
1.5   1.5116022257760457
1.5   1.965349197101224
1.5   1.921200889384362
1.5   1.8732078578242195
1.5   1.994967539479485
1.5   1.5640846196809948
1.5   2.0813026779709274
1.5   3.3244711386641472
1.5   2.4843822852567472
1.5   1.5035426458100174
1.5   1.6403422922811535
1.5   1.5101478743340473
1.5   1.5026398763571995
1.5   1.521603367081815
1.5   1.5080053877686943
1.5   1.5947157408491677
1.5   1.5043452298584201
1.5   2.414372029998352
1.5   1.5091099304138207
1.5   2.4898198154476892
1.5   1.5025618836662118
1.5   1.565783487654528
1.5   1.5432440246837631
1.5   1.50225025585884
1.5   1.5575353390520972
1.5   2.1639476134703979
1.5   1.8877682340299078
1.5   1.6848163417229332
1.5   1.695365148041704
1.5   1.7350670332805778
1.5   2.2145570210083561
1.5   1.7218222713442097
1.5   2.4557846899800206
1.5   2.45919853978452
1.5   2.3600414978547928
1.5   3.3666249694897554

2.5   2.5001188798130007
2.5   2.5001357929996058
2.5   2.5020736225473494
2.5   2.5081364767730685
2.5   2.5076757019172735
2.5   2.5886752783585547
2.5   3.3685711014077029
2.5   2.8460386872286327
2.5   3.1818375403465988
2.5   2.5036173312295489
2.5   2.5690061533848279
2.5   2.5214673572258328
2.5   2.5093149252985616
2.5   2.5018341552072227
2.5   2.5011372984939042
2.5   2.510736172619354
2.5   3.0691192937760983
2.5   2.5085841628300871
2.5   3.0970971271135976
2.5   2.5050325079817592
2.5   2.5672968702274193
2.5   2.6970712753417438
2.5   2.8752128388786478
2.5   2.7695550290294038
2.5   2.5035951302615191
2.5   2.5704885049624329
2.5   2.5205476897406247
2.5   2.5004401619178966
2.5   2.5024239798204899
2.5   2.5001089459904997
2.5   3.4596921956283815
2.5   2.5006076552810996
2.5   2.528996185905076
2.5   2.5043906429602614
2.5   2.5010195724834841
2.5   3.4876989181868479
2.5   2.50003527946701
2.5   2.5026770545729482
2.5   2.5001250861169622
2.5   2.5087934257380771
2.5   2.5000510292631213
2.5   2.5006504697626006
2.5   2.5014219826724862
2.5   2.5001158750536403
2.5   2.5001065435757939
2.5   2.7318893524923809
2.5   3.3130051384260315
2.5   2.5000436306869789
2.5   2.500416037900878
2.5   2.5000765643015521
2.5   2.5000592412383669
2.5   2.5004787461919769
2.5   2.50002155190167
2.5   2.6302791478087815
2.5   2.5001333229893339
2.5   3.3983490060888202

3.5   3.5000000000000009
3.5   3.4999999999999996
3.5   3.4999999999999996
3.5   3.5
3.5   3.5
3.5   3.5
3.5   3.5
3.5   3.5

