0   -29.6346   0.0293752   0.113079   1.20485e-06   0.248025   0.10952   0.10952   0.248025   1.20485e-06   0.113079   0.0293752   
1   -38.2618   0.0158253   0.0379838   0.089409   0.155071   0.201711   0.201711   0.155071   0.089409   0.0379838   0.0158253   
2   -38.803   0.0147839   0.0378777   0.0919324   0.154711   0.200695   0.200695   0.154711   0.0919324   0.0378777   0.0147839   
3   -38.8432   0.0208703   0.0450315   0.101694   0.146674   0.18573   0.18573   0.146674   0.101694   0.0450315   0.0208703   
4   -38.7267   0.0187727   0.0462096   0.100581   0.150496   0.183941   0.183941   0.150496   0.100581   0.0462096   0.0187727   
5   -38.7267   0.0187727   0.0462096   0.100581   0.150496   0.183941   0.183941   0.150496   0.100581   0.0462096   0.0187727   
6   -38.8432   0.0208703   0.0450315   0.101694   0.146674   0.18573   0.18573   0.146674   0.101694   0.0450315   0.0208703   
7   -38.803   0.0147839   0.0378777   0.0919324   0.154711   0.200695   0.200695   0.154711   0.0919324   0.0378777   0.0147839   
8   -38.2618   0.0158253   0.0379838   0.089409   0.155071   0.201711   0.201711   0.155071   0.089409   0.0379838   0.0158253   
9   -29.6346   0.0293752   0.113079   1.20485e-06   0.248025   0.10952   0.10952   0.248025   1.20485e-06   0.113079   0.0293752   
