-3   3.0000000000000009
-3   2.9999999999999996
-3   2.9999999999999996
-3   2.9999999999999996
-3   3
-3   3.0000000000000009
-3   3.0000000000000004

-2   2.0000413213680597
-2   2.0025920619541457
-2   2.0035465697261969
-2   2.0066936903347785
-2   2.0192441945753195
-2   2.9244742268594934
-2   2.0040991302341533
-2   2.0846954399398379
-2   2.9070988521769796
-2   2.0088584438181187
-2   2.098771020029965
-2   2.0654595029631593
-2   2.0027745026882107
-2   2.3363736814424505
-2   2.0009766719489503
-2   2.0005476781173646
-2   2.1541067285419619
-2   2.5526097393621452
-2   2.0257613753769586
-2   2.0014762586105022
-2   2.9254959641654565
-2   2.0451923851429124
-2   2.0010235623670347
-2   2.0400462027591186
-2   2.0000017911226609
-2   2.9878734289678048
-2   2.0001658493077716
-2   2.0036551425235132
-2   2.0000802196669745
-2   2.0003298947123627
-2   2.0099760416866932
-2   2.0003066964189449
-2   2.9086238426931232
-2   2.0001483494096299
-2   2.1131462329993469
-2   2.0000207301563839
-2   2.0004146582548623
-2   2.0016592761655154
-2   2.0000148894746665
-2   2.1137272850142823
-2   2.0001169739036837
-2   2.9145557957309496

-1   1.0112989917621078
-1   1.108943011349365
-1   1.0117502185489613
-1   1.9219730286552932
-1   1.018312093646875
-1   1.9753752723313589
-1   1.022007079605008
-1   1.1590613778719003
-1   1.8953738714875481
-1   1.051768593689101
-1   1.1500940129182677
-1   1.5143148825359982
-1   1.8955253016625568
-1   1.6007645877634742
-1   2.1637125030675159
-1   2.0501239062567236
-1   1.4876405159207997
-1   1.226627265429175
-1   1.4741008758934286
-1   1.8164367364400791
-1   2.2029196086220475
-1   1.6804913562272747
-1   1.2490519484582383
-1   2.1152043634507396
-1   1.8403884848679941
-1   1.7383959150445443
-1   1.182917283955766
-1   1.0476958805399046
-1   1.0048992494024072
-1   1.9974131677872351
-1   1.0995421137069519
-1   1.48338937302398
-1   1.4832681692747318
-1   1.670380792475294
-1   1.7795101874939654
-1   1.9180092824795767
-1   1.5282496375560823
-1   1.3609569408098618
-1   1.5171327235143757
-1   1.6439770091954191
-1   1.7143800285306505
-1   1.2980231660992883
-1   1.7490757190026511
-1   1.8916758254826473
-1   1.029036215986163
-1   1.1478004391251515
-1   1.5845730764257717
-1   1.5672393911446574
-1   1.0581397988244774
-1   1.9015859532679218
-1   2.9076450118690524
-1   1.0515687737282136
-1   1.9184048539256495
-1   1.5206134222295615
-1   1.5020124505541337
-1   1.7740727487595644
-1   1.5992022594583637
-1   1.8949497622461888
-1   1.9633651086235533
-1   1.1495966997757596
-1   2.3898052084155896
-1   1.0045208975985067
-1   1.0676015003893906
-1   1.5303052075522858
-1   1.5762453258854991
-1   1.0273807600379101
-1   1.9598608090005651
-1   1.0059961364366676
-1   1.0328622441827726
-1   1.6200953323242859
-1   1.5774516296846754
-1   1.4357863232759629
-1   1.1940069749960966
-1   1.1472712592559615
-1   1.3718975239720064
-1   1.9670345539599952
-1   1.9719163196057661
-1   1.0641798906662445
-1   1.0158453251424386
-1   1.395076004731401
-1   1.7151439128194221
-1   1.8923367929322481
-1   2.3419414318111067
-1   1.0038461666220748
-1   1.3748155085957843
-1   1.8272841071964554
-1   1.017050117806257
-1   1.0085062479719351
-1   1.0042609857177303
-1   1.0126676455751134
-1   1.9915251825400677
-1   1.0410876962569617
-1   1.0150547164804702
-1   1.962905627232308
-1   1.0359981456852849
-1   1.0280500182762875
-1   1.1055188782351428
-1   1.656518030031024
-1   1.4018852369284647
-1   1.2293684957491176
-1   1.9314433129528954
-1   1.1674650673482569
-1   1.9817988342398105
-1   1.9065652567002953
-1   2.9032221603458286

0   0.02893748132841667
0   1.0044250671504309
0   0.50091753242238646
0   1.0030547864437294
0   1.0046015448983798
0   1.8343027402560663
0   1.0019949127025889
0   1.9872052372781726
0   1.0046545369504507
0   0.56944124440751365
0   0.05165746723734177
0   1.0029249546786119
0   1.0325004460899692
0   1.8143283260248091
0   0.041965548369807371
0   1.0100335201398927
0   1.3082131492721243
0   1.9786820703245636
0   1.2993127086692635
0   1.8186254487295832
0   1.0536191729062545
0   2.3532253593050179
0   1.0001608817934908
0   1.9345401474463264
0   1.3789028382276036
0   1.7346916188988346
0   1.6705478620106762
0   1.1647587902787224
0   1.3137342531332377
0   0.82000242906612186
0   2.1296055521668737
0   1.0522951023342693
0   1.6097646611247254
0   1.925360272525142
0   0.46885293776203296
0   1.0001930806683301
0   0.11357036569265644
0   1.0029756280820945
0   1.027144608345741
0   1.8640049872665716
0   1.0026935599371336
0   1.3019130518003239
0   1.3019828247040262
0   0.45870205102495387
0   1.0129623161855774
0   0.84778400806885945
0   1.0008497031097883
0   1.1564982888889921
0   0.98733534483270402
0   2.0304703622211893
0   1.9515032304805819
0   1.0031004912440125
0   1.225535607785234
0   1.5048043150035793
0   1.2044266767895413
0   1.637071725424939
0   1.485316768337626
0   1.8710270087391696
0   1.4139007148046501
0   1.0085058540802307
0   0.10852804034997432
0   1.9757910775982008
0   1.0113899737711005
0   1.0776011647079735
0   1.0539771675332541
0   1.9815754520378457
0   1.0021360173977969
0   0.75975841683805512
0   2.9286664853576818
0   1.7337664112887099
0   1.0004822658784407
0   1.9825030445997518
0   1.985652502301833
0   1.0213661240847152
0   1.101553557639553
0   1.3049223411393911
0   0.4878123434317172
0   0.092296231549778174
0   1.0004179045994022
0   2.7696096115536664
0   1.3029045290959813
0   1.1582541626658123
0   1.998960622242854
0   1.0040842220102719
0   1.0001690222653694
0   1.9948857606153276
0   1.0000659190516423
0   0.0090399093000763653
0   1.0032826570425419
0   0.43118225979944191
0   1.0011362797708483
0   0.1422615500957809
0   1.0016950779303888
0   0.20728361772290649
0   1.8737554877218208
0   1.9365374747862085
0   1.0002811119493329
0   1.0003416565463543
0   1.0068228390964986
0   1.9816899934265244
0   1.9704838144777375
0   1.0461638756586265
0   1.0002386855179186
0   0.22867625337287223
0   0.10230398252667217
0   1.0467674527053323
0   2.523021655852304
0   1.5868668277946911
0   0.1395187281345005
0   1.0006397803563496
0   0.85075167076151237
0   1.0007855405135024
0   1.957984015843246
0   1.7372987554897787
0   0.081063115672841746
0   0.02927620072125281
0   1.0003389517219579
0   1.0092575163207109
0   1.0009319101005061
0   1.0053742720678656
0   0.95502448384906846
0   0.094647234958445958
0   1.0074775953795418
0   1.0001317862446129
0   1.6025713751208381
0   1.9658112969356698
0   0.027451571873509439
0   1.0002594929650019
0   0.30929056329933691
0   1.0150293051879085
0   1.0000602113369523
0   1.9991970082090056
0   0.40982624038455406
0   1.0521314807820972
0   1.0000212856836541
0   1.8948433172650887
0   1.1565252816266114
0   1.9921176045761873
0   1.917054846484056
0   2.8943764179997791

1   1.0112989917621082
1   1.1089430113493635
1   1.0117502185489593
1   1.921973028655299
1   1.0183120936468759
1   1.9753752723313656
1   1.0220070796050056
1   1.1590613778719216
1   1.8953738714875357
1   1.0517685936891046
1   1.1500940129182582
1   1.5143148825359773
1   1.8955253016625631
1   1.6007645877635097
1   2.1637125030674635
1   2.05012390625676
1   1.4876405159208028
1   1.2266272654291541
1   1.4741008758934144
1   1.816436736440052
1   2.2029196086220537
1   1.6804913562272947
1   1.2490519484582339
1   2.1152043634507582
1   1.840388484867999
1   1.7383959150445571
1   1.182917283955762
1   1.0476958805399061
1   1.004899249402408
1   1.9974131677872382
1   1.0995421137069536
1   1.48338937302398
1   1.483268169274736
1   1.670380792475298
1   1.7795101874939609
1   1.9180092824795776
1   1.5282496375560735
1   1.3609569408098583
1   1.5171327235143792
1   1.6439770091954187
1   1.7143800285306536
1   1.2980231660992869
1   1.7490757190026502
1   1.8916758254826518
1   1.029036215986163
1   1.1478004391251524
1   1.5845730764257677
1   1.5672393911446592
1   1.0581397988244792
1   1.90158595326792
1   2.9076450118690524
1   1.051568773728214
1   1.918404853925646
1   1.5206134222295624
1   1.502012450554127
1   1.7740727487595707
1   1.5992022594583721
1   1.8949497622461822
1   1.9633651086235568
1   1.1495966997757692
1   2.3898052084155834
1   1.0045208975985065
1   1.0676015003893913
1   1.5303052075522956
1   1.5762453258855009
1   1.0273807600379015
1   1.95986080900057
1   1.0059961364366694
1   1.0328622441827717
1   1.6200953323243241
1   1.5774516296847989
1   1.435786323275825
1   1.1940069749960662
1   1.1472712592559748
1   1.3718975239719948
1   1.9670345539599969
1   1.971916319605763
1   1.0641798906662461
1   1.0158453251424404
1   1.3950760047315121
1   1.7151439128194115
1   1.8923367929321722
1   2.3419414318110978
1   1.0038461666220766
1   1.3748155085957958
1   1.8272841071964558
1   1.0170501178062556
1   1.0085062479719347
1   1.0042609857177305
1   1.0126676455751094
1   1.9915251825400682
1   1.0410876962569648
1   1.0150547164804673
1   1.9629056272323062
1   1.0359981456852918
1   1.0280500182762866
1   1.1055188782350478
1   1.6565180300312004
1   1.4018852369283408
1   1.2293684957491073
1   1.9314433129529105
1   1.167465067348251
1   1.9817988342398198
1   1.9065652567002966
1   2.9032221603458264

2   2.0000413213680601
2   2.002592061954144
2   2.0035465697261969
2   2.0066936903347732
2   2.0192441945753208
2   2.9244742268595001
2   2.0040991302341529
2   2.084695439939837
2   2.9070988521769756
2   2.0088584438181187
2   2.0987710200299676
2   2.0654595029631588
2   2.0027745026882111
2   2.3363736814424474
2   2.0009766719489508
2   2.0005476781173646
2   2.154106728541874
2   2.5526097393622256
2   2.0257613753769581
2   2.0014762586105022
2   2.9254959641654557
2   2.0451923851429146
2   2.0010235623670347
2   2.0400462027591182
2   2.0000017911226617
2   2.9878734289678071
2   2.0001658493077716
2   2.0036551425235127
2   2.0000802196669745
2   2.0003298947123631
2   2.0099760416866927
2   2.0003066964189453
2   2.9086238426931232
2   2.0001483494096286
2   2.1131462329993447
2   2.0000207301563835
2   2.0004146582548632
2   2.0016592761655168
2   2.000014889474667
2   2.1137272850142788
2   2.0001169739036833
2   2.9145557957309496

3   3.0000000000000009
3   2.9999999999999996
3   2.9999999999999996
3   2.9999999999999996
3   3
3   3.0000000000000009
3   3.0000000000000004

