-2.5   2.5
-2.5   2.5
-2.5   2.5
-2.5   2.4999999999999996
-2.5   2.5000000000000004
-2.5   2.5

-1.5   1.500999823203184
-1.5   1.5046970409704921
-1.5   1.5203860668694817
-1.5   1.516789935196746
-1.5   2.4450576528965655
-1.5   1.5808700691338364
-1.5   2.4293004169844385
-1.5   1.5596472894806528
-1.5   1.5001056068820033
-1.5   1.5070637109451179
-1.5   1.5083006786459183
-1.5   1.5164089974430515
-1.5   1.5038679554399459
-1.5   2.2651949341641546
-1.5   1.7913566861759693
-1.5   1.9310546808958255
-1.5   2.1526906680911413
-1.5   1.5010327812859008
-1.5   1.5050772525862763
-1.5   1.5018017569251025
-1.5   1.5003552627760599
-1.5   1.5561474260588439
-1.5   2.4574549603025173
-1.5   1.5000468423898914
-1.5   1.5018784100268743
-1.5   1.5015462616810633
-1.5   1.5000155777826172
-1.5   1.5801528429050098
-1.5   1.5000891190864043
-1.5   2.443794180866655

-0.5   0.52956933648321547
-0.5   0.5203639172677974
-0.5   1.4809827123040675
-0.5   1.4882198782799143
-0.5   0.52684208691722478
-0.5   0.56568891560589596
-0.5   1.4584661710446951
-0.5   1.2396699399301909
-0.5   0.91073742170079841
-0.5   1.4725176231470902
-0.5   1.8836695986690351
-0.5   1.2329012458743962
-0.5   0.75032014147846393
-0.5   1.3231327908658224
-0.5   2.2358739754964891
-0.5   1.4866084083045756
-0.5   1.4848048086362373
-0.5   0.58302518784880064
-0.5   0.53363145853294736
-0.5   1.4817550994611017
-0.5   0.51833774775057417
-0.5   0.54833073202645455
-0.5   1.4987545715575616
-0.5   0.95574313113205855
-0.5   1.3750525013744967
-0.5   1.1784814787904181
-0.5   1.0354564284218093
-0.5   1.5440426549994011
-0.5   2.2245610431338636
-0.5   1.4995159920283003
-0.5   0.81681262408037503
-0.5   2.4130637070348384
-0.5   0.60473522011137604
-0.5   1.4866299279342858
-0.5   0.52025573527936553
-0.5   1.4987981428132542
-0.5   1.486299871220504
-0.5   0.52325810673439954
-0.5   0.5878839457295042
-0.5   0.90047302511072069
-0.5   1.2492088003308637
-0.5   0.99959900445888916
-0.5   1.1784989552308418
-0.5   2.3950692126909963
-0.5   1.4722926676808639
-0.5   0.68346062240488181
-0.5   0.52888551298269193
-0.5   0.50294624414206224
-0.5   0.51854117388868404
-0.5   0.52787432653321664
-0.5   1.4709162941645233
-0.5   0.54842477871281914
-0.5   1.4836102871302148
-0.5   0.53413553922602786
-0.5   0.70922203031265463
-0.5   1.4157573138537132
-0.5   0.65510795478177219
-0.5   1.4958821408381946
-0.5   1.4628618653559253
-0.5   2.4374705716441833

0.5   0.52956933648321769
0.5   0.52036391726779896
0.5   1.4809827123040709
0.5   1.488219878279913
0.5   0.52684208691722767
0.5   0.56568891560589885
0.5   1.4584661710446996
0.5   1.239669939930194
0.5   0.91073742170079575
0.5   1.4725176231471011
0.5   1.8836695986690204
0.5   1.2329012458743978
0.5   0.7503201414784646
0.5   1.3231327908658084
0.5   2.2358739754964945
0.5   1.4866084083045739
0.5   1.4848048086362353
0.5   0.58302518784879975
0.5   0.53363145853294713
0.5   1.481755099461102
0.5   0.51833774775057462
0.5   0.54833073202645366
0.5   1.4987545715575616
0.5   0.95574313113205767
0.5   1.3750525013744987
0.5   1.1784814787904192
0.5   1.035456428421806
0.5   1.544042654999402
0.5   2.224561043133864
0.5   1.4995159920283041
0.5   0.81681262408037503
0.5   2.4130637070348375
0.5   0.60473522011137493
0.5   1.4866299279342858
0.5   0.52025573527936486
0.5   1.4987981428132524
0.5   1.4862998712205022
0.5   0.52325810673440065
0.5   0.58788394572949731
0.5   0.90047302511070915
0.5   1.249208800330875
0.5   0.99959900445889693
0.5   1.178498955230836
0.5   2.3950692126910074
0.5   1.4722926676808641
0.5   0.68346062240487648
0.5   0.52888551298269282
0.5   0.50294624414206246
0.5   0.51854117388868537
0.5   0.52787432653321997
0.5   1.4709162941645271
0.5   0.54842477871281892
0.5   1.483610287130219
0.5   0.53413553922602586
0.5   0.70922203031265174
0.5   1.4157573138537125
0.5   0.65510795478175465
0.5   1.4958821408382033
0.5   1.462861865355928
0.5   2.4374705716441878

1.5   1.500999823203184
1.5   1.5046970409704916
1.5   1.5203860668694875
1.5   1.516789935196746
1.5   2.445057652896562
1.5   1.5808700691338373
1.5   2.4293004169844372
1.5   1.5596472894806541
1.5   1.5001056068820042
1.5   1.5070637109451184
1.5   1.5083006786459183
1.5   1.5164089974430515
1.5   1.5038679554399459
1.5   2.2651949341641511
1.5   1.7913566861759711
1.5   1.9310546808958238
1.5   2.1526906680911417
1.5   1.5010327812859008
1.5   1.5050772525862759
1.5   1.5018017569251021
1.5   1.5003552627760608
1.5   1.5561474260588457
1.5   2.4574549603025124
1.5   1.5000468423898909
1.5   1.5018784100268738
1.5   1.5015462616810633
1.5   1.5000155777826167
1.5   1.5801528429050165
1.5   1.5000891190864052
1.5   2.443794180866655

2.5   2.5
2.5   2.5
2.5   2.5
2.5   2.4999999999999996
2.5   2.5000000000000004
2.5   2.5

