0   -45.9444   0.0515315   0.0291465   0.0859897   0.174105   0.0176845   0.283086   0.0176845   0.174105   0.0859897   0.0291465   0.0515315   
1   -59.2279   0.0110693   0.0268799   0.0659842   0.122804   0.17397   0.198584   0.17397   0.122804   0.0659842   0.0268799   0.0110693   
2   -60.6839   0.00949078   0.024336   0.0643484   0.123754   0.176013   0.204116   0.176013   0.123754   0.0643484   0.024336   0.00949078   
3   -61.0551   0.0128588   0.0332271   0.0755397   0.124902   0.163318   0.180308   0.163318   0.124902   0.0755397   0.0332271   0.0128588   
4   -61.0942   0.0152383   0.0352425   0.082147   0.120549   0.163279   0.167088   0.163279   0.120549   0.082147   0.0352425   0.0152383   
5   -61.0971   0.0181791   0.0385153   0.0875629   0.117218   0.159411   0.158227   0.159411   0.117218   0.0875629   0.0385153   0.0181791   
6   -61.0942   0.0152383   0.0352425   0.082147   0.120549   0.163279   0.167088   0.163279   0.120549   0.082147   0.0352425   0.0152383   
7   -61.0551   0.0128588   0.0332271   0.0755397   0.124902   0.163318   0.180308   0.163318   0.124902   0.0755397   0.0332271   0.0128588   
8   -60.6839   0.00949078   0.024336   0.0643484   0.123754   0.176013   0.204116   0.176013   0.123754   0.0643484   0.024336   0.00949078   
9   -59.2279   0.0110693   0.0268799   0.0659842   0.122804   0.17397   0.198584   0.17397   0.122804   0.0659842   0.0268799   0.0110693   
10   -45.9444   0.0515315   0.0291465   0.0859897   0.174105   0.0176845   0.283086   0.0176845   0.174105   0.0859897   0.0291465   0.0515315   
