-1.5   1.5
-1.5   1.5
-1.5   1.5
-1.5   1.5

-0.5   0.61463713414917742
-0.5   0.50000000000000022
-0.5   1.4844908038248936
-0.5   0.49999999999999989
-0.5   1.4299084377982549
-0.5   0.52776335690942577
-0.5   1.4999999999999987
-0.5   0.5
-0.5   0.51638451429112675
-0.5   0.65444130967618341
-0.5   0.49999999999999978
-0.5   1.416445666916188

0.5   0.6146371341491772
0.5   0.49999999999999989
0.5   1.4844908038248932
0.5   0.50000000000000022
0.5   1.4299084377982549
0.5   0.527763356909426
0.5   1.5000000000000004
0.5   0.50000000000000022
0.5   0.51638451429112697
0.5   0.65444130967618341
0.5   0.50000000000000022
0.5   1.4164456669161896

1.5   1.5
1.5   1.5
1.5   1.5
1.5   1.5

