0   -34.5344   0.0291172   0.112768   8.45877e-07   0.24834   0.109773   0.109773   0.24834   8.45877e-07   0.112768   0.0291172   
1   -45.0629   0.0156195   0.0375775   0.0890616   0.155273   0.202468   0.202468   0.155273   0.0890616   0.0375775   0.0156195   
2   -45.9253   0.0144233   0.0370749   0.0915433   0.154828   0.202131   0.202131   0.154828   0.0915433   0.0370749   0.0144233   
3   -46.0967   0.0199376   0.0447449   0.101166   0.148047   0.186104   0.186104   0.148047   0.101166   0.0447449   0.0199376   
4   -46.0649   0.0212774   0.0492025   0.104436   0.147181   0.177903   0.177903   0.147181   0.104436   0.0492025   0.0212774   
5   -46.0649   0.0212774   0.0492025   0.104436   0.147181   0.177903   0.177903   0.147181   0.104436   0.0492025   0.0212774   
6   -46.0967   0.0199376   0.0447449   0.101166   0.148047   0.186104   0.186104   0.148047   0.101166   0.0447449   0.0199376   
7   -45.9253   0.0144233   0.0370749   0.0915433   0.154828   0.202131   0.202131   0.154828   0.0915433   0.0370749   0.0144233   
8   -45.0629   0.0156195   0.0375775   0.0890616   0.155273   0.202468   0.202468   0.155273   0.0890616   0.0375775   0.0156195   
9   -34.5344   0.0291172   0.112768   8.45877e-07   0.24834   0.109773   0.109773   0.24834   8.45877e-07   0.112768   0.0291172   
