-2.5   2.5
-2.5   2.5
-2.5   2.5000000000000004
-2.5   2.5
-2.5   2.5000000000000004
-2.5   2.5

-1.5   1.5017748540653066
-1.5   1.5090132185376635
-1.5   1.5328152816402407
-1.5   1.5260454459711887
-1.5   2.4069806284550563
-1.5   1.6048142280413789
-1.5   2.4022716466490124
-1.5   1.6007292938978117
-1.5   1.5000839776217942
-1.5   1.5139392773197722
-1.5   1.5153611809399905
-1.5   1.5253629944010405
-1.5   1.5053374129243431
-1.5   2.2442034398543416
-1.5   1.8009339789836885
-1.5   2.0112150723585005
-1.5   2.0695292886532553
-1.5   1.5018433359970467
-1.5   1.5093603801864357
-1.5   1.5034368290343831
-1.5   1.5006750525528862
-1.5   1.5851236821737982
-1.5   2.4335238492605593
-1.5   1.5000832857439184
-1.5   1.503313674017678
-1.5   1.5028570817560776
-1.5   1.5000368370473871
-1.5   1.6250548022211757
-1.5   1.5001594347724838
-1.5   2.4105191355342495

-0.5   0.56283436749572591
-0.5   0.54210512680550171
-0.5   1.4569031044292853
-0.5   1.4719311393125198
-0.5   0.55944738483951095
-0.5   0.63117941029046487
-0.5   1.2200108305642179
-0.5   1.4318124065570383
-0.5   1.577341282087148
-0.5   0.93886364327736493
-0.5   1.7042146988066058
-0.5   1.2805526330538071
-0.5   0.91049592955524128
-0.5   1.50079133994547
-0.5   2.0445591135043686
-0.5   1.4851566414385673
-0.5   1.4706517351712405
-0.5   0.6450848126369042
-0.5   0.56043468240024552
-0.5   1.4661029862174753
-0.5   0.53905468957675495
-0.5   0.57895824583039235
-0.5   1.4950209687616192
-0.5   0.96761752047206251
-0.5   1.1583524591987091
-0.5   1.4490259641041308
-0.5   1.0960906454550896
-0.5   1.4121916059468027
-0.5   2.1400898144287015
-0.5   1.4700426235437836
-0.5   1.0428614556656239
-0.5   2.3688321466619238
-0.5   0.67376261648297109
-0.5   1.4780872941693852
-0.5   0.53335602142978722
-0.5   1.4977494749422799
-0.5   1.4791936441818401
-0.5   0.53442728413298091
-0.5   0.6742092707138112
-0.5   1.057683979088464
-0.5   0.92452254630077979
-0.5   1.1168651073334128
-0.5   1.2555048925395573
-0.5   2.2869397941628327
-0.5   1.4554789349150221
-0.5   0.84168628436450965
-0.5   0.54352192162551316
-0.5   0.50465275510846053
-0.5   0.53140392657384594
-0.5   0.54700344213739904
-0.5   1.4453341064264098
-0.5   0.5916336123521122
-0.5   1.4685043302607264
-0.5   0.5699607306358212
-0.5   0.79147324348466319
-0.5   1.3856877297047598
-0.5   0.70296786436855752
-0.5   1.4961952438878272
-0.5   1.4354551649566991
-0.5   2.4086390136176581

0.5   0.56283436749572657
0.5   0.54210512680550127
0.5   1.4569031044292857
0.5   1.4719311393125194
0.5   0.55944738483951184
0.5   0.63117941029046687
0.5   1.2200108305642154
0.5   1.4318124065570332
0.5   1.5773412820871333
0.5   0.93886364327736116
0.5   1.7042146988066347
0.5   1.2805526330538113
0.5   0.91049592955522263
0.5   1.5007913399454753
0.5   2.044559113504361
0.5   1.4851566414385626
0.5   1.4706517351712414
0.5   0.64508481263690154
0.5   0.56043468240024374
0.5   1.4661029862174719
0.5   0.53905468957675273
0.5   0.5789582458303919
0.5   1.4950209687616205
0.5   0.96761752047206362
0.5   1.1583524591987082
0.5   1.4490259641041314
0.5   1.0960906454550905
0.5   1.4121916059468029
0.5   2.1400898144287011
0.5   1.4700426235437825
0.5   1.0428614556656293
0.5   2.3688321466619233
0.5   0.67376261648297042
0.5   1.4780872941693828
0.5   0.53335602142978744
0.5   1.4977494749422804
0.5   1.4791936441818401
0.5   0.53442728413298157
0.5   0.67420927071380432
0.5   1.0576839790884738
0.5   0.9245225463007809
0.5   1.1168651073334044
0.5   1.2555048925395598
0.5   2.28693979416283
0.5   1.4554789349150203
0.5   0.8416862843645232
0.5   0.54352192162551272
0.5   0.50465275510845986
0.5   0.53140392657384661
0.5   0.54700344213739949
0.5   1.4453341064264131
0.5   0.59163361235210266
0.5   1.4685043302607257
0.5   0.56996073063581854
0.5   0.79147324348462433
0.5   1.3856877297047911
0.5   0.70296786436854597
0.5   1.4961952438878281
0.5   1.435455164956694
0.5   2.4086390136176594

1.5   1.5017748540653075
1.5   1.5090132185376643
1.5   1.5328152816402412
1.5   1.5260454459711879
1.5   2.4069806284550572
1.5   1.6048142280413784
1.5   2.4022716466490142
1.5   1.6007292938978117
1.5   1.5000839776217942
1.5   1.5139392773197731
1.5   1.5153611809399905
1.5   1.525362994401041
1.5   1.5053374129243426
1.5   2.2442034398543389
1.5   1.8009339789836902
1.5   2.0112150723584987
1.5   2.0695292886532561
1.5   1.5018433359970467
1.5   1.5093603801864366
1.5   1.5034368290343831
1.5   1.5006750525528862
1.5   1.5851236821737991
1.5   2.4335238492605602
1.5   1.5000832857439192
1.5   1.5033136740176785
1.5   1.5028570817560776
1.5   1.5000368370473876
1.5   1.6250548022211744
1.5   1.5001594347724838
1.5   2.4105191355342486

2.5   2.5
2.5   2.5
2.5   2.5000000000000004
2.5   2.5
2.5   2.5000000000000004
2.5   2.5

