0   -34.9994   0.0520404   0.0294439   0.0858228   0.173972   0.0175929   0.282256   0.0175929   0.173972   0.0858228   0.0294439   0.0520404   
1   -44.4203   0.0112656   0.0272903   0.0664159   0.122841   0.173351   0.197673   0.173351   0.122841   0.0664159   0.0272903   0.0112656   
2   -45.1787   0.00961638   0.0247016   0.0645693   0.123718   0.175833   0.203122   0.175833   0.123718   0.0645693   0.0247016   0.00961638   
3   -45.2303   0.0151175   0.0352944   0.0784562   0.121936   0.160893   0.176608   0.160893   0.121936   0.0784562   0.0352944   0.0151175   
4   -45.1399   0.0136416   0.0338713   0.0766176   0.124228   0.161905   0.179475   0.161905   0.124228   0.0766176   0.0338713   0.0136416   
5   -45.1028   0.00951723   0.023758   0.0686207   0.122353   0.179634   0.192234   0.179634   0.122353   0.0686207   0.023758   0.00951723   
6   -45.1399   0.0136416   0.0338713   0.0766176   0.124228   0.161905   0.179475   0.161905   0.124228   0.0766176   0.0338713   0.0136416   
7   -45.2303   0.0151175   0.0352944   0.0784562   0.121936   0.160893   0.176608   0.160893   0.121936   0.0784562   0.0352944   0.0151175   
8   -45.1787   0.00961638   0.0247016   0.0645693   0.123718   0.175833   0.203122   0.175833   0.123718   0.0645693   0.0247016   0.00961638   
9   -44.4203   0.0112656   0.0272903   0.0664159   0.122841   0.173351   0.197673   0.173351   0.122841   0.0664159   0.0272903   0.0112656   
10   -34.9994   0.0520404   0.0294439   0.0858228   0.173972   0.0175929   0.282256   0.0175929   0.173972   0.0858228   0.0294439   0.0520404   
