-2.5   2.5000000000000004
-2.5   2.5
-2.5   2.5
-2.5   2.5
-2.5   2.4999999999999996
-2.5   2.4999999999999996

-1.5   1.5069312323922062
-1.5   1.5503502767821757
-1.5   1.6243093190298921
-1.5   1.5436511833533322
-1.5   2.1974371186991908
-1.5   1.6645728750839828
-1.5   2.310461031047947
-1.5   1.7770006927320297
-1.5   1.502819409169855
-1.5   1.5971876766094635
-1.5   1.5698239505751919
-1.5   1.5819751285730703
-1.5   1.5133800813045619
-1.5   2.1340722798701592
-1.5   2.1156907177694042
-1.5   1.7891341081589456
-1.5   1.9034458061388424
-1.5   1.5075969612562683
-1.5   1.550535223828684
-1.5   1.5209603001893477
-1.5   1.5040060690939852
-1.5   1.676018283137934
-1.5   2.3338596562072831
-1.5   1.5004600521705478
-1.5   1.5138879764524376
-1.5   1.5127187935880277
-1.5   1.5008091210243308
-1.5   1.7898702179404897
-1.5   1.5003997698559566
-1.5   2.2743555865997198

-0.5   0.96330630530745154
-0.5   0.80277159231107476
-0.5   1.0035056878257218
-0.5   1.2565137035362532
-0.5   0.82782045399739901
-0.5   1.1132366255843209
-0.5   1.1597890087988767
-0.5   1.3574062105939011
-0.5   1.5506172725964071
-0.5   1.1394566538716813
-0.5   1.2051802384263068
-0.5   1.1199458712229773
-0.5   1.6931656589549307
-0.5   1.5479350159507379
-0.5   1.3393029642366812
-0.5   1.4796348328447739
-0.5   1.5679323203847537
-0.5   1.0233113417003483
-0.5   0.76891265777105877
-0.5   1.1840223145702828
-0.5   1.2199949705414248
-0.5   1.3320960095137344
-0.5   0.67600727302476393
-0.5   1.4062632172298886
-0.5   0.85499732105516801
-0.5   1.4118838315633493
-0.5   1.0461596943274976
-0.5   1.4624851612052001
-0.5   0.96684461523750653
-0.5   1.5384730313714408
-0.5   1.8781756770695086
-0.5   2.2096770095824976
-0.5   0.92560856981339512
-0.5   1.4334388592247054
-0.5   0.61434484435450143
-0.5   1.4559960928326048
-0.5   1.495781856925291
-0.5   0.56071119406603209
-0.5   1.2836898222649034
-0.5   1.3309228644028592
-0.5   0.7814479261969618
-0.5   1.3324165282711238
-0.5   0.8304471751131226
-0.5   1.3738435074785598
-0.5   1.382778374558727
-0.5   1.6240625998200136
-0.5   0.61251912029376854
-0.5   0.52594194680130268
-0.5   0.64340335905981738
-0.5   0.65128090139376638
-0.5   1.2261335221637426
-0.5   0.93800903233041444
-0.5   1.3008246781275337
-0.5   0.96660477056964766
-0.5   0.90530579785610854
-0.5   0.76780054534252118
-0.5   1.2990869348885998
-0.5   1.4762145698052089
-0.5   1.3277117414623163
-0.5   2.3025179302152607

0.5   0.96330630530745198
0.5   0.80277159231107431
0.5   1.0035056878257227
0.5   1.2565137035362546
0.5   0.82782045399739679
0.5   1.113236625584324
0.5   1.1597890087988751
0.5   1.3574062105938993
0.5   1.5506172725964102
0.5   1.1394566538716893
0.5   1.2051802384262984
0.5   1.1199458712229819
0.5   1.6931656589549311
0.5   1.5479350159507357
0.5   1.3393029642366798
0.5   1.4796348328447715
0.5   1.5679323203847479
0.5   1.023311341700357
0.5   0.76891265777105855
0.5   1.1840223145702851
0.5   1.2199949705414259
0.5   1.3320960095137326
0.5   0.67600727302476327
0.5   1.4062632172298868
0.5   0.85499732105516912
0.5   1.4118838315633464
0.5   1.046159694327506
0.5   1.4624851612052048
0.5   0.9668446152375032
0.5   1.5384730313714421
0.5   1.8781756770695051
0.5   2.2096770095824949
0.5   0.92560856981339645
0.5   1.4334388592247065
0.5   0.6143448443545021
0.5   1.4559960928326066
0.5   1.4957818569252885
0.5   0.5607111940660281
0.5   1.2836898222648903
0.5   1.330922864402857
0.5   0.78144792619697356
0.5   1.3324165282711198
0.5   0.83044717511311239
0.5   1.3738435074785618
0.5   1.3827783745587332
0.5   1.6240625998200193
0.5   0.61251912029377187
0.5   0.52594194680130291
0.5   0.64340335905981494
0.5   0.65128090139376971
0.5   1.2261335221637433
0.5   0.93800903233041044
0.5   1.3008246781275297
0.5   0.966604770569651
0.5   0.90530579785611409
0.5   0.7678005453425103
0.5   1.2990869348885978
0.5   1.4762145698052118
0.5   1.3277117414623187
0.5   2.3025179302152652

1.5   1.5069312323922053
1.5   1.5503502767821749
1.5   1.624309319029889
1.5   1.5436511833533313
1.5   2.1974371186991943
1.5   1.6645728750839832
1.5   2.3104610310479479
1.5   1.7770006927320283
1.5   1.5028194091698546
1.5   1.5971876766094626
1.5   1.5698239505751919
1.5   1.5819751285730708
1.5   1.5133800813045624
1.5   2.1340722798701619
1.5   2.1156907177694055
1.5   1.7891341081589442
1.5   1.9034458061388433
1.5   1.5075969612562683
1.5   1.550535223828684
1.5   1.5209603001893468
1.5   1.5040060690939856
1.5   1.6760182831379358
1.5   2.33385965620728
1.5   1.5004600521705473
1.5   1.5138879764524362
1.5   1.5127187935880251
1.5   1.5008091210243308
1.5   1.7898702179404884
1.5   1.5003997698559575
1.5   2.2743555865997211

2.5   2.5000000000000004
2.5   2.5
2.5   2.5
2.5   2.5
2.5   2.4999999999999996
2.5   2.4999999999999996

