0   -32.5213   0.0522109   0.0295434   0.0857669   0.173927   0.0175624   0.281978   0.0175624   0.173927   0.0857669   0.0295434   0.0522109   
1   -41.0678   0.0113355   0.0274347   0.066568   0.122852   0.173133   0.197353   0.173133   0.122852   0.066568   0.0274347   0.0113355   
2   -41.6689   0.00968101   0.0248759   0.0647094   0.123726   0.175674   0.202668   0.175674   0.123726   0.0647094   0.0248759   0.00968101   
3   -41.657   0.0160513   0.0361243   0.0799811   0.120436   0.160405   0.174004   0.160405   0.120436   0.0799811   0.0361243   0.0160513   
4   -41.5504   0.0127806   0.0333218   0.0742381   0.12569   0.161881   0.184178   0.161881   0.12569   0.0742381   0.0333218   0.0127806   
5   -41.5489   0.00904605   0.0223715   0.0655445   0.123123   0.179994   0.199842   0.179994   0.123123   0.0655445   0.0223715   0.00904605   
6   -41.5504   0.0127806   0.0333218   0.0742381   0.12569   0.161881   0.184178   0.161881   0.12569   0.0742381   0.0333218   0.0127806   
7   -41.657   0.0160513   0.0361243   0.0799811   0.120436   0.160405   0.174004   0.160405   0.120436   0.0799811   0.0361243   0.0160513   
8   -41.6689   0.00968101   0.0248759   0.0647094   0.123726   0.175674   0.202668   0.175674   0.123726   0.0647094   0.0248759   0.00968101   
9   -41.0678   0.0113355   0.0274347   0.066568   0.122852   0.173133   0.197353   0.173133   0.122852   0.066568   0.0274347   0.0113355   
10   -32.5213   0.0522109   0.0295434   0.0857669   0.173927   0.0175624   0.281978   0.0175624   0.173927   0.0857669   0.0295434   0.0522109   
