-3.5   3.4999999999999991
-3.5   3.4999999999999996
-3.5   3.5
-3.5   3.4999999999999996
-3.5   3.4999999999999996
-3.5   3.5
-3.5   3.4999999999999996
-3.5   3.5

-2.5   2.5001801116111091
-2.5   2.5001814849493549
-2.5   2.5028517807221844
-2.5   2.511506913122413
-2.5   2.5093650312886617
-2.5   2.6190258808993003
-2.5   3.3171390464613948
-2.5   2.8155605397042889
-2.5   3.2001462816224246
-2.5   2.5357258082285266
-2.5   2.567528853011539
-2.5   2.5281743517055575
-2.5   2.5110714565285077
-2.5   2.5027451610677671
-2.5   2.5016099790509503
-2.5   2.5151962529047687
-2.5   3.0679812302291896
-2.5   2.5070380323738291
-2.5   3.0938217976223945
-2.5   2.5063258340265362
-2.5   2.5678340550812488
-2.5   2.696152044779272
-2.5   2.8742531175010115
-2.5   2.770046911389981
-2.5   2.5040564400113441
-2.5   2.5708351817756441
-2.5   2.5281286929080102
-2.5   2.5005928925473051
-2.5   2.5024954098323171
-2.5   2.5001574067243393
-2.5   3.4421226074772311
-2.5   2.5009047802095647
-2.5   2.5438457329749404
-2.5   2.5059676133005357
-2.5   2.5013427581690113
-2.5   3.4827051443064074
-2.5   2.5000500381652109
-2.5   2.5044436792015046
-2.5   2.5001774968322197
-2.5   2.5118112716941119
-2.5   2.5000767399345478
-2.5   2.5008935657043208
-2.5   2.5020271616307634
-2.5   2.5001591413988664
-2.5   2.5001485763513576
-2.5   2.759435662916002
-2.5   3.2886444149356269
-2.5   2.5000577915342879
-2.5   2.5005680955141818
-2.5   2.5001077918169226
-2.5   2.500077311522769
-2.5   2.5002409032205812
-2.5   2.5000225556391324
-2.5   2.6555081360253578
-2.5   2.5001938501962582
-2.5   3.3780730553357783

-1.5   1.5060309608281486
-1.5   1.5083710139750499
-1.5   1.7248984005068788
-1.5   1.5210089909410756
-1.5   2.3252948053433138
-1.5   1.5791017830102887
-1.5   1.5179761510223977
-1.5   2.4104773593830444
-1.5   1.5091989133725421
-1.5   2.3470697452934881
-1.5   1.6495854401160597
-1.5   1.5795581476904816
-1.5   1.5432781508117657
-1.5   1.5488018894449946
-1.5   1.611101789568631
-1.5   2.4333752329221645
-1.5   1.7223565449150331
-1.5   1.8140004916575649
-1.5   1.9918401999683191
-1.5   1.9382641986250029
-1.5   1.9672343996121611
-1.5   1.8430632201070312
-1.5   1.5626640730383894
-1.5   3.1837009836313994
-1.5   2.0159200065550387
-1.5   2.1025872898096223
-1.5   2.3840344339868054
-1.5   2.1550385286978644
-1.5   2.4384994537833045
-1.5   2.3047859259402275
-1.5   1.7745981715992722
-1.5   1.9867503738709393
-1.5   2.024288295938073
-1.5   2.1280104092576608
-1.5   2.2690387922658455
-1.5   1.6534187468220098
-1.5   2.3557281304475657
-1.5   1.5972563971097133
-1.5   1.5640076277726944
-1.5   1.5117682653667686
-1.5   1.5294144014386646
-1.5   2.4567138309347989
-1.5   1.5262391717290007
-1.5   1.5762716266190524
-1.5   2.3996386648350643
-1.5   1.5655310602755566
-1.5   2.3768668622281539
-1.5   1.6243740545673644
-1.5   1.5047227036671562
-1.5   1.5946774688784475
-1.5   1.9508343747727039
-1.5   1.9513346714134654
-1.5   1.6337557043779554
-1.5   1.9730194657144113
-1.5   1.8932086812710902
-1.5   1.5327185943276391
-1.5   2.0551207468649957
-1.5   2.0509506937122683
-1.5   2.3923779896330521
-1.5   2.0505781294397734
-1.5   2.0831927149568767
-1.5   2.1706171583075089
-1.5   2.6338905465289568
-1.5   2.4024760762572437
-1.5   1.846451777672323
-1.5   1.8603640808390534
-1.5   2.1029424640939478
-1.5   2.1955460506788134
-1.5   2.071569999095356
-1.5   2.1714565095313998
-1.5   2.078341793208843
-1.5   2.288665628432303
-1.5   2.2508882309979152
-1.5   2.0102411661009723
-1.5   1.5120385237161602
-1.5   1.5277343067078641
-1.5   1.5470996126190206
-1.5   1.5067601469034431
-1.5   1.5462241217704724
-1.5   1.6286605106486824
-1.5   2.2076283996772914
-1.5   1.930109197883183
-1.5   1.8187764269590496
-1.5   2.2258756768415879
-1.5   1.9308726693195122
-1.5   2.3446565466392761
-1.5   2.3059990584124757
-1.5   1.601682078779235
-1.5   1.5295973415270345
-1.5   2.8729358696597624
-1.5   2.2599511647150381
-1.5   2.2831004394930932
-1.5   1.5199295084468347
-1.5   1.8052057317866761
-1.5   2.39124226737502
-1.5   1.6058033146528912
-1.5   2.2307207740086241
-1.5   1.8565257631257932
-1.5   2.3779459866220769
-1.5   1.5892626910242846
-1.5   1.5511233391085821
-1.5   1.8619843089507602
-1.5   2.7808481166268249
-1.5   2.1818107462590861
-1.5   1.5253074313542236
-1.5   1.5241538885523753
-1.5   2.4985059363674296
-1.5   1.5331132931525109
-1.5   2.3900507097805517
-1.5   1.9643898329601264
-1.5   1.9691074166610676
-1.5   2.1102537230466871
-1.5   2.1136173047940083
-1.5   1.6468390412674849
-1.5   1.5074161115020712
-1.5   1.5187951409437503
-1.5   1.5090119967510445
-1.5   1.5087684248665401
-1.5   1.5089130375977398
-1.5   1.7482256994565453
-1.5   1.7355545018354857
-1.5   1.5874731698648983
-1.5   2.3161630933543131
-1.5   2.2441863984013639
-1.5   1.5107679730524439
-1.5   1.6546367051990427
-1.5   1.9578167400081528
-1.5   1.8225132581478998
-1.5   2.1154161372504059
-1.5   2.152294224179137
-1.5   1.5216750785619046
-1.5   1.5100819265549346
-1.5   1.5150140852392266
-1.5   1.954574882590296
-1.5   1.9213158562567783
-1.5   1.8758096157034814
-1.5   2.0240757285752862
-1.5   2.056353852213153
-1.5   1.6103941626932046
-1.5   3.2710003927632676
-1.5   2.4779636543893195
-1.5   1.5134241929346199
-1.5   1.6817783298294118
-1.5   1.5114384265761043
-1.5   1.5036428463978275
-1.5   1.5296702470493893
-1.5   1.5108063892474903
-1.5   1.6117807505893342
-1.5   1.5058240717230467
-1.5   2.3939674188613984
-1.5   1.5131077752672906
-1.5   2.4857732054403567
-1.5   1.5033066682649201
-1.5   1.5876223347343696
-1.5   1.5617348432156146
-1.5   1.5042540188927314
-1.5   1.5682302301023223
-1.5   2.042411424668956
-1.5   2.0112107073273862
-1.5   1.7126889399407013
-1.5   1.6561401651709082
-1.5   1.7595408809486188
-1.5   2.1766458796001649
-1.5   1.8137424945139444
-1.5   2.4480492717903108
-1.5   2.4453742113062495
-1.5   2.3354444064868529
-1.5   3.3412716978453942

-0.5   0.67173246275230114
-0.5   0.74662672796857699
-0.5   1.1319368753122587
-0.5   0.93244346826254998
-0.5   1.048760639298663
-0.5   0.9473162383529723
-0.5   1.3641785824583426
-0.5   1.4082072178022238
-0.5   1.2316578619845395
-0.5   2.294700119627473
-0.5   1.1088759265623185
-0.5   1.1300752173983104
-0.5   1.4665750224459437
-0.5   2.3750514931762883
-0.5   0.72567222160391509
-0.5   1.4543575255481394
-0.5   1.2176355107433636
-0.5   0.74509941701100368
-0.5   0.57819584076806674
-0.5   2.136477379582173
-0.5   1.2417592017108232
-0.5   1.4163248550564331
-0.5   1.0821261568701372
-0.5   0.82452987989833293
-0.5   0.9727093712196051
-0.5   1.4745975409045884
-0.5   1.3306478525615686
-0.5   1.2592190107147903
-0.5   1.6554196064711353
-0.5   0.65381766024196031
-0.5   1.4265943623844395
-0.5   1.9170596187244584
-0.5   1.1794576741411975
-0.5   1.8022247651534893
-0.5   1.764872075940271
-0.5   2.141704809931738
-0.5   1.0566200414258293
-0.5   1.8553527920221788
-0.5   1.9727985471714926
-0.5   1.5868740040500326
-0.5   1.6555522463709771
-0.5   1.7293302832462083
-0.5   1.3789722344441115
-0.5   1.9591218601520577
-0.5   1.5043390798224285
-0.5   2.6362295040977597
-0.5   1.9742529235373958
-0.5   1.4725502093126497
-0.5   1.4254047943545558
-0.5   1.9160841981460801
-0.5   1.8660223763233272
-0.5   1.6736742391075956
-0.5   1.8863977869912065
-0.5   1.4699035105318787
-0.5   1.2756290411132238
-0.5   1.7695348369829791
-0.5   2.0279591040472402
-0.5   1.2837041673302561
-0.5   1.9183837023654577
-0.5   1.1284864161298116
-0.5   2.2173925118597402
-0.5   0.74957165116686619
-0.5   1.1681682601008252
-0.5   1.3548745887768694
-0.5   0.79890002588142695
-0.5   1.1498191613191231
-0.5   0.94113685625682231
-0.5   1.4312159278734646
-0.5   1.312440418495012
-0.5   1.6114247538290454
-0.5   1.3839819681994616
-0.5   1.8562580230716632
-0.5   0.60703271781237844
-0.5   1.516984376597315
-0.5   1.3697292244569097
-0.5   1.2992304392471548
-0.5   2.1028119784000179
-0.5   1.9746280477695821
-0.5   1.3366585194000244
-0.5   0.9844607205817999
-0.5   1.0496540996047679
-0.5   1.3905773504085657
-0.5   1.349916208319927
-0.5   1.4700192561565344
-0.5   0.72867079405680402
-0.5   1.4998662452770237
-0.5   1.5003048995628143
-0.5   1.0982137483954282
-0.5   1.2800430172865433
-0.5   1.4086913512017427
-0.5   1.0697751164400002
-0.5   1.2782989559316944
-0.5   1.397038867757618
-0.5   1.8391038984463148
-0.5   1.8597269827087994
-0.5   1.1588165923596425
-0.5   2.0598336431848105
-0.5   0.91573403974424106
-0.5   1.5095021921912641
-0.5   1.7005638178445448
-0.5   1.6788925558513177
-0.5   1.6889351019728749
-0.5   1.8756291403207102
-0.5   1.6987802897469977
-0.5   1.5233811217366782
-0.5   1.8662985363694169
-0.5   1.9794381959597884
-0.5   1.6495118696895874
-0.5   1.7344606556723949
-0.5   2.1793433555311439
-0.5   1.9006796135679251
-0.5   1.7591974672840167
-0.5   1.5135427630444811
-0.5   1.6380909671387704
-0.5   1.3359611602716497
-0.5   1.4885930618576546
-0.5   2.011555851623176
-0.5   2.1003972089088658
-0.5   2.2520609692090883
-0.5   1.9470601129097909
-0.5   2.1827726756028043
-0.5   0.59041723095717402
-0.5   0.64588046522195475
-0.5   1.0945091213809452
-0.5   1.4823216149519385
-0.5   1.0826909142452044
-0.5   0.68604690394732915
-0.5   0.58975883249770078
-0.5   1.4477897725736857
-0.5   1.4771265633817903
-0.5   1.4881999198481151
-0.5   1.3930192942514243
-0.5   1.4531879548877238
-0.5   1.3936355973032304
-0.5   2.2284937871126362
-0.5   1.0908744834507331
-0.5   2.3927695507998421
-0.5   1.3250731682826824
-0.5   1.5597651046748506
-0.5   1.4585833643172419
-0.5   1.8532277330508391
-0.5   2.2204898577742798
-0.5   1.4047723472390214
-0.5   1.0062625273052497
-0.5   1.2716929899612359
-0.5   1.4740843833596629
-0.5   1.5138111603191771
-0.5   3.0598561201240368
-0.5   1.0780562238638929
-0.5   1.5104716999458963
-0.5   1.8834738290979196
-0.5   1.6991521437212662
-0.5   1.6564253098233275
-0.5   0.89693433647652387
-0.5   2.0366979920165651
-0.5   0.95402964743753538
-0.5   1.3723142670691291
-0.5   1.1332519619876396
-0.5   1.17767656454609
-0.5   2.3120880063195965
-0.5   0.84474792928094122
-0.5   2.2782629050777716
-0.5   0.86851419287658405
-0.5   1.4658560161485923
-0.5   1.8011121748458252
-0.5   1.7969387773428132
-0.5   1.3333410341664957
-0.5   0.76567280823274264
-0.5   0.822045427593183
-0.5   1.369008895882569
-0.5   2.9896891965217445
-0.5   1.7721641950735156
-0.5   1.2917307254518549
-0.5   1.510264639684721
-0.5   1.7843007383612748
-0.5   1.3539370965230944
-0.5   2.2993898340124344
-0.5   1.5891468428322137
-0.5   1.6674521696973281
-0.5   1.4660379673348061
-0.5   1.3955950866164863
-0.5   1.5947021664115293
-0.5   1.5362661624195963
-0.5   1.1734493398191523
-0.5   0.91858591205952012
-0.5   1.4502696459733135
-0.5   0.58891467474299763
-0.5   0.86053652319686047
-0.5   1.4860886195750473
-0.5   1.3418837752747175
-0.5   1.4883704212914048
-0.5   0.60559862818153976
-0.5   0.59996250211214641
-0.5   1.2568697369690176
-0.5   1.3927331809231125
-0.5   0.91324087361579998
-0.5   0.72090436551063686
-0.5   1.8007816090531565
-0.5   1.9233488989540124
-0.5   1.588151889303504
-0.5   2.1012222346044629
-0.5   2.1135035241147415
-0.5   1.4140959594244136
-0.5   0.66026513534962428
-0.5   0.64797033126017256
-0.5   0.68811297648628478
-0.5   1.4665244464392615
-0.5   0.55469271890570693
-0.5   0.89878559378929213
-0.5   1.4673844179238531
-0.5   1.8456237431404885
-0.5   2.0431451701595447
-0.5   1.51147668605388
-0.5   1.4405318654563315
-0.5   1.0895238099655375
-0.5   1.471101611461084
-0.5   1.4263713983223181
-0.5   1.056420103548803
-0.5   0.73119888718830017
-0.5   1.2899238800937611
-0.5   0.51969618609057755
-0.5   0.53885407739452074
-0.5   0.63276133993592887
-0.5   0.86442428455490594
-0.5   1.3952347630919772
-0.5   1.1969396691787708
-0.5   0.94241748312747675
-0.5   1.6492629109216259
-0.5   2.2606921769583748
-0.5   2.3605908423982318
-0.5   1.6590666625594053
-0.5   1.5727967661567983
-0.5   2.0422918320892105
-0.5   1.913280603834941
-0.5   1.5845458314140299
-0.5   1.7783076789694139
-0.5   0.77178702050046666
-0.5   1.3435736745056053
-0.5   1.6814038967815361
-0.5   1.035229986146216
-0.5   1.347337955484079
-0.5   0.62051384462827897
-0.5   1.4303224004705934
-0.5   0.93032595837654042
-0.5   1.0124198540961034
-0.5   0.52612380442356987
-0.5   1.0992560988228193
-0.5   1.1724286308678644
-0.5   1.2208242075638229
-0.5   1.3558938107288496
-0.5   1.4842197556855741
-0.5   1.1723033462029591
-0.5   2.1514309196990329
-0.5   1.5827108243367989
-0.5   2.2923361688039616
-0.5   0.54419712828463029
-0.5   0.64629707809953785
-0.5   1.4659311730027969
-0.5   0.72699260266303622
-0.5   0.5759495821664562
-0.5   0.93223560798475225
-0.5   1.4706258247926687
-0.5   1.3220432684264958
-0.5   1.3362989655479465
-0.5   0.74968245875474038
-0.5   2.0212285800886569
-0.5   1.3729376745405049
-0.5   1.0362120899877345
-0.5   1.5966407922123516
-0.5   1.468222154211736
-0.5   1.3944950293263603
-0.5   1.0647937552297728
-0.5   2.2183637606546571
-0.5   1.8198233310547121
-0.5   1.5267253902596871
-0.5   1.6093419302009249
-0.5   2.2997107800772429
-0.5   2.4522882797504151
-0.5   2.3442928266884766
-0.5   3.3238421765002522

0.5   0.67173246275224252
0.5   0.74662672796855389
0.5   1.1319368753122825
0.5   0.9324434682625875
0.5   1.0487606392984838
0.5   0.94731623835314283
0.5   1.3641785824582928
0.5   1.4082072178022262
0.5   1.2316578619845773
0.5   2.2947001196274854
0.5   1.1088759265624724
0.5   1.1300752173981872
0.5   1.4665750224459371
0.5   2.3750514931762803
0.5   0.72567222160390132
0.5   1.454357525548134
0.5   1.2176355107433634
0.5   0.74509941701100968
0.5   0.57819584076804942
0.5   2.1364773795821672
0.5   1.2417592017108319
0.5   1.4163248550564755
0.5   1.0821261568701364
0.5   0.82452987989840021
0.5   0.97270937121954137
0.5   1.4745975409045846
0.5   1.3306478525615326
0.5   1.2592190107147978
0.5   1.6554196064711255
0.5   0.65381766024198251
0.5   1.4265943623843127
0.5   1.9170596187244908
0.5   1.1794576741413445
0.5   1.8022247651533689
0.5   1.764872075940294
0.5   2.1417048099318019
0.5   1.0566200414258113
0.5   1.8553527920221491
0.5   1.9727985471715455
0.5   1.5868740040500429
0.5   1.655552246370966
0.5   1.7293302832461173
0.5   1.3789722344443567
0.5   1.9591218601519791
0.5   1.504339079822242
0.5   2.6362295040978316
0.5   1.9742529235374322
0.5   1.4725502093125891
0.5   1.4254047943545629
0.5   1.9160841981461143
0.5   1.8660223763233388
0.5   1.6736742391075632
0.5   1.886397786991219
0.5   1.4699035105319096
0.5   1.2756290411133178
0.5   1.7695348369830302
0.5   2.0279591040471736
0.5   1.2837041673301053
0.5   1.9183837023655244
0.5   1.1284864161298191
0.5   2.2173925118597029
0.5   0.74957165116685998
0.5   1.1681682601008578
0.5   1.3548745887768616
0.5   0.79890002588143361
0.5   1.1498191613191571
0.5   0.94113685625679078
0.5   1.4312159278734573
0.5   1.3124404184950136
0.5   1.6114247538290307
0.5   1.3839819681994598
0.5   1.8562580230716614
0.5   0.60703271781238932
0.5   1.5169843765972764
0.5   1.369729224456925
0.5   1.2992304392471383
0.5   2.1028119784000361
0.5   1.9746280477695524
0.5   1.3366585194000886
0.5   0.98446072058179102
0.5   1.0496540996047923
0.5   1.3905773504085617
0.5   1.349916208319913
0.5   1.4700192561565311
0.5   0.72867079405680713
0.5   1.4998662452770293
0.5   1.5003048995628196
0.5   1.0982137483954555
0.5   1.2800430172866506
0.5   1.4086913512017496
0.5   1.0697751164398666
0.5   1.2782989559316846
0.5   1.3970388677576409
0.5   1.8391038984463099
0.5   1.8597269827087892
0.5   1.1588165923596043
0.5   2.0598336431847892
0.5   0.91573403974426637
0.5   1.5095021921912593
0.5   1.7005638178445621
0.5   1.6788925558513133
0.5   1.6889351019728651
0.5   1.875629140320727
0.5   1.6987802897470003
0.5   1.5233811217367226
0.5   1.8662985363694076
0.5   1.9794381959597742
0.5   1.6495118696895927
0.5   1.7344606556723661
0.5   2.1793433555311461
0.5   1.9006796135691624
0.5   1.7591974672827138
0.5   1.5135427630444798
0.5   1.6380909671387824
0.5   1.3359611602716117
0.5   1.4885930618576499
0.5   2.0115558516231777
0.5   2.1003972089088681
0.5   2.2520609692091145
0.5   1.9470601129098046
0.5   2.1827726756027883
0.5   0.59041723095717424
0.5   0.64588046522195475
0.5   1.0945091213809597
0.5   1.4823216149519336
0.5   1.0826909142451886
0.5   0.68604690394730983
0.5   0.58975883249769656
0.5   1.4477897725737015
0.5   1.4771265633817907
0.5   1.4881999198481159
0.5   1.3930192942514257
0.5   1.4531879548877249
0.5   1.3936355973032355
0.5   2.2284937871126398
0.5   1.0908744834507365
0.5   2.3927695507998394
0.5   1.3250731682826764
0.5   1.5597651046748444
0.5   1.4585833643172283
0.5   1.8532277330508409
0.5   2.220489857774298
0.5   1.4047723472390183
0.5   1.0062625273052688
0.5   1.2716929899612333
0.5   1.4740843833596551
0.5   1.5138111603191788
0.5   3.0598561201240573
0.5   1.0780562238639098
0.5   1.5104716999459344
0.5   1.8834738290979023
0.5   1.6991521437212249
0.5   1.6564253098233239
0.5   0.8969343364765352
0.5   2.0366979920165607
0.5   0.9540296474375336
0.5   1.3723142670691315
0.5   1.133251961987636
0.5   1.17767656454609
0.5   2.3120880063195948
0.5   0.84474792928094922
0.5   2.2782629050777827
0.5   0.86851419287658338
0.5   1.4658560161485927
0.5   1.8011121748458141
0.5   1.7969387773428127
0.5   1.3333410341665026
0.5   0.76567280823273909
0.5   0.822045427593185
0.5   1.3690088958825684
0.5   2.9896891965217387
0.5   1.7721641950735143
0.5   1.2917307254518404
0.5   1.5102646396847206
0.5   1.7843007383612921
0.5   1.3539370965230941
0.5   2.2993898340124406
0.5   1.5891468428322515
0.5   1.6674521696973552
0.5   1.4660379673347679
0.5   1.3955950866164226
0.5   1.5947021664115306
0.5   1.5362661624196381
0.5   1.173449339819135
0.5   0.91858591205952256
0.5   1.4502696459733271
0.5   0.58891467474299763
0.5   0.86053652319687957
0.5   1.486088619575046
0.5   1.341883775274705
0.5   1.4883704212914015
0.5   0.60559862818153398
0.5   0.59996250211202207
0.5   1.2568697369691058
0.5   1.3927331809231118
0.5   0.91324087361579021
0.5   0.72090436551063952
0.5   1.8007816090531832
0.5   1.9233488989540684
0.5   1.588151889303445
0.5   2.10122223460441
0.5   2.1135035241147699
0.5   1.4140959594244114
0.5   0.66026513534960984
0.5   0.6479703312601941
0.5   0.68811297648627479
0.5   1.4665244464392651
0.5   0.55469271890570071
0.5   0.89878559378923639
0.5   1.4673844179249502
0.5   1.8456237431395541
0.5   2.0431451701596028
0.5   1.5114766860538622
0.5   1.440531865456333
0.5   1.0895238099654998
0.5   1.471101611461094
0.5   1.4263713983223287
0.5   1.0564201035488439
0.5   0.73119888718829684
0.5   1.2899238800937156
0.5   0.51969618609057289
0.5   0.53885407739452118
0.5   0.63276133993591843
0.5   0.86442428455501319
0.5   1.3952347630920883
0.5   1.1969396691787453
0.5   0.94241748312732976
0.5   1.6492629109215766
0.5   2.2606921769584098
0.5   2.3605908423982322
0.5   1.6590666625594426
0.5   1.572796766156785
0.5   2.0422918320891155
0.5   1.9132806038348993
0.5   1.5845458314143213
0.5   1.7783076789691936
0.5   0.77178702050044579
0.5   1.3435736745055522
0.5   1.6814038967815774
0.5   1.0352299861462924
0.5   1.3473379554840681
0.5   0.62051384462825965
0.5   1.4303224004704822
0.5   0.93032595837670407
0.5   1.0124198540961529
0.5   0.52612380442359608
0.5   1.0992560988229494
0.5   1.1724286308677061
0.5   1.2208242075638309
0.5   1.355893810728892
0.5   1.4842197556855881
0.5   1.1723033462028789
0.5   2.1514309196992234
0.5   1.5827108243365373
0.5   2.2923361688039794
0.5   0.5441971282846334
0.5   0.64629707809943238
0.5   1.4659311730028344
0.5   0.72699260266304422
0.5   0.57594958216646086
0.5   0.93223560798479266
0.5   1.4706258247926283
0.5   1.3220432684264876
0.5   1.3362989655479414
0.5   0.74968245875468331
0.5   2.0212285800886822
0.5   1.3729376745403763
0.5   1.0362120899878808
0.5   1.5966407922123853
0.5   1.4682221542116745
0.5   1.3944950293263734
0.5   1.0647937552298765
0.5   2.2183637606549342
0.5   1.8198233310543896
0.5   1.526725390259668
0.5   1.6093419302009004
0.5   2.2997107800772234
0.5   2.4522882797504124
0.5   2.3442928266884682
0.5   3.3238421765002601

1.5   1.5060309608281419
1.5   1.5083710139750508
1.5   1.7248984005068912
1.5   1.521008990941076
1.5   2.3252948053433182
1.5   1.5791017830103078
1.5   1.5179761510223906
1.5   2.4104773593830333
1.5   1.5091989133725443
1.5   2.347069745293493
1.5   1.6495854401160543
1.5   1.5795581476904794
1.5   1.5432781508117621
1.5   1.5488018894450013
1.5   1.6111017895686266
1.5   2.4333752329221654
1.5   1.7223565449150438
1.5   1.8140004916575765
1.5   1.9918401999683266
1.5   1.9382641986250553
1.5   1.9672343996120998
1.5   1.8430632201070107
1.5   1.5626640730383721
1.5   3.1837009836313888
1.5   2.0159200065549983
1.5   2.1025872898096658
1.5   2.3840344339868094
1.5   2.1550385286978773
1.5   2.4384994537832658
1.5   2.3047859259401915
1.5   1.7745981715992869
1.5   1.9867503738708874
1.5   2.0242882959381778
1.5   2.128010409257663
1.5   2.2690387922658477
1.5   1.653418746822013
1.5   2.3557281304475697
1.5   1.5972563971097098
1.5   1.5640076277726989
1.5   1.5117682653667677
1.5   1.5294144014386659
1.5   2.4567138309347976
1.5   1.5262391717290016
1.5   1.5762716266190346
1.5   2.3996386648350692
1.5   1.5655310602755828
1.5   2.3768668622281468
1.5   1.6243740545673551
1.5   1.5047227036671562
1.5   1.5946774688784489
1.5   1.9508343747727026
1.5   1.9513346714134627
1.5   1.633755704377966
1.5   1.9730194657144096
1.5   1.8932086812710849
1.5   1.5327185943276365
1.5   2.0551207468649837
1.5   2.0509506937122675
1.5   2.392377989633045
1.5   2.0505781294397809
1.5   2.0831927149568794
1.5   2.170617158307504
1.5   2.6338905465289573
1.5   2.4024760762572521
1.5   1.8464517776723208
1.5   1.860364080839052
1.5   2.1029424640939478
1.5   2.1955460506788089
1.5   2.0715699990953071
1.5   2.1714565095313412
1.5   2.078341793208955
1.5   2.288665628432311
1.5   2.2508882309979148
1.5   2.0102411661009727
1.5   1.5120385237161607
1.5   1.5277343067078655
1.5   1.5470996126190224
1.5   1.5067601469034435
1.5   1.5462241217704729
1.5   1.628660510648678
1.5   2.2076283996772972
1.5   1.9301091978831741
1.5   1.8187764269590763
1.5   2.2258756768415697
1.5   1.9308726693195055
1.5   2.3446565466392761
1.5   2.3059990584124792
1.5   1.6016820787792332
1.5   1.5295973415270363
1.5   2.8729358696597775
1.5   2.2599511647150297
1.5   2.2831004394930807
1.5   1.5199295084468343
1.5   1.8052057317866863
1.5   2.3912422673750209
1.5   1.6058033146528943
1.5   2.2307207740086148
1.5   1.8565257631258016
1.5   2.3779459866220742
1.5   1.5892626910242855
1.5   1.5511233391085817
1.5   1.8619843089507664
1.5   2.7808481166268204
1.5   2.1818107462590808
1.5   1.5253074313542254
1.5   1.5241538885523758
1.5   2.498505936367434
1.5   1.5331132931525095
1.5   2.3900507097805539
1.5   1.9643898329601246
1.5   1.9691074166610463
1.5   2.1102537230467169
1.5   2.1136173047940141
1.5   1.6468390412674765
1.5   1.5074161115020703
1.5   1.5187951409437512
1.5   1.5090119967510431
1.5   1.5087684248665409
1.5   1.5089130375977393
1.5   1.7482256994565493
1.5   1.7355545018354879
1.5   1.5874731698648885
1.5   2.3161630933543131
1.5   2.2441863984013692
1.5   1.5107679730524439
1.5   1.6546367051990769
1.5   1.9578167400081639
1.5   1.8225132581478589
1.5   2.1154161372503961
1.5   2.1522942241791401
1.5   1.5216750785618993
1.5   1.5100819265549332
1.5   1.5150140852392235
1.5   1.9545748825902804
1.5   1.921315856256756
1.5   1.8758096157035307
1.5   2.0240757285750774
1.5   2.0563538522129421
1.5   1.610394162693471
1.5   3.2710003927633977
1.5   2.4779636543893226
1.5   1.5134241929346026
1.5   1.6817783298294073
1.5   1.5114384265760954
1.5   1.5036428463978289
1.5   1.5296702470493933
1.5   1.5108063892474886
1.5   1.6117807505892818
1.5   1.5058240717230471
1.5   2.393967418861437
1.5   1.5131077752672892
1.5   2.4857732054403536
1.5   1.5033066682649214
1.5   1.5876223347343545
1.5   1.5617348432156044
1.5   1.5042540188927305
1.5   1.568230230102321
1.5   2.0424114246689511
1.5   2.0112107073274195
1.5   1.7126889399406986
1.5   1.6561401651709233
1.5   1.7595408809486583
1.5   2.1766458796001507
1.5   1.8137424945139728
1.5   2.4480492717902829
1.5   2.4453742113062384
1.5   2.3354444064868414
1.5   3.3412716978454

2.5   2.5001801116111095
2.5   2.5001814849493549
2.5   2.5028517807221844
2.5   2.5115069131224144
2.5   2.5093650312886635
2.5   2.6190258808993097
2.5   3.3171390464613912
2.5   2.8155605397042947
2.5   3.2001462816224202
2.5   2.5357258082285528
2.5   2.5675288530115132
2.5   2.5281743517055588
2.5   2.5110714565285082
2.5   2.5027451610677667
2.5   2.5016099790509494
2.5   2.5151962529047682
2.5   3.0679812302291896
2.5   2.5070380323738388
2.5   3.0938217976223834
2.5   2.5063258340265344
2.5   2.5678340550812475
2.5   2.6961520447792688
2.5   2.8742531175009947
2.5   2.7700469113899917
2.5   2.5040564400113401
2.5   2.5708351817756632
2.5   2.5281286929080102
2.5   2.5005928925473051
2.5   2.5024954098323162
2.5   2.5001574067243384
2.5   3.4421226074772324
2.5   2.5009047802095652
2.5   2.5438457329749373
2.5   2.5059676133005366
2.5   2.5013427581690131
2.5   3.4827051443064083
2.5   2.5000500381652113
2.5   2.5044436792015055
2.5   2.5001774968322201
2.5   2.5118112716941128
2.5   2.5000767399345483
2.5   2.5008935657043208
2.5   2.502027161630763
2.5   2.5001591413988664
2.5   2.5001485763513585
2.5   2.7594356629160051
2.5   3.2886444149356269
2.5   2.5000577915342883
2.5   2.50056809551418
2.5   2.5001077918169203
2.5   2.5000773115227681
2.5   2.500240903220583
2.5   2.500022555639132
2.5   2.6555081360253565
2.5   2.5001938501962568
2.5   3.378073055335777

3.5   3.4999999999999991
3.5   3.4999999999999996
3.5   3.5
3.5   3.4999999999999996
3.5   3.4999999999999996
3.5   3.5
3.5   3.4999999999999996
3.5   3.5

