0   -32.4345   0.0292168   0.112889   9.76914e-07   0.248218   0.109675   0.109675   0.248218   9.76914e-07   0.112889   0.0292168   
1   -42.1481   0.0156975   0.0377323   0.0891938   0.155197   0.20218   0.20218   0.155197   0.0891938   0.0377323   0.0156975   
2   -42.8725   0.014546   0.0373585   0.0916637   0.1548   0.201631   0.201631   0.1548   0.0916637   0.0373585   0.014546   
3   -42.9859   0.0203151   0.044807   0.101408   0.147457   0.186013   0.186013   0.147457   0.101408   0.044807   0.0203151   
4   -42.9155   0.0206866   0.0486169   0.103563   0.148013   0.179121   0.179121   0.148013   0.103563   0.0486169   0.0206866   
5   -42.9155   0.0206866   0.0486169   0.103563   0.148013   0.179121   0.179121   0.148013   0.103563   0.0486169   0.0206866   
6   -42.9859   0.0203151   0.044807   0.101408   0.147457   0.186013   0.186013   0.147457   0.101408   0.044807   0.0203151   
7   -42.8725   0.014546   0.0373585   0.0916637   0.1548   0.201631   0.201631   0.1548   0.0916637   0.0373585   0.014546   
8   -42.1481   0.0156975   0.0377323   0.0891938   0.155197   0.20218   0.20218   0.155197   0.0891938   0.0377323   0.0156975   
9   -32.4345   0.0292168   0.112889   9.76914e-07   0.248218   0.109675   0.109675   0.248218   9.76914e-07   0.112889   0.0292168   
