0   -29.8346   0.0293627   0.113064   1.18605e-06   0.24804   0.109532   0.109532   0.24804   1.18605e-06   0.113064   0.0293627   
1   -38.5394   0.0158151   0.0379638   0.0893918   0.155081   0.201749   0.201749   0.155081   0.0893918   0.0379638   0.0158151   
2   -39.0936   0.014763   0.0378335   0.0919074   0.15472   0.200776   0.200776   0.15472   0.0919074   0.0378335   0.014763   
3   -39.1389   0.0208297   0.0450078   0.101677   0.146727   0.185759   0.185759   0.146727   0.101677   0.0450078   0.0208297   
4   -39.0252   0.0189839   0.0465049   0.100922   0.150234   0.183356   0.183356   0.150234   0.100922   0.0465049   0.0189839   
5   -39.0252   0.0189839   0.0465049   0.100922   0.150234   0.183356   0.183356   0.150234   0.100922   0.0465049   0.0189839   
6   -39.1389   0.0208297   0.0450078   0.101677   0.146727   0.185759   0.185759   0.146727   0.101677   0.0450078   0.0208297   
7   -39.0936   0.014763   0.0378335   0.0919074   0.15472   0.200776   0.200776   0.15472   0.0919074   0.0378335   0.014763   
8   -38.5394   0.0158151   0.0379638   0.0893918   0.155081   0.201749   0.201749   0.155081   0.0893918   0.0379638   0.0158151   
9   -29.8346   0.0293627   0.113064   1.18605e-06   0.24804   0.109532   0.109532   0.24804   1.18605e-06   0.113064   0.0293627   
