-4   4
-4   4
-4   4
-4   4
-4   4
-4   4
-4   4
-4   4
-4   4

-3   3.0000283533438612
-3   3.0000444848903927
-3   3.0003988006231213
-3   3.001181952674524
-3   3.0001564774412453
-3   3.0260302638142047
-3   3.0083624353628005
-3   3.8507366290374296
-3   3.0004840278212379
-3   3.1568322474151267
-3   3.8618577127161844
-3   3.1562237567582807
-3   3.0012588212659792
-3   3.0001485317992524
-3   3.0053627262077836
-3   3.0003874878404271
-3   3.0022996644840125
-3   3.0001852357948917
-3   3.7960471006066214
-3   3.0006558381667077
-3   3.0255646227271815
-3   3.1688701247514439
-3   3.0038347750005809
-3   3.0527935437129416
-3   3.0101123281071982
-3   3.0017186498781188
-3   3.7649596330039437
-3   3.0003009216964127
-3   3.2669758913036793
-3   3.000104027211612
-3   3.0033835057542522
-3   3.0000527917093951
-3   3.0018532860305682
-3   3.0036248992959695
-3   3.3002099465257313
-3   3.0024466525069262
-3   3.1922400549806169
-3   3.5673066220427412
-3   3.0057876547849136
-3   3.0061932202415109
-3   3.0761707481101812
-3   3.0093898141377622
-3   3.929986827081617
-3   3.0000799141911734
-3   3.000149697648689
-3   3.0002127421087494
-3   3.0012586494811218
-3   3.0000855250004625
-3   3.0000129646969445
-3   3.7399704583022979
-3   3.0000397305072162
-3   3.3076092756162296
-3   3.0000126964811837
-3   3.0020317789998803
-3   3.0001343434352097
-3   3.000169076263592
-3   3.0000060879294748
-3   3.0000248949568808
-3   3.0329352494843027
-3   3.0000134276429606
-3   3.9275179269523024
-3   3.0000715704415812
-3   3.0585404106270286
-3   3.0000321959801566
-3   3.000040792951562
-3   3.000213190355518
-3   3.0000282575087089
-3   3.0000278139091003
-3   3.0000174057836295
-3   3.1081126706932833
-3   3.0000798229804126
-3   3.9135071160159187

-2   2.0003424782436063
-2   2.0005797974722594
-2   2.0013025492046435
-2   2.1568328788872013
-2   2.0110491353470752
-2   2.878293541936642
-2   2.003774378398961
-2   2.1233901038519423
-2   2.0045894722039002
-2   2.8954285670770341
-2   2.001634555779749
-2   2.876206150319824
-2   2.003970642073488
-2   2.1365627372710696
-2   2.0255938796241901
-2   2.0127270309737009
-2   2.0213239850852047
-2   2.0247673966001605
-2   2.016640305590673
-2   2.8567997250182979
-2   2.160256913979393
-2   2.004373806117731
-2   2.1026811552006062
-2   2.9560697442391803
-2   2.7028516956519906
-2   2.6863492903230664
-2   2.0370858434011545
-2   2.3381465819822869
-2   2.2509875323557713
-2   2.5761099230487887
-2   2.5537747566327962
-2   2.128912636273756
-2   3.0369017488920549
-2   2.5917230968097709
-2   2.2763304005451026
-2   2.1559636899787096
-2   2.8665251597819799
-2   2.5298678836593815
-2   2.3404750931302343
-2   3.1722879585353905
-2   2.3696181295671872
-2   2.5242294473440974
-2   3.0446603393397553
-2   2.3552970248531171
-2   2.4387416276247089
-2   2.3261741160119893
-2   2.2056342596276326
-2   2.5671404845257735
-2   2.2530311472795641
-2   2.1757119048657296
-2   2.414420321733564
-2   2.4606581201129152
-2   2.0136375621992566
-2   2.0023743936254195
-2   2.0095321950551686
-2   2.0090513927182694
-2   2.0511336714003821
-2   2.1280203671711244
-2   2.9036330811061046
-2   2.5417665064009136
-2   2.3916354240639359
-2   2.9443940236748469
-2   2.1226903067541163
-2   2.0861346245039267
-2   2.1649861980115714
-2   2.0255960700182243
-2   2.2927675599472539
-2   2.5318050243946182
-2   2.062903628005631
-2   2.9797134965642638
-2   2.3667282515287238
-2   2.0810407537885074
-2   3.1633486943985245
-2   2.6674607609531047
-2   2.892668750467573
-2   2.1693411662599953
-2   2.6867092086388844
-2   2.0550258519439448
-2   2.0987521701843148
-2   2.1030681464367555
-2   2.0760557181546195
-2   2.6589879256988835
-2   2.3366237521402717
-2   2.2856214455860582
-2   2.2547185303098995
-2   2.2088037714576112
-2   2.0519611012946464
-2   2.7561548210336135
-2   2.3771835267704442
-2   2.0229382352568059
-2   2.4993967356669771
-2   2.0738857523441965
-2   2.6671055341863674
-2   2.6814706296192115
-2   2.7090552009492685
-2   2.7050285263452163
-2   2.9830240654631077
-2   2.3801069068611285
-2   2.6471274370116791
-2   2.699805278390714
-2   2.0814737497264222
-2   2.0033393643454578
-2   2.0372624574364901
-2   2.0385875202345427
-2   2.0773707884508821
-2   2.264657714206626
-2   2.1385628395298353
-2   2.2807514329628686
-2   2.513627482206632
-2   2.8043636070740368
-2   2.0374296314520084
-2   2.0064809877610514
-2   2.9798869973613105
-2   2.0168317847446762
-2   2.0091513386440121
-2   2.0053462276684058
-2   2.0167610566866836
-2   2.0339870702614431
-2   2.0836395169951314
-2   2.2002303863017509
-2   2.5051256280575869
-2   2.3333635187689374
-2   2.1571741943370477
-2   2.3316912315233527
-2   2.1787482231703943
-2   2.7806100064119068
-2   2.5943082009593978
-2   3.2425288855551324
-2   2.8696403807790252
-2   2.2855539347244735
-2   3.2233348379740057
-2   2.6901078374587528
-2   2.2958671474903274
-2   2.3457930737340589
-2   2.7042323344134171
-2   2.2776743211270385
-2   2.4124635065912079
-2   2.3455070492817103
-2   2.7086944563193613
-2   2.655339503541192
-2   3.7040026381307687
-2   2.0193033456006271
-2   2.0030590629844238
-2   2.0428283452618214
-2   2.0034453925837612
-2   2.4612894372405236
-2   2.4873961180297517
-2   2.0591463795399143
-2   2.2122374307108008
-2   2.1443160087355655
-2   2.7668262788463061
-2   2.0267952441427135
-2   2.0010833931494765
-2   2.9163752498217783
-2   2.6421784460432276
-2   2.435445448391329
-2   2.1029684933920665
-2   2.004853906100065
-2   2.9914317473905312
-2   2.0095122395782128
-2   2.0012161826456696
-2   2.0060144504488693
-2   2.0097399440251116
-2   2.0129344266411846
-2   2.0478461386679196
-2   2.8762166891778147
-2   2.0090857412527625
-2   2.0185525107684059
-2   2.1619496255733224
-2   3.7677645529147119
-2   2.1870091372246319
-2   2.2168413414401482
-2   2.7123619680172601
-2   2.8202216750225548
-2   2.926300545334056
-2   2.369204020786924
-2   2.098158668435365
-2   2.0304118761115348
-2   2.0784330008295639
-2   2.0713954466058495
-2   2.9517609799448414
-2   2.0004748255414482
-2   2.0063765170451893
-2   2.0011316715821867
-2   2.0049354515811642
-2   2.002140790520226
-2   2.0025017817095292
-2   2.0056365438160748
-2   2.2004733185501046
-2   2.1690264662233254
-2   2.6365887054297206
-2   2.6543494133062784
-2   2.2184277972100248
-2   2.2141878574974703
-2   2.0539143268839144
-2   2.0449683831587397
-2   2.0016955437442401
-2   2.0150623589521826
-2   2.5903982363580957
-2   2.7498296013952075
-2   2.3818623439808926
-2   2.1819640696783331
-2   2.1178800157836242
-2   2.1379351977251653
-2   2.0032043758885854
-2   2.0517602364543048
-2   2.247742951855435
-2   2.2311349216241463
-2   2.1351413646554214
-2   2.6933835601712262
-2   2.8156068509350809
-2   2.0016972357149969
-2   2.0478308020801332
-2   2.0182999268457511
-2   3.3306573534550394
-2   2.8667202466777755
-2   3.0936549763375094
-2   2.7662087630301015
-2   2.1248771123306587
-2   2.0427540301676586
-2   2.0023938071689367
-2   2.0034125238086253
-2   2.0008741323287937
-2   2.0037852282345288
-2   2.0268748613846248
-2   2.0022282948662671
-2   2.9745185469033952
-2   2.0175165672698037
-2   2.0035336592203667
-2   2.9835822058857282
-2   2.0026622005594494
-2   2.0054479413787623
-2   2.0282063054065453
-2   2.0116167427398888
-2   2.0255194139870283
-2   2.0105517871286893
-2   2.8307703583274462
-2   2.0826670534570018
-2   2.1899596292224572
-2   2.0583416769251932
-2   2.0580173127735804
-2   2.370207914667696
-2   2.5718807403442812
-2   2.1598705930022075
-2   2.1602632416401031
-2   2.2207623681264232
-2   2.7722318508054347
-2   2.9684924009950682
-2   2.188956704094434
-2   2.9556776861830514
-2   2.8602390869186842
-2   3.8670449592754599

-1   1.0357680623887799
-1   1.093148672073508
-1   1.1357575567303868
-1   1.6033018181485525
-1   1.0623049236808224
-1   1.4915087489665304
-1   1.3638701902668562
-1   1.1323753837829464
-1   1.3616671705175123
-1   1.7377285648281489
-1   1.912471579387117
-1   1.2323835778843391
-1   1.8684687520003234
-1   1.7982692891565537
-1   1.0387512576949309
-1   2.8252739163735301
-1   1.9220663750596851
-1   1.3091164442956538
-1   1.1161531395691264
-1   2.0691736119126829
-1   1.8396186006153803
-1   2.7622903365981291
-1   1.3244968886242248
-1   1.1377287202059958
-1   1.8855018579407985
-1   1.025184385986279
-1   1.4372634267972317
-1   2.5228609966504534
-1   1.6965590701089202
-1   2.0999892679036267
-1   1.0613239375992412
-1   1.3618522434246163
-1   1.421844731173509
-1   1.6712257399881847
-1   1.1400345948916695
-1   1.7785513266459607
-1   1.4244590120701908
-1   1.4940093196116813
-1   1.376542526566499
-1   1.6359965592640151
-1   1.7844590310048964
-1   1.2375953706920302
-1   1.6356942728977533
-1   1.3590568253877986
-1   1.3881967816952849
-1   2.7246863605633656
-1   1.1307499934579501
-1   1.2719104174454434
-1   1.720408594716238
-1   1.4109300799844897
-1   1.1142236318138976
-1   1.8470395645119999
-1   1.784737187203207
-1   1.9232374963434524
-1   1.9147742150273848
-1   1.33082026435696
-1   2.003380602044047
-1   2.1136522967036613
-1   2.0790508904955853
-1   2.2723757847740438
-1   2.6299046956157639
-1   1.8264737652559893
-1   1.5539372229276989
-1   1.8995103979221084
-1   2.9651764150535516
-1   2.2122153804279425
-1   1.8433286883414008
-1   1.7832106982895377
-1   1.5694951642024684
-1   1.9064538414531649
-1   2.274933877590323
-1   1.7938974264580732
-1   2.2354880669899551
-1   2.5767740202649621
-1   2.119633361057971
-1   1.5632232225370859
-1   1.7304247931837997
-1   1.6030757618975762
-1   1.8907409688383345
-1   1.6349163349166096
-1   1.7489222464042338
-1   2.692430095974959
-1   2.0338801708247707
-1   2.2071941516539137
-1   2.1159367946680709
-1   1.8456230887243064
-1   1.3983884695871991
-1   2.7867648412482589
-1   1.8454710652408481
-1   2.1883402469227997
-1   1.612612366650803
-1   1.4020024678066076
-1   1.5765185961316477
-1   1.8003529935943487
-1   1.2857327804528904
-1   2.2840947519388015
-1   1.8949175503388691
-1   1.568925076954983
-1   1.085688135674383
-1   1.980336645761485
-1   1.2708910488429326
-1   1.7242489473981308
-1   2.8032637346041214
-1   1.7293318184808837
-1   1.9895086911185724
-1   1.1732958559235533
-1   1.3429755433018027
-1   1.1754635996906879
-1   1.9287955014225533
-1   1.2611032785045078
-1   1.7420411592530924
-1   1.7874676356756312
-1   1.9038718001030301
-1   1.1914124736126421
-1   1.1145627078379863
-1   1.0855515475494393
-1   1.9044754287203696
-1   2.1189760526593804
-1   1.9301580641765876
-1   2.2382717583448328
-1   2.1830940669555807
-1   1.6761684089852551
-1   1.5688729736014055
-1   2.401192403534683
-1   1.5017767323443083
-1   2.5613523355922934
-1   1.4407362456033388
-1   1.2681937608496099
-1   1.7956011785664012
-1   1.86360733515254
-1   1.7829867362906113
-1   1.6961359859592542
-1   1.7454017956514858
-1   1.5565579056769541
-1   1.455132876584839
-1   1.7192794025920346
-1   1.3768962880197979
-1   1.4804894472633949
-1   1.8191284850493252
-1   2.0714983340619781
-1   1.6852370551883613
-1   1.5836804060602283
-1   1.8050443018893034
-1   1.998883758574586
-1   1.8936839951758739
-1   2.4852570164721159
-1   2.1596641110494206
-1   2.8231620365752064
-1   1.5315116429056181
-1   1.4433483758509569
-1   2.6107713334714613
-1   2.434390613640157
-1   1.6928482484781395
-1   1.711474678793147
-1   1.6737331294849547
-1   1.974907443251281
-1   1.5124418739070191
-1   1.5159339280914685
-1   1.6823156099092147
-1   1.6557002937376715
-1   2.2808229294977269
-1   1.6460469689563135
-1   1.4381189838077215
-1   1.447368582425576
-1   2.4371861606320078
-1   1.7026826572685412
-1   2.1515910818211683
-1   1.2320078064287439
-1   1.5328032559874818
-1   1.7108863679009603
-1   1.4304304144332485
-1   1.3632904610947119
-1   1.6227314308972529
-1   1.3224295723907402
-1   2.3450251428509903
-1   1.5676709924660899
-1   2.2663100402049339
-1   2.123348541822506
-1   1.7958063960359301
-1   2.2097338313805772
-1   1.8612572894261055
-1   1.9465417119168533
-1   1.1682977363288636
-1   1.7390906095819099
-1   1.7364776197844995
-1   1.0798065578215998
-1   2.2083323892400926
-1   2.2151498465332882
-1   1.064790320355266
-1   3.0848840985549044
-1   1.7961751662702032
-1   1.5245591986376037
-1   2.6815894350025995
-1   1.2297496436741637
-1   2.5524590745125728
-1   1.6026196959091283
-1   2.3565113085829488
-1   2.7389127254573484
-1   1.9051421302231537
-1   1.1816557943620298
-1   1.4522913925689205
-1   1.6142185792242492
-1   1.0712289151562011
-1   1.9035987909961496
-1   1.0824037021765522
-1   1.6103103042659805
-1   1.2977297265052739
-1   1.2535115531022298
-1   1.6507278674264376
-1   1.2211411914490788
-1   1.9726402353637864
-1   1.7233411457627597
-1   2.0179570861615996
-1   1.8658768740371974
-1   1.3318254631660202
-1   1.5130361454423973
-1   1.753405835029294
-1   1.4074101739686848
-1   2.2252859242418968
-1   1.5676185579694146
-1   2.1808920976996631
-1   1.8729463691255961
-1   2.0032414721504184
-1   1.9791106986905178
-1   1.2666372802080459
-1   1.3423740827275723
-1   1.2277679812172251
-1   1.8409596279277389
-1   2.0284120320376875
-1   2.0709312261082435
-1   1.8604371374044355
-1   1.2659141711459803
-1   1.2057086008666522
-1   1.7009224529767062
-1   1.706824556505858
-1   1.4409518527814067
-1   1.7022758870553436
-1   1.5619287227500531
-1   1.6030415612532685
-1   1.3713314958415441
-1   1.849620656001691
-1   1.8963626885350933
-1   2.1766733501002515
-1   2.0406478186713506
-1   1.7816458339298049
-1   1.8395057379911868
-1   2.4171350593620984
-1   1.9925762609321533
-1   2.1633218072807616
-1   1.6296123530349864
-1   2.1867938258066557
-1   2.5622365163745151
-1   2.4104200336509436
-1   1.9541727696403091
-1   2.6488397259519778
-1   1.5459089762975067
-1   3.2116922347155623
-1   2.1773534180588121
-1   1.7524568304187889
-1   2.429176231960692
-1   1.7237768138362402
-1   1.5237347612965579
-1   2.2103000043865113
-1   2.3248428482781209
-1   1.5463427041319737
-1   1.5516666999609523
-1   1.7701656591243706
-1   2.3206525592367138
-1   2.4756891246182522
-1   2.0749216919165643
-1   2.3884574008164425
-1   1.6043306536944506
-1   3.7715735875835845
-1   1.1079920327386867
-1   1.9246221960219803
-1   1.132235214272735
-1   1.2301299030627961
-1   1.0778439058526739
-1   1.7741431349150871
-1   1.1356379337101137
-1   1.3332487716037495
-1   1.711979538934715
-1   1.921826023527025
-1   1.2485257756042976
-1   1.3730701730408919
-1   2.0200382836079873
-1   1.5489674868566885
-1   2.5577069701671564
-1   1.5515417960483266
-1   1.7317323005614784
-1   1.9300454037790669
-1   1.7540715967434779
-1   2.9057233265693778
-1   1.2919510327134931
-1   1.9794335948624271
-1   1.0157426966450485
-1   1.0316382040463963
-1   1.6726637623331246
-1   1.0080089337144353
-1   1.4427709344710662
-1   1.0560531853825834
-1   1.7612683804600455
-1   1.7773660072457802
-1   2.2375461045483638
-1   2.3928807970909873
-1   1.888065907823107
-1   2.1347395731494831
-1   1.6189526127594562
-1   1.9616794763235004
-1   1.9675137280297346
-1   1.1855664012567617
-1   1.4483960584859419
-1   2.2850679905316351
-1   1.8269671278515545
-1   1.9260432209828608
-1   1.2037168462177934
-1   1.3685394596969405
-1   1.7929924536203483
-1   1.8834463912109682
-1   1.8389439944606809
-1   2.0338771356184751
-1   1.8912838155074092
-1   1.149025793119905
-1   2.4542934543542074
-1   1.1755351893952828
-1   1.8210492797676023
-1   2.0654349583459126
-1   1.8188791372385675
-1   1.1705676266209082
-1   1.221908041414512
-1   1.4698424597263826
-1   1.4703193784943362
-1   3.5193972908403959
-1   1.2420257780572288
-1   1.6201544748464949
-1   1.5553766342964948
-1   1.4516054919007522
-1   2.2063922500444515
-1   1.3055855798030513
-1   1.63848321528247
-1   1.9648663800893376
-1   2.1619355291755813
-1   2.6864248737442367
-1   1.5912222220274641
-1   1.3243183143372128
-1   2.0388236041316499
-1   1.9796145626567565
-1   1.9160813822628859
-1   1.9926955279082259
-1   1.3530232501986177
-1   1.6322799610254477
-1   1.0595598496064991
-1   1.1130303210678616
-1   1.5833481326150975
-1   1.8166084158006108
-1   2.8507562769877133
-1   1.7222718142657412
-1   1.0228598245057412
-1   1.3474831299240051
-1   1.7611475362942697
-1   1.8243264942728028
-1   1.7715712082465664
-1   1.388279982287016
-1   1.011797557929172
-1   1.6066860874468372
-1   1.9228250214355747
-1   1.9739766583457032
-1   1.007370821220579
-1   1.0053753346169649
-1   1.0450390390034634
-1   1.4423497330955861
-1   1.0361940704867794
-1   1.6503802589647378
-1   2.2153008988253098
-1   2.1468295254207166
-1   1.4539637562464101
-1   1.420599475583155
-1   1.2369239799081704
-1   1.3220927716287483
-1   2.5346574246840419
-1   2.622072607688215
-1   1.0659240791983928
-1   1.1604299349633369
-1   1.72805846961765
-1   1.7979385032173836
-1   1.901688721632337
-1   1.2958864628006919
-1   1.1904421924339044
-1   1.2391771681018688
-1   1.8289127452845775
-1   1.8742928628895519
-1   1.8516304225727733
-1   1.0747255232508028
-1   1.033451336116024
-1   1.087710042383939
-1   1.0668614589694103
-1   1.0393737599920359
-1   1.5624303732540508
-1   1.9542400708722059
-1   2.1867713949524599
-1   2.1956820442951979
-1   1.4722419387500736
-1   2.2999043053602244
-1   1.8638764535369665
-1   1.4483308584590586
-1   1.941636620876257
-1   1.1700506119322476
-1   1.5789120296075412
-1   1.3958768117255682
-1   1.0110329952541159
-1   1.0173734195817694
-1   1.0203898389573187
-1   1.9879664457697133
-1   1.0414082759854144
-1   1.8256447508808287
-1   1.0778776910943777
-1   1.9804475294234409
-1   1.0348357028550612
-1   1.1694196541354815
-1   1.4029552617521899
-1   2.4127973014188848
-1   2.2530193325340782
-1   2.4280273761169608
-1   2.6419872362120866
-1   1.7002318483261893
-1   1.8274511189440759
-1   2.0744092561798877
-1   1.8690455631504084
-1   1.4748669265884584
-1   1.5376405512010964
-1   1.2998033806981124
-1   1.9799383350242952
-1   1.2565824839673962
-1   2.130417131761837
-1   2.8080975732084199
-1   2.4124013372171795
-1   1.2421852662173305
-1   2.8179582195606065
-1   1.8318582825979961
-1   1.8919627638316987
-1   1.7219679386044056
-1   1.4090762046443792
-1   1.1100111048308305
-1   1.9651720550246958
-1   1.0224503753404828
-1   1.0307876823066331
-1   1.227550110518558
-1   1.2003533572534881
-1   1.801254880750494
-1   1.7303500363423687
-1   1.1677496127843616
-1   1.1268458984536118
-1   1.1489373073106806
-1   1.9639959807403549
-1   1.5610085788138051
-1   1.6301815934898825
-1   1.8217049320636125
-1   1.9716856660720135
-1   1.3442346538807182
-1   2.47788831143545
-1   1.9482254391028189
-1   1.8615272456761534
-1   2.9088478234016213
-1   1.0172167238248393
-1   1.0360845027501555
-1   1.014741916888718
-1   1.8829504927519274
-1   1.0447716492139638
-1   1.171449570309042
-1   1.175342004411033
-1   1.1114907454819256
-1   1.7968288644333241
-1   1.1900772952440082
-1   1.2373662729942279
-1   1.1246968045443781
-1   1.8318580264577182
-1   1.2418774406427295
-1   1.7744836374772381
-1   1.9297263111467609
-1   1.9181534083074476
-1   1.2016585138733618
-1   1.1910635454868155
-1   2.6477388629305514
-1   1.7716240319585306
-1   1.9031818788358001
-1   1.2423747856696126
-1   1.7574102178977036
-1   1.7072485710998806
-1   1.4278980124395089
-1   1.9922448239523169
-1   2.270653029722276
-1   2.1550614513224975
-1   1.3370832553380771
-1   2.054120492815779
-1   1.9932744760092387
-1   1.4427040221906851
-1   2.4777147556418084
-1   2.4823340896926158
-1   2.0235135091767558
-1   2.8690204819409701
-1   2.0510094404646737
-1   2.9426223749904659
-1   2.8289540007361658
-1   3.8494528612079462

0   0.041950327661662845
0   1.0029940135482878
0   0.78252071750680696
0   1.0526468330789509
0   1.003322381767124
0   1.071178839654704
0   1.018374466626601
0   0.19626904173721971
0   1.5826213628009596
0   1.0510745444593146
0   1.0038945949392271
0   1.9962206982457404
0   0.63629446953081636
0   1.0300384289420907
0   1.0047626268886765
0   1.2967144199587235
0   1.6511621661754816
0   1.9532692318166007
0   1.7671814534572809
0   2.7847227554851623
0   1.0021882631169361
0   1.5893707313305692
0   1.0040547450289248
0   1.1184990172476639
0   1.1344341706057959
0   1.8635580189074736
0   1.8667159690829096
0   2.7668907529300908
0   0.64779464702697576
0   1.1060505691613942
0   1.2388862328430847
0   1.7788944504709474
0   0.35180947594060752
0   1.1204080668696883
0   1.0029697422467021
0   0.73483143047273769
0   2.6568038164157946
0   0.082738634444940118
0   1.8623723674669721
0   1.6149479020918363
0   1.44117570088435
0   1.0028529866033742
0   0.81017562276089206
0   1.9411308926608219
0   1.1172887066691188
0   1.0029593115631168
0   1.9918269120314407
0   1.140004258199284
0   0.30974421963022991
0   1.6635068248009586
0   1.3754886251189753
0   1.0130371479866629
0   1.8730652851739169
0   1.9317760182664667
0   1.0465736415949041
0   1.0837955009135651
0   1.4983794985371155
0   0.37726408737006656
0   1.0216019465142532
0   1.083493595289297
0   2.3708348837334228
0   1.2322727114044285
0   1.3619740875395694
0   1.0385983452420686
0   1.0311811193255123
0   1.4959832007700038
0   1.1715995726443178
0   1.8071989165419331
0   2.2156379128373316
0   1.2040666006955409
0   1.3907714531469599
0   1.0451682451255067
0   0.98416712209930091
0   1.8441240284188991
0   1.6214809733976092
0   2.6727195894935503
0   1.0814076274806592
0   1.7647593170365652
0   1.0766495430173555
0   2.2564611148865117
0   2.2734361077877407
0   1.6777876969641863
0   1.605375351473262
0   3.2617539930417228
0   1.8411393137266798
0   1.9447301624112603
0   1.3057885820695154
0   2.0134060082687784
0   1.5458052668055666
0   1.4789686368222639
0   2.3420218089219107
0   2.0594530400978792
0   1.4775275646859303
0   1.893813043308711
0   1.6854946884175406
0   1.671677070412863
0   2.0676185737034625
0   0.73754411897020433
0   2.1317212471559053
0   1.2618135694214021
0   1.9681432092108775
0   1.2457626587599548
0   1.7746974493870091
0   2.2559092900681113
0   1.3679776520156171
0   1.7757154648435951
0   1.5673449751178707
0   1.6468043786926807
0   2.310627003648051
0   1.6078387957600344
0   1.8330976833904269
0   1.6628074315767649
0   1.4994711314624645
0   1.8749758851907741
0   1.9912143120779895
0   1.2142663164616914
0   1.520409469086943
0   1.6410887339498692
0   1.1018372353305808
0   1.1842100221301726
0   1.6866844507203185
0   2.6009967755310743
0   1.3836258045073233
0   1.7201132587736483
0   0.6663702689178912
0   1.2318712278824022
0   2.6421181631024231
0   1.4713875180166069
0   1.1274089716141793
0   1.5149052668183134
0   1.2507521208790962
0   1.0152580884058808
0   1.2690508444638544
0   1.4411897841496686
0   0.51355327135359086
0   1.0374872716466528
0   1.0532329678010535
0   1.5702694767606653
0   1.0068829520788591
0   1.9686561880854541
0   1.3542985818169215
0   1.9492404946624666
0   1.0257160777955237
0   1.1477780837443223
0   1.6309270211663738
0   0.24259794382260902
0   1.0082071222273532
0   1.8659769954405343
0   1.8674193765171108
0   2.5165145089809493
0   1.5841086737421648
0   1.9214498718842097
0   0.98557936806477109
0   2.0928076488859721
0   1.502749904333426
0   1.8452672400568479
0   1.8614427982588757
0   0.76377187813311154
0   2.2907001441636683
0   0.61194457490907839
0   1.5295559682847903
0   1.2596274025495837
0   1.1053261934352951
0   1.136718364987557
0   1.8375865118059909
0   1.9706236028307131
0   1.9082580266427347
0   1.1903999045563605
0   1.2122713706024808
0   1.1358903601453501
0   1.4820560744156419
0   1.6065984550506576
0   1.7220945923375277
0   1.716224851299589
0   2.1724554882497866
0   1.6321328031093687
0   1.1825511460376221
0   1.8895591329121957
0   1.3724164105517993
0   2.1398663786497161
0   1.3115111118689222
0   1.036718986148861
0   2.3751128627290177
0   2.434744562155712
0   1.1977849822464146
0   1.780121065475714
0   1.9043625956796175
0   2.6911821981964592
0   2.1481359392186903
0   1.0184196174569282
0   1.4823202491861616
0   1.5749651276190799
0   1.1035770340021891
0   1.6097286106661466
0   1.7671793378402048
0   1.1782931747151744
0   1.6730194581049669
0   1.8790792987528881
0   1.9948042863155395
0   1.4446649380725858
0   1.6474956993954302
0   1.1755091048798443
0   1.5218963598407003
0   1.2700636989887624
0   1.4217389489616368
0   1.6154601553360743
0   0.51527777913144912
0   2.3101358745679854
0   2.0280828507540654
0   1.1176872443099535
0   1.2539465025389445
0   1.4806100016811667
0   1.4320778248720343
0   1.5710571342235204
0   1.0667394927066713
0   2.070328582806868
0   1.9573456184284175
0   0.83202431427856105
0   1.8980880493263461
0   1.5612572091321737
0   1.5613691910803507
0   1.2197930377296407
0   1.3890647158027709
0   1.3419459906730828
0   1.9393953938658282
0   1.6622619341031863
0   1.9107990173446217
0   2.1068587295160031
0   1.7305524269790475
0   1.0127681823148227
0   1.0383122531451214
0   1.0282435449454073
0   1.2355818148347126
0   1.9851045707336277
0   2.0095091261197746
0   1.9596191481746104
0   1.4333633698672705
0   0.29876476968911136
0   2.3566036118323339
0   2.4369295337912433
0   1.5558229651661906
0   1.5561937911472365
0   2.2245127608370376
0   2.3293420026273686
0   1.0559394577128853
0   2.4093168369852327
0   2.3630336957602953
0   1.0568171858216642
0   0.88369808932223792
0   1.949769939182874
0   1.0158217419569902
0   0.096417871639283392
0   1.0156436276561862
0   0.61491130819812367
0   1.48026343046604
0   1.9402591523316324
0   1.0226526878426756
0   1.0084131591771321
0   1.9664305978647616
0   1.0907009011325424
0   1.89743677255627
0   1.3433897944903348
0   1.3196701746952049
0   1.2265314350727412
0   1.0305351405076597
0   1.3051211707807582
0   1.3242818090620714
0   1.2831692794781746
0   1.2595840308954611
0   0.67358769018529929
0   1.0090125124626241
0   1.5236979891826774
0   1.0477765320954391
0   1.6155008852015804
0   0.86305406930295447
0   2.1834065051908103
0   2.6778897478519652
0   1.0855598912021664
0   1.970240832398062
0   1.9444418886176762
0   1.4459042374232456
0   0.61577732057770684
0   1.0154164099275704
0   1.7389818818748926
0   1.1257873178086122
0   1.9768051197412797
0   2.5514471528174907
0   1.4858394772128454
0   1.8717231505283265
0   1.0147672519679074
0   1.0217386596596894
0   1.0826711961230802
0   1.5555070333086776
0   1.662250101548377
0   1.948836392140382
0   1.3665877387081165
0   1.6650174023744344
0   1.0539640356607276
0   1.1685300027791148
0   1.5858636685944134
0   1.795759613842987
0   1.1294497896451594
0   1.8472590862957352
0   1.7051027347601027
0   1.3971899399114478
0   1.9253471854721158
0   1.6501850761522627
0   1.8860840187657071
0   1.8484151304805603
0   2.6548449510553591
0   1.151407687975744
0   2.2821633008619617
0   2.2254205099437998
0   1.9625596187719383
0   2.8416776611979997
0   1.2086316681552616
0   3.2602546498506428
0   1.9563364835177572
0   1.9232037899908208
0   2.7739253406162168
0   1.662505591078359
0   1.8489860736351358
0   1.3871157197099284
0   1.5024415772463819
0   0.56985926299287026
0   1.0821935626787571
0   2.3406409958106358
0   1.9701884352533243
0   1.9705244179541257
0   2.0948226012828379
0   1.298211839940475
0   2.5102718420153298
0   1.9704249406030576
0   2.4252375636476984
0   1.9432458459526059
0   1.0877234534278133
0   0.48647010535888691
0   3.8214293185696917
0   1.0177859469059716
0   1.0272545432776652
0   1.925262287460944
0   0.38241530414596381
0   1.0485754266749185
0   1.0017022495096815
0   1.8375268121760646
0   1.015349313966744
0   0.30515180289998767
0   1.4186859179727345
0   1.0498502751741461
0   1.4300420647108691
0   1.7988366573520631
0   1.0867987187643879
0   0.53841924551057363
0   1.0659892496615972
0   1.8800873574510599
0   2.0412369863570889
0   1.3535667111702825
0   2.2776012891010415
0   1.8084400364881703
0   1.0132049328043589
0   0.81286416171501941
0   1.4913867279159798
0   2.9479968338605671
0   1.6861938747902001
0   1.0049274321769606
0   1.576121432454082
0   1.0092199755687805
0   1.0153148205528455
0   1.0208175702651605
0   0.88267933540564347
0   1.0050874458175605
0   1.6467423737352211
0   1.0051382345409023
0   1.112208238353755
0   1.4158285286591077
0   1.4075733014884448
0   1.7379899747595582
0   1.7294941621730384
0   1.7651689947046352
0   1.6764466857826048
0   2.0771453825698605
0   2.5258185745497648
0   1.6126104501947069
0   1.014541458009393
0   1.0357355283059251
0   1.0034591375220276
0   1.0526016150815316
0   1.3277558232836713
0   2.8397026399633831
0   1.4670703457441334
0   1.3190987454678811
0   1.721850756824181
0   1.7807112866721897
0   1.0060266152455832
0   1.0177233929366118
0   1.9821784727055869
0   1.9926897431153283
0   1.4007956930709906
0   1.746349621955368
0   1.0027138485414095
0   2.8273996458484052
0   0.72048958158209264
0   0.30758105772248368
0   1.0335215724458862
0   1.7616744621976363
0   1.5658096596635049
0   1.0046044336356259
0   1.9893785758558709
0   1.0772744718173199
0   1.7870583603187136
0   0.85977500613637914
0   3.1563967957745773
0   1.5324563912614906
0   1.5519661583562536
0   1.1427115443003424
0   2.2468886896319664
0   1.31804511980261
0   1.0825860799439295
0   1.0456811331918139
0   1.3847099899752247
0   0.85762080520804851
0   2.5724764844578374
0   1.1504365265801177
0   1.0150793844426385
0   1.5039747970520034
0   1.3981049428686985
0   1.3134015211119969
0   1.7393039725491448
0   1.7831116199455161
0   2.4781103082646885
0   2.0665615645573561
0   2.192670690083995
0   1.2082849699390912
0   1.2813409605902764
0   0.61037180023922399
0   0.6486121738172701
0   1.6467629278014599
0   1.9918098619373015
0   1.3721041533460703
0   1.0062933139162518
0   1.0055371158160167
0   2.6281997105875412
0   1.7548214626972158
0   1.0123291978425693
0   1.0032792537639803
0   0.75103342843357068
0   0.41373063866326953
0   1.005164004590579
0   1.9860868937098277
0   1.9732046538595083
0   1.9949466375696057
0   1.0011713823775694
0   1.0042138734613828
0   1.9756339248149239
0   1.9154634110244708
0   1.0053763798493922
0   1.0007971803735054
0   0.061140323734911184
0   1.0476452496047213
0   0.032899600568289222
0   0.06687767680379586
0   0.58201147091402028
0   1.0433292877413116
0   1.0055179975794095
0   1.8074735681486298
0   0.35963655097877301
0   1.9359967907853823
0   2.9396968322854775
0   2.8611834196465389
0   1.8717945359690997
0   1.0314909517978001
0   1.0008182020564851
0   1.1706897789057049
0   1.9903196310848932
0   1.946750152169352
0   1.0593341804728766
0   1.0063620649495297
0   1.0062491379317642
0   1.377535028609697
0   1.1023584487098153
0   1.0430353986952652
0   1.9271914775251608
0   0.53906994070096781
0   1.0030000601621567
0   1.003318250398936
0   1.9793262534806635
0   1.9262681520634519
0   1.0778421417991888
0   0.34227391039365462
0   1.03311432572908
0   0.27616731635926306
0   1.0063496700000949
0   1.0095876156071779
0   0.096888066293938313
0   1.0122767151348415
0   0.93051613036683722
0   0.2590122331971314
0   1.426206278968597
0   0.3476276693547975
0   2.5377036482447148
0   1.5808433791084475
0   1.7497075262987036
0   1.7836429495997455
0   2.2089440417597679
0   1.6374306397994367
0   0.41975359308965698
0   1.9817300509534665
0   1.9667064416603823
0   1.1602742088212401
0   1.0468648538297018
0   1.1176857016673096
0   0.06720057175946792
0   0.076382300212184284
0   1.005335866388416
0   1.004312138255516
0   0.61125102326602598
0   1.005791037505297
0   1.787644986257106
0   1.0240080910837737
0   0.94158574279918872
0   1.0117245102159251
0   1.9625955181919212
0   1.2226256341940909
0   1.6333698690573
0   1.0512077521316321
0   0.61357865597367089
0   1.007683272121678
0   2.683739522431162
0   1.9259181556684588
0   2.7391062008205456
0   1.790284400933702
0   0.84865146622654541
0   1.021942979703887
0   1.8664529758036821
0   1.8487225190195158
0   1.3805937659128855
0   1.4722052893052546
0   1.9446979497848478
0   2.572188551572451
0   0.52061753676466638
0   1.6873063210792085
0   1.6041491176692917
0   1.2316916022389746
0   0.52802364877558272
0   1.2879125362199531
0   2.0408178369633783
0   1.9407998111825751
0   3.0534390484392433
0   1.5209800346663975
0   1.4179688237728403
0   1.972134774248854
0   1.9949477469616608
0   1.1324587937506643
0   1.3349973308244483
0   1.094665064795538
0   1.9247129134511236
0   0.064688083917677996
0   1.0055121923955863
0   1.0057569654001646
0   0.30428106147017431
0   0.51085277691634157
0   1.007078317021902
0   1.0055886004597838
0   1.1618048587478438
0   1.6274603778175258
0   1.8712933343209297
0   1.6895278205354964
0   1.0081427797862668
0   1.1507700282641105
0   1.0280366505495437
0   1.910236395609167
0   1.5726223257531053
0   1.1929408431266342
0   1.0063773072794004
0   1.1473798056035727
0   1.4180409266677276
0   2.8519799520124245
0   1.9652859869210944
0   1.815858490302372
0   0.066760127516484302
0   2.9057059051411289
0   0.11837133215794848
0   1.0012330119726229
0   1.0092039039024987
0   1.002231845516947
0   0.15645601552457788
0   1.9839853259158069
0   1.0192871490839539
0   0.12659724544654838
0   1.0240639640399098
0   1.0220464389627224
0   0.40782267794175209
0   1.0140661056511611
0   1.982378002344229
0   1.0418804657045355
0   1.1660523421793547
0   1.01598345245032
0   1.8163753091886847
0   0.6600445006475979
0   1.0566307934304822
0   1.9178624362828249
0   1.7401233640984199
0   1.93654393788333
0   0.50967861639443068
0   1.1145575581254965
0   2.7328147449737226
0   1.0246851888254518
0   0.93358747283854981
0   1.9924241679273584
0   1.0441928353761376
0   1.3884967582576675
0   1.8689356999680751
0   1.9891211331575618
0   1.0906919282982892
0   1.7371296583070399
0   2.1063906352681747
0   1.1640595985869804
0   2.3453555156577512
0   1.0806335757582184
0   1.9452596096471519
0   1.8494762618520619
0   1.3373731899399197
0   2.9265190516488637
0   2.040782092784061
0   1.9839548017186202
0   2.8286130130173843
0   2.0320140089167991
0   2.9482584967685073
0   2.8361703647043908
0   3.8416365747071213

1   1.0357680623888286
1   1.0931486720734698
1   1.1357575567303557
1   1.6033018181486587
1   1.0623049236806761
1   1.491508748966401
1   1.3638701902669645
1   1.1323753837829931
1   1.3616671705175545
1   1.7377285648280045
1   1.9124715793871268
1   1.2323835778844432
1   1.8684687520003367
1   1.7982692891565417
1   1.0387512576949289
1   2.825273916373539
1   1.9220663750597473
1   1.3091164442955781
1   1.1161531395691247
1   2.0691736119126345
1   1.8396186006153621
1   2.7622903365980975
1   1.3244968886243105
1   1.1377287202060067
1   1.8855018579408251
1   1.0251843859862719
1   1.4372634267971816
1   2.5228609966504458
1   1.6965590701089166
1   2.0999892679038323
1   1.0613239375993624
1   1.3618522434242453
1   1.4218447311736322
1   1.6712257399879951
1   1.1400345948918689
1   1.7785513266459065
1   1.4244590120701948
1   1.4940093196117161
1   1.3765425265665161
1   1.6359965592639982
1   1.784459031004928
1   1.2375953706919907
1   1.6356942728980206
1   1.3590568253878046
1   1.3881967816950527
1   2.7246863605632292
1   1.1307499934579688
1   1.2719104174453337
1   1.7204085947164689
1   1.4109300799845426
1   1.1142236318138969
1   1.8470395645119857
1   1.7847371872032034
1   1.9232374963434187
1   1.9147742150271174
1   1.3308202643569154
1   2.0033806020443752
1   2.1136522967036586
1   2.0790508904956599
1   2.2723757847739918
1   2.6299046956158674
1   1.8264737652559226
1   1.5539372229274759
1   1.8995103979221746
1   2.9651764150552249
1   2.2122153804259006
1   1.8433286883413325
1   1.7832106982896896
1   1.5694951642035919
1   1.9064538414521484
1   2.2749338775901591
1   1.7938974264581167
1   2.2354880669899444
1   2.5767740202648723
1   2.1196333610580425
1   1.5632232225370344
1   1.7304247931838539
1   1.6030757618976534
1   1.8907409688382728
1   1.6349163349168476
1   1.7489222464042649
1   2.6924300959748297
1   2.0338801708247716
1   2.207194151654011
1   2.1159367946680137
1   1.8456230887246412
1   1.3983884695871929
1   2.7867648412479626
1   1.8454710652408277
1   2.1883402469228304
1   1.6126123666507945
1   1.4020024678066543
1   1.5765185961317352
1   1.8003529935943012
1   1.2857327804527983
1   2.2840947519388122
1   1.8949175503388136
1   1.5689250769549794
1   1.0856881356743466
1   1.9803366457615987
1   1.270891048843009
1   1.7242489473979981
1   2.8032637346041152
1   1.7293318184808761
1   1.9895086911185556
1   1.1732958559235453
1   1.3429755433018036
1   1.1754635996906631
1   1.9287955014225338
1   1.2611032785043379
1   1.7420411592532434
1   1.7874676356756387
1   1.903871800103095
1   1.1914124736125367
1   1.1145627078379925
1   1.0855515475494149
1   1.9044754287203807
1   2.1189760526594341
1   1.9301580641765694
1   2.2382717583448035
1   2.1830940669555807
1   1.6761684089852849
1   1.568872973601422
1   2.4011924035346719
1   1.5017767323442603
1   2.5613523355923378
1   1.4407362456032944
1   1.2681937608496201
1   1.7956011785663764
1   1.8636073351525546
1   1.7829867362906309
1   1.6961359859592569
1   1.7454017956515213
1   1.5565579056767445
1   1.4551328765847933
1   1.7192794025919884
1   1.3768962880200386
1   1.4804894472634087
1   1.8191284850493301
1   2.071498334061983
1   1.6852370551883911
1   1.5836804060601812
1   1.8050443018893669
1   1.9988837585746895
1   1.8936839951758295
1   2.4852570164721133
1   2.1596641110494192
1   2.8231620365751695
1   1.5315116429055635
1   1.4433483758509382
1   2.6107713334714164
1   2.4343906136401925
1   1.6928482484781169
1   1.7114746787931967
1   1.6737331294849351
1   1.9749074432513494
1   1.5124418739070125
1   1.5159339280914743
1   1.6823156099091952
1   1.6557002937376732
1   2.2808229294976354
1   1.6460469689563766
1   1.4381189838077288
1   1.4473685824255795
1   2.4371861606320233
1   1.7026826572684874
1   2.1515910818211834
1   1.2320078064287161
1   1.5328032559874929
1   1.7108863679009789
1   1.4304304144332165
1   1.363290461094713
1   1.6227314308972827
1   1.3224295723906792
1   2.3450251428509654
1   1.5676709924661494
1   2.2663100402049317
1   2.1233485418225091
1   1.7958063960359416
1   2.2097338313805577
1   1.861257289426157
1   1.9465417119168436
1   1.1682977363288121
1   1.739090609581905
1   1.736477619784488
1   1.0798065578216023
1   2.2083323892400779
1   2.2151498465332957
1   1.0647903203553197
1   3.0848840985548929
1   1.7961751662701997
1   1.5245591986376104
1   2.6815894350026097
1   1.229749643674183
1   2.5524590745126403
1   1.6026196959080479
1   2.3565113085828902
1   2.7389127254580359
1   1.905142130223155
1   1.181655794362017
1   1.4522913925688876
1   1.6142185792242745
1   1.0712289151562004
1   1.903598790996134
1   1.0824037021765476
1   1.6103103042659539
1   1.2977297265053021
1   1.2535115531022016
1   1.6507278674264718
1   1.2211411914490604
1   1.9726402353637851
1   1.7233411457628351
1   2.0179570861616067
1   1.8658768740372
1   1.331825463166028
1   1.5130361454424235
1   1.7534058350292203
1   1.4074101739686729
1   2.2252859242418657
1   1.5676185579694213
1   2.1808920976996915
1   1.872946369125621
1   2.0032414721504161
1   1.9791106986905307
1   1.2666372802080432
1   1.3423740827275563
1   1.2277679812172309
1   1.84095962792773
1   2.0284120320376511
1   2.0709312261082715
1   1.8604371374044364
1   1.2659141711459834
1   1.2057086008666302
1   1.7009224529767013
1   1.7068245565058588
1   1.4409518527814038
1   1.7022758870553498
1   1.5619287227502889
1   1.6030415612530482
1   1.3713314958415428
1   1.8496206560016626
1   1.8963626885350839
1   2.1766733501002475
1   2.0406478186713417
1   1.7816458339298258
1   1.839505737991201
1   2.4171350593620855
1   1.9925762609321587
1   2.1633218072807598
1   1.6296123530349784
1   2.1867938258067006
1   2.562236516374512
1   2.4104200336509298
1   1.9541727696402145
1   2.648839725951964
1   1.5459089762976532
1   3.2116922347155388
1   2.1773534180587801
1   1.7524568304188071
1   2.4291762319606982
1   1.7237768138362375
1   1.5237347612965686
1   2.2103000043866134
1   2.3248428482780481
1   1.5463427041319702
1   1.5516666999609496
1   1.7701656591243284
1   2.3206525592367155
1   2.475689124618258
1   2.0749216919165741
1   2.3884574008164163
1   1.6043306536944408
1   3.7715735875835774
1   1.1079920327386978
1   1.9246221960219811
1   1.132235214272741
1   1.2301299030627897
1   1.0778439058526796
1   1.7741431349151293
1   1.1356379337101139
1   1.3332487716037118
1   1.7119795389346897
1   1.9218260235270197
1   1.2485257756043038
1   1.3730701730408961
1   2.0200382836079691
1   1.5489674868566738
1   2.5577069701671564
1   1.551541796048304
1   1.7317323005614811
1   1.9300454037790717
1   1.7540715967434783
1   2.9057233265693676
1   1.2919510327135022
1   1.9794335948624289
1   1.0157426966450482
1   1.0316382040463981
1   1.6726637623331078
1   1.0080089337144356
1   1.4427709344710855
1   1.0560531853825781
1   1.7612683804600371
1   1.7773660072458024
1   2.2375461045483478
1   2.3928807970909887
1   1.8880659078230795
1   2.1347395731494943
1   1.6189526127595673
1   1.9616794763234346
1   1.9675137280297261
1   1.1855664012567479
1   1.448396058485939
1   2.2850679905316911
1   1.8269671278515189
1   1.9260432209828666
1   1.2037168462178005
1   1.3685394596969684
1   1.7929924536203456
1   1.8834463912109669
1   1.8389439944606609
1   2.0338771356184666
1   1.891283815507415
1   1.1490257931199219
1   2.4542934543542088
1   1.1755351893952479
1   1.8210492797675566
1   2.0654349583459206
1   1.8188791372386284
1   1.170567626620922
1   1.2219080414145003
1   1.4698424597263502
1   1.4703193784943349
1   3.5193972908405726
1   1.2420257780572237
1   1.6201544748461854
1   1.5553766342964712
1   1.451605491900815
1   2.2063922500444706
1   1.3055855798030394
1   1.6384832152826703
1   1.9648663800891897
1   2.1619355291755489
1   2.6864248737442256
1   1.5912222220273375
1   1.3243183143372619
1   2.0388236041316969
1   1.9796145626567436
1   1.9160813822629095
1   1.9926955279082152
1   1.3530232501986763
1   1.6322799610254477
1   1.0595598496064929
1   1.1130303210679477
1   1.5833481326150434
1   1.8166084158006246
1   2.8507562769876893
1   1.7222718142657745
1   1.0228598245057403
1   1.3474831299239534
1   1.7611475362942639
1   1.8243264942728565
1   1.7715712082465873
1   1.3882799822869458
1   1.0117975579291736
1   1.6066860874468132
1   1.922825021435528
1   1.9739766583457641
1   1.0073708212205796
1   1.0053753346169674
1   1.0450390390034681
1   1.4423497330955974
1   1.0361940704867769
1   1.6503802589647334
1   2.2153008988252898
1   2.1468295254206207
1   1.4539637562465648
1   1.4205994755832627
1   1.2369239799081104
1   1.3220927716282938
1   2.5346574246842075
1   2.6220726076882741
1   1.0659240791984248
1   1.1604299349633163
1   1.7280584696177095
1   1.7979385032173281
1   1.9016887216324307
1   1.2958864628005835
1   1.1904421924339346
1   1.2391771681019801
1   1.8289127452845642
1   1.874292862889535
1   1.8516304225726947
1   1.0747255232508037
1   1.0334513361160342
1   1.0877100423839245
1   1.0668614589694603
1   1.0393737599919941
1   1.5624303732541298
1   1.9542400708721912
1   2.1867713949525607
1   2.1956820442950078
1   1.4722419387500489
1   2.2999043053601675
1   1.8638764535370851
1   1.4483308584589654
1   1.9416366208763902
1   1.1700506119322767
1   1.5789120296074812
1   1.395876811725552
1   1.0110329952541148
1   1.0173734195817745
1   1.0203898389573298
1   1.9879664457697253
1   1.041408275985406
1   1.8256447508808415
1   1.0778776910944348
1   1.9804475294233792
1   1.0348357028550548
1   1.16941965413571
1   1.4029552617520913
1   2.4127973014187258
1   2.2530193325341421
1   2.428027376117063
1   2.6419872362120254
1   1.7002318483266023
1   1.8274511189426099
1   2.0744092561798859
1   1.8690455631518148
1   1.4748669265880467
1   1.5376405512007163
1   1.2998033806988263
1   1.9799383350242103
1   1.2565824839675346
1   2.1304171317627216
1   2.8080975732077844
1   2.4124013372173496
1   1.2421852662168651
1   2.8179582195604715
1   1.8318582825981067
1   1.8919627638315659
1   1.7219679386043012
1   1.4090762046444441
1   1.1100111048308512
1   1.9651720550246923
1   1.0224503753404612
1   1.0307876823066187
1   1.2275501105186473
1   1.2003533572534979
1   1.8012548807505082
1   1.7303500363407074
1   1.1677496127866893
1   1.1268458984535041
1   1.1489373073100637
1   1.9639959807407394
1   1.5610085788137229
1   1.6301815934900881
1   1.8217049320634606
1   1.9716856660719975
1   1.3442346538805863
1   2.4778883114355326
1   1.9482254391027642
1   1.8615272456762528
1   2.908847823401596
1   1.0172167238248482
1   1.0360845027501544
1   1.0147419168887457
1   1.8829504927520966
1   1.044771649213964
1   1.1714495703087537
1   1.1753420044110312
1   1.1114907454818614
1   1.7968288644333326
1   1.1900772952441647
1   1.2373662729942154
1   1.1246968045442189
1   1.8318580264577844
1   1.2418774406423281
1   1.7744836374772959
1   1.9297263111469825
1   1.918153408307437
1   1.2016585138756604
1   1.1910635454845171
1   2.6477388629303933
1   1.7716240319589192
1   1.903181878836
1   1.2423747856696838
1   1.7574102178971454
1   1.7072485710995493
1   1.427898012440016
1   1.9922448239522721
1   2.2706530297226304
1   2.1550614513221329
1   1.3370832553380285
1   2.0541204928157875
1   1.9932744760092271
1   1.4427040221905192
1   2.4777147556422703
1   2.4823340896921464
1   2.0235135091767633
1   2.8690204819410634
1   2.0510094404647288
1   2.9426223749904459
1   2.8289540007361849
1   3.8494528612079266

2   2.0003424782436046
2   2.0005797974722603
2   2.0013025492046386
2   2.1568328788872013
2   2.0110491353470716
2   2.8782935419366442
2   2.0037743783989628
2   2.1233901038519543
2   2.0045894722038988
2   2.895428567077027
2   2.0016345557797486
2   2.8762061503198444
2   2.0039706420734871
2   2.1365627372710518
2   2.0255938796241866
2   2.0127270309736902
2   2.0213239850852154
2   2.0247673966001618
2   2.0166403055906694
2   2.8567997250183028
2   2.1602569139793819
2   2.004373806117731
2   2.1026811552006022
2   2.9560697442391666
2   2.7028516956519946
2   2.6863492903231121
2   2.0370858434011496
2   2.3381465819823086
2   2.2509875323557691
2   2.5761099230485178
2   2.5537747566330484
2   2.1289126362737347
2   3.0369017488919545
2   2.5917230968098242
2   2.2763304005451013
2   2.1559636899788015
2   2.8665251597819776
2   2.5298678836594086
2   2.3404750931302001
2   3.1722879585353105
2   2.369618129567161
2   2.524229447344132
2   3.0446603393397931
2   2.3552970248530696
2   2.4387416276247325
2   2.326174116012059
2   2.2056342596276286
2   2.5671404845258161
2   2.2530311472795397
2   2.1757119048656732
2   2.4144203217333762
2   2.4606581201131323
2   2.0136375621992566
2   2.0023743936254204
2   2.0095321950551686
2   2.0090513927182707
2   2.0511336714003838
2   2.1280203671711067
2   2.9036330811061037
2   2.541766506400934
2   2.3916354240639333
2   2.944394023674878
2   2.1226903067540732
2   2.0861346245039241
2   2.1649861980115697
2   2.0255960700182305
2   2.2927675599472512
2   2.5318050243946066
2   2.062903628005635
2   2.9797134965642855
2   2.3667282515287114
2   2.0810407537885172
2   3.1633486943986209
2   2.6674607609529986
2   2.8926687504675552
2   2.1693411662599837
2   2.6867092086388795
2   2.0550258519439435
2   2.098752170184309
2   2.1030681464367755
2   2.0760557181546151
2   2.6589879256988587
2   2.3366237521402913
2   2.285621445586079
2   2.2547185303098933
2   2.2088037714576099
2   2.0519611012946246
2   2.7561548210336269
2   2.377183526770303
2   2.0229382352568188
2   2.4993967356671103
2   2.0738857523441934
2   2.6671055341863523
2   2.6814706296191502
2   2.7090552009492765
2   2.7050285263452514
2   2.9830240654631308
2   2.3801069068611049
2   2.6471274370117048
2   2.6998052783907172
2   2.0814737497264146
2   2.0033393643454578
2   2.0372624574364893
2   2.0385875202345445
2   2.0773707884508807
2   2.2646577142066393
2   2.1385628395298415
2   2.2807514329627971
2   2.5136274822066884
2   2.8043636070740354
2   2.0374296314520088
2   2.0064809877610514
2   2.9798869973613056
2   2.0168317847446788
2   2.0091513386440125
2   2.0053462276684115
2   2.0167610566866836
2   2.0339870702614435
2   2.0836395169951274
2   2.2002303863017749
2   2.5051256280575926
2   2.3333635187689095
2   2.1571741943370424
2   2.3316912315233504
2   2.1787482231703956
2   2.7806100064119073
2   2.5943082009594027
2   3.2425288855552288
2   2.8696403807789284
2   2.2855539347244855
2   3.2233348379740114
2   2.6901078374587444
2   2.2958671474903114
2   2.3457930737340478
2   2.7042323344133936
2   2.2776743211270554
2   2.4124635065912199
2   2.3455070492816619
2   2.7086944563193827
2   2.6553395035412208
2   3.7040026381307767
2   2.0193033456006289
2   2.0030590629844238
2   2.0428283452618246
2   2.0034453925837603
2   2.4612894372405201
2   2.4873961180297539
2   2.0591463795399161
2   2.2122374307108177
2   2.1443160087355642
2   2.7668262788462963
2   2.0267952441427113
2   2.0010833931494787
2   2.9163752498217739
2   2.6421784460431956
2   2.4354454483913646
2   2.1029684933920669
2   2.0048539061000641
2   2.9914317473905321
2   2.0095122395782123
2   2.0012161826456696
2   2.0060144504488693
2   2.0097399440251125
2   2.012934426641185
2   2.0478461386679228
2   2.8762166891778116
2   2.0090857412527585
2   2.0185525107684144
2   2.161949625573317
2   3.7677645529147252
2   2.187009137224595
2   2.2168413414401389
2   2.7123619680172086
2   2.8202216750225571
2   2.9263005453340534
2   2.3692040207869614
2   2.0981586684353788
2   2.0304118761115371
2   2.0784330008295422
2   2.0713954466058548
2   2.9517609799448512
2   2.0004748255414491
2   2.0063765170451857
2   2.0011316715821854
2   2.0049354515811664
2   2.0021407905202264
2   2.0025017817095336
2   2.0056365438160606
2   2.2004733185501024
2   2.1690264662233227
2   2.6365887054297783
2   2.6543494133062815
2   2.2184277972099142
2   2.2141878574974729
2   2.0539143268839108
2   2.0449683831587993
2   2.0016955437442432
2   2.0150623589521799
2   2.5903982363574523
2   2.7498296013948398
2   2.3818623439816133
2   2.1819640696788007
2   2.1178800157835855
2   2.13793519772514
2   2.0032043758885902
2   2.0517602364543559
2   2.2477429518553733
2   2.2311349216241307
2   2.1351413646555373
2   2.6933835601711364
2   2.815606850935108
2   2.0016972357149947
2   2.0478308020801266
2   2.018299926845728
2   3.3306573534550585
2   2.8667202466777546
2   3.0936549763375378
2   2.7662087630300647
2   2.1248771123306476
2   2.0427540301677123
2   2.002393807168942
2   2.0034125238086271
2   2.0008741323287977
2   2.0037852282345279
2   2.0268748613845839
2   2.0022282948662671
2   2.9745185469034321
2   2.0175165672698223
2   2.0035336592203699
2   2.9835822058857064
2   2.0026622005594468
2   2.0054479413787605
2   2.0282063054065422
2   2.0116167427399074
2   2.0255194139870305
2   2.0105517871286511
2   2.8307703583274435
2   2.0826670534570058
2   2.1899596292224777
2   2.0583416769252101
2   2.0580173127736008
2   2.3702079146680015
2   2.5718807403439552
2   2.1598705930021822
2   2.1602632416402461
2   2.2207623681264654
2   2.7722318508053418
2   2.9684924009950806
2   2.1889567040945255
2   2.9556776861830456
2   2.8602390869186531
2   3.867044959275411

3   3.0000283533438621
3   3.0000444848903909
3   3.0003988006231208
3   3.001181952674524
3   3.0001564774412461
3   3.0260302638142198
3   3.008362435362804
3   3.8507366290374287
3   3.0004840278212384
3   3.1568322474151138
3   3.8618577127161844
3   3.1562237567582803
3   3.0012588212659792
3   3.0001485317992524
3   3.0053627262077813
3   3.0003874878404257
3   3.0022996644840121
3   3.0001852357948913
3   3.7960471006066365
3   3.0006558381667081
3   3.0255646227271797
3   3.1688701247514235
3   3.0038347750005805
3   3.0527935437129416
3   3.0101123281071978
3   3.0017186498781188
3   3.7649596330039499
3   3.0003009216964132
3   3.2669758913036766
3   3.0001040272116097
3   3.0033835057542517
3   3.0000527917093951
3   3.0018532860305682
3   3.00362489929597
3   3.3002099465257206
3   3.0024466525069271
3   3.192240054980616
3   3.5673066220427518
3   3.0057876547849132
3   3.0061932202415123
3   3.0761707481101825
3   3.009389814137764
3   3.9299868270816152
3   3.0000799141911729
3   3.0001496976486886
3   3.0002127421087494
3   3.0012586494811213
3   3.000085525000463
3   3.0000129646969449
3   3.7399704583023246
3   3.0000397305072162
3   3.3076092756161986
3   3.0000126964811829
3   3.0020317789998789
3   3.0001343434352106
3   3.0001690762635915
3   3.0000060879294734
3   3.0000248949568786
3   3.0329352494842987
3   3.0000134276429606
3   3.9275179269523006
3   3.0000715704415812
3   3.0585404106270335
3   3.0000321959801561
3   3.0000407929515607
3   3.0002131903555163
3   3.0000282575087085
3   3.0000278139091017
3   3.0000174057836295
3   3.1081126706932962
3   3.000079822980414
3   3.9135071160159134

4   4
4   4
4   4
4   4
4   4
4   4
4   4
4   4
4   4

