0   -37.1343   0.0290115   0.11264   7.17169e-07   0.24847   0.109878   0.109878   0.24847   7.17169e-07   0.11264   0.0290115   
1   -48.6718   0.0155386   0.0374161   0.0889237   0.155352   0.202769   0.202769   0.155352   0.0889237   0.0374161   0.0155386   
2   -49.7056   0.014312   0.0368056   0.0914503   0.154837   0.202595   0.202595   0.154837   0.0914503   0.0368056   0.014312   
3   -49.9513   0.0195301   0.0447365   0.10087   0.148725   0.186138   0.186138   0.148725   0.10087   0.0447365   0.0195301   
4   -49.9676   0.0216628   0.0495179   0.104998   0.146608   0.177213   0.177213   0.146608   0.104998   0.0495179   0.0216628   
5   -49.9676   0.0216628   0.0495179   0.104998   0.146608   0.177213   0.177213   0.146608   0.104998   0.0495179   0.0216628   
6   -49.9513   0.0195301   0.0447365   0.10087   0.148725   0.186138   0.186138   0.148725   0.10087   0.0447365   0.0195301   
7   -49.7056   0.014312   0.0368056   0.0914503   0.154837   0.202595   0.202595   0.154837   0.0914503   0.0368056   0.014312   
8   -48.6718   0.0155386   0.0374161   0.0889237   0.155352   0.202769   0.202769   0.155352   0.0889237   0.0374161   0.0155386   
9   -37.1343   0.0290115   0.11264   7.17169e-07   0.24847   0.109878   0.109878   0.24847   7.17169e-07   0.11264   0.0290115   
