-3.5   3.5
-3.5   3.5
-3.5   3.5
-3.5   3.5
-3.5   3.5
-3.5   3.4999999999999996
-3.5   3.5
-3.5   3.5000000000000009

-2.5   2.5000679665751551
-2.5   2.5000897966444646
-2.5   2.5013217125544784
-2.5   2.5049240414129814
-2.5   2.5056363584844261
-2.5   2.5580979008067608
-2.5   3.417587728844961
-2.5   2.9015353376945132
-2.5   3.1409257057529509
-2.5   2.5165376229532335
-2.5   2.5279274693828508
-2.5   2.5144582374102677
-2.5   2.5069702163064718
-2.5   2.5010440399654339
-2.5   2.5007021787423493
-2.5   2.5066410413009304
-2.5   3.0702995375036872
-2.5   2.5109302660160759
-2.5   3.0992876922324188
-2.5   2.5036389677658399
-2.5   2.5666572919533217
-2.5   2.6981690965861134
-2.5   2.8763756163897067
-2.5   2.7689359105669595
-2.5   2.5030766396997768
-2.5   2.5700390278803984
-2.5   2.5130783034823518
-2.5   2.5002880995623746
-2.5   2.5020914191572037
-2.5   2.5000663846657165
-2.5   3.4753444833808573
-2.5   2.5003516723830748
-2.5   2.5166505364581546
-2.5   2.5028401179297046
-2.5   2.5006849176077828
-2.5   3.4923473563347498
-2.5   2.50002172646886
-2.5   2.5013674983511343
-2.5   2.5000769819507171
-2.5   2.505697152587774
-2.5   2.5000292506075801
-2.5   2.5004157394199527
-2.5   2.5008688894731517
-2.5   2.5000741203186014
-2.5   2.5000667525658056
-2.5   2.6917888354085022
-2.5   3.3474102997370561
-2.5   2.5000292194078688
-2.5   2.5002678950779704
-2.5   2.5000475691583111
-2.5   2.5000399692712532
-2.5   2.5005881327510808
-2.5   2.5000180185954548
-2.5   2.5987964377002188
-2.5   2.5000791179966515
-2.5   3.4234004739938975

-1.5   1.5010491913807389
-1.5   1.502805876758897
-1.5   1.6391375509447408
-1.5   1.5102019915776137
-1.5   2.3986235968656802
-1.5   1.539386687413427
-1.5   1.5077301593534767
-1.5   2.4561771221338815
-1.5   1.5060571837159467
-1.5   2.2921664234818779
-1.5   1.754618232219241
-1.5   1.5348842247185899
-1.5   1.5172897865345853
-1.5   1.5199266296120353
-1.5   1.5454449955222653
-1.5   2.4744931059295912
-1.5   1.6159913185226453
-1.5   1.8407746573811075
-1.5   2.1391084140399026
-1.5   2.0258604987738229
-1.5   1.8225915028797997
-1.5   1.8235457125167307
-1.5   1.5349727287481603
-1.5   3.354471527160555
-1.5   1.6595524844208605
-1.5   2.7293275540829014
-1.5   2.2624048332224733
-1.5   2.0190460565982677
-1.5   2.4891375266740225
-1.5   2.2659991318755628
-1.5   1.7117956943708581
-1.5   1.7728987987040221
-1.5   1.951155867618068
-1.5   2.1869799050116749
-1.5   2.2310184448107249
-1.5   1.6028658290241142
-1.5   2.4322907110414089
-1.5   1.5481760181387076
-1.5   1.5298091793630122
-1.5   1.5062485617389272
-1.5   1.5172950533528242
-1.5   2.4788342332337816
-1.5   1.5154728915114868
-1.5   1.5274597919971376
-1.5   2.4439075359020368
-1.5   1.5571470116678325
-1.5   2.4304690231149961
-1.5   1.5684454710102078
-1.5   1.502137146936982
-1.5   1.5436180267712496
-1.5   1.5161428459863928
-1.5   1.9524523734002632
-1.5   1.9524598980733328
-1.5   1.5315622903636426
-1.5   1.9937506474365319
-1.5   1.9724443952802373
-1.5   2.0574447384263124
-1.5   2.0469370836930607
-1.5   2.3808165451414323
-1.5   2.0654435135737259
-1.5   2.102888911597955
-1.5   2.1712915451803059
-1.5   2.6220585820889393
-1.5   2.4060891652567995
-1.5   1.8481237014877809
-1.5   1.8650842631764259
-1.5   2.1072804691256866
-1.5   2.1886281248650912
-1.5   2.0666220181421666
-1.5   2.2170094481040916
-1.5   2.0471634874581679
-1.5   2.2983588072842118
-1.5   2.248922840471085
-1.5   2.0103899203490565
-1.5   1.5052949515670995
-1.5   1.5120347187351699
-1.5   1.5212067176987385
-1.5   1.5026550726199002
-1.5   1.5189799378910869
-1.5   1.5715996278417346
-1.5   2.3819618373492619
-1.5   2.221021805168331
-1.5   1.7079402241564221
-1.5   1.8721094289824673
-1.5   1.954429873862142
-1.5   2.1846756770104721
-1.5   2.4284175737991318
-1.5   1.5081860551493045
-1.5   1.5142560940851473
-1.5   3.2502621291782949
-1.5   2.2659452613603088
-1.5   1.8883222527680994
-1.5   1.6157706543757193
-1.5   1.7089143008830607
-1.5   2.4330382858608446
-1.5   1.5513674600663454
-1.5   2.3124536527620103
-1.5   1.7569183494756451
-1.5   2.4360748122333051
-1.5   1.5509718967193447
-1.5   1.5156196472616141
-1.5   1.5984000632688553
-1.5   2.9953098528540569
-1.5   2.4061181940798577
-1.5   1.5107499219187472
-1.5   2.2793181709157824
-1.5   1.5199373611267495
-1.5   1.5184342450730903
-1.5   2.4604678292215785
-1.5   2.0547329977025495
-1.5   1.9388140201090756
-1.5   2.1110521724468465
-1.5   2.0356351093260625
-1.5   1.5972340517819439
-1.5   1.5023051828212894
-1.5   1.5086177014721227
-1.5   1.5043586121347419
-1.5   1.5050230646882961
-1.5   1.5051843161297382
-1.5   1.7517541760137934
-1.5   1.7296177894406704
-1.5   1.5368316138366289
-1.5   2.3274261636529219
-1.5   2.2845791897297874
-1.5   1.5043531153454444
-1.5   1.5408062711092025
-1.5   2.1056761421043091
-1.5   2.0831840735641642
-1.5   1.9844975461171699
-1.5   1.9871662684126714
-1.5   1.5041839196331095
-1.5   1.5046051719414861
-1.5   1.5079184063481605
-1.5   1.9822734064169785
-1.5   1.9128888907562498
-1.5   1.8795132994582682
-1.5   1.515376093543694
-1.5   1.9723796920943237
-1.5   2.1030210910148885
-1.5   3.3712501533489996
-1.5   2.4890724962741917
-1.5   1.5013470743630144
-1.5   1.5920352671520144
-1.5   1.5085954913442214
-1.5   1.5016826314095861
-1.5   1.5137622201054288
-1.5   1.505212517256818
-1.5   1.5715104101047506
-1.5   1.50287653949181
-1.5   2.4384397858614029
-1.5   1.5055274027682763
-1.5   2.4936140638295887
-1.5   1.5017480256838422
-1.5   1.5427695785609985
-1.5   1.5256265605089596
-1.5   1.5011181204256419
-1.5   1.5440661507465863
-1.5   2.298025753143822
-1.5   1.7414285403785237
-1.5   1.652604903090733
-1.5   1.85119984953237
-1.5   2.1280112955253783
-1.5   1.6924231082803045
-1.5   2.4640491067089059
-1.5   1.6527929967176971
-1.5   2.4724723133021045
-1.5   2.3928836137688942
-1.5   3.3972184944624315

-0.5   0.52770120325432468
-0.5   0.59946494470238743
-0.5   1.2827556259949984
-0.5   0.90865276792531469
-0.5   0.98935122842157885
-0.5   1.3157649210312916
-0.5   0.87564879893093095
-0.5   1.4247596519764429
-0.5   1.3195353786195778
-0.5   2.3610742534330811
-0.5   1.2700554307025316
-0.5   0.91015359875717849
-0.5   1.484647449494314
-0.5   2.4399422140779108
-0.5   0.59531564283259586
-0.5   1.4820078932383947
-0.5   0.62653998681676426
-0.5   1.3598634704021386
-0.5   0.53950183689728615
-0.5   2.0712748888755557
-0.5   1.4253777030528003
-0.5   1.3358101484571876
-0.5   0.55648638766791492
-0.5   0.85164308660580246
-0.5   1.4879492800988603
-0.5   1.2124390553122508
-0.5   1.2035794292208286
-0.5   1.3041840980914807
-0.5   0.56377845330796528
-0.5   1.9427060300941856
-0.5   1.4347476900159011
-0.5   1.7862860764323876
-0.5   0.81176148291213179
-0.5   1.7732824710742516
-0.5   2.0549895055297118
-0.5   1.9948173845122228
-0.5   1.1947482687218733
-0.5   1.6216565126232214
-0.5   2.0837570826663896
-0.5   1.5561907826604862
-0.5   2.3039131007088702
-0.5   1.4860697539036432
-0.5   1.4185531002333043
-0.5   1.9828596255283459
-0.5   1.0715986500415864
-0.5   2.8963146369504646
-0.5   2.006481394191451
-0.5   1.7589604459268315
-0.5   1.8950936491629413
-0.5   1.7164909547958387
-0.5   1.321366931423454
-0.5   1.6456192279419835
-0.5   1.5995832469960027
-0.5   1.5196992327285974
-0.5   1.588636211197044
-0.5   1.4928069067985941
-0.5   1.8164957766821908
-0.5   1.4773342866330936
-0.5   1.8050805397275882
-0.5   1.0965061708450179
-0.5   2.375412014062896
-0.5   0.65349296725246364
-0.5   1.4252810140266443
-0.5   0.94438107566030327
-0.5   0.66576687836186155
-0.5   1.2487929402395452
-0.5   0.74796666728544592
-0.5   1.4633122419082105
-0.5   1.3866387088840071
-0.5   1.7004977459917439
-0.5   1.4344148442329672
-0.5   0.59415110916923175
-0.5   1.7854685942037785
-0.5   1.4270785622055568
-0.5   1.9087652541049307
-0.5   1.3840989127851597
-0.5   1.6967880300420632
-0.5   1.0572262903415706
-0.5   2.1704884739440589
-0.5   1.154675141141283
-0.5   1.0196553466355081
-0.5   1.1144364705382601
-0.5   1.3030021353304844
-0.5   1.4849963482964175
-0.5   0.59925432879579676
-0.5   1.2269055580171224
-0.5   0.72784306238117003
-0.5   1.5003565517098281
-0.5   1.500136816880274
-0.5   0.99537031424794953
-0.5   1.3933484254814663
-0.5   1.4556843448152235
-0.5   1.466700223582623
-0.5   0.66005076052727829
-0.5   1.853469079384773
-0.5   1.88805833778687
-0.5   1.228133904677349
-0.5   2.0945175398357265
-0.5   1.5040801595778253
-0.5   1.8131296627327713
-0.5   1.7297184959208174
-0.5   1.6804184943974305
-0.5   1.8764481139417692
-0.5   1.7308291574038845
-0.5   1.5752624604807015
-0.5   1.9109482797277697
-0.5   1.9754225364649742
-0.5   1.6650008979022957
-0.5   1.7743060867169977
-0.5   2.1814564420642686
-0.5   2.0427940579824031
-0.5   1.5090249418540944
-0.5   1.6633482014705789
-0.5   1.6454818674683107
-0.5   1.3730146479061116
-0.5   1.4413814480959675
-0.5   2.0945501249156675
-0.5   2.018336438993301
-0.5   2.2201028421008857
-0.5   2.190874414046899
-0.5   1.8485199931406937
-0.5   0.5406895468106081
-0.5   0.5689631932722361
-0.5   1.2094262258804265
-0.5   0.94977008500420501
-0.5   1.4922437370125159
-0.5   0.54595702798327017
-0.5   0.6934378894691875
-0.5   1.4111953357552021
-0.5   1.4838802118501533
-0.5   1.4973923623834244
-0.5   1.6078730998094195
-0.5   1.4527593372724035
-0.5   1.9618611533832482
-0.5   1.2178753790725843
-0.5   1.1977832672866122
-0.5   2.4271104622430038
-0.5   1.4617997193436736
-0.5   1.3779026227838291
-0.5   1.2570700775144363
-0.5   2.3273818097784353
-0.5   2.1325419071590872
-0.5   1.4909658196696025
-0.5   0.94661140905102537
-0.5   1.4859546531924535
-0.5   1.4997406654013843
-0.5   1.4057253665894016
-0.5   3.0357258023676783
-0.5   1.1415827928862154
-0.5   1.4862416705194363
-0.5   2.0424380569997473
-0.5   1.4636849080947985
-0.5   1.4674987575456058
-0.5   0.97700086484501902
-0.5   2.041914084751085
-0.5   0.73892902473747224
-0.5   1.4406526383789175
-0.5   1.1845528970677284
-0.5   1.0481699058173446
-0.5   2.3242230821568599
-0.5   0.99601151573348257
-0.5   2.3098847143646566
-0.5   0.76343947269904477
-0.5   1.4801062474693429
-0.5   1.4495892068386778
-0.5   0.71927219155053801
-0.5   1.8974906712846717
-0.5   1.9238960768072317
-0.5   0.77310212239274145
-0.5   1.3955560329651489
-0.5   2.9936601959024265
-0.5   1.6135516498376239
-0.5   1.5940671842729235
-0.5   1.4877565644156043
-0.5   1.2432752758051271
-0.5   1.4052941138690891
-0.5   2.3550153167946379
-0.5   1.0470287975519699
-0.5   1.866232288846279
-0.5   1.7810656966134615
-0.5   1.1115446333896188
-0.5   1.8634604191711279
-0.5   1.7334344121483691
-0.5   0.84051868091997251
-0.5   0.8318417552280235
-0.5   1.4718821437923864
-0.5   0.5344058438361563
-0.5   0.7669270406997275
-0.5   1.4908054738518441
-0.5   1.3778487104690573
-0.5   1.4954146567492137
-0.5   0.55050247747819858
-0.5   0.54002886671200234
-0.5   1.3213715712892264
-0.5   1.4599171342351711
-0.5   0.81700357889059605
-0.5   0.59513501877562502
-0.5   1.6683475705443982
-0.5   1.9315858658866314
-0.5   1.7182464234941301
-0.5   2.1300806416464533
-0.5   2.1766408400020736
-0.5   1.4466854521522468
-0.5   0.57442871503426041
-0.5   0.57606512345116623
-0.5   0.60713551915580832
-0.5   1.4800090410465108
-0.5   0.5205283467735895
-0.5   0.69852633340387094
-0.5   1.5214305448639713
-0.5   1.8634186051183956
-0.5   2.3061592811408524
-0.5   1.5202412690628777
-0.5   1.5025102598616829
-0.5   1.4615476867467605
-0.5   0.84311829228879698
-0.5   1.4200671675184813
-0.5   0.97227162302183379
-0.5   0.63060177009005947
-0.5   1.2580142464596007
-0.5   0.50793370344405253
-0.5   0.518251117262998
-0.5   0.53929964878905734
-0.5   0.56151956065393693
-0.5   1.0655565220180439
-0.5   1.0126999292057652
-0.5   1.13328513521853
-0.5   1.8909923595620799
-0.5   2.4066530932799104
-0.5   1.7593656078990296
-0.5   2.3347551255589556
-0.5   1.6307996799375233
-0.5   2.7295823036609712
-0.5   0.79431053924258133
-0.5   1.883090595947813
-0.5   1.5377010072100696
-0.5   0.97065601659854783
-0.5   1.4508755023418491
-0.5   1.5422599384462976
-0.5   0.91758290946247656
-0.5   1.2825489643737789
-0.5   0.57094869810975979
-0.5   1.4700448424953736
-0.5   0.75657886077420478
-0.5   1.0619171270810204
-0.5   0.5191935439786235
-0.5   1.1967261414694619
-0.5   0.92666740199950182
-0.5   1.3546750174301765
-0.5   1.4159799962094473
-0.5   1.492279662024655
-0.5   2.290178960505397
-0.5   0.92223991920747284
-0.5   1.4681423559250399
-0.5   2.3819945823233897
-0.5   0.5202953720930632
-0.5   0.56805377346404118
-0.5   1.48235181360614
-0.5   0.59353701792508007
-0.5   0.54835721210870858
-0.5   0.72756829295957326
-0.5   1.4989992064746329
-0.5   1.4228867400578211
-0.5   1.4132725219653115
-0.5   0.6048466621736035
-0.5   2.2841986732613004
-0.5   1.4979822790939656
-0.5   1.1382812021610391
-0.5   0.79411844637917506
-0.5   1.5030475129144421
-0.5   1.4274169735865467
-0.5   2.4005599265361055
-0.5   0.86666679071289665
-0.5   1.6133277600659057
-0.5   1.515738767050852
-0.5   2.3871022797514825
-0.5   1.5884608859419584
-0.5   2.4749419584825914
-0.5   2.3851916733495759
-0.5   3.3855476037894281

0.5   0.52770120325430692
0.5   0.59946494470240963
0.5   1.282755625995019
0.5   0.90865276792537908
0.5   0.98935122842157797
0.5   1.3157649210312925
0.5   0.87564879893080949
0.5   1.4247596519764385
0.5   1.3195353786195609
0.5   2.3610742534331037
0.5   1.2700554307026128
0.5   0.91015359875707635
0.5   1.4846474494943158
0.5   2.4399422140779086
0.5   0.59531564283259564
0.5   1.4820078932383942
0.5   0.62653998681675582
0.5   1.3598634704021431
0.5   0.53950183689728526
0.5   2.0712748888755748
0.5   1.4253777030527683
0.5   1.3358101484572225
0.5   0.55648638766791669
0.5   0.85164308660576848
0.5   1.4879492800988656
0.5   1.2124390553121598
0.5   1.2035794292208817
0.5   1.3041840980915194
0.5   0.56377845330794019
0.5   1.9427060300941412
0.5   1.4347476900159066
0.5   1.7862860764324413
0.5   0.81176148291218242
0.5   1.7732824710739759
0.5   2.0549895055299476
0.5   1.9948173845119914
0.5   1.1947482687221609
0.5   1.6216565126232054
0.5   2.0837570826664011
0.5   1.556190782660503
0.5   2.3039131007088933
0.5   1.4860697539036718
0.5   1.418553100233247
0.5   1.9828596255283157
0.5   1.0715986500415744
0.5   2.8963146369503976
0.5   2.0064813941914124
0.5   1.7589604459268258
0.5   1.8950936491629795
0.5   1.7164909547958489
0.5   1.3213669314235104
0.5   1.6456192279419719
0.5   1.5995832469960436
0.5   1.5196992327285908
0.5   1.5886362111969934
0.5   1.4928069067986367
0.5   1.8164957766822414
0.5   1.4773342866330139
0.5   1.8050805397276606
0.5   1.0965061708449872
0.5   2.3754120140628858
0.5   0.65349296725246586
0.5   1.4252810140266541
0.5   0.94438107566031326
0.5   0.66576687836184889
0.5   1.2487929402395628
0.5   0.74796666728540284
0.5   1.4633122419082267
0.5   1.3866387088840051
0.5   1.7004977459917869
0.5   1.4344148442329459
0.5   0.59415110916927882
0.5   1.7854685942037314
0.5   1.4270785622055666
0.5   1.9087652541050648
0.5   1.3840989127851524
0.5   1.6967880300419362
0.5   1.0572262903415719
0.5   2.1704884739440642
0.5   1.1546751411412535
0.5   1.0196553466355349
0.5   1.1144364705382752
0.5   1.3030021353304726
0.5   1.4849963482964221
0.5   0.5992543287957901
0.5   1.2269055580171275
0.5   0.72784306238118601
0.5   1.500356551709829
0.5   1.5001368168802709
0.5   0.99537031424793798
0.5   1.393348425481449
0.5   1.4556843448152343
0.5   1.4667002235826008
0.5   0.66005076052727985
0.5   1.8534690793847703
0.5   1.8880583377868887
0.5   1.2281339046773427
0.5   2.0945175398357327
0.5   1.5040801595778404
0.5   1.8131296627327393
0.5   1.7297184959207947
0.5   1.6804184943974145
0.5   1.876448113941811
0.5   1.730829157403841
0.5   1.5752624604806673
0.5   1.9109482797277404
0.5   1.9754225364650262
0.5   1.6650008979022384
0.5   1.7743060867169986
0.5   2.1814564420642495
0.5   2.0427940579822814
0.5   1.5090249418541282
0.5   1.6633482014707659
0.5   1.6454818674683036
0.5   1.3730146479061216
0.5   1.4413814480960525
0.5   2.0945501249152723
0.5   2.01833643899371
0.5   2.2201028421008577
0.5   2.1908744140469212
0.5   1.8485199931406875
0.5   0.54068954681060832
0.5   0.56896319327223499
0.5   1.2094262258803381
0.5   0.94977008500430626
0.5   1.4922437370125177
0.5   0.54595702798327261
0.5   0.6934378894691573
0.5   1.411195335755222
0.5   1.4838802118501573
0.5   1.4973923623834253
0.5   1.6078730998094106
0.5   1.4527593372724117
0.5   1.9618611533832584
0.5   1.2178753790725834
0.5   1.1977832672866144
0.5   2.427110462243002
0.5   1.4617997193436691
0.5   1.3779026227838336
0.5   1.2570700775144277
0.5   2.3273818097784384
0.5   2.1325419071590739
0.5   1.4909658196696196
0.5   0.9466114090510227
0.5   1.4859546531924552
0.5   1.499740665401325
0.5   1.405725366589385
0.5   3.0357258023676867
0.5   1.1415827928862745
0.5   1.4862416705194392
0.5   2.0424380569997389
0.5   1.4636849080947913
0.5   1.4674987575456255
0.5   0.9770008648450117
0.5   2.0419140847510935
0.5   0.7389290247374749
0.5   1.4406526383789156
0.5   1.1845528970677359
0.5   1.048169905817353
0.5   2.3242230821568666
0.5   0.9960115157334537
0.5   2.3098847143646486
0.5   0.76343947269905521
0.5   1.4801062474693421
0.5   1.4495892068386778
0.5   0.71927219155053157
0.5   1.8974906712846664
0.5   1.9238960768072388
0.5   0.7731021223927681
0.5   1.395556032965146
0.5   2.9936601959024238
0.5   1.6135516498376208
0.5   1.5940671842729053
0.5   1.4877565644156052
0.5   1.2432752758051424
0.5   1.4052941138690891
0.5   2.3550153167946366
0.5   1.0470287975520813
0.5   1.8662322888463105
0.5   1.7810656966133687
0.5   1.1115446333896049
0.5   1.8634604191711426
0.5   1.7334344121483283
0.5   0.84051868091999982
0.5   0.83184175522800707
0.5   1.4718821437923924
0.5   0.53440584383615675
0.5   0.76692704069973661
0.5   1.4908054738518477
0.5   1.3778487104690575
0.5   1.4954146567492206
0.5   0.55050247747819125
0.5   0.54002886671198902
0.5   1.3213715712892204
0.5   1.4599171342351775
0.5   0.81700357889060027
0.5   0.59513501877560637
0.5   1.6683475705444413
0.5   1.9315858658865865
0.5   1.7182464234940356
0.5   2.1300806416464972
0.5   2.1766408400021215
0.5   1.4466854521522656
0.5   0.57442871503426751
0.5   0.57606512345115801
0.5   0.60713551915578412
0.5   1.4800090410465034
0.5   0.52052834677358861
0.5   0.69852633340383874
0.5   1.5214305448643128
0.5   1.8634186051181176
0.5   2.3061592811408551
0.5   1.5202412690628546
0.5   1.5025102598616851
0.5   1.4615476867467676
0.5   0.84311829228879875
0.5   1.4200671675185061
0.5   0.97227162302167836
0.5   0.63060177009005103
0.5   1.2580142464597333
0.5   0.5079337034440492
0.5   0.51825111726298534
0.5   0.53929964878904468
0.5   0.56151956065397557
0.5   1.0655565220183372
0.5   1.0126999292064585
0.5   1.133285135218205
0.5   1.8909923595617268
0.5   2.406653093279906
0.5   1.7593656078988804
0.5   2.3347551255592291
0.5   1.6307996799375504
0.5   2.7295823036608398
0.5   0.79431053924223316
0.5   1.8830905959475479
0.5   1.537701007210182
0.5   0.97065601659892775
0.5   1.4508755023417179
0.5   1.5422599384463482
0.5   0.91758290946259735
0.5   1.282548964373776
0.5   0.57094869810977333
0.5   1.4700448424953605
0.5   0.75657886077415881
0.5   1.0619171270810555
0.5   0.51919354397864947
0.5   1.1967261414694632
0.5   0.92666740199956665
0.5   1.354675017430212
0.5   1.4159799962093915
0.5   1.4922796620246641
0.5   2.2901789605053233
0.5   0.92223991920752013
0.5   1.4681423559250586
0.5   2.3819945823233879
0.5   0.52029537209305721
0.5   0.56805377346409158
0.5   1.4823518136061249
0.5   0.59353701792511626
0.5   0.54835721210869326
0.5   0.72756829295940162
0.5   1.4989992064746263
0.5   1.4228867400578802
0.5   1.4132725219653124
0.5   0.60484666217370342
0.5   2.2841986732615007
0.5   1.4979822790939741
0.5   1.1382812021606552
0.5   0.79411844637922946
0.5   1.5030475129144625
0.5   1.427416973586509
0.5   2.4005599265359203
0.5   0.86666679071295416
0.5   1.6133277600661469
0.5   1.5157387670508999
0.5   2.3871022797513981
0.5   1.5884608859418727
0.5   2.474941958482586
0.5   2.3851916733495804
0.5   3.3855476037894614

1.5   1.5010491913807353
1.5   1.5028058767588939
1.5   1.6391375509447315
1.5   1.5102019915776119
1.5   2.3986235968656811
1.5   1.5393866874134181
1.5   1.5077301593534775
1.5   2.4561771221338859
1.5   1.5060571837159484
1.5   2.2921664234819654
1.5   1.7546182322191375
1.5   1.534884224718585
1.5   1.5172897865345845
1.5   1.5199266296120375
1.5   1.5454449955222613
1.5   2.474493105929592
1.5   1.6159913185226449
1.5   1.8407746573810719
1.5   2.1391084140398906
1.5   2.0258604987738642
1.5   1.8225915028797908
1.5   1.8235457125167436
1.5   1.534972728748162
1.5   3.3544715271605603
1.5   1.6595524844207841
1.5   2.7293275540829582
1.5   2.2624048332224644
1.5   2.0190460565982797
1.5   2.4891375266740146
1.5   2.2659991318755277
1.5   1.711795694370922
1.5   1.7728987987040457
1.5   1.9511558676180623
1.5   2.1869799050116456
1.5   2.2310184448107111
1.5   1.6028658290240965
1.5   2.4322907110414209
1.5   1.5481760181387041
1.5   1.5298091793630051
1.5   1.5062485617389272
1.5   1.5172950533528304
1.5   2.4788342332337754
1.5   1.5154728915114872
1.5   1.527459791997138
1.5   2.4439075359020346
1.5   1.557147011667829
1.5   2.4304690231149979
1.5   1.5684454710102123
1.5   1.5021371469369824
1.5   1.5436180267712496
1.5   1.516142845986399
1.5   1.9524523734002646
1.5   1.9524598980733265
1.5   1.5315622903636363
1.5   1.9937506474365225
1.5   1.9724443952802386
1.5   2.0574447384263035
1.5   2.0469370836930616
1.5   2.3808165451414567
1.5   2.065443513573721
1.5   2.1028889115979368
1.5   2.1712915451803161
1.5   2.6220585820889313
1.5   2.4060891652567915
1.5   1.8481237014877845
1.5   1.8650842631764348
1.5   2.1072804691257025
1.5   2.1886281248650521
1.5   2.0666220181421338
1.5   2.2170094481042435
1.5   2.047163487458052
1.5   2.2983588072842354
1.5   2.2489228404710753
1.5   2.0103899203490427
1.5   1.5052949515670999
1.5   1.5120347187351704
1.5   1.5212067176987394
1.5   1.5026550726199019
1.5   1.5189799378910882
1.5   1.5715996278417346
1.5   2.381961837349257
1.5   2.2210218051683364
1.5   1.7079402241564274
1.5   1.8721094289824629
1.5   1.9544298738621513
1.5   2.1846756770104676
1.5   2.4284175737991229
1.5   1.5081860551493151
1.5   1.5142560940851459
1.5   3.2502621291782883
1.5   2.2659452613603155
1.5   1.8883222527681052
1.5   1.6157706543757042
1.5   1.7089143008830678
1.5   2.4330382858608468
1.5   1.5513674600663485
1.5   2.3124536527620165
1.5   1.7569183494756331
1.5   2.4360748122333113
1.5   1.5509718967193433
1.5   1.5156196472616155
1.5   1.598400063268866
1.5   2.9953098528540423
1.5   2.4061181940798462
1.5   1.5107499219187459
1.5   2.2793181709158019
1.5   1.5199373611267522
1.5   1.5184342450730899
1.5   2.4604678292215771
1.5   2.0547329977025601
1.5   1.9388140201090995
1.5   2.1110521724468168
1.5   2.0356351093260474
1.5   1.597234051781947
1.5   1.5023051828212881
1.5   1.5086177014721218
1.5   1.5043586121347419
1.5   1.5050230646882974
1.5   1.5051843161297387
1.5   1.7517541760137934
1.5   1.729617789440673
1.5   1.5368316138366178
1.5   2.3274261636529174
1.5   2.2845791897297913
1.5   1.5043531153454444
1.5   1.5408062711092163
1.5   2.1056761421043291
1.5   2.0831840735641669
1.5   1.9844975461171392
1.5   1.9871662684126559
1.5   1.5041839196331175
1.5   1.5046051719414848
1.5   1.5079184063481614
1.5   1.9822734064169558
1.5   1.9128888907562476
1.5   1.8795132994583574
1.5   1.5153760935436638
1.5   1.972379692094238
1.5   2.1030210910149383
1.5   3.3712501533490098
1.5   2.4890724962741819
1.5   1.5013470743630148
1.5   1.5920352671519837
1.5   1.5085954913442281
1.5   1.5016826314095861
1.5   1.5137622201054177
1.5   1.5052125172568163
1.5   1.5715104101046573
1.5   1.5028765394918078
1.5   2.4384397858614677
1.5   1.505527402768279
1.5   2.4936140638295869
1.5   1.5017480256838418
1.5   1.5427695785609803
1.5   1.5256265605089618
1.5   1.5011181204256423
1.5   1.5440661507465996
1.5   2.2980257531439388
1.5   1.7414285403784064
1.5   1.6526049030908352
1.5   1.8511998495323279
1.5   2.1280112955253592
1.5   1.692423108280301
1.5   2.4640491067088948
1.5   1.6527929967177086
1.5   2.4724723133020645
1.5   2.392883613768896
1.5   3.3972184944624217

2.5   2.500067966575156
2.5   2.5000897966444651
2.5   2.5013217125544771
2.5   2.5049240414129823
2.5   2.505636358484427
2.5   2.5580979008067715
2.5   3.417587728844957
2.5   2.901535337694527
2.5   3.1409257057529345
2.5   2.5165376229532157
2.5   2.5279274693828651
2.5   2.514458237410266
2.5   2.5069702163064727
2.5   2.5010440399654339
2.5   2.5007021787423493
2.5   2.5066410413009299
2.5   3.0702995375036934
2.5   2.5109302660160853
2.5   3.0992876922324109
2.5   2.5036389677658337
2.5   2.5666572919533253
2.5   2.6981690965861187
2.5   2.8763756163897027
2.5   2.7689359105669573
2.5   2.503076639699775
2.5   2.5700390278803971
2.5   2.5130783034823514
2.5   2.5002880995623746
2.5   2.5020914191572032
2.5   2.5000663846657161
2.5   3.475344483380856
2.5   2.5003516723830748
2.5   2.5166505364581528
2.5   2.5028401179297028
2.5   2.5006849176077823
2.5   3.4923473563347489
2.5   2.5000217264688587
2.5   2.5013674983511334
2.5   2.5000769819507163
2.5   2.5056971525877736
2.5   2.5000292506075801
2.5   2.5004157394199527
2.5   2.5008688894731526
2.5   2.5000741203186019
2.5   2.5000667525658056
2.5   2.6917888354084827
2.5   3.3474102997370698
2.5   2.5000292194078688
2.5   2.5002678950779691
2.5   2.5000475691583106
2.5   2.5000399692712523
2.5   2.5005881327510791
2.5   2.5000180185954539
2.5   2.598796437700198
2.5   2.5000791179966506
2.5   3.423400473993913

3.5   3.5
3.5   3.5
3.5   3.5
3.5   3.5
3.5   3.5
3.5   3.4999999999999996
3.5   3.5
3.5   3.5000000000000009

