-1.5   1.5
-1.5   1.5
-1.5   1.5
-1.5   1.5

-0.5   0.50457951123035394
-0.5   0.49999999999999978
-0.5   1.4992102686052999
-0.5   0.50000000000000022
-0.5   1.4973236285470981
-0.5   0.50146227111403952
-0.5   1.5000000000000009
-0.5   0.49999999999999989
-0.5   0.50075887628520954
-0.5   0.50653650193099486
-0.5   0.49999999999999978
-0.5   1.4967763749901364

0.5   0.50457951123035349
0.5   0.5
0.5   1.4992102686052997
0.5   0.50000000000000022
0.5   1.4973236285470986
0.5   0.50146227111403952
0.5   1.4999999999999984
0.5   0.49999999999999989
0.5   0.50075887628520932
0.5   0.50653650193099442
0.5   0.49999999999999989
0.5   1.4967763749901373

1.5   1.5
1.5   1.5
1.5   1.5
1.5   1.5

