-3   2.9999999999999996
-3   3.0000000000000004
-3   3
-3   3
-3   3.0000000000000004
-3   3
-3   3

-2   2.0000200658687599
-2   2.0016542942023516
-2   2.0022118636951443
-2   2.0049088331583045
-2   2.0125734827277744
-2   2.9516712577219937
-2   2.0030824112360328
-2   2.0541278157468215
-2   2.9306851926853774
-2   2.0765904150385781
-2   2.0057446119937712
-2   2.0361213692103708
-2   2.00181462548783
-2   2.3707389446289122
-2   2.0005264303656363
-2   2.0003413590176802
-2   2.1551620498811377
-2   2.5447713879403437
-2   2.0157814859610226
-2   2.0008607352694123
-2   2.9437361594885574
-2   2.0413652524893777
-2   2.0006667358350954
-2   2.0259907669462631
-2   2.0000007476371535
-2   2.9923138033395591
-2   2.000106644517504
-2   2.0023006222182382
-2   2.0000529069569195
-2   2.000216072288501
-2   2.0063697793446749
-2   2.0001913087688616
-2   2.9326101951238956
-2   2.000094383219615
-2   2.085244768954182
-2   2.0000131336755391
-2   2.0002693787358807
-2   2.001291271455353
-2   2.0000119729159538
-2   2.0825851842262031
-2   2.0000715419122508
-2   2.9384876719049604

-1   1.0061770745381224
-1   1.0773740262010449
-1   1.0081603003080766
-1   1.9466276528612489
-1   1.0106800920620207
-1   1.9842981658178807
-1   1.0146045124576686
-1   1.0721069586132044
-1   1.9540439255652351
-1   1.0308499786012113
-1   1.1028079190772324
-1   1.560043836457635
-1   1.9286735959465604
-1   1.556624720586929
-1   2.0978731621140554
-1   2.1824475163830974
-1   1.4320975077117333
-1   1.1721549351933527
-1   1.4259426430840847
-1   1.6926329440380044
-1   2.5084208844567031
-1   1.6665734433936645
-1   1.2194660600551417
-1   1.9641418119847298
-1   1.88848668047553
-1   1.7386358138507152
-1   1.1342909106480963
-1   1.0329363163382095
-1   1.0032211099671908
-1   1.9986507185923728
-1   1.0521699470878589
-1   1.4974760180390778
-1   1.5159771305204139
-1   1.6832729246787275
-1   1.7850482679837922
-1   1.9075079976858129
-1   1.5267830569633367
-1   1.3504571675454207
-1   1.5227206741226311
-1   1.6420510557693375
-1   1.7189460545837005
-1   1.29712132214003
-1   1.7529100408639833
-1   1.8900721495458619
-1   1.0175304859029799
-1   1.1048651574376198
-1   1.6578346373075705
-1   1.4776615253845611
-1   1.0458239136299319
-1   1.9314778429461277
-1   2.9340697778908846
-1   1.0298731344990897
-1   1.9891108373626989
-1   1.3839149490782552
-1   1.5552527225937873
-1   1.7933259056019644
-1   1.5569057560633568
-1   1.7052432717894086
-1   1.9715581417805681
-1   1.400422371529785
-1   2.3882707498234419
-1   1.002558163683043
-1   1.0503784214441081
-1   1.5898650281915518
-1   1.5320799158157556
-1   1.0043699835549524
-1   1.9700106634138965
-1   1.0039479074678519
-1   1.0216971922213278
-1   1.6590923995734581
-1   1.2020143698837966
-1   1.8116262538781265
-1   1.2416726355484631
-1   1.0895217989516643
-1   1.2697822117836119
-1   1.9785569656859012
-1   1.9819049867398189
-1   1.0378006297206146
-1   1.0087628957679105
-1   1.0779458007028468
-1   2.3234847396707239
-1   1.7439888786655491
-1   1.0022622560048398
-1   2.151659476210698
-1   1.343881556044753
-1   1.8223370898102886
-1   1.0170497038194051
-1   1.0059295839683229
-1   1.0026773149290598
-1   1.0079749769373862
-1   1.9951382389099299
-1   1.0256157930676428
-1   1.0088190058058653
-1   1.9771590001792827
-1   1.0231422047091361
-1   1.0159021241754054
-1   1.0655402887769425
-1   1.7934139260485913
-1   1.2641677468102344
-1   1.1858034652437361
-1   1.9407514456484685
-1   1.1333222764435873
-1   1.9866903954886661
-1   1.9331260098713341
-1   2.926479195764295

0   0.01578611155159293
0   1.0023365957217971
0   0.38789981854406841
0   1.0027506056633919
0   1.0020504819139902
0   1.8853106316648032
0   1.0013800290732715
0   1.9919469937775394
0   1.002335275173218
0   0.47017122868750361
0   0.032116535142423741
0   1.0018316166056351
0   1.0229527353768806
0   1.8580794063888306
0   0.02753975981441803
0   1.005607704490602
0   1.2878407251858772
0   1.9884141593172706
0   1.3167978711274486
0   1.6057866008786434
0   1.3189831732638073
0   2.4065310524116197
0   1.0048486849130007
0   1.9558208967850006
0   1.3051258035768096
0   1.3645606705256854
0   2.1885114773510725
0   1.1159191005551319
0   1.303338403884664
0   0.52555884430895539
0   1.0348595583452194
0   1.9834808380139441
0   1.7861536716118396
0   1.9444176426326663
0   0.35271016609318362
0   1.00010802836075
0   0.080633897370987362
0   1.0019023342419002
0   1.0177458344119921
0   1.9204670385112821
0   1.0017261312433263
0   1.3021141221493058
0   1.3021456167163001
0   0.30562850690164201
0   1.0111529625752058
0   0.84588494499028477
0   1.0005453885781284
0   1.1583179138076256
0   0.98622313714961707
0   2.0283916246824516
0   1.9515510043868947
0   1.001986553285267
0   1.2338847368532651
0   1.5058668514182525
0   1.2028291236793587
0   1.6334716422428386
0   1.4882046271070251
0   1.8740022345386995
0   1.4156166455004706
0   1.0052694653871999
0   0.071472677867301937
0   1.9859144543277609
0   1.0068043471496004
0   1.0507459894028963
0   1.0431524685390108
0   1.9883793807265726
0   1.0012149999858599
0   0.69016413199740256
0   2.9500548870895611
0   1.7663805038885592
0   1.0003606726158425
0   1.9868773013780427
0   1.9912502526141957
0   1.0150283642812898
0   0.019442993582998835
0   1.3040957530550459
0   1.303911831699877
0   0.062806984015522316
0   1.0002736418019489
0   2.7962609148937361
0   1.3026793725542991
0   1.1114795062264524
0   1.9993386490762837
0   1.002571915811368
0   1.000102884616507
0   1.000037483250418
0   1.9966365347776613
0   0.0056880030500424672
0   1.0020431896528108
0   0.30176153680633511
0   1.0007372833227357
0   0.11026386890799267
0   1.0011462046718833
0   0.12188672665813227
0   1.9202887658254264
0   1.9601756694340273
0   1.0001477306271598
0   1.000250975678991
0   1.0037783883867215
0   1.9885272116169088
0   1.9823357138239639
0   1.0278948798457472
0   1.0001585430390569
0   0.12812260931410224
0   0.066425968082250653
0   1.0139605296460372
0   2.6632616647639784
0   1.4992732371804809
0   0.081946650326920389
0   1.00042681032646
0   1.0206703858140684
0   1.000487834568546
0   1.9762116209416223
0   1.5790224281494147
0   0.068438988530439504
0   0.01769882017294222
0   1.0001776835677774
0   1.0058833937924792
0   1.0006401043569282
0   1.0035131879237709
0   0.93985142405432764
0   0.061169583552965312
0   1.0000405464695628
0   1.0043416346375624
0   1.6097406526890534
0   1.9792450080265493
0   0.017435654953592117
0   1.0001309100598812
0   0.20521336597194206
0   1.0000372590135755
0   1.007596678782299
0   1.9995021596116458
0   1.0355413630595711
0   0.35874433942690431
0   1.0000137121983945
0   1.9238645473900235
0   1.1285453534883949
0   1.9950646509677394
0   1.9341058472356849
0   2.9204515280913728

1   1.0061770745381218
1   1.077374026201033
1   1.0081603003080766
1   1.9466276528612476
1   1.0106800920620218
1   1.9842981658178771
1   1.0146045124576684
1   1.0721069586132346
1   1.954043925565216
1   1.0308499786012115
1   1.1028079190772346
1   1.5600438364576839
1   1.9286735959465569
1   1.5566247205868811
1   2.0978731621142801
1   2.1824475163828789
1   1.4320975077117475
1   1.1721549351933278
1   1.4259426430840856
1   1.6926329440380155
1   2.5084208844567004
1   1.6665734433936588
1   1.2194660600551395
1   1.9641418119847116
1   1.8884866804755376
1   1.7386358138507245
1   1.1342909106480914
1   1.0329363163382081
1   1.0032211099671913
1   1.9986507185923723
1   1.0521699470878592
1   1.4974760180390732
1   1.5159771305204157
1   1.6832729246787208
1   1.7850482679837949
1   1.9075079976857938
1   1.5267830569633634
1   1.350457167545418
1   1.5227206741226267
1   1.6420510557693402
1   1.7189460545836974
1   1.2971213221400402
1   1.7529100408639784
1   1.8900721495458597
1   1.0175304859029803
1   1.1048651574376231
1   1.6578346373075723
1   1.4776615253845597
1   1.0458239136299308
1   1.9314778429461268
1   2.9340697778908886
1   1.0298731344990892
1   1.9891108373626976
1   1.3839149490782601
1   1.555252722593786
1   1.7933259056019573
1   1.556905756063355
1   1.7052432717893886
1   1.9715581417805734
1   1.4004223715298059
1   2.3882707498234321
1   1.0025581636830425
1   1.0503784214441085
1   1.5898650281915443
1   1.5320799158157721
1   1.0043699835549487
1   1.9700106634138956
1   1.0039479074678519
1   1.0216971922213283
1   1.6590923995734186
1   1.2020143698837871
1   1.8116262538781394
1   1.2416726355485199
1   1.0895217989516612
1   1.2697822117836033
1   1.9785569656858977
1   1.9819049867398193
1   1.0378006297206153
1   1.0087628957679109
1   1.0779458007028546
1   2.323484739670743
1   1.7439888786655446
1   1.0022622560048393
1   2.1516594762106673
1   1.3438815560447588
1   1.8223370898102926
1   1.0170497038194015
1   1.0059295839683229
1   1.0026773149290582
1   1.0079749769373827
1   1.9951382389099281
1   1.0256157930676444
1   1.0088190058058641
1   1.9771590001792818
1   1.0231422047091216
1   1.0159021241754076
1   1.0655402887768679
1   1.7934139260486597
1   1.2641677468102139
1   1.1858034652437006
1   1.9407514456484902
1   1.1333222764435524
1   1.9866903954886879
1   1.933126009871339
1   2.9264791957643057

2   2.000020065868759
2   2.0016542942023534
2   2.0022118636951425
2   2.0049088331583045
2   2.0125734827277744
2   2.9516712577219897
2   2.0030824112360301
2   2.0541278157468201
2   2.9306851926853801
2   2.0765904150385786
2   2.0057446119937725
2   2.0361213692103717
2   2.00181462548783
2   2.3707389446289175
2   2.0005264303656367
2   2.0003413590176806
2   2.1551620498810395
2   2.544771387940425
2   2.0157814859610226
2   2.0008607352694128
2   2.9437361594885605
2   2.0413652524893751
2   2.0006667358350949
2   2.0259907669462631
2   2.0000007476371522
2   2.9923138033395564
2   2.000106644517504
2   2.0023006222182378
2   2.0000529069569186
2   2.0002160722884996
2   2.006369779344674
2   2.0001913087688612
2   2.9326101951238988
2   2.0000943832196154
2   2.0852447689541793
2   2.0000131336755413
2   2.0002693787358821
2   2.0012912714553535
2   2.0000119729159556
2   2.082585184226208
2   2.0000715419122508
2   2.9384876719049573

3   2.9999999999999996
3   3.0000000000000004
3   3
3   3
3   3.0000000000000004
3   3
3   3

