0   -34.4831   0.0520736   0.0294632   0.0858119   0.173964   0.017587   0.282201   0.017587   0.173964   0.0858119   0.0294632   0.0520736   
1   -43.7219   0.011279   0.0273181   0.0664452   0.122843   0.173309   0.197611   0.173309   0.122843   0.0664452   0.0273181   0.011279   
2   -44.4475   0.0096279   0.0247331   0.0645935   0.123719   0.175807   0.20304   0.175807   0.123719   0.0645935   0.0247331   0.0096279   
3   -44.4854   0.0152966   0.0354514   0.078736   0.121654   0.160787   0.17615   0.160787   0.121654   0.078736   0.0354514   0.0152966   
4   -44.391   0.0134793   0.0337861   0.0761412   0.124564   0.161801   0.180458   0.161801   0.124564   0.0761412   0.0337861   0.0134793   
5   -44.3612   0.00938185   0.0233541   0.0679264   0.122469   0.179922   0.193894   0.179922   0.122469   0.0679264   0.0233541   0.00938185   
6   -44.391   0.0134793   0.0337861   0.0761412   0.124564   0.161801   0.180458   0.161801   0.124564   0.0761412   0.0337861   0.0134793   
7   -44.4854   0.0152966   0.0354514   0.078736   0.121654   0.160787   0.17615   0.160787   0.121654   0.078736   0.0354514   0.0152966   
8   -44.4475   0.0096279   0.0247331   0.0645935   0.123719   0.175807   0.20304   0.175807   0.123719   0.0645935   0.0247331   0.0096279   
9   -43.7219   0.011279   0.0273181   0.0664452   0.122843   0.173309   0.197611   0.173309   0.122843   0.0664452   0.0273181   0.011279   
10   -34.4831   0.0520736   0.0294632   0.0858119   0.173964   0.017587   0.282201   0.017587   0.173964   0.0858119   0.0294632   0.0520736   
