0   -32.2345   0.0292271   0.112901   9.90957e-07   0.248206   0.109665   0.109665   0.248206   9.90957e-07   0.112901   0.0292271   
1   -41.8705   0.0157057   0.0377484   0.0892076   0.155189   0.20215   0.20215   0.155189   0.0892076   0.0377484   0.0157057   
2   -42.5818   0.0145598   0.0373895   0.0916781   0.154796   0.201576   0.201576   0.154796   0.0916781   0.0373895   0.0145598   
3   -42.6898   0.0203532   0.0448167   0.101431   0.1474   0.185999   0.185999   0.1474   0.101431   0.0448167   0.0203532   
4   -42.6158   0.0206061   0.0485297   0.103442   0.148123   0.179299   0.179299   0.148123   0.103442   0.0485297   0.0206061   
5   -42.6158   0.0206061   0.0485297   0.103442   0.148123   0.179299   0.179299   0.148123   0.103442   0.0485297   0.0206061   
6   -42.6898   0.0203532   0.0448167   0.101431   0.1474   0.185999   0.185999   0.1474   0.101431   0.0448167   0.0203532   
7   -42.5818   0.0145598   0.0373895   0.0916781   0.154796   0.201576   0.201576   0.154796   0.0916781   0.0373895   0.0145598   
8   -41.8705   0.0157057   0.0377484   0.0892076   0.155189   0.20215   0.20215   0.155189   0.0892076   0.0377484   0.0157057   
9   -32.2345   0.0292271   0.112901   9.90957e-07   0.248206   0.109665   0.109665   0.248206   9.90957e-07   0.112901   0.0292271   
