-2.5   2.5
-2.5   2.4999999999999996
-2.5   2.5
-2.5   2.5
-2.5   2.5
-2.5   2.5

-1.5   1.5032324433287578
-1.5   1.5185532537311928
-1.5   1.5549740717165546
-1.5   1.5378286581571476
-1.5   2.3421221067839904
-1.5   1.6304754502871681
-1.5   2.3674325607805327
-1.5   1.6660637535041607
-1.5   1.500217524362498
-1.5   1.530384865170797
-1.5   1.5297310472910182
-1.5   1.5398046038083004
-1.5   1.5072533704366893
-1.5   2.2173539331191576
-1.5   2.0739891152015653
-1.5   1.8019697755460728
-1.5   1.9918466842718261
-1.5   1.5034245318658437
-1.5   1.5185165480477649
-1.5   1.5071137386999083
-1.5   1.5013859059093155
-1.5   1.6239809787526212
-1.5   2.398010584297714
-1.5   1.5001607172528315
-1.5   1.5060955159295979
-1.5   1.5055480177782901
-1.5   1.500116526889077
-1.5   1.6881480972632072
-1.5   1.5002829608363233
-1.5   2.3612305775315172

-0.5   0.65163841753254648
-0.5   0.59757818805538876
-0.5   1.382938683838987
-0.5   1.4243991287011895
-0.5   0.6408631896610073
-0.5   0.76620510036624512
-0.5   1.1962505262358916
-0.5   1.3930206514763748
-0.5   1.6456590952466175
-0.5   0.98696651893786358
-0.5   1.4486873474596722
-0.5   1.3024371313732763
-0.5   1.159501722331775
-0.5   1.6743495309576479
-0.5   1.4790580775391107
-0.5   1.7995346829141692
-0.5   1.4458474054580166
-0.5   0.75974112771754387
-0.5   0.613522435665254
-0.5   1.4285193524931865
-0.5   0.60926129335510226
-0.5   1.4645780280772878
-0.5   0.62804006184561967
-0.5   1.1017987303288361
-0.5   1.156556425321646
-0.5   1.4604397721346909
-0.5   1.2257613003882655
-0.5   1.176941905562598
-0.5   1.9506749517009583
-0.5   1.3854561263214427
-0.5   1.3929341114471236
-0.5   2.3091900996785539
-0.5   0.77606595097917053
-0.5   1.4638957518446365
-0.5   0.55651648770616879
-0.5   1.4956939506033704
-0.5   1.4697350286459361
-0.5   0.54782936621495271
-0.5   0.86200105289550444
-0.5   1.190060705582654
-0.5   0.85676866139263241
-0.5   0.99315261942069588
-0.5   1.3249120646031005
-0.5   2.0372880456087969
-0.5   1.4258620502970554
-0.5   1.1250398174010867
-0.5   0.56588177669631445
-0.5   0.50853315989827386
-0.5   0.55666961838782991
-0.5   0.57995426491334445
-0.5   1.3911295890648712
-0.5   0.6813886942639551
-0.5   1.4329771750304399
-0.5   0.65560283356234805
-0.5   0.88652274752540827
-0.5   0.74595888212529027
-0.5   1.3504996036025239
-0.5   1.4943965212346444
-0.5   1.3927283732084348
-0.5   2.3692281317801411

0.5   0.6516384175325447
0.5   0.59757818805538943
0.5   1.3829386838389859
0.5   1.4243991287011881
0.5   0.6408631896610073
0.5   0.76620510036624356
0.5   1.196250526235892
0.5   1.3930206514763783
0.5   1.6456590952466157
0.5   0.98696651893786314
0.5   1.4486873474596693
0.5   1.3024371313732781
0.5   1.1595017223317803
0.5   1.6743495309576515
0.5   1.4790580775391098
0.5   1.7995346829141683
0.5   1.4458474054580155
0.5   0.7597411277175421
0.5   0.61352243566525355
0.5   1.4285193524931858
0.5   0.60926129335509849
0.5   1.4645780280772889
0.5   0.62804006184561989
0.5   1.1017987303288348
0.5   1.1565564253216467
0.5   1.46043977213469
0.5   1.2257613003882675
0.5   1.1769419055625994
0.5   1.9506749517009623
0.5   1.3854561263214444
0.5   1.3929341114471194
0.5   2.3091900996785513
0.5   0.77606595097916964
0.5   1.4638957518446365
0.5   0.55651648770616835
0.5   1.4956939506033697
0.5   1.4697350286459379
0.5   0.5478293662149496
0.5   0.86200105289550266
0.5   1.1900607055826489
0.5   0.85676866139263619
0.5   0.99315261942070299
0.5   1.3249120646030987
0.5   2.0372880456087912
0.5   1.4258620502970576
0.5   1.1250398174010998
0.5   0.56588177669631823
0.5   0.50853315989827408
0.5   0.55666961838782814
0.5   0.57995426491334579
0.5   1.3911295890648594
0.5   0.6813886942639702
0.5   1.4329771750304345
0.5   0.65560283356234783
0.5   0.88652274752540783
0.5   0.74595888212528982
0.5   1.3504996036025259
0.5   1.4943965212346548
0.5   1.3927283732084375
0.5   2.369228131780138

1.5   1.5032324433287574
1.5   1.5185532537311932
1.5   1.5549740717165514
1.5   1.5378286581571476
1.5   2.3421221067839904
1.5   1.6304754502871672
1.5   2.3674325607805344
1.5   1.6660637535041629
1.5   1.5002175243624984
1.5   1.5303848651707965
1.5   1.5297310472910182
1.5   1.5398046038083
1.5   1.5072533704366888
1.5   2.2173539331191559
1.5   2.0739891152015693
1.5   1.8019697755460742
1.5   1.9918466842718234
1.5   1.5034245318658437
1.5   1.5185165480477654
1.5   1.5071137386999087
1.5   1.5013859059093151
1.5   1.6239809787526198
1.5   2.3980105842977144
1.5   1.500160717252832
1.5   1.5060955159295975
1.5   1.5055480177782896
1.5   1.5001165268890753
1.5   1.6881480972632041
1.5   1.5002829608363224
1.5   2.3612305775315177

2.5   2.5
2.5   2.4999999999999996
2.5   2.5
2.5   2.5
2.5   2.5
2.5   2.5

