-2.5   2.4999999999999996
-2.5   2.5
-2.5   2.5
-2.5   2.5000000000000004
-2.5   2.4999999999999996
-2.5   2.5

-1.5   1.5340080304382746
-1.5   1.6767736278991663
-1.5   2.1566082094540411
-1.5   1.5110021317911495
-1.5   1.5321831114157325
-1.5   1.6797504040380065
-1.5   2.1012185308846374
-1.5   1.7466352151580882
-1.5   1.5647278002843943
-1.5   2.0348116637208675
-1.5   1.7341042744601673
-1.5   1.6848852611097307
-1.5   1.6037414414732143
-1.5   1.7079322739710361
-1.5   2.0205056185308705
-1.5   1.5393669454037999
-1.5   1.7745586673089759
-1.5   1.709378673331273
-1.5   1.8085644073816027
-1.5   1.6383534982954573
-1.5   1.5098213526273971
-1.5   1.6352863023536766
-1.5   2.2032091044822923
-1.5   1.5053931765594926
-1.5   1.5117811525218534
-1.5   1.8197168606912517
-1.5   1.5431230523386001
-1.5   1.7015570174300314
-1.5   1.5009042253296441
-1.5   2.0930807946555952

-0.5   1.1721913059587241
-0.5   1.1302848251931104
-0.5   1.1815003950619865
-0.5   1.2473478991919436
-0.5   1.0395113895030514
-0.5   1.0558906648274471
-0.5   1.2574365408382486
-0.5   0.98205222367718958
-0.5   1.1982104478535083
-0.5   1.2557661735649284
-0.5   1.1403484491390166
-0.5   1.4104919575209831
-0.5   1.2111164823987561
-0.5   1.2581887608804165
-0.5   1.3219071446891624
-0.5   0.89726985600053077
-0.5   1.4603982995428666
-0.5   1.5779730408297956
-0.5   1.5055308625762027
-0.5   1.0944947361045567
-0.5   1.1052060116272953
-0.5   1.2002838039792278
-0.5   1.4023604213059222
-0.5   1.0277554620480853
-0.5   1.1457243822895431
-0.5   1.118048962156442
-0.5   0.93510731573049766
-0.5   1.4944819972854799
-0.5   1.2997405651039053
-0.5   1.5508732932334093
-0.5   1.7391977686166595
-0.5   1.8996162785324335
-0.5   1.1185502324457128
-0.5   1.3314273935758156
-0.5   1.2055126542034145
-0.5   1.3671413089182436
-0.5   1.1800245077719234
-0.5   1.1967869031347562
-0.5   1.4609406579414983
-0.5   0.70119833775397566
-0.5   0.92715423218894299
-0.5   1.1479531343382714
-0.5   0.9276319721413655
-0.5   1.3523391655987773
-0.5   0.89893271646503048
-0.5   1.8643235039215882
-0.5   1.0132185548108301
-0.5   1.0330238270254839
-0.5   0.83417308611810626
-0.5   1.1715804192279129
-0.5   0.81734040023740473
-0.5   1.1885484728141789
-0.5   0.61276272322247705
-0.5   0.67363942373766772
-0.5   0.92301791115647447
-0.5   1.308442185506081
-0.5   1.2095977978241412
-0.5   1.3323375396406216
-0.5   1.2744211046186078
-0.5   2.1448831842800886

0.5   1.1721913059587228
0.5   1.1302848251931084
0.5   1.1815003950619916
0.5   1.2473478991919467
0.5   1.0395113895030543
0.5   1.0558906648274422
0.5   1.2574365408382437
0.5   0.98205222367719114
0.5   1.1982104478535121
0.5   1.2557661735649266
0.5   1.1403484491390166
0.5   1.4104919575209824
0.5   1.2111164823987568
0.5   1.2581887608804152
0.5   1.3219071446891617
0.5   0.89726985600053477
0.5   1.4603982995428646
0.5   1.5779730408297969
0.5   1.5055308625761996
0.5   1.0944947361045576
0.5   1.1052060116272979
0.5   1.2002838039792281
0.5   1.4023604213059222
0.5   1.027755462048086
0.5   1.1457243822895422
0.5   1.1180489621564418
0.5   0.9351073157304981
0.5   1.4944819972854813
0.5   1.2997405651039067
0.5   1.5508732932334106
0.5   1.7391977686166578
0.5   1.899616278532434
0.5   1.1185502324457133
0.5   1.3314273935758185
0.5   1.2055126542034149
0.5   1.3671413089182431
0.5   1.1800245077719262
0.5   1.1967869031347558
0.5   1.4609406579415007
0.5   0.70119833775397478
0.5   0.92715423218894566
0.5   1.1479531343382789
0.5   0.92763197214136528
0.5   1.3523391655987802
0.5   0.89893271646502138
0.5   1.8643235039215806
0.5   1.0132185548108192
0.5   1.0330238270254821
0.5   0.83417308611810648
0.5   1.1715804192279262
0.5   0.81734040023741605
0.5   1.1885484728141789
0.5   0.61276272322247638
0.5   0.67363942373766461
0.5   0.92301791115647558
0.5   1.3084421855060875
0.5   1.2095977978241428
0.5   1.3323375396406238
0.5   1.2744211046186085
0.5   2.1448831842800864

1.5   1.534008030438275
1.5   1.6767736278991676
1.5   2.1566082094540429
1.5   1.5110021317911499
1.5   1.5321831114157338
1.5   1.6797504040380069
1.5   2.1012185308846334
1.5   1.7466352151580828
1.5   1.5647278002843996
1.5   2.0348116637208675
1.5   1.7341042744601678
1.5   1.6848852611097302
1.5   1.6037414414732147
1.5   1.7079322739710361
1.5   2.0205056185308714
1.5   1.5393669454037999
1.5   1.7745586673089759
1.5   1.7093786733312726
1.5   1.8085644073816018
1.5   1.6383534982954577
1.5   1.5098213526273963
1.5   1.6352863023536766
1.5   2.2032091044822946
1.5   1.5053931765594926
1.5   1.5117811525218543
1.5   1.8197168606912588
1.5   1.5431230523386015
1.5   1.7015570174300292
1.5   1.5009042253296445
1.5   2.0930807946555943

2.5   2.4999999999999996
2.5   2.5
2.5   2.5
2.5   2.5000000000000004
2.5   2.4999999999999996
2.5   2.5

