0   -28.0347   0.0294823   0.113207   1.37279e-06   0.247894   0.109415   0.109415   0.247894   1.37279e-06   0.113207   0.0294823   
1   -36.0411   0.0159145   0.0381579   0.089558   0.154982   0.201387   0.201387   0.154982   0.089558   0.0381579   0.0159145   
2   -36.4782   0.0149804   0.0382837   0.0921779   0.154612   0.199946   0.199946   0.154612   0.0921779   0.0382837   0.0149804   
3   -36.4794   0.0211893   0.0452785   0.101796   0.146298   0.185438   0.185438   0.146298   0.101796   0.0452785   0.0211893   
4   -36.3471   0.0166791   0.0429126   0.0970114   0.15296   0.190437   0.190437   0.15296   0.0970114   0.0429126   0.0166791   
5   -36.3471   0.0166791   0.0429126   0.0970114   0.15296   0.190437   0.190437   0.15296   0.0970114   0.0429126   0.0166791   
6   -36.4794   0.0211893   0.0452785   0.101796   0.146298   0.185438   0.185438   0.146298   0.101796   0.0452785   0.0211893   
7   -36.4782   0.0149804   0.0382837   0.0921779   0.154612   0.199946   0.199946   0.154612   0.0921779   0.0382837   0.0149804   
8   -36.0411   0.0159145   0.0381579   0.089558   0.154982   0.201387   0.201387   0.154982   0.089558   0.0381579   0.0159145   
9   -28.0347   0.0294823   0.113207   1.37279e-06   0.247894   0.109415   0.109415   0.247894   1.37279e-06   0.113207   0.0294823   
