0   -32.2115   0.0522344   0.0295571   0.0857592   0.173921   0.0175582   0.28194   0.0175582   0.173921   0.0857592   0.0295571   0.0522344   
1   -40.6487   0.0113452   0.0274548   0.0665892   0.122854   0.173103   0.197309   0.173103   0.122854   0.0665892   0.0274548   0.0113452   
2   -41.2303   0.00969103   0.0249024   0.0647318   0.123727   0.175648   0.202599   0.175648   0.123727   0.0647318   0.0249024   0.00969103   
3   -41.2108   0.0161806   0.0362426   0.0802049   0.120225   0.160346   0.173602   0.160346   0.120225   0.0802049   0.0362426   0.0161806   
4   -41.1027   0.0126598   0.0332189   0.0739338   0.125823   0.161998   0.184735   0.161998   0.125823   0.0739338   0.0332189   0.0126598   
5   -41.1056   0.00900421   0.022262   0.0651773   0.123249   0.179921   0.200772   0.179921   0.123249   0.0651773   0.022262   0.00900421   
6   -41.1027   0.0126598   0.0332189   0.0739338   0.125823   0.161998   0.184735   0.161998   0.125823   0.0739338   0.0332189   0.0126598   
7   -41.2108   0.0161806   0.0362426   0.0802049   0.120225   0.160346   0.173602   0.160346   0.120225   0.0802049   0.0362426   0.0161806   
8   -41.2303   0.00969103   0.0249024   0.0647318   0.123727   0.175648   0.202599   0.175648   0.123727   0.0647318   0.0249024   0.00969103   
9   -40.6487   0.0113452   0.0274548   0.0665892   0.122854   0.173103   0.197309   0.173103   0.122854   0.0665892   0.0274548   0.0113452   
10   -32.2115   0.0522344   0.0295571   0.0857592   0.173921   0.0175582   0.28194   0.0175582   0.173921   0.0857592   0.0295571   0.0522344   
