0   -39.7491   0.0517807   0.0292921   0.0859079   0.17404   0.0176396   0.282679   0.0176396   0.17404   0.0859079   0.0292921   0.0517807   
1   -50.8462   0.0111632   0.0270771   0.0661916   0.122823   0.173672   0.198145   0.173672   0.122823   0.0661916   0.0270771   0.0111632   
2   -51.9069   0.00954148   0.0244893   0.064424   0.123726   0.175975   0.203688   0.175975   0.123726   0.064424   0.0244893   0.00954148   
3   -52.0916   0.0138304   0.0341543   0.0766361   0.123803   0.161948   0.179256   0.161948   0.123803   0.0766361   0.0341543   0.0138304   
4   -52.0487   0.0147103   0.0344505   0.0800986   0.121597   0.16322   0.171848   0.16322   0.121597   0.0800986   0.0344505   0.0147103   
5   -51.988   0.0156166   0.0356751   0.0827066   0.120113   0.162753   0.166271   0.162753   0.120113   0.0827066   0.0356751   0.0156166   
6   -52.0487   0.0147103   0.0344505   0.0800986   0.121597   0.16322   0.171848   0.16322   0.121597   0.0800986   0.0344505   0.0147103   
7   -52.0916   0.0138304   0.0341543   0.0766361   0.123803   0.161948   0.179256   0.161948   0.123803   0.0766361   0.0341543   0.0138304   
8   -51.9069   0.00954148   0.0244893   0.064424   0.123726   0.175975   0.203688   0.175975   0.123726   0.064424   0.0244893   0.00954148   
9   -50.8462   0.0111632   0.0270771   0.0661916   0.122823   0.173672   0.198145   0.173672   0.122823   0.0661916   0.0270771   0.0111632   
10   -39.7491   0.0517807   0.0292921   0.0859079   0.17404   0.0176396   0.282679   0.0176396   0.17404   0.0859079   0.0292921   0.0517807   
