-3   3
-3   3
-3   3
-3   3.0000000000000004
-3   3
-3   2.9999999999999996
-3   2.9999999999999996

-2   2.0000097860895383
-2   2.0010246344057938
-2   2.001340459259402
-2   2.0034422734096826
-2   2.007946297969915
-2   2.9703205905131478
-2   2.0021565121881086
-2   2.0329936767769459
-2   2.9504337695245435
-2   2.0565457563565377
-2   2.0036063756068425
-2   2.0196967400218009
-2   2.0011521794387734
-2   2.3926361333055794
-2   2.0002793182082463
-2   2.0002073353321879
-2   2.1563213122385787
-2   2.5370954175962952
-2   2.0094143940821168
-2   2.0004939161414348
-2   2.9584562985581662
-2   2.0360367946269724
-2   2.0004205179157397
-2   2.0154539359820611
-2   2.0000002928379321
-2   2.9952660317007234
-2   2.0000665173845271
-2   2.0014089818044787
-2   2.0000336715085565
-2   2.0001365942895304
-2   2.0039428170178488
-2   2.0001163356616272
-2   2.9527250281419026
-2   2.0000583795719109
-2   2.0608239279446048
-2   2.0000080916536449
-2   2.0001695187694009
-2   2.0009069850002974
-2   2.0000087147345647
-2   2.0568993018482638
-2   2.0000427268142151
-2   2.9579415904956461

-1   1.0033562640202176
-1   1.0520077426394403
-1   1.00531770413203
-1   1.9650735768756178
-1   1.0061527687221208
-1   1.9902795729888814
-1   1.0093321099715189
-1   1.0331969337964457
-1   1.9790082220861938
-1   1.0180764011769878
-1   1.0656010292575107
-1   1.6325246740625978
-1   1.9545079323950989
-1   1.4816971374204324
-1   2.0228999294587986
-1   2.2946522734272699
-1   1.3449386341122758
-1   1.174921696498874
-1   1.7053321382441817
-1   1.3766022114390934
-1   1.6670394412899872
-1   2.6770045714793258
-1   1.2033096530247613
-1   1.8024249699461214
-1   1.9258805160667682
-1   1.7393371294242561
-1   1.0934855817106244
-1   1.0219044140318241
-1   1.0020634801267347
-1   1.9991151359676964
-1   1.027719133834947
-1   1.5089044742053455
-1   1.5344394769328278
-1   1.6931244237068497
-1   1.7858293857188983
-1   1.8987737310675397
-1   1.5255258621244034
-1   1.3421823815280058
-1   1.5275947212003134
-1   1.639771536089448
-1   1.7227988117714883
-1   1.2963949932561221
-1   1.7546991727159269
-1   1.8886769819758964
-1   1.0107206072220491
-1   1.0702104086737043
-1   1.7497941244155784
-1   1.3631393872932069
-1   1.0350283490393684
-1   1.9547456437505017
-1   2.9544503999648439
-1   1.0174706425838982
-1   2.0082542840873741
-1   1.312273308184152
-1   1.6151086979415159
-1   1.8135571586349823
-1   1.5004464283453722
-1   1.2529447454891167
-1   1.9777748104089574
-1   1.8264966947236423
-1   2.3861814845215377
-1   1.0018316617149969
-1   1.0358493844113366
-1   1.6649007882035161
-1   1.4532456898051558
-1   1.0013928074215155
-1   1.9786357168242352
-1   1.0025204422588325
-1   1.0137977293335174
-1   1.089220046373427
-1   1.706576598445273
-1   1.9143661624479962
-1   1.2801519059084716
-1   1.051095599776213
-1   1.1615905736431158
-1   1.9864959145351473
-1   1.9886700990585391
-1   1.0220615514409415
-1   1.0048887124235142
-1   1.023685165423426
-1   2.5822587776322807
-1   1.7735785127436388
-1   1.0014801269145879
-1   1.9008284773201294
-1   1.3101036875446943
-1   1.8124555748430877
-1   1.015653432033498
-1   1.0039864118662716
-1   1.0016411139977854
-1   1.0049085481219007
-1   1.9971999478031353
-1   1.0154303111596328
-1   1.0051629883508286
-1   1.9863119728750509
-1   1.0144144226768421
-1   1.0089951815453231
-1   1.0400343999856891
-1   1.8850734812449819
-1   1.1546395471824582
-1   1.1471424584035614
-1   1.9478376569244769
-1   1.1049756095769432
-1   1.9889107927767844
-1   1.9551971275621227
-1   2.9465366174386434

0   0.0093572648132066449
0   1.0012449514340562
0   0.28421750093380949
0   1.0016144178187847
0   1.0012895693023485
0   1.923737482796803
0   1.0009057349680224
0   1.9950588323031768
0   1.0011071719065181
0   0.37494192685349048
0   0.019398091230612091
0   1.0011146719485162
0   1.0152830678224638
0   1.8950984517371929
0   0.017510241006284621
0   1.0031116819798056
0   1.2698187020430229
0   1.9936503557151193
0   1.3339493357526926
0   1.3097829413238304
0   1.6033531841766426
0   2.4469739995292374
0   1.006519580283004
0   1.9711913131140326
0   1.1297548561122654
0   1.3667591256442384
0   1.07803003728612
0   2.4695160692902527
0   1.2814943981566118
0   0.30332987013609458
0   1.02216323246116
0   1.781760296773554
0   1.8879908088942488
0   1.9607137766410903
0   0.25291736294096367
0   1.0000634672728899
0   0.054881938068776615
0   1.0011871186961201
0   1.0112710847575754
0   1.9549035037300326
0   1.0010661772409817
0   0.19284228836390782
0   1.3022660959009806
0   1.3022790607331345
0   1.0097600371642672
0   0.84440150954278237
0   1.000341833325646
0   1.1592601543918164
0   0.98543557936860893
0   2.0265199289250262
0   1.9514034193821868
0   1.0012389495572773
0   1.2404973855638282
0   1.5067920942689619
0   1.2014892531068126
0   1.6304590333013476
0   1.4907452492364717
0   1.8758053362581921
0   1.4179148192153808
0   1.0031653312685831
0   0.045314118852379348
0   1.9918477192644315
0   1.0039929739674318
0   1.031504281824323
0   1.0322051431250763
0   1.9928878688887388
0   1.0006805586288046
0   0.61478205646270889
0   2.9665102420379807
0   1.8008211850463938
0   1.0002566246455185
0   1.990557812758361
0   1.9947130732527292
0   1.0102181748707768
0   0.011313578189408924
0   0.04104230077244897
0   1.3037005307790712
0   1.3035444848820905
0   1.0001738494106323
0   2.8163943825732232
0   1.3025861561117087
0   1.0741765411765287
0   1.9995902299188884
0   1.0015757415655981
0   1.0000610956152161
0   1.0000213224839578
0   1.9978597678386296
0   0.0034832725372668794
0   1.0012397266776702
0   0.19843572491012307
0   1.0004630972588981
0   0.081674174906517072
0   1.0007388271060274
0   0.070576219020981656
0   1.9520077524641146
0   1.9745429147799309
0   1.0000713793374916
0   1.0001763824776553
0   1.002085377615185
0   1.9930052434483425
0   1.9896061059545986
0   1.0165250891951809
0   1.0001016758482135
0   0.070559078273177644
0   0.041520435120036114
0   1.0033351353930366
0   2.7788234753855439
0   1.236682150617445
0   0.046832051873710645
0   1.0002727289864761
0   1.3349989047838999
0   1.0002948646073941
0   1.98665242822026
0   1.4137260777966936
0   0.053568980609769001
0   0.010452189712088278
0   1.0000931103305526
0   1.0036139304403324
0   1.0004155544890769
0   1.0022142401999823
0   0.92224143777579193
0   0.038218972654239569
0   1.6194778871169615
0   1.0000079591950262
0   1.0024842472889655
0   1.9876123741347209
0   0.01074199507636886
0   1.0000624630976487
0   0.13026276253995128
0   1.000022685176903
0   1.0034735609732321
0   1.9996948760350097
0   1.0229432965974308
0   0.29853632106647432
0   1.0000085908007423
0   1.9443820686484439
0   1.1004442593728871
0   1.9969948436816356
0   1.9515312128661266
0   2.9421688172485885

1   1.0033562640202167
1   1.0520077426394414
1   1.0053177041320285
1   1.9650735768756147
1   1.0061527687221203
1   1.9902795729888862
1   1.0093321099715225
1   1.0331969337964388
1   1.9790082220861924
1   1.0180764011769881
1   1.0656010292575213
1   1.6325246740626214
1   1.9545079323950945
1   1.4816971374204391
1   2.0228999294589625
1   2.2946522734271033
1   1.3449386341123093
1   1.1749216964988234
1   1.7053321382441893
1   1.376602211439141
1   1.6670394412899574
1   2.6770045714793533
1   1.2033096530247496
1   1.8024249699460833
1   1.9258805160667682
1   1.7393371294242663
1   1.0934855817106257
1   1.0219044140318265
1   1.002063480126735
1   1.9991151359676946
1   1.0277191338349481
1   1.5089044742053561
1   1.5344394769328304
1   1.6931244237068421
1   1.7858293857188969
1   1.8987737310675312
1   1.525525862124435
1   1.3421823815280078
1   1.52759472120032
1   1.63977153608944
1   1.722798811771455
1   1.2963949932561194
1   1.7546991727159309
1   1.8886769819759111
1   1.0107206072220507
1   1.0702104086737037
1   1.749794124415573
1   1.3631393872932118
1   1.0350283490393697
1   1.9547456437505022
1   2.9544503999648422
1   1.0174706425838977
1   2.0082542840873803
1   1.3122733081841553
1   1.6151086979415155
1   1.8135571586349806
1   1.5004464283453784
1   1.2529447454890981
1   1.9777748104089619
1   1.8264966947236538
1   2.3861814845215306
1   1.0018316617149965
1   1.0358493844113372
1   1.6649007882035152
1   1.4532456898051578
1   1.0013928074215159
1   1.9786357168242343
1   1.0025204422588325
1   1.0137977293335183
1   1.0892200463733976
1   1.7065765984452681
1   1.9143661624480148
1   1.2801519059084998
1   1.0510955997762115
1   1.1615905736430923
1   1.9864959145351486
1   1.98867009905854
1   1.0220615514409359
1   1.0048887124235135
1   1.0236851654234169
1   2.5822587776322887
1   1.7735785127436365
1   1.0014801269145868
1   1.9008284773201458
1   1.310103687544695
1   1.8124555748430589
1   1.0156534320334973
1   1.0039864118662731
1   1.0016411139977852
1   1.0049085481219029
1   1.9971999478031401
1   1.0154303111596374
1   1.0051629883508242
1   1.9863119728750478
1   1.0144144226768459
1   1.0089951815453211
1   1.0400343999856909
1   1.8850734812450742
1   1.1546395471823334
1   1.1471424584035441
1   1.9478376569244902
1   1.1049756095768482
1   1.9889107927768368
1   1.955197127562132
1   2.9465366174386523

2   2.0000097860895383
2   2.0010246344057947
2   2.0013404592594028
2   2.0034422734096808
2   2.0079462979699119
2   2.9703205905131473
2   2.0021565121881091
2   2.0329936767769472
2   2.9504337695245431
2   2.0565457563565412
2   2.0036063756068425
2   2.0196967400218
2   2.001152179438773
2   2.3926361333055839
2   2.0002793182082468
2   2.0002073353321874
2   2.156321312238374
2   2.5370954175964719
2   2.0094143940821176
2   2.0004939161414352
2   2.9584562985581644
2   2.0360367946269728
2   2.0004205179157397
2   2.0154539359820611
2   2.000000292837933
2   2.9952660317007265
2   2.000066517384528
2   2.0014089818044791
2   2.0000336715085569
2   2.0001365942895299
2   2.0039428170178493
2   2.0001163356616263
2   2.9527250281419057
2   2.0000583795719122
2   2.0608239279445999
2   2.0000080916536458
2   2.0001695187694013
2   2.000906985000297
2   2.0000087147345647
2   2.0568993018482744
2   2.0000427268142151
2   2.9579415904956394

3   3
3   3
3   3
3   3.0000000000000004
3   3
3   2.9999999999999996
3   2.9999999999999996

