-1.5   1.5
-1.5   1.5
-1.5   1.5
-1.5   1.4999999999999998

-0.5   0.50181044345598491
-0.5   0.49999999999999989
-0.5   1.4996757289560785
-0.5   0.5
-0.5   1.4989390334084942
-0.5   0.50060157083017653
-0.5   1.5
-0.5   0.49999999999999989
-0.5   0.50030924023445733
-0.5   0.50257801081158071
-0.5   0.5
-0.5   1.4987323001625945

0.5   0.50181044345598513
0.5   0.5
0.5   1.4996757289560778
0.5   0.5
0.5   1.4989390334084942
0.5   0.50060157083017676
0.5   1.4999999999999998
0.5   0.5
0.5   0.50030924023445711
0.5   0.50257801081158004
0.5   0.49999999999999956
0.5   1.4987323001625947

1.5   1.5
1.5   1.5
1.5   1.5
1.5   1.4999999999999998

