-2.5   2.5000000000000004
-2.5   2.5000000000000004
-2.5   2.5
-2.5   2.5
-2.5   2.5000000000000004
-2.5   2.5

-1.5   1.505757399821146
-1.5   1.5393686669433437
-1.5   1.5988376784824445
-1.5   1.5449057749413351
-1.5   2.2416352470694285
-1.5   1.6560117226322988
-1.5   2.3257046371773229
-1.5   1.7494491782953396
-1.5   1.5015507467426779
-1.5   1.5721056253942689
-1.5   1.5570524904871932
-1.5   1.5667599517644102
-1.5   1.5109277333892246
-1.5   2.1652333904536865
-1.5   2.1105662677992623
-1.5   1.7938940437511599
-1.5   1.9239489323536074
-1.5   1.506306896255091
-1.5   1.5389420544543397
-1.5   1.5158195592189685
-1.5   1.5030399221195339
-1.5   1.6648606724271127
-1.5   2.3513462481537779
-1.5   1.5003453582971513
-1.5   1.5113399256399238
-1.5   1.5106050406360785
-1.5   1.5004915979510289
-1.5   1.7634810434994388
-1.5   1.5004024782374046
-1.5   2.2977812340469566

-0.5   0.86975541957879332
-0.5   0.73449407000293898
-0.5   1.1425700959548064
-0.5   1.3079112250656508
-0.5   0.78556639726188848
-0.5   1.0090592958478881
-0.5   1.1647127454680044
-0.5   1.3602301557482632
-0.5   1.601891468886202
-0.5   1.0984370779716748
-0.5   1.1788493051135047
-0.5   1.2415591728393987
-0.5   1.4589154606177899
-0.5   1.717169529034595
-0.5   1.394428949605933
-0.5   1.4627983868767591
-0.5   1.6068576222990285
-0.5   0.94819207075985257
-0.5   0.71637625683468076
-0.5   1.2929388684595728
-0.5   1.1682095897390927
-0.5   1.1809826385430062
-0.5   0.78653891477499749
-0.5   1.3700341952770949
-0.5   0.88254086605158633
-0.5   1.4519770113758736
-0.5   1.0369716745779805
-0.5   1.3484652963871004
-0.5   1.142560456479067
-0.5   1.6444496186114979
-0.5   1.7785536606914438
-0.5   2.2372790128296614
-0.5   0.8916563518181202
-0.5   1.4423558739318811
-0.5   0.59615678145181139
-0.5   1.4595807198667703
-0.5   1.4937960751802077
-0.5   0.55825523569858038
-0.5   1.1813136048249291
-0.5   1.2978774048774115
-0.5   0.79343838315866355
-0.5   1.358962580984584
-0.5   0.88935950688997023
-0.5   1.5519387012251031
-0.5   1.3812278253542651
-0.5   1.5038317207845191
-0.5   0.59865690328043764
-0.5   0.51903648296266902
-0.5   0.6114564740420223
-0.5   0.63047927448484931
-0.5   1.2810977523048774
-0.5   0.85514761294334796
-0.5   1.3469437673078166
-0.5   0.95873217372358432
-0.5   0.83322599287213772
-0.5   0.76267363619429007
-0.5   1.3123501469147498
-0.5   1.4839567733508823
-0.5   1.3428266713091797
-0.5   2.3204676070537675

0.5   0.86975541957878466
0.5   0.73449407000293943
0.5   1.1425700959548117
0.5   1.3079112250656486
0.5   0.78556639726189026
0.5   1.0090592958478857
0.5   1.1647127454680066
0.5   1.3602301557482652
0.5   1.6018914688862029
0.5   1.0984370779716743
0.5   1.1788493051134976
0.5   1.2415591728394004
0.5   1.4589154606177999
0.5   1.7171695290345963
0.5   1.3944289496059292
0.5   1.4627983868767613
0.5   1.6068576222990298
0.5   0.94819207075985013
0.5   0.71637625683467965
0.5   1.2929388684595737
0.5   1.1682095897390912
0.5   1.180982638543004
0.5   0.78653891477500215
0.5   1.3700341952770934
0.5   0.88254086605158544
0.5   1.451977011375875
0.5   1.0369716745779827
0.5   1.3484652963870949
0.5   1.1425604564790715
0.5   1.6444496186115001
0.5   1.7785536606914403
0.5   2.2372790128296645
0.5   0.89165635181812131
0.5   1.4423558739318838
0.5   0.59615678145181161
0.5   1.4595807198667672
0.5   1.4937960751802084
0.5   0.55825523569858571
0.5   1.1813136048249326
0.5   1.2978774048774149
0.5   0.79343838315866533
0.5   1.3589625809845773
0.5   0.88935950688996335
0.5   1.5519387012251071
0.5   1.3812278253542682
0.5   1.5038317207845191
0.5   0.59865690328043653
0.5   0.51903648296266991
0.5   0.61145647404202408
0.5   0.63047927448484709
0.5   1.281097752304873
0.5   0.85514761294335129
0.5   1.3469437673078144
0.5   0.95873217372357966
0.5   0.83322599287212773
0.5   0.76267363619429207
0.5   1.3123501469147563
0.5   1.4839567733508865
0.5   1.3428266713091768
0.5   2.3204676070537666

1.5   1.505757399821146
1.5   1.5393686669433451
1.5   1.5988376784824445
1.5   1.5449057749413373
1.5   2.2416352470694303
1.5   1.6560117226322979
1.5   2.3257046371773202
1.5   1.7494491782953387
1.5   1.5015507467426787
1.5   1.5721056253942698
1.5   1.5570524904871941
1.5   1.5667599517644093
1.5   1.5109277333892246
1.5   2.1652333904536873
1.5   2.110566267799264
1.5   1.7938940437511608
1.5   1.9239489323536048
1.5   1.5063068962550905
1.5   1.5389420544543402
1.5   1.5158195592189694
1.5   1.5030399221195334
1.5   1.6648606724271122
1.5   2.3513462481537779
1.5   1.5003453582971504
1.5   1.5113399256399234
1.5   1.5106050406360776
1.5   1.5004915979510289
1.5   1.7634810434994357
1.5   1.5004024782374037
1.5   2.2977812340469566

2.5   2.5000000000000004
2.5   2.5000000000000004
2.5   2.5
2.5   2.5
2.5   2.5000000000000004
2.5   2.5

