0   -44.1891   0.0515942   0.0291831   0.0859691   0.174089   0.0176732   0.282983   0.0176732   0.174089   0.0859691   0.0291831   0.0515942   
1   -56.8531   0.0110926   0.0269289   0.0660357   0.122809   0.173896   0.198475   0.173896   0.122809   0.0660357   0.0269289   0.0110926   
2   -58.197   0.00950185   0.0243704   0.0643622   0.123745   0.176012   0.204018   0.176012   0.123745   0.0643622   0.0243704   0.00950185   
3   -58.5143   0.0130769   0.0334442   0.0757591   0.12469   0.162948   0.180165   0.162948   0.12469   0.0757591   0.0334442   0.0130769   
4   -58.5286   0.0151561   0.0350122   0.0817942   0.120614   0.163465   0.167917   0.163465   0.120614   0.0817942   0.0350122   0.0151561   
5   -58.5134   0.0179308   0.0383849   0.0870694   0.11769   0.159384   0.159082   0.159384   0.11769   0.0870694   0.0383849   0.0179308   
6   -58.5286   0.0151561   0.0350122   0.0817942   0.120614   0.163465   0.167917   0.163465   0.120614   0.0817942   0.0350122   0.0151561   
7   -58.5143   0.0130769   0.0334442   0.0757591   0.12469   0.162948   0.180165   0.162948   0.12469   0.0757591   0.0334442   0.0130769   
8   -58.197   0.00950185   0.0243704   0.0643622   0.123745   0.176012   0.204018   0.176012   0.123745   0.0643622   0.0243704   0.00950185   
9   -56.8531   0.0110926   0.0269289   0.0660357   0.122809   0.173896   0.198475   0.173896   0.122809   0.0660357   0.0269289   0.0110926   
10   -44.1891   0.0515942   0.0291831   0.0859691   0.174089   0.0176732   0.282983   0.0176732   0.174089   0.0859691   0.0291831   0.0515942   
