0   -47.0802   0.0514936   0.0291244   0.0860022   0.174115   0.0176914   0.283148   0.0176914   0.174115   0.0860022   0.0291244   0.0514936   
1   -60.7646   0.0110554   0.0268506   0.0659534   0.122801   0.174015   0.19865   0.174015   0.122801   0.0659534   0.0268506   0.0110554   
2   -62.2932   0.0094846   0.0243165   0.0643417   0.12376   0.176011   0.204172   0.176011   0.12376   0.0643417   0.0243165   0.0094846   
3   -62.6995   0.0127357   0.0331014   0.0754241   0.125011   0.163548   0.18036   0.163548   0.125011   0.0754241   0.0331014   0.0127357   
4   -62.7551   0.0152731   0.0353887   0.0823076   0.120572   0.163103   0.166711   0.163103   0.120572   0.0823076   0.0353887   0.0152731   
5   -62.7693   0.0182933   0.038552   0.0877992   0.116967   0.159486   0.157806   0.159486   0.116967   0.0877992   0.038552   0.0182933   
6   -62.7551   0.0152731   0.0353887   0.0823076   0.120572   0.163103   0.166711   0.163103   0.120572   0.0823076   0.0353887   0.0152731   
7   -62.6995   0.0127357   0.0331014   0.0754241   0.125011   0.163548   0.18036   0.163548   0.125011   0.0754241   0.0331014   0.0127357   
8   -62.2932   0.0094846   0.0243165   0.0643417   0.12376   0.176011   0.204172   0.176011   0.12376   0.0643417   0.0243165   0.0094846   
9   -60.7646   0.0110554   0.0268506   0.0659534   0.122801   0.174015   0.19865   0.174015   0.122801   0.0659534   0.0268506   0.0110554   
10   -47.0802   0.0514936   0.0291244   0.0860022   0.174115   0.0176914   0.283148   0.0176914   0.174115   0.0860022   0.0291244   0.0514936   
