-4   4
-4   4
-4   4
-4   4
-4   4
-4   4
-4   4
-4   4
-4   4

-3   3.0000237994253252
-3   3.0000368354118243
-3   3.0003434556435562
-3   3.001001860665542
-3   3.0001298311437035
-3   3.0212906181842927
-3   3.0073156168621029
-3   3.8727239374106794
-3   3.000421628306098
-3   3.1354484897061474
-3   3.8712955131388211
-3   3.1467603823227028
-3   3.0010508224954191
-3   3.0001301042278019
-3   3.0047118372790464
-3   3.0003311351734605
-3   3.0019553344559138
-3   3.0001527381630906
-3   3.8031264660453052
-3   3.0005730822618202
-3   3.0209405245695673
-3   3.1729146085643887
-3   3.0033108819253793
-3   3.0451757767661451
-3   3.0084024989332065
-3   3.0015804902898484
-3   3.7666204433575938
-3   3.0002591137009302
-3   3.2675912910063949
-3   3.0000891737733881
-3   3.0028771147844142
-3   3.0000451764566036
-3   3.0015973951612196
-3   3.0028486915294836
-3   3.3043958509186506
-3   3.0023107505794839
-3   3.1483462510723941
-3   3.6050077988591704
-3   3.0049756664619172
-3   3.0053555435931401
-3   3.0667867453806332
-3   3.0081970142356629
-3   3.9389567240063723
-3   3.0000680553763508
-3   3.0001297770359052
-3   3.0001811825950426
-3   3.0010785277111833
-3   3.0000754992765777
-3   3.0000109100644288
-3   3.7773424738106911
-3   3.0000340920420636
-3   3.266035100247211
-3   3.0000107107377301
-3   3.0017536970675591
-3   3.0001142434413075
-3   3.0001442964702263
-3   3.0000050600173442
-3   3.0000213899942056
-3   3.0288469541458283
-3   3.0000109883197799
-3   3.9354514836936021
-3   3.0000617069373456
-3   3.0527592097106586
-3   3.0000273456949915
-3   3.0000347230899473
-3   3.0001783961798103
-3   3.0000248875672599
-3   3.0000583336613129
-3   3.0000162590269266
-3   3.0985292933360422
-3   3.0000661678385523
-3   3.9213407844450865

-2   2.0002871843299501
-2   2.0004606876357962
-2   2.0010260197201788
-2   2.1430990933445271
-2   2.0094225132064207
-2   2.8897060819611706
-2   2.0031210291492827
-2   2.1129814375021199
-2   2.0040029336239202
-2   2.9054211503616769
-2   2.0013056385559653
-2   2.0034273446488133
-2   2.8766173342444032
-2   2.1402487402061929
-2   2.0213853402330488
-2   2.0107933168705037
-2   2.0160454285905209
-2   2.0196363707445029
-2   2.0157828500629029
-2   2.8759787848306124
-2   2.1422945285444936
-2   2.0036650280361403
-2   2.0903268891767417
-2   2.9615089636202763
-2   2.7204161310715067
-2   2.7242624867409222
-2   2.0315233693705399
-2   2.302189617114593
-2   2.2429089892928387
-2   2.4569713494370307
-2   2.6918799262806337
-2   2.1137808887548855
-2   3.0556963992490638
-2   2.5725653630085157
-2   2.3267852186237827
-2   2.123706230824967
-2   2.8675176820793324
-2   2.477307202303912
-2   2.3047992339412051
-2   3.2363134582102147
-2   2.367083167674831
-2   2.5585639278810546
-2   3.0550432104005898
-2   2.3275138736724159
-2   2.3855404948664996
-2   2.3291447703586305
-2   2.2347006624782617
-2   2.5882560932079013
-2   2.226913045450337
-2   2.1263438737172229
-2   2.4913942805432807
-2   2.4052485540426387
-2   2.0119838820730345
-2   2.0020288593853945
-2   2.0082893376173092
-2   2.0076870438086933
-2   2.0538311936346907
-2   2.1085320074597074
-2   2.9138935730772815
-2   2.5782481224253511
-2   2.3762413881368953
-2   2.9606388316686854
-2   2.0879702294874365
-2   2.0722723359389521
-2   2.1183660231656747
-2   2.0225372381170703
-2   2.3132838756403959
-2   2.5213425876399054
-2   2.0505906947925228
-2   3.028059931000544
-2   2.3879518627226735
-2   2.0889064768084475
-2   3.2580252261320615
-2   2.5408363317861986
-2   2.9250714052207836
-2   2.1231450172273125
-2   2.6970966630625304
-2   2.0475773852642707
-2   2.0828739597933157
-2   2.0612802856127499
-2   2.0961200002132072
-2   2.7203880193840742
-2   2.3059658099518523
-2   2.2660385483921135
-2   2.2511941280493102
-2   2.1970437247453476
-2   2.0625530115106865
-2   2.7544854869883539
-2   2.4374580276248232
-2   2.0177110597545695
-2   2.4486367490983851
-2   2.0657515296013784
-2   2.6711800999083697
-2   2.6844224223733026
-2   2.7088738519229714
-2   2.7048352249432961
-2   2.9848519757929024
-2   2.3795170828371517
-2   2.661648518950166
-2   2.7005639899785376
-2   2.0616379202080664
-2   2.0028239461198445
-2   2.0262058340912055
-2   2.0295375722404114
-2   2.0756263461542295
-2   2.2739780029196019
-2   2.1400795950098384
-2   2.3128301399378315
-2   2.4853067198282175
-2   2.8134311614544978
-2   2.032080551897296
-2   2.0058634181362054
-2   2.9831312346324026
-2   2.0146035308535959
-2   2.0075596599225802
-2   2.0040303142470108
-2   2.0136922651505627
-2   2.0283504791708102
-2   2.0639222720136452
-2   2.1577029943519768
-2   2.5123375651006907
-2   2.3554243934241561
-2   2.1447914715474541
-2   2.4454414671917024
-2   2.0671302429083931
-2   2.7502831637147471
-2   2.6501297517222819
-2   3.2642322013082246
-2   2.8444040613950619
-2   2.3021883291532106
-2   3.233670062186504
-2   2.6819796338423272
-2   2.2963197098251955
-2   2.2827990731303403
-2   2.6922804531411337
-2   2.3457476065613401
-2   2.41190229777615
-2   2.3202347968531449
-2   2.7295571473187255
-2   2.5999964001802476
-2   3.7505186853463188
-2   2.0171203241808349
-2   2.0026312869048817
-2   2.0348303909500869
-2   2.0028256103239164
-2   2.4570892825702129
-2   2.5094517104372542
-2   2.0543513815263408
-2   2.2044758391390862
-2   2.125692826379201
-2   2.7816247503069325
-2   2.0217646521201496
-2   2.0009006898001944
-2   2.9250067917041096
-2   2.6624528440717894
-2   2.4138904881277203
-2   2.0929941873370765
-2   2.0043008299158007
-2   2.9924805853723719
-2   2.0083234690101541
-2   2.0010056457443874
-2   2.0049796175987895
-2   2.0078312494839001
-2   2.011077774073077
-2   2.0406170869420803
-2   2.8963973210061567
-2   2.0074447492652721
-2   2.0174971625944011
-2   2.1369848220498038
-2   3.8020062227627882
-2   2.1781799671774138
-2   2.2091386848734942
-2   2.7041221430973943
-2   2.8287785935086625
-2   2.9330886772481
-2   2.365904575973349
-2   2.0697396697470585
-2   2.0300973949020027
-2   2.0770331526088328
-2   2.062283628237048
-2   2.9580082520337236
-2   2.0004151185901753
-2   2.0051268993066125
-2   2.0009695384101254
-2   2.0042217784112974
-2   2.0018329463457776
-2   2.0021170492084064
-2   2.0049053018875158
-2   2.2019764305994078
-2   2.167719260214612
-2   2.6639531673498955
-2   2.6801946644188823
-2   2.2021963370134148
-2   2.2074693985070364
-2   2.031490915436283
-2   2.0267220612371726
-2   2.0014366676931852
-2   2.0126883668824251
-2   2.5609732064779851
-2   2.7696290931805843
-2   2.4268200420168595
-2   2.1724982158838606
-2   2.1035988675937531
-2   2.1239866381858379
-2   2.0028032949731056
-2   2.04779370220206
-2   2.1914920019094324
-2   2.2290751072809152
-2   2.1840841351835771
-2   2.6998496226537227
-2   2.8178919505881317
-2   2.0013013579011267
-2   2.0163789643600052
-2   2.0409158469670987
-2   3.3922741705887454
-2   2.8759530563813982
-2   3.0289264568818259
-2   2.7740832112726306
-2   2.107092808987975
-2   2.0505338057511313
-2   2.0022014300895612
-2   2.0029245748515501
-2   2.0007446729197977
-2   2.0032678247711981
-2   2.022785180902261
-2   2.0018786183458999
-2   2.9783705024817055
-2   2.0148568577829606
-2   2.0030134739249728
-2   2.9860864484729723
-2   2.0022909193917044
-2   2.0047787381107955
-2   2.0237570642990379
-2   2.0092712044803522
-2   2.0206674050904989
-2   2.0101537893702868
-2   2.8607415405161762
-2   2.0764337611966752
-2   2.1559509018115643
-2   2.0531488694928854
-2   2.0547994688730835
-2   2.4677805712506524
-2   2.4898648345298326
-2   2.149379861568165
-2   2.190101352493099
-2   2.7618177686210457
-2   2.2022014772601048
-2   2.9713364937731348
-2   2.1651805166788258
-2   2.9604624203427448
-2   2.872433924778325
-2   3.8790648777453463

-1   1.0264842693636165
-1   1.0778520002818386
-1   1.12858294534646
-1   1.6394770450680509
-1   1.0554412245903324
-1   1.4490414870599426
-1   1.3922039852090375
-1   1.1292266016119781
-1   1.3623549336605407
-1   1.7082697535027065
-1   1.9127935357631949
-1   1.2276873642300232
-1   1.8761079127206788
-1   1.8113688549137223
-1   2.837666617353666
-1   1.0327004059420251
-1   1.9376812536679178
-1   1.2612356862866567
-1   1.1122949737135037
-1   2.0596672817536241
-1   1.8636199305501147
-1   2.7907450124921871
-1   1.2795192802722002
-1   1.1189929138325336
-1   1.9035374868111363
-1   1.0215541056518878
-1   1.3785018615783096
-1   2.5843888108803066
-1   1.7413849896190832
-1   2.0788469988681153
-1   1.0564930158576851
-1   1.353974880031888
-1   1.3670666821467969
-1   1.6145658272996584
-1   1.2619111879432776
-1   1.8280962508420071
-1   1.3631341262597061
-1   1.4291626897468555
-1   1.389489964378225
-1   1.6530136974831828
-1   1.7779977968406513
-1   1.2610985425728365
-1   1.601198770205055
-1   1.3390652421429439
-1   1.3955527108904959
-1   2.7446972358622488
-1   1.1236450991144296
-1   1.2419419556100351
-1   1.7561114406168219
-1   1.3590029505979218
-1   1.0976591839949634
-1   1.8667433651571832
-1   1.8067966871646486
-1   1.9136179706015639
-1   1.8764089376482365
-1   1.2659874261697983
-1   2.0283771216064186
-1   2.1506414965561196
-1   2.1094936568651872
-1   2.3987607094208419
-1   2.5238602128629504
-1   1.8143654522748962
-1   1.5074463822832467
-1   1.9243630217385554
-1   2.5819772592690309
-1   2.7258486783433575
-1   1.8269542119867581
-1   1.7196624000990517
-1   1.6337787264646013
-1   1.9722167197848526
-1   2.3066439778095753
-1   1.8864830456412713
-1   2.1116755784074295
-1   2.5553207768690203
-1   1.9471934424516015
-1   1.7158916478562634
-1   1.6811729931046036
-1   1.6167203563649184
-1   1.8253133181849868
-1   1.7076066279251223
-1   1.7483445925869066
-1   2.6641288624781381
-1   2.0267158231858122
-1   2.2870377286426424
-1   2.0614041174901496
-1   1.8752151828681667
-1   1.4590253215683364
-1   2.7609031821257797
-1   1.8281139265747592
-1   2.1933868969597881
-1   1.5843473334232208
-1   1.3964925295734836
-1   1.606717258618271
-1   1.7719516635612447
-1   1.2627858082444892
-1   2.3870066855655683
-1   1.8937445582588777
-1   1.5084998060175874
-1   1.0702164256783775
-1   1.9446679125058282
-1   1.2732006266104472
-1   1.6731005369728531
-1   2.8154003528179832
-1   1.7646975963182681
-1   1.9884763708429594
-1   1.1481427419238133
-1   1.338142621192475
-1   1.1533824748313581
-1   1.920564248331023
-1   1.1311583794408537
-1   1.8448540399309774
-1   1.8129417273145791
-1   1.9138254208531191
-1   1.1720378400492779
-1   1.0909370530936928
-1   1.0730984090075004
-1   1.9199285802890311
-1   2.1609913158876104
-1   1.907013562055079
-1   2.2337239915644829
-1   2.1267747577731573
-1   1.6705953781832559
-1   1.5647768261702861
-1   2.4161293684629346
-1   1.5998191110106945
-1   2.5186730775880557
-1   1.4149507656051383
-1   1.2500976627286651
-1   1.8068947483774833
-1   1.8763100217713515
-1   1.7697922524120848
-1   1.6005423608871863
-1   1.8090028095913109
-1   1.5257967585207011
-1   1.5269616799821084
-1   1.7279095785436196
-1   1.3361852184088219
-1   1.4357402540419857
-1   1.833875969869077
-1   2.0774696375679178
-1   1.7381739551662063
-1   1.792817453735073
-1   1.6481843281223392
-1   2.0355760911387426
-1   1.8442544542120101
-1   2.5523022850690134
-1   2.1212669536494877
-1   2.7594278391862144
-1   1.6134628939151749
-1   1.4589807949569271
-1   2.6434955776822142
-1   2.4195925790550841
-1   1.660789826510356
-1   1.7102639509879212
-1   1.6344872569881437
-1   1.9970441155192749
-1   1.4724891483890163
-1   1.5882098443950117
-1   1.6255312638388442
-1   1.6458012877651136
-1   2.3129692751070361
-1   1.5971580721997514
-1   1.4478420025746499
-1   1.4386297292162495
-1   2.4813656094273244
-1   1.6888463877540816
-1   2.1329686685194966
-1   1.2019119283606408
-1   1.5040695831808937
-1   1.7308775051931891
-1   1.4207964743136112
-1   1.3693661142984492
-1   1.6151024030483758
-1   1.2623811699956873
-1   2.3827610403419985
-1   1.5887039945540957
-1   2.2472054670902533
-1   2.1015471758535855
-1   1.8471919270298294
-1   2.1959379277202999
-1   1.8669854996136972
-1   1.9547313070574504
-1   1.1433968417023765
-1   1.7444355120897388
-1   1.7429425367584925
-1   1.0652208703939117
-1   2.1083169834217728
-1   2.2166533311954346
-1   1.219327249875142
-1   3.0910209797669226
-1   1.7949882341112824
-1   1.5249828431330203
-1   2.6838072693907904
-1   1.2291394709213403
-1   2.5732654661522161
-1   1.6558759706609836
-1   2.3393282625711289
-1   2.7038997707040728
-1   1.9207017203664001
-1   1.152074662816243
-1   1.4287905463970618
-1   1.644181578850318
-1   1.0617307795813478
-1   1.9261192226930062
-1   1.0624643681744239
-1   1.6609270077549443
-1   1.2287486951570903
-1   1.2624946512291277
-1   1.5771497154749246
-1   1.2224561024799265
-1   1.9668506703804787
-1   1.7337535604533261
-1   2.0407554451865173
-1   1.8736152284781915
-1   1.3388401859156343
-1   1.5100952076788965
-1   1.7828159743842602
-1   1.4018521001714732
-1   2.2809601395466039
-1   1.5011813083836736
-1   2.1698255612334583
-1   1.8652603039554547
-1   2.0003458475570741
-1   1.9878862211253971
-1   1.2579091485510494
-1   1.3052940462840887
-1   1.2558014760376524
-1   1.8614347395421991
-1   2.0587830287033504
-1   2.05563391025759
-1   1.868466371593335
-1   1.2211541012304929
-1   1.1747973203292312
-1   1.6862988679436612
-1   1.6978872176639275
-1   1.4655404996329644
-1   1.6848889799935116
-1   1.657558221420274
-1   1.4988579349926214
-1   1.3546755599113844
-1   1.9093735039269641
-1   2.0643065962183091
-1   1.8552460743754939
-1   2.1621977597915003
-1   1.7257273827386999
-1   1.8470783167670781
-1   2.4201359487373346
-1   1.8733672532997203
-1   2.2556220907580284
-1   1.6186785320416326
-1   2.5167065986162753
-1   2.4637944121225348
-1   2.2409931112632941
-1   2.675973393098789
-1   1.5984690658194491
-1   1.9167744355864476
-1   3.2567774439744053
-1   2.1724532847681726
-1   1.6794621382110724
-1   2.446261756384065
-1   1.6374862782405168
-1   1.5182150433331585
-1   2.1305786316334907
-1   2.3333561015520909
-1   1.6503519573790668
-1   1.5647346600491616
-1   1.7309116197922187
-1   2.3536904239187
-1   2.5593025746327225
-1   2.0362577523772911
-1   2.3717007830871433
-1   1.5459394205013361
-1   3.8027433013610912
-1   1.0859822518590292
-1   1.9388788466710953
-1   1.1104900195503626
-1   1.2217833805218186
-1   1.0628116427772223
-1   1.7662748625986522
-1   1.1377496147459196
-1   1.3165110632021351
-1   1.7462068593215299
-1   1.9165306371838793
-1   1.2140581991148578
-1   1.3461726384159673
-1   2.0432573243278487
-1   1.5597303552666464
-1   2.6054575938683464
-1   1.489191879670491
-1   1.6887088893287214
-1   1.9550710049240041
-1   1.7755419354200805
-1   2.9149944556989644
-1   1.2619957524434302
-1   1.9819463812834415
-1   1.0135628522987556
-1   1.0280408234108855
-1   1.6828767832149785
-1   1.006750213495007
-1   1.4314732197785867
-1   1.0467731967302552
-1   1.775302906091059
-1   1.79588860680856
-1   2.2506272261508156
-1   2.4226004270464712
-1   1.8734346706476819
-1   2.0928483790046748
-1   1.5887264659398568
-1   1.977086919379059
-1   1.9738577855241402
-1   1.1675094869245926
-1   1.4996921907911489
-1   2.2478363157207628
-1   1.9306179404260666
-1   1.8377617456404916
-1   1.191824504989367
-1   1.3471470385525512
-1   1.7917104076792376
-1   1.8888166059933047
-1   1.8118082134095124
-1   2.0327392429771365
-1   1.9061405918833003
-1   1.1362725675862198
-1   2.4863177772819567
-1   1.1479643630843364
-1   1.8363918198988451
-1   2.0578585194147689
-1   1.8250688977278582
-1   1.1547047451023658
-1   1.2396807488331207
-1   1.4228334530112718
-1   1.4320058140735177
-1   3.6021522061993094
-1   1.2247557157199955
-1   1.6107716773634935
-1   1.4033823178729139
-1   1.414751950632489
-1   2.3930292118079977
-1   1.3363653001169054
-1   1.6248979444756597
-1   1.9926493584903406
-1   2.7098293175058328
-1   2.0622333995160194
-1   1.6612344255678657
-1   1.3128117218608542
-1   2.0669694443005073
-1   1.9749679060716634
-1   1.7565183714711567
-1   1.9911393058151083
-1   1.3166428827406054
-1   1.6756607517843283
-1   1.0543324913885925
-1   1.1056385760215204
-1   1.5472697520625807
-1   1.8252639570399034
-1   2.8617354354801936
-1   1.7370135893374683
-1   1.0198390780270545
-1   1.3333173285798696
-1   1.8130820068294051
-1   1.8721228359198201
-1   1.7327687923214428
-1   1.3222898170752548
-1   1.012597372636467
-1   1.5910716187964642
-1   1.9163493442104049
-1   1.985473418778938
-1   1.0061861213421246
-1   1.0045191137998541
-1   1.0378932938990311
-1   1.4070693398672132
-1   1.0302976508240203
-1   1.6837159297557123
-1   2.2465624731318243
-1   2.1681499702624998
-1   1.4048268323091297
-1   1.3221589516761185
-1   1.2960250214224012
-1   1.3256826881897252
-1   2.5461989328545336
-1   2.6417445184543658
-1   1.0625653661668049
-1   1.1528755379296169
-1   1.7352885448160258
-1   1.7762691612887722
-1   1.9235407955258257
-1   1.2660720163360384
-1   1.1881361726960233
-1   1.233493615348328
-1   1.8274993271353814
-1   1.8757738309449907
-1   1.8698640105360389
-1   1.0623990773916974
-1   1.0286520072174519
-1   1.0783352468294043
-1   1.0530814970746456
-1   1.0286217213925779
-1   1.9722297897943477
-1   1.5278562433991616
-1   2.2737245630024816
-1   2.2331559297581198
-1   1.5826468678710941
-1   2.2021784291531139
-1   1.816606918360927
-1   1.46905107964252
-1   1.9109992408734682
-1   1.1766383396994058
-1   1.5570153220591001
-1   1.3746586226052715
-1   1.0094539254466026
-1   1.0136865102027444
-1   1.0175145300650821
-1   1.9899363224726674
-1   1.034040953862865
-1   1.8310222082148422
-1   1.0611996213294379
-1   1.9794050861012216
-1   1.0341578150575641
-1   1.1345693266479473
-1   1.3851173515926252
-1   2.4613469672991775
-1   2.2637237229114109
-1   2.4210230637728123
-1   2.6659827356438965
-1   1.6852510620222891
-1   1.5494622119683448
-1   2.0323695690112697
-1   2.0769038349381228
-1   1.5415131750911524
-1   1.5530614664468128
-1   1.3736098391138469
-1   1.9887229813346465
-1   1.240919795680516
-1   1.7802620576018957
-1   3.0803435629865104
-1   2.3870583618818513
-1   1.2510565056499843
-1   2.8158701409964548
-1   1.8442302945077569
-1   1.8395623325716657
-1   1.718737027331938
-1   1.3836833053438851
-1   1.0973436783522978
-1   1.9679430859970246
-1   1.0190459950892079
-1   1.0250947804242452
-1   1.2220022879289465
-1   1.1943744251760726
-1   1.812070028112831
-1   1.792540797009174
-1   1.095390093278088
-1   1.1111294679112513
-1   1.1226108228612885
-1   1.9700038412250347
-1   1.6363143632719908
-1   1.5491651084019655
-1   1.8211700125339374
-1   1.9772482277151249
-1   1.3314546794927706
-1   2.4800461605474018
-1   1.8616095069952907
-1   1.9562171354719395
-1   2.9195010030317059
-1   1.0146585349996611
-1   1.0311126234277566
-1   1.0119959325929309
-1   1.903696887428628
-1   1.0372175721449381
-1   1.1417114817050018
-1   1.1588963859452628
-1   1.0877217152664154
-1   1.8241884890503228
-1   1.1962449171824632
-1   1.2042887721758877
-1   1.1041698351319142
-1   1.8487287544501898
-1   1.2098445280905112
-1   1.8068503603618598
-1   1.9434988630690251
-1   1.9267518077351502
-1   1.2411670007589533
-1   1.1029659814468282
-1   2.7238815823212481
-1   1.6440254000691836
-1   1.9458470613130481
-1   1.1625459384165051
-1   1.8133743451422442
-1   1.7474588018506507
-1   1.3373110830387303
-1   1.9928729573370245
-1   2.4141349239287102
-1   2.0096285349605694
-1   1.3170249936965033
-1   2.0490272281375908
-1   1.9929460109618322
-1   1.3932265384794884
-1   2.5655071945742116
-1   2.4071356412840048
-1   2.0211144132488288
-1   2.8828113818669592
-1   2.048461862099118
-1   2.949020985752429
-1   2.841569967280158
-1   3.8622663862076925

0   0.035040598108269871
0   1.0025842787333099
0   0.71378725000850207
0   1.0428379701356161
0   1.0027811127546042
0   1.1976222954088911
0   1.0149235453267944
0   0.17108868754091799
0   1.4988619253098243
0   1.0505317357244754
0   1.003225450810119
0   1.9970525433891595
0   0.61467149760044038
0   1.0284694980349971
0   1.0039669946598551
0   1.6806037612275926
0   1.2770822275053662
0   1.9601901188100617
0   1.7716547546516361
0   2.8031696616023023
0   1.0018784535020697
0   1.6469715084466121
0   1.0032785978895833
0   1.016412149689965
0   1.1254854226982123
0   1.88830649059887
0   1.8869650579799031
0   2.7922106367504327
0   0.55988384473099662
0   1.2170365862464541
0   1.0950760017745136
0   1.8060672580145432
0   0.31945051450898165
0   1.1020161763724885
0   1.0022593241476683
0   0.69453204523163481
0   2.6780076366527177
0   0.074049186468331696
0   1.874934454445059
0   1.6265962543033798
0   1.4306232570284232
0   1.0023557818107933
0   0.80232432168200729
0   1.9489704484965404
0   1.0024616218550002
0   1.1017663776206041
0   1.993512112162763
0   1.1100387634085098
0   0.26742954737394198
0   1.6909401498488918
0   1.011690082713121
0   1.3517195302956804
0   1.9401346490288121
0   1.943131006342016
0   1.0370653867221697
0   0.932428318414811
0   1.5031035971936402
0   0.32333845595294852
0   1.0168395400047479
0   2.4131532022825692
0   1.0700327233930074
0   0.93727240483993168
0   1.602248539935228
0   1.0318709857917887
0   1.0342279448718439
0   1.5241231889832196
0   1.1485916787168966
0   1.8193159338653118
0   2.2861203535440349
0   1.1690645989137922
0   1.3493622611992833
0   1.0284409078497341
0   0.83918788452650728
0   1.811285743490314
0   1.6244917901011289
0   2.7283185036888526
0   1.7750973654138869
0   1.1406260500748471
0   1.0417073288372027
0   2.0430026034400677
0   2.4556442992471381
0   1.7085145590545308
0   1.6547125188735521
0   3.3300334371698037
0   1.9545210879726738
0   1.8496311969633128
0   1.2115817529000401
0   1.9434725946752454
0   1.4815751395305219
0   2.3336881536792609
0   1.6367901834717857
0   1.2854785727349605
0   2.0959988436751962
0   1.7627298630310828
0   1.6904438016246495
0   1.7141526198458599
0   2.0713892277947195
0   0.65870773534937399
0   2.2758991866455807
0   1.2768887874898118
0   1.9744788420708801
0   1.2092082974463718
0   1.8097069554169813
0   2.2993459729535255
0   1.365648027030766
0   1.7456593121531938
0   1.4733217413368784
0   1.6442572242074029
0   2.4310294356147297
0   1.6785716254614869
0   1.6388684333242107
0   1.6686104631839429
0   1.4288059440217376
0   1.9900378317083312
0   1.9561929275616894
0   1.2379336510120458
0   1.512419400914137
0   1.6265615929159227
0   1.0949043678585317
0   1.1631516360377372
0   1.8448106882580002
0   2.4867889799436673
0   1.3609520070170027
0   1.7368555019561005
0   0.60319698854076265
0   1.1808461642684021
0   2.6958738863807237
0   1.3447746404610343
0   1.1076213522675984
0   1.3918514083158839
0   1.5623193790164844
0   1.0136240683576574
0   1.249187789001807
0   1.349055554001743
0   0.46880684002763984
0   1.0332867751617263
0   1.046109668225538
0   1.6329032316900167
0   1.0062906293630713
0   1.9721779541905082
0   1.9572731905267493
0   1.3266149360212016
0   1.021694341363711
0   1.1296529699665852
0   1.5997705210830553
0   1.0067642435745707
0   0.21128267068955642
0   1.8928567427904976
0   1.8868815430948453
0   2.4953600172369717
0   1.7440092015348756
0   1.930808970146868
0   0.72814465650407456
0   2.0822196679178013
0   1.5277825073449915
0   1.8527584408155002
0   1.9170569555865797
0   0.65499554967346607
0   2.2689842091247101
0   0.65526662600905849
0   1.6405045368824305
0   1.2047384116613904
0   1.1343273572060579
0   1.1128571628933619
0   1.9474913899101014
0   1.7813096591883353
0   1.8751037316483501
0   1.1479102405752588
0   1.2532309552876706
0   1.1288760687848256
0   1.3847957543966989
0   1.5024274385504701
0   1.831148515785491
0   2.2353063824023001
0   1.7076580241198998
0   1.6108696988285267
0   1.1744090709985644
0   1.9125167665963589
0   2.189720876157653
0   1.3727144124219643
0   1.226741086936991
0   0.99426274952897908
0   2.4689641284429222
0   2.499450963293969
0   1.2217492554424638
0   1.8032530089398464
0   2.721117619528286
0   2.0151022889043118
0   1.9551278482488668
0   1.0424869607250127
0   1.4978594142969237
0   1.5990641668914596
0   1.0830185634832021
0   1.711683793956134
0   1.5515645155818656
0   1.1650905695546394
0   1.6475417468500013
0   1.8847437242322713
0   2.0490527842839166
0   1.4385358285937582
0   1.6764742554820709
0   1.1933642973537459
0   1.5701058703079509
0   1.1840892472547795
0   1.3598776579392649
0   1.6633379818042937
0   0.44711435182622339
0   2.2864504634467688
0   2.0215232119700617
0   1.1084636718262246
0   1.2243435479454052
0   1.5336979250382026
0   1.4004271455415458
0   1.5282197306936425
0   1.0740955978738844
0   2.128887640851941
0   1.9650944596805431
0   0.78890699815717058
0   1.891382492261056
0   1.4129760305397063
0   1.1857605291203812
0   1.3447506935685158
0   1.915765130417908
0   1.563589459739652
0   1.5639302018492751
0   1.6743251644151735
0   1.9263767659964852
0   2.0979904793354223
0   1.7467515326996841
0   1.0088168710956051
0   1.0336081843985558
0   1.0237181300373697
0   0.74110408483128531
0   1.984808608607314
0   2.0106765412231096
0   1.9629036232248835
0   1.7706861900387043
0   0.26676265299797464
0   2.3582998276981635
0   2.437738041652854
0   1.5562209139080578
0   1.5564081464385486
0   2.2367003136837376
0   2.3341252024545742
0   1.0528999556529473
0   2.4065044079871627
0   2.3644415910800483
0   1.0487453948463648
0   0.882624263190676
0   1.9571224148646302
0   1.0141579808423948
0   0.084911682892458207
0   1.0136858308066246
0   0.73391282166597804
0   1.396553162255056
0   1.9508494603379898
0   1.0198350028072316
0   1.0071256488222531
0   1.9725814653397689
0   1.0794142132029398
0   1.925234272783654
0   1.3218177378996578
0   1.3110559569021445
0   1.1953552659261828
0   1.0183824764977181
0   1.3062863518031083
0   1.3033479709365301
0   1.2012358505432463
0   1.0706453258428683
0   1.3365477727989186
0   1.02179805566185
0   1.2626970660345345
0   1.1009042805349432
0   1.6228322562434103
0   2.2085053308997695
0   2.6311293254804338
0   0.93375160102960497
0   1.0508162771598781
0   1.9490023684957825
0   1.9513066659171399
0   1.3836942961431442
0   0.59091053568622298
0   1.01307371060647
0   1.8145480071832414
0   1.4563809342851057
0   1.9801398753426986
0   2.3929530746615062
0   1.4021599286712696
0   1.8791186893455611
0   1.0114796582946735
0   1.0195523586087853
0   0.84650833697087413
0   1.287474026845375
0   1.9660545444980886
0   1.8071633266999063
0   1.6163562938483254
0   1.6695183710878121
0   1.0488138858563705
0   1.0822638676099128
0   1.5691984617033978
0   1.0458948208147609
0   1.8242826780198382
0   1.8536949202972695
0   1.7468146813803362
0   1.3854174877971939
0   1.9122506695267054
0   1.7030883463854765
0   1.8650157933438702
0   1.9012618646487467
0   2.5803977156656295
0   1.0711108937413487
0   2.2634177270193949
0   2.3386174433317577
0   1.9194904433333617
0   2.8702355762127181
0   1.2081234659988009
0   3.2512759366199244
0   2.0302879113674486
0   1.9329144942393595
0   2.8047237084884866
0   1.579574173071824
0   1.8710832981949088
0   1.338958630928833
0   0.52844155434962548
0   1.5230245015274746
0   1.0657138405279933
0   2.3555784327633496
0   1.9302606086365959
0   1.9555930284620739
0   2.0683397100425029
0   1.3003006796380281
0   2.5807836437849323
0   2.4329143095179866
0   1.9807620055501758
0   1.9323547132984018
0   1.0779891749139263
0   0.44868677798431389
0   3.8463804206769012
0   1.0160540534651712
0   1.0228465048400877
0   1.9316975737124622
0   0.33849636192172738
0   1.0411374168198109
0   1.0014553048895349
0   1.8702486628235824
0   1.0139328773472904
0   0.2227248647872806
0   1.3125484489410819
0   1.0435848667099461
0   1.4940306185718986
0   1.8335695688828704
0   0.48606134896038289
0   1.075734508272175
0   1.0597578508774697
0   1.8988094294054023
0   2.1601994175097463
0   1.3748333888463784
0   2.1708032407635303
0   1.7885605774272966
0   1.0114096840225835
0   0.78089336381813235
0   1.4935369042715618
0   1.7050547608160374
0   2.9544235900426408
0   1.0044141855039936
0   1.6141660415854209
0   0.95143956126959828
0   1.0133617664441974
0   1.0183582528087991
0   0.87471971102260859
0   1.0042632902509239
0   1.6511217014008706
0   1.0043339421017641
0   1.0712064660733356
0   1.4565652612999067
0   1.4412616602501507
0   1.7619560899737921
0   1.8002410700297817
0   1.7898104241530537
0   1.6699587248683923
0   2.0259595527285557
0   2.4951771291794786
0   1.6134897639512591
0   0.96445727616646226
0   0.99568397688681487
0   1.0017202935718239
0   1.0626451771876784
0   1.3312777002068585
0   2.8338829012945612
0   1.8357446979769922
0   1.7813716786772655
0   1.3107404378817082
0   1.3319307091749994
0   1.0049853335259993
0   1.0128303570646731
0   1.9812827962423327
0   1.993878025286397
0   1.3980280468174746
0   1.7700456237457112
0   1.0021990674317902
0   2.8364532821922208
0   0.67334768347535401
0   0.27753100085870164
0   1.027466020420954
0   1.7679763525265217
0   1.4985196914597176
0   1.0037691108217941
0   1.9912318278448371
0   1.0602605955314195
0   1.7209230667948052
0   0.71692058879570397
0   3.3869233058057482
0   1.4863539228514711
0   1.5001736506296282
0   1.1697241366143125
0   2.1236403833679725
0   1.4653856720791678
0   1.0224394598943365
0   1.1430328880476346
0   1.4567048533806219
0   0.80436278868440092
0   2.5537943082964873
0   1.1562957323083021
0   1.0528002184271714
0   1.4565109592985683
0   1.3738959997739459
0   1.4866181342259051
0   1.5860808997587958
0   1.7818954659403001
0   2.4019800807281482
0   2.165752108839377
0   2.1639750363178671
0   1.1687205148867783
0   1.2932085649467742
0   0.65677814377724686
0   0.61320300778824666
0   1.623967060567876
0   1.9960848194253371
0   1.3399254796994085
0   1.0073368321465801
0   1.0050449052025583
0   2.6452790782851716
0   1.7735737830431773
0   1.010316162672956
0   1.0027756987424847
0   0.70754932501267676
0   0.40070280491464405
0   1.0040944945642489
0   1.9825100836029335
0   1.9768522834823754
0   1.9959646299847864
0   1.000986694806848
0   1.0036129873780213
0   1.9830524451812934
0   1.9169284563336797
0   1.0046025775448184
0   1.0007176595297795
0   0.052162181287467413
0   1.0401053802911926
0   0.028660070165858587
0   0.056734174078136856
0   0.52488485551260489
0   1.0364088317240716
0   1.0047245198055723
0   1.8334289930993695
0   0.30907461385475998
0   1.9459406481780346
0   2.9486901387177298
0   2.8825417122892882
0   1.894281655846151
0   1.0324540253173338
0   1.0008584998974281
0   1.0856727251983254
0   1.9927755510007232
0   1.9285763916228649
0   1.0075328449799008
0   1.0156456796745748
0   1.0373642654731061
0   1.4710441901371791
0   1.0850633399932197
0   1.0350320355533351
0   1.9351617388427949
0   0.51403472146080231
0   1.0025252756573055
0   1.0026288299707633
0   1.981039577507183
0   1.9382919826043126
0   1.0666508616387291
0   0.30935953612348166
0   1.0282335662398518
0   1.0054317698739998
0   0.23793916851106589
0   1.0091445009801598
0   0.077773994705774951
0   1.0100468456415319
0   0.86061977606139983
0   0.18038891305350901
0   1.3426833792946731
0   0.25879544971260016
0   1.633030205459443
0   2.5756632495262739
0   1.9286135769782455
0   1.8060832675886593
0   2.1537259693229447
0   1.6044670148376343
0   0.38281097302233591
0   1.9841296156314527
0   1.9787921118675111
0   1.1415430507859889
0   1.0387327525697339
0   1.101186553187675
0   0.058908772664928444
0   0.066921578785350322
0   1.0044804085936287
0   1.0037973447821871
0   0.59142161007443028
0   1.0043520097976322
0   1.7983028259446412
0   1.019359011709972
0   0.93058848501830682
0   1.0091167049943424
0   1.9672409815344745
0   1.2041491208589477
0   1.6357107853850006
0   1.0409548041414636
0   0.57143877074582861
0   1.0071165262336219
0   2.7302175006469174
0   1.9368668008528598
0   2.793906710578109
0   1.815181374856309
0   0.8242545544211699
0   1.0203841712344888
0   1.8750535220063695
0   1.8662376786638055
0   1.3193138572710683
0   1.2076056236246919
0   0.55040658331570991
0   1.9217824171260953
0   2.6057566614878653
0   1.8833638035912204
0   1.5887573924143172
0   1.1652842202840528
0   0.4693331612315943
0   1.2346778630293969
0   2.1113748557725733
0   1.9585754273677698
0   3.083839615250147
0   1.4976910029099952
0   1.4233909992713059
0   1.9592988643277747
0   1.9953371786524707
0   1.0224456837873583
0   1.3178546372287161
0   1.0828028403946313
0   1.9337850191336239
0   0.055171259496532898
0   1.0047275921843037
0   1.0049569200912747
0   0.26828461158559436
0   0.47869105141481516
0   1.0055805930640671
0   1.0045951073538955
0   1.1280251027545325
0   1.7869076933059729
0   1.8801966181894105
0   1.5425067126312433
0   1.0072707015958973
0   1.1809629164330344
0   1.0238290352349222
0   1.8948468842459261
0   1.6747388828791818
0   1.0390436380553925
0   1.0066603133960299
0   1.1359113742235762
0   1.4251824980925476
0   2.8539099264885532
0   1.9678171218662275
0   1.8364141318981932
0   0.059048761619596823
0   2.9157343014843944
0   1.0009329789706918
0   0.10393006315894393
0   1.007813417069378
0   1.001905494277026
0   0.13569956093874047
0   1.9865016621296312
0   1.016045086104844
0   0.11050935456306665
0   1.0196913355355357
0   1.0181008031468144
0   0.35809514303844014
0   1.0110512536439529
0   1.9851284030252341
0   1.1478000453977852
0   1.034009063728246
0   1.0138106911512057
0   1.9033559707144057
0   0.45131302661369832
0   1.0496657461659924
0   1.9337409976154878
0   1.792828321553932
0   1.9477415640830116
0   0.44378524123147656
0   1.1011119729255421
0   2.7756312579421305
0   1.0190595648948009
0   0.82939716342073377
0   1.9935518605830662
0   1.0386974339625763
0   1.3337620241103878
0   1.8905506324557444
0   1.991270518628776
0   1.0793918122420807
0   1.8722184013452741
0   2.2924656436188959
0   0.91127663247706003
0   2.1607316458067229
0   1.0694176132868245
0   1.9524765730462672
0   1.8662563276336117
0   1.3197055736839358
0   2.9353839107653124
0   2.0367169673041152
0   1.9857311845925936
0   2.8475122968890676
0   2.0316315416186361
0   2.9541944725826612
0   2.8458675362590604
0   3.8553208947471003

1   1.0264842693636318
1   1.0778520002818703
1   1.1285829453464395
1   1.639477045068098
1   1.0554412245903106
1   1.4490414870598498
1   1.3922039852090591
1   1.1292266016121897
1   1.362354933660531
1   1.7082697535024791
1   1.9127935357631678
1   1.2276873642300514
1   1.8761079127206979
1   1.8113688549137406
1   2.8376666173536935
1   1.0327004059420382
1   1.9376812536679631
1   1.2612356862865635
1   1.1122949737134531
1   2.0596672817536414
1   1.8636199305501324
1   2.7907450124921671
1   1.2795192802723172
1   1.1189929138325305
1   1.9035374868110972
1   1.0215541056518886
1   1.3785018615783442
1   2.5843888108803186
1   1.7413849896191591
1   2.0788469988680931
1   1.0564930158575316
1   1.353974880031968
1   1.3670666821467101
1   1.6145658272999026
1   1.2619111879430225
1   1.8280962508420426
1   1.3631341262596361
1   1.429162689746815
1   1.3894899643782899
1   1.6530136974831739
1   1.7779977968405998
1   1.2610985425727319
1   1.6011987702053001
1   1.339065242142917
1   1.3955527108903139
1   2.7446972358622159
1   1.1236450991144371
1   1.241941955610308
1   1.7561114406165914
1   1.3590029505980681
1   1.0976591839949572
1   1.8667433651571468
1   1.8067966871646082
1   1.9136179706015279
1   1.8764089376480317
1   1.2659874261697375
1   2.028377121606733
1   2.1506414965559513
1   2.1094936568654625
1   2.3987607094215546
1   2.5238602128622016
1   1.8143654522749091
1   1.5074463822834638
1   1.9243630217384413
1   2.581977259267521
1   2.725848678344716
1   1.8269542119868727
1   1.719662400099077
1   1.6337787264638854
1   1.9722167197855267
1   2.3066439778096473
1   1.886483045641163
1   2.1116755784073242
1   2.5553207768689359
1   1.9471934424516295
1   1.7158916478563366
1   1.6811729931044987
1   1.6167203563649619
1   1.8253133181846204
1   1.707606627925597
1   1.7483445925869296
1   2.6641288624783308
1   2.0267158231857851
1   2.287037728642376
1   2.0614041174899569
1   1.8752151828668531
1   1.4590253215686468
1   2.7609031821268446
1   1.8281139265746575
1   2.1933868969597712
1   1.5843473334231177
1   1.3964925295734441
1   1.6067172586184144
1   1.7719516635612664
1   1.2627858082443322
1   2.3870066855656673
1   1.893744558258784
1   1.5084998060175199
1   1.0702164256784776
1   1.9446679125058579
1   1.2732006266104241
1   1.6731005369728416
1   2.8154003528179761
1   1.7646975963183138
1   1.98847637084297
1   1.1481427419237702
1   1.3381426211924499
1   1.1533824748313071
1   1.9205642483310288
1   1.1311583794410576
1   1.8448540399308651
1   1.8129417273145663
1   1.9138254208529402
1   1.1720378400495302
1   1.0909370530937075
1   1.073098409007482
1   1.919928580289032
1   2.1609913158876228
1   1.9070135620550324
1   2.2337239915644664
1   2.1267747577731546
1   1.6705953781832403
1   1.564776826170271
1   2.4161293684629976
1   1.5998191110107896
1   2.51867307758799
1   1.4149507656051594
1   1.2500976627286557
1   1.8068947483774802
1   1.876310021771348
1   1.7697922524120937
1   1.6005423608872493
1   1.8090028095912802
1   1.5257967585207339
1   1.5269616799821395
1   1.7279095785435987
1   1.3361852184087346
1   1.4357402540419997
1   1.8338759698690641
1   2.0774696375679143
1   1.7381739551661743
1   1.792817453735041
1   1.648184328122376
1   2.0355760911386818
1   1.8442544542117996
1   2.5523022850690307
1   2.1212669536497328
1   2.7594278391861713
1   1.6134628939149458
1   1.4589807949569227
1   2.643495577682256
1   2.4195925790552764
1   1.6607898265103138
1   1.7102639509878999
1   1.6344872569882072
1   1.9970441155192158
1   1.4724891483889686
1   1.588209844395112
1   1.625531263838961
1   1.6458012877651345
1   2.3129692751070787
1   1.5971580721995666
1   1.4478420025746854
1   1.4386297292162595
1   2.4813656094273679
1   1.6888463877540931
1   2.1329686685194194
1   1.2019119283606434
1   1.5040695831809043
1   1.7308775051931957
1   1.4207964743137405
1   1.3693661142984292
1   1.6151024030482439
1   1.2623811699957765
1   2.3827610403420354
1   1.5887039945540242
1   2.2472054670902177
1   2.1015471758535904
1   1.8471919270298307
1   2.1959379277203013
1   1.8669854996136981
1   1.954731307057445
1   1.1433968417023803
1   1.7444355120897526
1   1.7429425367584899
1   1.0652208703939001
1   2.1083169834213558
1   2.2166533311954564
1   1.219327249875805
1   3.0910209797668915
1   1.7949882341112682
1   1.524982843133063
1   2.6838072693907606
1   1.2291394709212859
1   2.5732654661523249
1   1.6558759706600297
1   2.3393282625710605
1   2.703899770704711
1   1.9207017203663619
1   1.1520746628162968
1   1.4287905463970889
1   1.6441815788502909
1   1.0617307795813427
1   1.9261192226930079
1   1.0624643681744197
1   1.6609270077549114
1   1.2287486951570963
1   1.2624946512291446
1   1.5771497154749583
1   1.2224561024799183
1   1.9668506703804716
1   1.7337535604532746
1   2.0407554451865622
1   1.8736152284781773
1   1.3388401859156396
1   1.5100952076788792
1   1.7828159743843197
1   1.4018521001714543
1   2.2809601395466501
1   1.5011813083835954
1   2.1698255612334609
1   1.8652603039554791
1   2.0003458475570732
1   1.9878862211253585
1   1.2579091485510323
1   1.3052940462840807
1   1.2558014760376823
1   1.8614347395422093
1   2.0587830287033304
1   2.0556339102576233
1   1.8684663715933381
1   1.2211541012304996
1   1.1747973203292361
1   1.6862988679436763
1   1.6978872176639328
1   1.4655404996329888
1   1.6848889799934685
1   1.6575582214202211
1   1.4988579349926745
1   1.3546755599113682
1   1.9093735039269486
1   2.0643065962182785
1   1.8552460743754966
1   2.1621977597915221
1   1.7257273827386994
1   1.8470783167670684
1   2.4201359487373764
1   1.8733672532997465
1   2.2556220907579934
1   1.618678532041586
1   2.5167065986162442
1   2.4637944121225668
1   2.2409931112633101
1   2.6759733930988072
1   1.5984690658198364
1   1.9167744355861314
1   3.2567774439744062
1   2.1724532847681211
1   1.6794621382110675
1   2.4462617563841058
1   1.6374862782405217
1   1.5182150433331478
1   2.1305786316333837
1   2.3333561015522415
1   1.6503519573790322
1   1.5647346600492038
1   1.7309116197922081
1   2.353690423918668
1   2.5593025746327278
1   2.0362577523772938
1   2.3717007830871157
1   1.5459394205013224
1   3.8027433013610734
1   1.0859822518590485
1   1.9388788466710949
1   1.1104900195503609
1   1.221783380521807
1   1.0628116427772285
1   1.7662748625986615
1   1.1377496147459307
1   1.3165110632021395
1   1.7462068593215254
1   1.916530637183874
1   1.2140581991148507
1   1.3461726384159705
1   2.0432573243278616
1   1.5597303552666402
1   2.6054575938683495
1   1.4891918796705059
1   1.6887088893286859
1   1.9550710049240694
1   1.7755419354200481
1   2.9149944556989533
1   1.2619957524434564
1   1.9819463812834548
1   1.0135628522987536
1   1.0280408234108838
1   1.6828767832149731
1   1.0067502134950057
1   1.4314732197785873
1   1.0467731967302487
1   1.7753029060910528
1   1.7958886068085684
1   2.2506272261508111
1   2.422600427046512
1   1.873434670647605
1   2.092848379004614
1   1.5887264659399523
1   1.9770869193790386
1   1.9738577855241277
1   1.1675094869245868
1   1.4996921907911378
1   2.2478363157208006
1   1.930617940426067
1   1.8377617456404569
1   1.1918245049893652
1   1.3471470385525492
1   1.7917104076792425
1   1.8888166059933038
1   1.8118082134094813
1   2.0327392429771316
1   1.9061405918833008
1   1.1362725675862242
1   2.4863177772819669
1   1.1479643630843597
1   1.8363918198988229
1   2.0578585194147556
1   1.8250688977278955
1   1.1547047451023846
1   1.239680748833097
1   1.4228334530112843
1   1.4320058140735641
1   3.6021522061992979
1   1.2247557157200033
1   1.6107716773634828
1   1.4033823178729012
1   1.4147519506325192
1   2.3930292118080079
1   1.3363653001169162
1   1.6248979444756158
1   1.9926493584902958
1   2.7098293175058048
1   2.0622333995160336
1   1.6612344255679381
1   1.312811721860812
1   2.066969444300518
1   1.9749679060716891
1   1.7565183714710115
1   1.9911393058151106
1   1.3166428827405354
1   1.6756607517844841
1   1.0543324913885832
1   1.1056385760215521
1   1.547269752062578
1   1.8252639570399016
1   2.8617354354802025
1   1.7370135893374412
1   1.0198390780270536
1   1.3333173285799074
1   1.8130820068294158
1   1.8721228359197939
1   1.7327687923214361
1   1.3222898170752762
1   1.0125973726364721
1   1.5910716187964646
1   1.9163493442104191
1   1.9854734187789429
1   1.0061861213421237
1   1.004519113799855
1   1.0378932938990237
1   1.407069339867256
1   1.0302976508240174
1   1.6837159297556781
1   2.2465624731317586
1   2.1681499702625633
1   1.4048268323090141
1   1.3221589516762919
1   1.2960250214224049
1   1.3256826881897639
1   2.5461989328546331
1   2.6417445184542334
1   1.0625653661668089
1   1.1528755379295803
1   1.7352885448159552
1   1.776269161288857
1   1.9235407955257742
1   1.2660720163361694
1   1.1881361726960651
1   1.2334936153481777
1   1.8274993271354489
1   1.8757738309449583
1   1.8698640105360216
1   1.062399077391702
1   1.0286520072174468
1   1.0783352468293954
1   1.0530814970746412
1   1.0286217213925748
1   1.9722297897943708
1   1.5278562433992109
1   2.2737245630025034
1   2.2331559297579258
1   1.5826468678710039
1   2.2021784291531574
1   1.8166069183610101
1   1.4690510796423881
1   1.9109992408735237
1   1.1766383396993383
1   1.5570153220592498
1   1.3746586226053281
1   1.0094539254466071
1   1.0136865102027428
1   1.0175145300650916
1   1.9899363224726687
1   1.0340409538628648
1   1.831022208214879
1   1.0611996213294497
1   1.979405086101115
1   1.0341578150575477
1   1.1345693266481303
1   1.3851173515925588
1   2.4613469672992032
1   2.263723722911247
1   2.4210230637727519
1   2.6659827356440435
1   1.6852510620221399
1   1.5494622119683785
1   2.032369569011069
1   2.0769038349380669
1   1.5415131750915285
1   1.553061466446942
1   1.3736098391137925
1   1.9887229813347873
1   1.2409197956803377
1   1.7802620576013868
1   3.0803435629868763
1   2.3870583618819876
1   1.2510565056498517
1   2.8158701409967946
1   1.8442302945077644
1   1.8395623325711528
1   1.7187370273318816
1   1.3836833053439235
1   1.0973436783522827
1   1.9679430859970082
1   1.0190459950892001
1   1.0250947804242629
1   1.2220022879290999
1   1.194374425176036
1   1.8120700281127884
1   1.7925407970093583
1   1.0953900932775571
1   1.1111294679111889
1   1.1226108228616667
1   1.9700038412249481
1   1.6363143632730939
1   1.5491651084006808
1   1.82117001253398
1   1.9772482277151493
1   1.3314546794928708
1   2.4800461605474129
1   1.8616095069951153
1   1.9562171354719489
1   2.919501003031773
1   1.0146585349996566
1   1.0311126234277745
1   1.0119959325929258
1   1.9036968874286404
1   1.0372175721449528
1   1.1417114817049314
1   1.1588963859452088
1   1.0877217152663947
1   1.8241884890502349
1   1.1962449171825933
1   1.204288772176076
1   1.1041698351318801
1   1.8487287544501068
1   1.2098445280905248
1   1.8068503603618322
1   1.9434988630689318
1   1.926751807735207
1   1.2411670007587765
1   1.1029659814470787
1   2.7238815823212574
1   1.6440254000694416
1   1.9458470613129748
1   1.1625459384162145
1   1.8133743451419044
1   1.7474588018509154
1   1.3373110830390285
1   1.9928729573369965
1   2.4141349239306384
1   2.0096285349583276
1   1.3170249936966136
1   2.0490272281375952
1   1.9929460109618713
1   1.3932265384793845
1   2.5655071945741486
1   2.4071356412839671
1   2.0211144132489665
1   2.8828113818669205
1   2.0484618620991486
1   2.9490209857524432
1   2.8415699672801571
1   3.8622663862076347

2   2.0002871843299515
2   2.0004606876357953
2   2.0010260197201792
2   2.1430990933445382
2   2.0094225132064194
2   2.8897060819611604
2   2.0031210291492911
2   2.1129814375021496
2   2.0040029336239229
2   2.9054211503616649
2   2.0013056385559671
2   2.0034273446488156
2   2.8766173342444126
2   2.1402487402061912
2   2.0213853402330537
2   2.0107933168704939
2   2.0160454285905289
2   2.0196363707445024
2   2.0157828500629043
2   2.8759787848305893
2   2.1422945285445101
2   2.0036650280361394
2   2.0903268891767439
2   2.9615089636202709
2   2.7204161310715009
2   2.7242624867408893
2   2.0315233693705399
2   2.3021896171144776
2   2.2429089892928569
2   2.4569713494368872
2   2.6918799262808752
2   2.1137808887549077
2   3.0556963992490709
2   2.5725653630085565
2   2.3267852186236859
2   2.1237062308250056
2   2.8675176820792565
2   2.4773072023038929
2   2.3047992339412997
2   3.2363134582103221
2   2.3670831676747555
2   2.5585639278810395
2   3.0550432104005898
2   2.3275138736723591
2   2.3855404948664662
2   2.3291447703586927
2   2.2347006624782395
2   2.5882560932079173
2   2.226913045450301
2   2.1263438737172238
2   2.4913942805432994
2   2.405248554042656
2   2.0119838820730345
2   2.0020288593853945
2   2.0082893376173083
2   2.0076870438086929
2   2.0538311936347386
2   2.1085320074598028
2   2.9138935730772499
2   2.578248122425304
2   2.3762413881368625
2   2.9606388316686969
2   2.0879702294874134
2   2.0722723359389463
2   2.1183660231656716
2   2.0225372381170721
2   2.3132838756404182
2   2.5213425876399027
2   2.0505906947925188
2   3.0280599310005378
2   2.387951862722685
2   2.0889064768084373
2   3.2580252261320428
2   2.5408363317862048
2   2.9250714052208608
2   2.1231450172272193
2   2.6970966630625326
2   2.0475773852642725
2   2.0828739597933157
2   2.0612802856127046
2   2.0961200002132303
2   2.7203880193841261
2   2.3059658099518261
2   2.2660385483920957
2   2.2511941280493
2   2.1970437247453427
2   2.0625530115106834
2   2.7544854869883757
2   2.4374580276251034
2   2.0177110597545536
2   2.4486367490981014
2   2.065751529601382
2   2.671180099908371
2   2.6844224223733453
2   2.7088738519229678
2   2.7048352249432583
2   2.9848519757929051
2   2.3795170828371845
2   2.6616485189501189
2   2.7005639899785443
2   2.0616379202080775
2   2.0028239461198454
2   2.0262058340912015
2   2.0295375722404119
2   2.0756263461542366
2   2.2739780029195984
2   2.1400795950098517
2   2.3128301399379438
2   2.4853067198281149
2   2.8134311614544871
2   2.0320805518972995
2   2.0058634181362049
2   2.983131234632399
2   2.0146035308535968
2   2.0075596599225807
2   2.0040303142470113
2   2.0136922651505644
2   2.0283504791708102
2   2.0639222720136368
2   2.1577029943519945
2   2.5123375651007103
2   2.3554243934241357
2   2.1447914715474505
2   2.4454414671917388
2   2.0671302429083718
2   2.7502831637147063
2   2.6501297517223179
2   3.2642322013082024
2   2.8444040613950627
2   2.3021883291532288
2   3.2336700621865071
2   2.6819796338423121
2   2.2963197098251871
2   2.2827990731303389
2   2.6922804531411368
2   2.3457476065613476
2   2.411902297776165
2   2.3202347968531387
2   2.7295571473187148
2   2.5999964001803018
2   3.7505186853462797
2   2.0171203241808335
2   2.0026312869048812
2   2.0348303909500878
2   2.0028256103239155
2   2.4570892825702071
2   2.5094517104372547
2   2.054351381526343
2   2.2044758391390937
2   2.1256928263792072
2   2.7816247503069209
2   2.0217646521201487
2   2.0009006898001944
2   2.9250067917041109
2   2.6624528440718125
2   2.4138904881276955
2   2.0929941873370721
2   2.0043008299158003
2   2.9924805853723715
2   2.0083234690101603
2   2.0010056457443874
2   2.0049796175987904
2   2.0078312494838992
2   2.0110777740730792
2   2.0406170869420772
2   2.8963973210061709
2   2.0074447492652681
2   2.0174971625943998
2   2.1369848220497936
2   3.8020062227627776
2   2.1781799671773543
2   2.2091386848735106
2   2.7041221430974129
2   2.8287785935086469
2   2.933088677248104
2   2.365904575973413
2   2.0697396697470558
2   2.0300973949020085
2   2.0770331526088417
2   2.0622836282370436
2   2.9580082520337156
2   2.000415118590174
2   2.0051268993066125
2   2.000969538410124
2   2.0042217784112979
2   2.0018329463457762
2   2.0021170492084064
2   2.0049053018875127
2   2.2019764305994114
2   2.1677192602146094
2   2.663953167349955
2   2.6801946644188348
2   2.2021963370133379
2   2.207469398507107
2   2.0314909154362653
2   2.0267220612371757
2   2.0014366676931852
2   2.0126883668824274
2   2.5609732064781734
2   2.7696290931806593
2   2.4268200420166606
2   2.1724982158837642
2   2.1035988675937625
2   2.1239866381858494
2   2.0028032949731003
2   2.0477937022020214
2   2.1914920019093653
2   2.2290751072808912
2   2.1840841351836815
2   2.6998496226537094
2   2.8178919505881628
2   2.0013013579011281
2   2.0163789643599981
2   2.0409158469670881
2   3.3922741705887396
2   2.8759530563813636
2   3.0289264568818233
2   2.7740832112726665
2   2.1070928089880248
2   2.0505338057511313
2   2.0022014300895656
2   2.0029245748515496
2   2.0007446729198004
2   2.0032678247711964
2   2.0227851809022495
2   2.0018786183458972
2   2.9783705024817242
2   2.0148568577829638
2   2.0030134739249688
2   2.9860864484729768
2   2.002290919391704
2   2.0047787381107924
2   2.0237570642990304
2   2.0092712044804117
2   2.0206674050904914
2   2.0101537893703201
2   2.8607415405161434
2   2.0764337611966357
2   2.1559509018115062
2   2.0531488694929005
2   2.0547994688727678
2   2.4677805712510286
2   2.4898648345297647
2   2.1493798615681272
2   2.1901013524932389
2   2.7618177686209764
2   2.202201477260108
2   2.9713364937731224
2   2.1651805166788596
2   2.9604624203427665
2   2.8724339247783317
2   3.8790648777452947

3   3.0000237994253269
3   3.0000368354118256
3   3.0003434556435558
3   3.0010018606655424
3   3.0001298311437012
3   3.0212906181842851
3   3.0073156168621034
3   3.8727239374107159
3   3.000421628306098
3   3.1354484897061115
3   3.8712955131388291
3   3.1467603823226917
3   3.0010508224954182
3   3.0001301042278006
3   3.0047118372790451
3   3.0003311351734596
3   3.0019553344559138
3   3.0001527381630901
3   3.803126466045323
3   3.0005730822618211
3   3.0209405245695464
3   3.1729146085643922
3   3.0033108819253798
3   3.0451757767661456
3   3.0084024989332074
3   3.001580490289848
3   3.7666204433575938
3   3.0002591137009307
3   3.2675912910063953
3   3.0000891737733877
3   3.0028771147844147
3   3.0000451764566041
3   3.0015973951612205
3   3.0028486915294841
3   3.3043958509186386
3   3.0023107505794835
3   3.1483462510724016
3   3.6050077988591758
3   3.0049756664619172
3   3.0053555435931392
3   3.0667867453806337
3   3.0081970142356633
3   3.9389567240063705
3   3.0000680553763499
3   3.0001297770359057
3   3.0001811825950426
3   3.0010785277111838
3   3.0000754992765777
3   3.0000109100644283
3   3.7773424738106938
3   3.0000340920420636
3   3.2660351002472043
3   3.0000107107377292
3   3.00175369706756
3   3.0001142434413079
3   3.0001442964702258
3   3.0000050600173425
3   3.0000213899942039
3   3.0288469541458283
3   3.0000109883197803
3   3.9354514836936021
3   3.0000617069373452
3   3.0527592097106591
3   3.0000273456949929
3   3.0000347230899482
3   3.0001783961798121
3   3.0000248875672586
3   3.000058333661312
3   3.0000162590269275
3   3.0985292933360604
3   3.0000661678385518
3   3.9213407844450723

4   4
4   4
4   4
4   4
4   4
4   4
4   4
4   4
4   4

