-2.5   2.5000000000000004
-2.5   2.5000000000000004
-2.5   2.5
-2.5   2.5
-2.5   2.4999999999999996
-2.5   2.4999999999999996

-1.5   1.5018719701248386
-1.5   1.5095911608647734
-1.5   1.5343072842255991
-1.5   1.5270412612160849
-1.5   2.4024134101960444
-1.5   1.6070840959331636
-1.5   2.3994662228209025
-1.5   1.6055467756195467
-1.5   1.5000838280874755
-1.5   1.5148868399594888
-1.5   1.5162761860747267
-1.5   1.5263857560247751
-1.5   1.5054864410777848
-1.5   2.2421785121165017
-1.5   1.8013945511101004
-1.5   2.0176959791749205
-1.5   2.0622452584262732
-1.5   1.5019462074464571
-1.5   1.5099226741363605
-1.5   1.5036563887888375
-1.5   1.5007178022232903
-1.5   1.5882467180960615
-1.5   2.4308374279963334
-1.5   1.5000880203025542
-1.5   1.5034948418437999
-1.5   1.5030274746050845
-1.5   1.5000403032275873
-1.5   1.6299913764657203
-1.5   1.5001681610829696
-1.5   2.4067744256920589

-0.5   0.56765787901066744
-0.5   0.54519616302739782
-0.5   1.453230770535187
-0.5   1.4694442992159218
-0.5   0.5641580414443701
-0.5   0.63982780729644384
-0.5   1.2181634404420507
-0.5   1.4287730826018805
-0.5   1.5858091729459556
-0.5   0.94182303663334954
-0.5   1.6844413220901049
-0.5   1.2841740291034414
-0.5   0.9291009474941021
-0.5   1.5185879621221505
-0.5   2.0235165026134005
-0.5   1.4850579563323054
-0.5   1.4688002682517669
-0.5   0.65279459415560193
-0.5   0.56385450978059848
-0.5   1.4639860601812136
-0.5   0.54217558154669909
-0.5   0.5824249468822682
-0.5   1.4942347752504006
-0.5   0.97640307561782724
-0.5   1.1570901469070622
-0.5   1.4514068650821625
-0.5   1.3977907517989656
-0.5   1.1022054823918377
-0.5   2.1281774777140172
-0.5   1.465424552185876
-0.5   1.069260347015895
-0.5   2.3640798327749284
-0.5   0.68162711060735304
-0.5   1.4770783565482952
-0.5   0.53493863785562268
-0.5   1.4976136583596373
-0.5   1.4784288219182693
-0.5   0.53558301169568634
-0.5   0.68585651802172776
-0.5   1.070904411753014
-0.5   0.91834336881465117
-0.5   1.1048554387544842
-0.5   1.2619462254571143
-0.5   2.2720375968613844
-0.5   1.4534592808762892
-0.5   0.86145703377226823
-0.5   0.5451714974167301
-0.5   0.50487741228816452
-0.5   0.53301768959012952
-0.5   0.54930701912829494
-0.5   1.4419643801907631
-0.5   0.59729564678604552
-0.5   1.4664424883433893
-0.5   0.57495837887251566
-0.5   0.79975200598273499
-0.5   1.3827088656572057
-0.5   0.70734206778646791
-0.5   1.4961715742899795
-0.5   1.4322416443727228
-0.5   2.4055420836681205

0.5   0.56765787901067455
0.5   0.54519616302739959
0.5   1.4532307705351821
0.5   1.4694442992159231
0.5   0.56415804144436743
0.5   0.63982780729644606
0.5   1.218163440442052
0.5   1.428773082601877
0.5   1.5858091729459596
0.5   0.94182303663334466
0.5   1.6844413220900973
0.5   1.2841740291034425
0.5   0.92910094749409966
0.5   1.5185879621221474
0.5   2.0235165026134041
0.5   1.485057956332307
0.5   1.4688002682517649
0.5   0.6527945941555986
0.5   0.56385450978059848
0.5   1.463986060181214
0.5   0.54217558154669954
0.5   0.58242494688226798
0.5   1.4942347752503999
0.5   0.97640307561782858
0.5   1.1570901469070616
0.5   1.4514068650821625
0.5   1.3977907517989618
0.5   1.1022054823918359
0.5   2.1281774777140132
0.5   1.4654245521858773
0.5   1.0692603470158946
0.5   2.3640798327749275
0.5   0.6816271106073537
0.5   1.4770783565482926
0.5   0.53493863785562179
0.5   1.4976136583596358
0.5   1.4784288219182662
0.5   0.53558301169568323
0.5   0.68585651802172198
0.5   1.0709044117530135
0.5   0.91834336881463696
0.5   1.1048554387544842
0.5   1.261946225457127
0.5   2.2720375968613813
0.5   1.4534592808762885
0.5   0.86145703377226956
0.5   0.54517149741672832
0.5   0.5048774122881643
0.5   0.53301768959013018
0.5   0.54930701912829694
0.5   1.4419643801907591
0.5   0.59729564678604929
0.5   1.4664424883433884
0.5   0.57495837887251477
0.5   0.79975200598274387
0.5   1.3827088656571989
0.5   0.70734206778647257
0.5   1.4961715742899726
0.5   1.4322416443727188
0.5   2.4055420836681201

1.5   1.5018719701248382
1.5   1.5095911608647743
1.5   1.5343072842255987
1.5   1.5270412612160849
1.5   2.4024134101960497
1.5   1.6070840959331614
1.5   2.3994662228209052
1.5   1.6055467756195436
1.5   1.500083828087476
1.5   1.5148868399594884
1.5   1.5162761860747271
1.5   1.5263857560247756
1.5   1.5054864410777848
1.5   2.2421785121165034
1.5   1.8013945511100991
1.5   2.0176959791749227
1.5   2.0622452584262718
1.5   1.501946207446458
1.5   1.5099226741363614
1.5   1.5036563887888388
1.5   1.5007178022232908
1.5   1.5882467180960611
1.5   2.4308374279963347
1.5   1.5000880203025546
1.5   1.5034948418438003
1.5   1.5030274746050849
1.5   1.5000403032275877
1.5   1.6299913764657115
1.5   1.5001681610829687
1.5   2.4067744256920616

2.5   2.5000000000000004
2.5   2.5000000000000004
2.5   2.5
2.5   2.5
2.5   2.4999999999999996
2.5   2.4999999999999996

