0   -35.8344   0.0290622   0.112702   7.77545e-07   0.248408   0.109828   0.109828   0.248408   7.77545e-07   0.112702   0.0290622   
1   -46.8673   0.0155772   0.0374931   0.0889895   0.155315   0.202626   0.202626   0.155315   0.0889895   0.0374931   0.0155772   
2   -47.8154   0.0143631   0.0369309   0.0914907   0.154835   0.20238   0.20238   0.154835   0.0914907   0.0369309   0.0143631   
3   -48.0236   0.0197255   0.0447337   0.101016   0.148395   0.18613   0.18613   0.148395   0.101016   0.0447337   0.0197255   
4   -48.0159   0.0214997   0.0493924   0.10476   0.146855   0.177493   0.177493   0.146855   0.10476   0.0493924   0.0214997   
5   -48.0159   0.0214997   0.0493924   0.10476   0.146855   0.177493   0.177493   0.146855   0.10476   0.0493924   0.0214997   
6   -48.0236   0.0197255   0.0447337   0.101016   0.148395   0.18613   0.18613   0.148395   0.101016   0.0447337   0.0197255   
7   -47.8154   0.0143631   0.0369309   0.0914907   0.154835   0.20238   0.20238   0.154835   0.0914907   0.0369309   0.0143631   
8   -46.8673   0.0155772   0.0374931   0.0889895   0.155315   0.202626   0.202626   0.155315   0.0889895   0.0374931   0.0155772   
9   -35.8344   0.0290622   0.112702   7.77545e-07   0.248408   0.109828   0.109828   0.248408   7.77545e-07   0.112702   0.0290622   
