-2   2
-2   2
-2   2
-2   1.9999999999999996
-2   2

-1   1.0069570639774423
-1   1.0039193648081901
-1   1.0337274908439964
-1   1.971465970192908
-1   1.9868773717767954
-1   1.0050717146738193
-1   1.0171713327174103
-1   1.0004955792567525
-1   1.0639530529207812
-1   1.9547133576820155
-1   1.0027956047539823
-1   1.0094764270230445
-1   1.9656182957265274
-1   1.0004538477703331
-1   1.0535200045099775
-1   1.0020489656964484
-1   1.0002310023367189
-1   1.025048001687779
-1   1.0000342746023685
-1   1.9836441921355186

0   0.015010351373021646
0   1.0000000000000009
0   1.0000000000000009
0   1
0   0.12006969208904095
0   1.560559021681323
0   1.0000000000000024
0   1.9409425707111447
0   0.99999999999999933
0   1
0   0.13918726631315181
0   0.99999999999999978
0   0.0040798728055874145
0   1.0000000000000007
0   1.996138312170276
0   1
0   0.99999999999999933
0   1.560559021681323
0   1.0000000000000033
0   1
0   0.99999999999999889
0   0.0018859936398293309
0   0.0040798728055875255
0   0.99999999999999933
0   0.010432647808360729
0   0.99999999999999911
0   0.097899559802674729
0   1.0000000000000007
0   0.99999999999999889
0   1.9764683572271675

1   1.0069570639774434
1   1.0039193648081901
1   1.0337274908439955
1   1.9714659701929098
1   1.9868773717767945
1   1.005071714673818
1   1.0171713327174103
1   1.0004955792567529
1   1.0639530529207792
1   1.9547133576820173
1   1.0027956047539819
1   1.0094764270230445
1   1.9656182957265287
1   1.0004538477703342
1   1.0535200045099777
1   1.0020489656964475
1   1.0002310023367185
1   1.0250480016877761
1   1.000034274602368
1   1.9836441921355186

2   2
2   2
2   2
2   1.9999999999999996
2   2

