-3   3
-3   3.0000000000000004
-3   3
-3   3
-3   3.0000000000000004
-3   3
-3   2.9999999999999996

-2   2.0000117059411791
-2   2.0011582895256144
-2   2.0015233286495038
-2   2.0037778819074563
-2   2.0089405634374038
-2   2.9663546951495099
-2   2.0023723803390556
-2   2.0374895962856048
-2   2.9458692258487509
-2   2.0612997138803992
-2   2.0040639747640787
-2   2.0229401862294485
-2   2.0012945106581217
-2   2.3880215651792884
-2   2.00032771298125
-2   2.0002354451641779
-2   2.1560287550896984
-2   2.538960292393504
-2   2.0107386335122461
-2   2.000568394167888
-2   2.9550663426963917
-2   2.0375349889777654
-2   2.0004733304132176
-2   2.017725169726341
-2   2.0000003724046005
-2   2.9946415556809751
-2   2.0000750676243104
-2   2.0015969131777855
-2   2.0000378248204953
-2   2.000153694373195
-2   2.0044581579435583
-2   2.0001320660979691
-2   2.9480914882021527
-2   2.0000660089195557
-2   2.0665288546546097
-2   2.0000091578197212
-2   2.00019090753577
-2   2.0009983022688824
-2   2.0000095107148494
-2   2.06276855197211
-2   2.000048711929554
-2   2.9535208562632911

-1   1.0039106597948317
-1   1.0577303928553974
-1   1.0059501222117102
-1   1.9610028434255393
-1   1.0070723828627064
-1   1.9890104324837186
-1   1.01047454859189
-1   1.0401694473167673
-1   1.9745831675063794
-1   1.0206962610150467
-1   1.0738595099947843
-1   1.6115111277582361
-1   1.9487926638834687
-1   1.5039635282592698
-1   2.0417230178280992
-1   2.2688219088068613
-1   1.3701225718720471
-1   1.1693969384063587
-1   1.6996678844568009
-1   1.3892662486755052
-1   1.6649680667918871
-1   2.6392826030131857
-1   1.2069194957915117
-1   1.8426304856553108
-1   1.9175530471194584
-1   1.7391349296785279
-1   1.1028754143268311
-1   1.0243455470227492
-1   1.0023126060271095
-1   1.9990246735661747
-1   1.0324426386615946
-1   1.5063120212061012
-1   1.5306546739266462
-1   1.6909058646727093
-1   1.7859183483244654
-1   1.9007969037835633
-1   1.5258205614471976
-1   1.3440699680831891
-1   1.5264491765528869
-1   1.6403498387643864
-1   1.7218993421474496
-1   1.2965645219236264
-1   1.7543630692140635
-1   1.8890066262922902
-1   1.0121236611327866
-1   1.0780327159823637
-1   1.7259359205082627
-1   1.3934788042581709
-1   1.0375942127928515
-1   1.9495557351430906
-1   2.9498651883462332
-1   1.0199736025471
-1   2.0057980270601474
-1   1.3269699055697979
-1   1.5992440246260951
-1   1.8083596104917969
-1   1.5161031954849751
-1   1.3558411294119117
-1   1.9763686693838753
-1   1.7447883479007134
-1   2.386735948341518
-1   1.0019360572458265
-1   1.0392092915256659
-1   1.6448009346879471
-1   1.4752661941384713
-1   1.0017039177383498
-1   1.976637740041316
-1   1.0028281576112921
-1   1.0155053338036932
-1   1.1078876620768319
-1   1.69391696045636
-1   1.8971094757802054
-1   1.273344847448608
-1   1.0590376548487435
-1   1.1872698136693502
-1   1.9847940497827059
-1   1.9872276303069221
-1   1.0252736912046208
-1   1.0056563370690681
-1   1.0305804570612713
-1   2.5229759996337759
-1   1.7660694402729695
-1   1.0016218251743632
-1   1.9660569033289081
-1   1.3188077884159333
-1   1.8154503985568557
-1   1.0161260203890028
-1   1.0044180704908565
-1   1.0018592167738738
-1   1.0055549508823116
-1   1.9967842620817069
-1   1.0175674944509396
-1   1.0059074471762754
-1   1.9844036752477128
-1   1.0162753087870433
-1   1.0103779674345448
-1   1.0453515839896019
-1   1.866339990986206
-1   1.1781538537780314
-1   1.1560979592674212
-1   1.9462687905732698
-1   1.1116645513874137
-1   1.9885368045720067
-1   1.9501817013612697
-1   2.9418511035079722

0   0.010619637837444573
0   1.0014563872152593
0   0.30885617020457068
0   1.0018478294759878
0   1.0014551751067913
0   1.915203192833463
0   1.0010108753558835
0   1.9944030838373723
0   1.0013391474373736
0   0.39834357919637053
0   0.02206325089076755
0   1.0012654261276988
0   1.0170073501755064
0   1.8864258772101268
0   0.019670850915664673
0   1.0036083539571083
0   1.2742166146923306
0   1.992622484139793
0   1.329692415393551
0   1.3725726995033212
0   1.5501724705610296
0   2.4379983300564638
0   1.0064458829647394
0   1.967837545968417
0   1.1586387531779696
0   1.3645052599161558
0   1.086511001528871
0   2.4092270253506571
0   1.2882937787550452
0   0.35027963003882678
0   1.0249300829984136
0   1.8365595274808686
0   1.8683260743960091
0   1.9569342357015378
0   0.27619166324843558
0   1.0000723936672276
0   0.060670014111859016
0   1.0013388219419952
0   1.0126612650405562
0   1.9479119730577037
0   1.0012065781781045
0   0.21739276125759643
0   1.302231671243459
0   1.3022481134771247
0   1.0100745475990645
0   0.84473732949167157
0   1.000385128496768
0   1.1590846039478371
0   0.98560718033165973
0   2.0269649481994376
0   1.9514560730161477
0   1.0013978755466677
0   1.238989179780793
0   1.5065736380771342
0   1.2018015008279814
0   1.6311621699719545
0   1.490141395162943
0   1.8754362705085992
0   1.4173292866967178
0   1.0036055860439654
0   0.050963353483354235
0   1.9906445978651415
0   1.0045704904836512
0   1.0356527374752265
0   1.0348741489918734
0   1.9919362152208531
0   1.0007880164012444
0   0.63430310951106539
0   2.9628387520284671
0   1.7920482053777835
0   1.000280799804657
0   1.9897055895644935
0   1.9939942900160892
0   1.0112865601284478
0   0.012946418430547335
0   0.04582387515770725
0   1.3037791967205434
0   1.3036267403230843
0   1.0001953016901706
0   2.8119512341527666
0   1.3026008494337773
0   1.0825552187941485
0   1.9995369312172824
0   1.0017857645348895
0   1.0000697688458531
0   1.0000245517940716
0   1.997596103342381
0   0.0039478856359420611
0   1.001408124020587
0   0.22161648516754173
0   1.0005217950352425
0   0.088440663720061874
0   1.0008280276358952
0   0.081040518026388231
0   1.9453017335663407
0   1.9715356068414565
0   1.0000860468702368
0   1.0001938045952612
0   1.0024208365457032
0   1.9920633575187758
0   1.9881114229829002
0   1.0188739822943775
0   1.0001140009147766
0   0.082020408264750544
0   0.046859690919485386
0   1.0048776739182286
0   2.7524733575051452
0   1.3244498144767589
0   0.053988781383626838
0   1.0003062155808531
0   1.2434550780003943
0   1.0003352615834455
0   1.9845623558033152
0   1.4542163476188186
0   0.057358194200126555
0   0.011949518350803157
0   1.0001094536651294
0   1.0040948476035325
0   1.0004651154038087
0   1.0024938759026996
0   0.92695733140171344
0   0.043124651087123933
0   1.6167680403489633
0   1.0000127051665633
0   1.0028605355475138
0   1.9858806920396535
0   0.012159410395506276
0   1.0000754234429154
0   0.14653446451608754
0   1.0000257283095397
0   1.0042576791474476
0   1.9996546344178059
0   1.025722386914697
0   0.31384918244410653
0   1.0000096829338629
0   1.9399394108109305
0   1.1073835530405678
0   1.9965890431320679
0   1.9472926024850876
0   2.9371398934480704

1   1.0039106597948324
1   1.0577303928554063
1   1.0059501222117124
1   1.961002843425538
1   1.0070723828627091
1   1.9890104324837181
1   1.0104745485918925
1   1.0401694473167555
1   1.9745831675063896
1   1.0206962610150498
1   1.073859509994765
1   1.6115111277581482
1   1.9487926638834812
1   1.5039635282593418
1   2.041723017828168
1   2.268821908806812
1   1.3701225718720544
1   1.1693969384063228
1   1.6996678844568276
1   1.3892662486755076
1   1.6649680667918685
1   2.6392826030131844
1   1.206919495791533
1   1.8426304856553153
1   1.9175530471194566
1   1.7391349296785128
1   1.102875414326832
1   1.0243455470227532
1   1.0023126060271097
1   1.9990246735661739
1   1.0324426386615939
1   1.5063120212060968
1   1.5306546739266427
1   1.6909058646727115
1   1.7859183483244681
1   1.9007969037835739
1   1.5258205614471692
1   1.3440699680831927
1   1.5264491765528803
1   1.6403498387643913
1   1.7218993421474735
1   1.2965645219236437
1   1.7543630692140657
1   1.8890066262922707
1   1.0121236611327868
1   1.0780327159823642
1   1.7259359205082601
1   1.3934788042581741
1   1.037594212792851
1   1.9495557351430888
1   2.9498651883462341
1   1.0199736025470996
1   2.0057980270601452
1   1.3269699055697923
1   1.5992440246261115
1   1.8083596104917992
1   1.5161031954849591
1   1.3558411294119248
1   1.9763686693838607
1   1.7447883479007009
1   2.3867359483415291
1   1.0019360572458251
1   1.0392092915256683
1   1.6448009346879608
1   1.4752661941384635
1   1.00170391773835
1   1.9766377400413155
1   1.0028281576112932
1   1.015505333803695
1   1.1078876620768237
1   1.6939169604563671
1   1.8971094757802121
1   1.273344847448616
1   1.0590376548487417
1   1.1872698136693347
1   1.9847940497827077
1   1.9872276303069247
1   1.0252736912046232
1   1.0056563370690679
1   1.0305804570612755
1   2.5229759996337222
1   1.7660694402729664
1   1.0016218251743623
1   1.9660569033289685
1   1.3188077884159386
1   1.815450398556858
1   1.0161260203890019
1   1.0044180704908556
1   1.001859216773874
1   1.0055549508823116
1   1.996784262081706
1   1.0175674944509492
1   1.0059074471762717
1   1.9844036752477048
1   1.01627530878705
1   1.0103779674345446
1   1.0453515839895589
1   1.8663399909863227
1   1.1781538537779046
1   1.1560979592674392
1   1.946268790573261
1   1.1116645513873546
1   1.9885368045720284
1   1.9501817013612661
1   2.9418511035079788

2   2.0000117059411782
2   2.0011582895256144
2   2.0015233286495047
2   2.0037778819074568
2   2.0089405634374025
2   2.9663546951495094
2   2.0023723803390574
2   2.037489596285607
2   2.9458692258487535
2   2.0612997138803957
2   2.0040639747640778
2   2.0229401862294489
2   2.0012945106581221
2   2.3880215651792835
2   2.0003277129812496
2   2.0002354451641779
2   2.1560287550897197
2   2.5389602923934902
2   2.010738633512247
2   2.000568394167888
2   2.9550663426963886
2   2.0375349889777699
2   2.0004733304132185
2   2.0177251697263414
2   2.0000003724046
2   2.9946415556809738
2   2.00007506762431
2   2.0015969131777855
2   2.0000378248204949
2   2.0001536943731946
2   2.0044581579435583
2   2.0001320660979691
2   2.9480914882021505
2   2.0000660089195561
2   2.0665288546546128
2   2.0000091578197217
2   2.0001909075357709
2   2.0009983022688829
2   2.0000095107148499
2   2.0627685519721113
2   2.0000487119295549
2   2.9535208562632902

3   3
3   3.0000000000000004
3   3
3   3
3   3.0000000000000004
3   3
3   2.9999999999999996

