-3   3
-3   3
-3   3.0000000000000004
-3   3
-3   3.0000000000000004
-3   3.0000000000000004
-3   3.0000000000000004

-2   2.0000120776366277
-2   2.0011830871146903
-2   2.0015573933175608
-2   2.003838525945052
-2   2.0091242625181764
-2   2.9656188203613185
-2   2.0024112047820761
-2   2.038324021974697
-2   2.945047687649232
-2   2.0621475819594286
-2   2.004148639509105
-2   2.0235568159959194
-2   2.0013208021351838
-2   2.3871651063489336
-2   2.0003369417738894
-2   2.0002406815677527
-2   2.1559777652894927
-2   2.5392899149738519
-2   2.0109860683263863
-2   2.0005824204941871
-2   2.9544563370683785
-2   2.037785176648685
-2   2.0004830935954465
-2   2.0181459318973043
-2   2.0000003881831092
-2   2.994525558486723
-2   2.0000766518564852
-2   2.0016318635941635
-2   2.0000385909627361
-2   2.0001568527446771
-2   2.0045537659112327
-2   2.0001349959652477
-2   2.9472560061097628
-2   2.0000674251282695
-2   2.0675525252290456
-2   2.0000093558759344
-2   2.0001948635060356
-2   2.0010146526391699
-2   2.0000096517971988
-2   2.0638302358601943
-2   2.000049830594175
-2   2.9527196115408998

-1   1.0040162031018687
-1   1.0587706731898818
-1   1.0060657569967577
-1   1.9602574529351466
-1   1.0072455106020739
-1   1.9887749362172364
-1   1.0106850495970079
-1   1.0415369647876109
-1   1.9737130847282836
-1   1.0211879246754287
-1   1.0753713594648475
-1   1.6080474497692197
-1   1.9477453124977102
-1   1.5075904689553323
-1   2.0450178580425855
-1   2.2641620151652617
-1   1.3742949099114128
-1   1.1687177336601295
-1   1.6988079675494099
-1   1.3914452940738207
-1   1.6647474143028185
-1   2.6324269221117413
-1   1.2075645834675179
-1   1.849695077392282
-1   1.9160326060885144
-1   1.7391010876178186
-1   1.1045695364679493
-1   1.0247919014396294
-1   1.0023585875008074
-1   1.9990076957128085
-1   1.0333462632172046
-1   1.5058423659312741
-1   1.5299470472725236
-1   1.690503362303462
-1   1.7859178883249291
-1   1.9011603856814028
-1   1.5258732739110776
-1   1.3444107935575567
-1   1.5262443859329
-1   1.6404506176386247
-1   1.7217382494503375
-1   1.2965948351930567
-1   1.7542982572534869
-1   1.8890654029540874
-1   1.0123860947361052
-1   1.0794546755058971
-1   1.7218018436605163
-1   1.3986829375554493
-1   1.0380505731216871
-1   1.9486085171130778
-1   2.9490321938347512
-1   1.0204452997128266
-1   2.0052531303486858
-1   1.3296973041492186
-1   1.5965441676297201
-1   1.8074640669934072
-1   1.5187225975062977
-1   1.376239714596641
-1   1.9761142569689847
-1   1.7276748692766195
-1   2.386830948301637
-1   1.0019585619235893
-1   1.0398140888429006
-1   1.6413803769013442
-1   1.478958015743443
-1   1.0017754352762278
-1   1.9762782747346144
-1   1.0028849358793963
-1   1.0158202331744342
-1   1.1116025073980842
-1   1.6917620432321421
-1   1.8936947563417919
-1   1.2719127502378782
-1   1.0605283038375848
-1   1.1919026696050248
-1   1.9844793665359686
-1   1.9869604582116747
-1   1.0258772911041218
-1   1.0058019445578463
-1   1.032049198948588
-1   2.5122762496343198
-1   1.7647682164130498
-1   1.0016499727634831
-1   1.9773932407578263
-1   1.3203076350082781
-1   1.8159343801932724
-1   1.0162005042732203
-1   1.0044968799714593
-1   1.0018997919077215
-1   1.0056751226862304
-1   1.9967058715038135
-1   1.0179657687871748
-1   1.0060473843736015
-1   1.9840474033876672
-1   1.0166200480642509
-1   1.0106394721309049
-1   1.046343545264617
-1   1.8628058924951603
-1   1.1825250470697406
-1   1.1577127568517187
-1   1.9459815859166434
-1   1.1128567081984604
-1   1.9884609257333463
-1   1.9492716568649437
-1   2.9410110338039965

0   0.010858758591976714
0   1.0014968098124903
0   0.31324884552535937
0   1.0018916119656098
0   1.0014856969288408
0   1.9136446533102642
0   1.0010301087089013
0   1.9942811371743825
0   1.001384020155597
0   0.40245468127600292
0   0.02255997872777693
0   1.0012934883463489
0   1.0173213075156951
0   1.884874331802413
0   0.020069628140254481
0   1.0037025074014114
0   1.2749885391049185
0   1.9924268762920394
0   1.3289482365183085
0   1.3845784234171683
0   1.5395945092263728
0   2.4363583746787474
0   1.0064137496433996
0   1.9672212692215707
0   1.1644300338898648
0   1.3642342476722102
0   1.0880559208967981
0   2.3982189866308574
0   1.2893796240199538
0   0.35904948766377909
0   1.025439080588586
0   1.8458613957176739
0   1.8645512344734807
0   1.9562543543705284
0   0.28036767279686436
0   1.0000740766913145
0   0.061722643421483814
0   1.0013669647011163
0   1.0129181154779243
0   1.9465940684393344
0   1.0012326180094497
0   0.22191376597602619
0   1.3022254458143447
0   1.302242560277195
0   1.010131556437178
0   0.84479816722884604
0   1.0003931521536611
0   1.1590503967981363
0   0.98563869984860597
0   2.0270441670830501
0   1.9514642572505263
0   1.0014273404304754
0   1.2387167748510783
0   1.5065346734516138
0   1.2018574568724509
0   1.631288072524006
0   1.4900339647288745
0   1.8753669616600099
0   1.4172271628672573
0   1.0036876934944474
0   0.052005513697893968
0   1.9904180521063468
0   1.0046788182374637
0   1.0364192099251379
0   1.0353461354201499
0   1.9917592958104486
0   1.0008083215463932
0   0.63765825069032767
0   2.9621691830643164
0   1.7905289157426556
0   1.0002851450620041
0   1.9895523089031024
0   1.9938600256573102
0   1.0114815785213369
0   0.013253509819800113
0   0.04670065212351604
0   1.3037940105990604
0   1.3036420782974458
0   1.0001992637791883
0   2.8111373303251854
0   1.3026039158924407
0   1.0840810236020619
0   1.9995270376843326
0   1.001824819648002
0   1.0000713903446676
0   1.0000251629683354
0   1.9975474447202042
0   0.004034295559766754
0   1.0014395009278663
0   0.22584072831901736
0   1.0005326539487134
0   0.089648032763711583
0   1.0008444125960652
0   0.083008082674500105
0   1.9440543481138062
0   1.9709766204198504
0   1.0000888767116067
0   1.0001969251316056
0   1.0024845101721525
0   1.9918880613299268
0   1.9878311507748756
0   1.0193137438080295
0   1.0001162712716778
0   0.084193861019817406
0   0.047847287690810036
0   1.0052034328148012
0   2.747697419298329
0   1.3381327294563654
0   0.055335698898530516
0   1.0003123812839532
0   1.2282077170234449
0   1.0003427925030743
0   1.9841669314531578
0   1.4613760634564068
0   0.058017824250562788
0   0.012229893221254784
0   1.0001125822175547
0   1.0041841505398998
0   1.0004741983355749
0   1.0025455131639165
0   0.92775561792847339
0   0.044032762914820722
0   1.6163154703327711
0   1.0000137196382684
0   1.0029314510456817
0   1.9855567452047964
0   0.012422625755733385
0   1.0000779280911605
0   0.1495316302888543
0   1.0000262957600106
0   1.0044093085158434
0   1.9996471329214458
0   1.0262317254055677
0   0.31651666312761051
0   1.0000098851964685
0   1.9391209533636937
0   1.1086025236521404
0   1.9965135038620083
0   1.9465418541197632
0   2.9362359006401153

1   1.0040162031018676
1   1.0587706731898743
1   1.0060657569967559
1   1.9602574529351524
1   1.0072455106020728
1   1.9887749362172338
1   1.0106850495970112
1   1.0415369647875989
1   1.9737130847282898
1   1.0211879246754285
1   1.0753713594648444
1   1.608047449769245
1   1.9477453124977124
1   1.507590468955315
1   2.0450178580425562
1   2.2641620151652768
1   1.3742949099114103
1   1.1687177336601386
1   1.698807967549425
1   1.3914452940738393
1   1.6647474143028025
1   2.6324269221117609
1   1.2075645834675197
1   1.8496950773922474
1   1.9160326060885113
1   1.7391010876178075
1   1.1045695364679511
1   1.0247919014396294
1   1.0023585875008081
1   1.9990076957128058
1   1.0333462632172041
1   1.5058423659312625
1   1.5299470472725258
1   1.6905033623034504
1   1.7859178883249278
1   1.9011603856814259
1   1.5258732739110732
1   1.3444107935575571
1   1.5262443859329085
1   1.640450617638618
1   1.7217382494503379
1   1.2965948351930545
1   1.7542982572534833
1   1.8890654029540865
1   1.0123860947361047
1   1.0794546755058965
1   1.721801843660518
1   1.3986829375554439
1   1.0380505731216858
1   1.9486085171130778
1   2.9490321938347455
1   1.0204452997128242
1   2.0052531303486889
1   1.3296973041492255
1   1.596544167629721
1   1.8074640669934019
1   1.5187225975062955
1   1.3762397145966641
1   1.9761142569689829
1   1.7276748692765977
1   2.3868309483016423
1   1.0019585619235885
1   1.0398140888428988
1   1.6413803769013522
1   1.4789580157434352
1   1.0017754352762278
1   1.9762782747346104
1   1.0028849358793963
1   1.0158202331744357
1   1.1116025073980953
1   1.6917620432321843
1   1.8936947563417839
1   1.27191275023782
1   1.0605283038375775
1   1.1919026696050234
1   1.9844793665359677
1   1.9869604582116787
1   1.0258772911041223
1   1.0058019445578497
1   1.0320491989486147
1   2.5122762496344113
1   1.7647682164130547
1   1.0016499727634824
1   1.9773932407577104
1   1.3203076350082779
1   1.8159343801932573
1   1.0162005042732247
1   1.0044968799714589
1   1.0018997919077224
1   1.0056751226862304
1   1.9967058715038206
1   1.0179657687871733
1   1.0060473843735886
1   1.9840474033876654
1   1.0166200480642438
1   1.0106394721309042
1   1.0463435452645855
1   1.8628058924952122
1   1.1825250470697146
1   1.1577127568517127
1   1.9459815859166492
1   1.1128567081984189
1   1.9884609257333548
1   1.9492716568649384
1   2.9410110338040028

2   2.000012077636629
2   2.0011830871146903
2   2.0015573933175608
2   2.0038385259450529
2   2.0091242625181742
2   2.9656188203613176
2   2.0024112047820766
2   2.0383240219746943
2   2.9450476876492329
2   2.062147581959429
2   2.0041486395091055
2   2.0235568159959203
2   2.0013208021351838
2   2.3871651063489301
2   2.0003369417738894
2   2.0002406815677527
2   2.1559777652894407
2   2.5392899149739003
2   2.0109860683263863
2   2.0005824204941871
2   2.9544563370683754
2   2.0377851766486867
2   2.0004830935954465
2   2.0181459318973047
2   2.0000003881831097
2   2.9945255584867221
2   2.0000766518564843
2   2.0016318635941648
2   2.0000385909627365
2   2.0001568527446771
2   2.0045537659112322
2   2.0001349959652477
2   2.9472560061097681
2   2.00006742512827
2   2.0675525252290377
2   2.0000093558759349
2   2.0001948635060365
2   2.0010146526391712
2   2.0000096517972001
2   2.063830235860201
2   2.0000498305941754
2   2.9527196115408962

3   3
3   3
3   3.0000000000000004
3   3
3   3.0000000000000004
3   3.0000000000000004
3   3.0000000000000004

