-2   2
-2   2
-2   1.9999999999999996
-2   2
-2   2

-1   1.0052776420488969
-1   1.0030610744323505
-1   1.0285042503473405
-1   1.9766953930873998
-1   1.9903055193369523
-1   1.0037295014267089
-1   1.0125361761676026
-1   1.000389835574057
-1   1.0494840842822601
-1   1.9651753489258996
-1   1.0021298310183948
-1   1.0073378842422989
-1   1.9729363932459592
-1   1.0003470513215893
-1   1.0423987952704812
-1   1.0015600950070862
-1   1.0001795308230048
-1   1.0196225396948795
-1   1.0000269104568338
-1   1.987244571916214

0   0.011473287174836422
0   1.0000000000000031
0   1.0000000000000002
0   0.99999999999999978
0   0.10039427450015337
0   1.5607889955783714
0   1.0000000000000051
0   1.9531375681225986
0   0.99999999999999978
0   1.0000000000000002
0   0.11057025429789857
0   1.0000000000000011
0   0.003138863240629175
0   1.0000000000000002
0   1.9970136821086366
0   1
0   1.0000000000000007
0   1.5607889955783771
0   1.0000000000000011
0   1.0000000000000007
0   1.0000000000000013
0   0.0014641545030764647
0   0.003138863240629175
0   1
0   0.0079357206883335918
0   0.99999999999999933
0   0.079456761536565446
0   0.99999999999999978
0   1.0000000000000007
0   1.9813160553132509

1   1.0052776420488965
1   1.0030610744323512
1   1.0285042503473401
1   1.9766953930873998
1   1.9903055193369505
1   1.0037295014267091
1   1.0125361761676028
1   1.0003898355740568
1   1.0494840842822606
1   1.9651753489258996
1   1.0021298310183948
1   1.0073378842422991
1   1.9729363932459583
1   1.0003470513215889
1   1.0423987952704812
1   1.0015600950070855
1   1.0001795308230046
1   1.0196225396948793
1   1.0000269104568336
1   1.9872445719162153

2   2
2   2
2   1.9999999999999996
2   2
2   2

