0   -35.6344   0.0290704   0.112712   7.87507e-07   0.248398   0.10982   0.10982   0.248398   7.87507e-07   0.112712   0.0290704   
1   -46.5897   0.0155834   0.0375056   0.0890001   0.155309   0.202602   0.202602   0.155309   0.0890001   0.0375056   0.0155834   
2   -47.5246   0.0143717   0.0369517   0.0914979   0.154834   0.202344   0.202344   0.154834   0.0914979   0.0369517   0.0143717   
3   -47.7271   0.0197571   0.0447344   0.101039   0.148343   0.186127   0.186127   0.148343   0.101039   0.0447344   0.0197571   
4   -47.7157   0.02147   0.0493682   0.104717   0.146899   0.177546   0.177546   0.146899   0.104717   0.0493682   0.02147   
5   -47.7157   0.02147   0.0493682   0.104717   0.146899   0.177546   0.177546   0.146899   0.104717   0.0493682   0.02147   
6   -47.7271   0.0197571   0.0447344   0.101039   0.148343   0.186127   0.186127   0.148343   0.101039   0.0447344   0.0197571   
7   -47.5246   0.0143717   0.0369517   0.0914979   0.154834   0.202344   0.202344   0.154834   0.0914979   0.0369517   0.0143717   
8   -46.5897   0.0155834   0.0375056   0.0890001   0.155309   0.202602   0.202602   0.155309   0.0890001   0.0375056   0.0155834   
9   -35.6344   0.0290704   0.112712   7.87507e-07   0.248398   0.10982   0.10982   0.248398   7.87507e-07   0.112712   0.0290704   
