-2   2
-2   2
-2   2
-2   2.0000000000000004
-2   2

-1   1.1196022483931471
-1   1.040603435220312
-1   1.0364130224986228
-1   1.767893669422262
-1   1.8212558325948685
-1   1.1770099051393341
-1   1.2189034990009191
-1   1.0063486677434546
-1   1.4253854151812544
-1   1.6037180487657223
-1   1.0566835343242309
-1   1.1187110179987645
-1   1.7490477883846771
-1   1.008596460463439
-1   1.316460839921775
-1   1.0457336011316616
-1   1.0033105814595329
-1   1.1807562090091979
-1   1.0001936831527234
-1   1.8538526101595454

0   0.25812531753528978
0   1.0000000000000004
0   1.0000000000000004
0   0.34662887399591469
0   0.99999999999999978
0   1.5455192676983751
0   1.0000000000000002
0   1.5075344539001492
0   1.0000000000000004
0   1.0000000000000007
0   0.87840491164945944
0   0.99999999999999978
0   0.062006161420590455
0   1
0   1.9461244114748952
0   1
0   1
0   1.5455192676983747
0   0.99999999999999978
0   1.0000000000000011
0   1.0000000000000009
0   0.02480761483342242
0   0.062006161420591344
0   1.0000000000000002
0   0.20753168498176244
0   1.0000000000000009
0   0.42587162701188197
0   1.0000000000000004
0   1.0000000000000002
0   1.8262596253672099

1   1.1196022483931456
1   1.0406034352203117
1   1.0364130224986223
1   1.7678936694222638
1   1.8212558325948693
1   1.1770099051393332
1   1.21890349900092
1   1.006348667743455
1   1.4253854151812564
1   1.603718048765721
1   1.0566835343242307
1   1.1187110179987632
1   1.7490477883846753
1   1.0085964604634394
1   1.316460839921775
1   1.0457336011316614
1   1.0033105814595329
1   1.1807562090091965
1   1.0001936831527234
1   1.8538526101595458

2   2
2   2
2   2
2   2.0000000000000004
2   2

