-3.5   3.4999999999999996
-3.5   3.4999999999999996
-3.5   3.4999999999999996
-3.5   3.5
-3.5   3.4999999999999991
-3.5   3.5
-3.5   3.5
-3.5   3.4999999999999996

-2.5   2.5002112149327784
-2.5   2.5002020427247529
-2.5   2.5032096139453572
-2.5   2.5130557917310918
-2.5   2.5100339840145436
-2.5   2.6325724034082012
-2.5   3.2934030492505322
-2.5   2.8057641803485307
-2.5   3.2050307580044479
-2.5   2.5438950566725569
-2.5   2.5734173351469982
-2.5   2.5311166618547269
-2.5   2.5116977739953064
-2.5   2.5031901040756228
-2.5   2.5018347348748224
-2.5   2.5173230402490137
-2.5   3.0674791340557652
-2.5   2.50650492133106
-2.5   3.0920785407781777
-2.5   2.5068829442279794
-2.5   2.5680534145760432
-2.5   2.6957772581310397
-2.5   2.8738658365654079
-2.5   2.7702404055696679
-2.5   2.5042512409792606
-2.5   2.5709677684140777
-2.5   2.5315519653774916
-2.5   2.5006619662716956
-2.5   2.5024699547505547
-2.5   2.5001813964675965
-2.5   3.433544058520503
-2.5   2.5010513531799696
-2.5   2.5513830466829028
-2.5   2.5066856484803401
-2.5   2.5014852168181223
-2.5   3.4803493646348946
-2.5   2.5000570636413242
-2.5   2.505400958115898
-2.5   2.5002024475139897
-2.5   2.5131249875739057
-2.5   2.5000895870735573
-2.5   2.5010055839141203
-2.5   2.5023156476118369
-2.5   2.5001790964146249
-2.5   2.5001681679252177
-2.5   2.7693038861195403
-2.5   3.2797363510069668
-2.5   2.5000641189038064
-2.5   2.500637785454491
-2.5   2.5001225556511044
-2.5   2.5000850489582058
-2.5   2.5001315753590316
-2.5   2.5000224392987094
-2.5   2.6654013292682359
-2.5   2.5002228710211307
-2.5   3.3700558728003061

-1.5   1.5085493440295847
-1.5   1.509969721803484
-1.5   1.7384834882162816
-1.5   1.5233327876822123
-1.5   2.3115841117544957
-1.5   1.5872882326610904
-1.5   1.5205304653116918
-1.5   2.4005351760159384
-1.5   1.5097961840130321
-1.5   2.3490980334583313
-1.5   1.6379744334380981
-1.5   1.5885095510565246
-1.5   1.5519438828613059
-1.5   1.5565924877915869
-1.5   1.6269881141475149
-1.5   2.4185802258523936
-1.5   1.7346403570631175
-1.5   1.8127372610059531
-1.5   1.9721601984777548
-1.5   1.9299873642622556
-1.5   1.9867101729030838
-1.5   1.8421854874731043
-1.5   1.5815417204733144
-1.5   3.1292842191713319
-1.5   2.0488309117372956
-1.5   2.1327309039191942
-1.5   2.3422137652601194
-1.5   2.1517509099622418
-1.5   2.4009248479220102
-1.5   2.3121333061642386
-1.5   1.7827157460592469
-1.5   2.0300357045900039
-1.5   2.0435851224456196
-1.5   2.122817008410796
-1.5   1.6621947045110557
-1.5   2.2771488224275864
-1.5   2.338394870606777
-1.5   1.6078286469640113
-1.5   1.5720256412101614
-1.5   1.513001194991209
-1.5   1.5317339987633209
-1.5   2.451583966674364
-1.5   1.5284762983283242
-1.5   1.5863733682210741
-1.5   2.3909780795126774
-1.5   1.5662216658425518
-1.5   2.3664053292529723
-1.5   1.6352298328513526
-1.5   1.5055637016789443
-1.5   1.6061103574938191
-1.5   1.9505832058658266
-1.5   1.9509837855332814
-1.5   1.8530735254249193
-1.5   1.9715891334008075
-1.5   1.6785477410240501
-1.5   1.5351660429753107
-1.5   2.0542650623318788
-1.5   2.0519101535209301
-1.5   2.3945628574884754
-1.5   2.0480352289771675
-1.5   2.0791092071644579
-1.5   2.1703795769678473
-1.5   2.635388454392571
-1.5   2.4010334809530178
-1.5   1.8460887600652653
-1.5   1.8594632510705216
-1.5   2.1021073023925352
-1.5   2.1967470730778729
-1.5   2.0729891413770862
-1.5   2.1592776373495086
-1.5   2.0869453816564594
-1.5   2.2869047840840024
-1.5   2.2512054999492701
-1.5   2.0101904955578043
-1.5   1.5137453612809106
-1.5   1.5316882919222592
-1.5   1.5532713011564243
-1.5   1.5079138295976375
-1.5   1.5537640087419704
-1.5   1.6384453252562095
-1.5   2.1701795073440486
-1.5   1.9692785006973339
-1.5   1.769860962629473
-1.5   2.2566364765782527
-1.5   1.9285984774663181
-1.5   2.3335635133357298
-1.5   1.6151593804434441
-1.5   2.3361893383447168
-1.5   1.5342369649640304
-1.5   2.7785670359781891
-1.5   2.2512013739520467
-1.5   2.3621020294147623
-1.5   1.5180758476618945
-1.5   1.8175413782669572
-1.5   2.3833195264822931
-1.5   1.6177458933922737
-1.5   2.2178284646366015
-1.5   1.8717558303457635
-1.5   2.3656371467726829
-1.5   1.5970128283428906
-1.5   1.5626460689947739
-1.5   1.9233621903946605
-1.5   2.7456086102588459
-1.5   2.123427713046834
-1.5   1.5290878182323424
-1.5   1.5248527057710661
-1.5   2.5263766157225169
-1.5   1.5361480158169574
-1.5   2.3680591009521543
-1.5   1.9532895888039499
-1.5   1.9856329101305588
-1.5   2.1099719387137572
-1.5   2.121503765416147
-1.5   1.653353427386159
-1.5   1.5105247638380108
-1.5   1.5215748197212617
-1.5   1.5098479076510993
-1.5   1.5094467391299164
-1.5   1.5095864267971959
-1.5   1.7475430547747202
-1.5   1.7363586193067122
-1.5   1.5953464748799906
-1.5   2.3139953789074834
-1.5   2.2374440616875999
-1.5   1.5124847082121828
-1.5   1.6993826848179387
-1.5   1.938360009849454
-1.5   1.7622663875033071
-1.5   2.1293141254777344
-1.5   2.1701143968166674
-1.5   1.5269036076231912
-1.5   1.5114086522413701
-1.5   1.5164393191991152
-1.5   1.9507562529405527
-1.5   1.9204279381456293
-1.5   1.8774259768295161
-1.5   2.0416296185651559
-1.5   2.0857242740677728
-1.5   1.5812355061910135
-1.5   3.243574952116516
-1.5   2.4742613418067991
-1.5   1.5216085058835644
-1.5   1.6969990863983218
-1.5   1.5119706003227202
-1.5   1.5041096028225143
-1.5   1.533356793588295
-1.5   1.5120695478841868
-1.5   1.6179470315531508
-1.5   1.5064963777073452
-1.5   2.3856830386204626
-1.5   1.5150428696542737
-1.5   2.483870074579543
-1.5   1.5036256863285238
-1.5   1.5969510062642174
-1.5   1.5701987676507918
-1.5   1.5056394622883547
-1.5   1.5725145796050746
-1.5   1.994629099185103
-1.5   2.0581658056324321
-1.5   1.7235508378242725
-1.5   1.649448046880825
-1.5   1.765601046294988
-1.5   2.1427528271248342
-1.5   1.8622739917364184
-1.5   2.4447167554055209
-1.5   2.439202412635558
-1.5   2.3262501085213247
-1.5   3.3310094314829701

-0.5   0.73596353887024257
-0.5   0.77920740215094586
-0.5   1.077592463286891
-0.5   0.92048557921515073
-0.5   1.0661367319731656
-0.5   0.9639700700157785
-0.5   1.3641322062076402
-0.5   1.4039305751937423
-0.5   1.2209889231912603
-0.5   2.2810752772239038
-0.5   1.087005342284963
-0.5   1.1597192230546602
-0.5   1.4623601444848786
-0.5   2.3604474627056473
-0.5   0.75885988338185029
-0.5   1.447698722420137
-0.5   1.1920766783305194
-0.5   0.76776488279185795
-0.5   2.138523808914798
-0.5   0.58913389174023201
-0.5   1.2330006805698797
-0.5   1.4249842151337211
-0.5   1.1183864081045922
-0.5   0.99779687257984362
-0.5   0.80197044585643806
-0.5   1.4709522700937208
-0.5   1.335400682802357
-0.5   1.25914553673908
-0.5   1.6153048201758877
-0.5   0.6860601284767327
-0.5   1.4402134620086056
-0.5   1.8970014417692749
-0.5   1.2495341547757879
-0.5   1.8298845276748255
-0.5   1.6864145021566297
-0.5   2.1523893507721232
-0.5   1.0439476483034467
-0.5   1.9048164723920653
-0.5   1.9172208146036871
-0.5   1.5923110756360148
-0.5   1.6860663332793786
-0.5   1.6444678665687484
-0.5   1.3706745066857393
-0.5   1.9881013354072268
-0.5   1.6001462917715252
-0.5   2.5681768188251892
-0.5   1.9303786188701908
-0.5   1.4381052631117326
-0.5   1.4420992415141787
-0.5   1.9271099434949628
-0.5   1.8696810918737721
-0.5   1.6764059825679274
-0.5   1.9258408897524109
-0.5   1.4651406696757627
-0.5   1.2554199874626812
-0.5   1.8026760197340805
-0.5   2.03777617717087
-0.5   1.27394483184712
-0.5   1.9320828653241513
-0.5   1.1386931809200962
-0.5   2.1760245407539673
-0.5   0.76839560222394554
-0.5   1.2153309126923646
-0.5   1.3412359569112853
-0.5   0.82324755051381859
-0.5   1.131687740103688
-0.5   0.97448000642765376
-0.5   1.4304749350030648
-0.5   1.3030439681890802
-0.5   1.5986016371416154
-0.5   1.3683656240736721
-0.5   1.8613438018424899
-0.5   0.61124663022157022
-0.5   1.4785473977796839
-0.5   1.3608431411929158
-0.5   1.2923867504955284
-0.5   2.1312455045117384
-0.5   1.9088352500377006
-0.5   1.4172817426133082
-0.5   0.96047564831737176
-0.5   1.0622185443582228
-0.5   1.4300728721407816
-0.5   1.3567079923594585
-0.5   1.4666391680397359
-0.5   0.75952635384072376
-0.5   1.4998893880756627
-0.5   1.5009343262911603
-0.5   1.0895810234290917
-0.5   1.3872200535218839
-0.5   1.4206922731621452
-0.5   0.96336401354700629
-0.5   1.3057749136741572
-0.5   1.4403153835239706
-0.5   1.8274524500382356
-0.5   1.8258805661237689
-0.5   1.1898735250555188
-0.5   2.041802002091182
-0.5   0.95285823057244845
-0.5   1.5101435909502281
-0.5   1.6945221701626978
-0.5   1.6200649738477879
-0.5   1.6911407788420583
-0.5   1.8742993929636373
-0.5   1.6921281356440323
-0.5   1.5109237970818183
-0.5   1.8577085436045455
-0.5   1.9801960401080629
-0.5   1.6475008127695707
-0.5   1.7281513531134585
-0.5   2.1775884646270094
-0.5   1.6788372115062562
-0.5   1.9583004654214338
-0.5   1.5144567001676239
-0.5   1.6354590641214122
-0.5   1.367026446108232
-0.5   1.493534577310031
-0.5   2.0102494872517753
-0.5   2.1012391690897516
-0.5   2.2499422336188952
-0.5   1.9522346049718813
-0.5   2.1807748291335463
-0.5   0.60314021227124659
-0.5   0.66389223428059974
-0.5   1.0823412007094806
-0.5   1.4796658374660747
-0.5   1.0959658765233182
-0.5   0.69497446861805856
-0.5   0.60021187455914471
-0.5   1.4517526620352055
-0.5   1.4805360530019869
-0.5   1.4806077819140044
-0.5   1.3880225344660559
-0.5   1.4420819303026928
-0.5   1.4121720481671347
-0.5   2.2556792885828179
-0.5   1.0779845926327787
-0.5   2.3774948366673687
-0.5   1.3169351302443757
-0.5   1.6106936293766383
-0.5   1.4781370886372316
-0.5   1.7943852149349415
-0.5   2.1969336342426389
-0.5   1.3667500174216711
-0.5   1.2579556936006155
-0.5   1.0075425449833233
-0.5   1.51772307778135
-0.5   1.5240211127146739
-0.5   3.0440520513400613
-0.5   1.0762048409237313
-0.5   1.6018040456283296
-0.5   1.7757177586580788
-0.5   1.7340703025546174
-0.5   1.6839320788507632
-0.5   0.88291027796491961
-0.5   2.0386029012845048
-0.5   0.99660715759951324
-0.5   1.3622221466468014
-0.5   1.1158473841540131
-0.5   1.1984339839103249
-0.5   2.3041462297164923
-0.5   0.83641256250029961
-0.5   2.2728613765253654
-0.5   0.88421025761774263
-0.5   1.4636009120808187
-0.5   1.779605877594626
-0.5   1.7783219926905169
-0.5   1.3209425655808287
-0.5   0.77518524906565611
-0.5   0.84334067543242841
-0.5   1.3696425858468957
-0.5   2.9764632115350591
-0.5   1.7895540382747317
-0.5   1.2692932360799771
-0.5   1.51232008608965
-0.5   1.8468276596467224
-0.5   1.3468569716602756
-0.5   2.2871298973730241
-0.5   1.5647468248765128
-0.5   1.6515599724953405
-0.5   1.5205296195741531
-0.5   1.4077908153923295
-0.5   1.5535490941336856
-0.5   1.4493495415585544
-0.5   1.2826698915225416
-0.5   0.93542114177328362
-0.5   1.4438785628505553
-0.5   0.60327045406269142
-0.5   0.87489029421182885
-0.5   1.4853872670834569
-0.5   1.3370956166380241
-0.5   1.4863060529198717
-0.5   0.61836394458832888
-0.5   0.6325093952556804
-0.5   1.2357274691634621
-0.5   1.3762414960194174
-0.5   0.9276015195674201
-0.5   0.74869455919504979
-0.5   1.8191589514256377
-0.5   1.9186037115793111
-0.5   1.5675767886898302
-0.5   2.0969596281307843
-0.5   2.098356207108536
-0.5   1.4082237129636237
-0.5   0.68181415882446617
-0.5   0.66490703786510252
-0.5   0.70393144828316045
-0.5   1.4640352123958695
-0.5   0.5649419111299403
-0.5   0.9396709498301945
-0.5   1.4542354404793199
-0.5   1.8391065642419795
-0.5   1.9768317100781432
-0.5   1.5139247186680995
-0.5   1.4205514389831042
-0.5   1.1393571064494876
-0.5   1.4742997538466203
-0.5   1.434763344613919
-0.5   1.0819861307818899
-0.5   0.75069032801145297
-0.5   1.2924914468165074
-0.5   0.52400192048334171
-0.5   0.5436037251031538
-0.5   0.66872527061739695
-0.5   0.96595069229269903
-0.5   1.4258064874580858
-0.5   1.2126035877351966
-0.5   1.0822353836357312
-0.5   1.5737342503711615
-0.5   2.1442629706163738
-0.5   2.344870995974071
-0.5   1.6338865387973356
-0.5   1.5658926531266726
-0.5   1.8709349644683191
-0.5   1.9126123909483961
-0.5   1.7450072354900956
-0.5   1.8200188769792729
-0.5   0.76862365979658387
-0.5   1.3208198589283378
-0.5   1.7039260686696558
-0.5   1.0596989591107084
-0.5   1.3525332312159022
-0.5   0.63072886448294319
-0.5   1.4194038743173425
-0.5   0.96143335917027328
-0.5   1.0118031083990839
-0.5   0.52766524841801155
-0.5   1.0767507108024466
-0.5   1.2076617029673489
-0.5   1.1939447939508365
-0.5   1.3490088915837892
-0.5   1.482260587271383
-0.5   1.2131873113860245
-0.5   2.0769748402521255
-0.5   1.663203789262039
-0.5   2.2733457492593581
-0.5   0.54995206528590246
-0.5   0.66565571700535164
-0.5   1.4621673942533659
-0.5   0.76450033495986958
-0.5   0.5775399846235727
-0.5   0.9701600475701293
-0.5   1.4464503230094339
-0.5   1.3214632400326305
-0.5   1.3171217383572522
-0.5   0.7865668634688161
-0.5   1.9847969630652607
-0.5   1.2371922776417927
-0.5   1.1923018090045769
-0.5   1.6456330765027669
-0.5   1.4494575272949997
-0.5   1.3897041255462697
-0.5   1.1179692806942909
-0.5   2.1760159173792708
-0.5   1.8623063356298259
-0.5   1.5287592960307035
-0.5   1.6135239480278813
-0.5   2.2818999334906009
-0.5   2.4475762867486464
-0.5   2.3384297921371107
-0.5   3.3124314346896546

0.5   0.73596353887010602
0.5   0.77920740215096029
0.5   1.0775924632869636
0.5   0.92048557921509322
0.5   1.0661367319737252
0.5   0.9639700700152094
0.5   1.3641322062075085
0.5   1.4039305751937514
0.5   1.2209889231914368
0.5   2.2810752772238945
0.5   1.0870053422849608
0.5   1.15971922305468
0.5   1.4623601444848744
0.5   2.3604474627056313
0.5   0.75885988338186805
0.5   1.4476987224201401
0.5   1.1920766783305576
0.5   0.76776488279187083
0.5   2.13852380891481
0.5   0.589133891740236
0.5   1.233000680569867
0.5   1.4249842151336782
0.5   1.1183864081045998
0.5   0.99779687257986516
0.5   0.80197044585640676
0.5   1.4709522700937223
0.5   1.3354006828023466
0.5   1.2591455367390847
0.5   1.6153048201758877
0.5   0.68606012847666809
0.5   1.4402134620083566
0.5   1.897001441769294
0.5   1.2495341547760987
0.5   1.8298845276747442
0.5   1.6864145021566133
0.5   2.1523893507721845
0.5   1.0439476483034087
0.5   1.9048164723920373
0.5   1.9172208146037564
0.5   1.5923110756360606
0.5   1.6860663332793155
0.5   1.6444678665686259
0.5   1.3706745066859061
0.5   1.9881013354072525
0.5   1.6001462917714768
0.5   2.5681768188251417
0.5   1.9303786188702348
0.5   1.4381052631117417
0.5   1.4420992415141627
0.5   1.9271099434949286
0.5   1.8696810918737832
0.5   1.6764059825679203
0.5   1.925840889752422
0.5   1.4651406696757914
0.5   1.2554199874626719
0.5   1.8026760197342298
0.5   2.0377761771708816
0.5   1.2739448318469448
0.5   1.9320828653241184
0.5   1.1386931809201051
0.5   2.1760245407540011
0.5   0.76839560222392533
0.5   1.2153309126923446
0.5   1.3412359569112529
0.5   0.823247550513861
0.5   1.1316877401037375
0.5   0.9744800064275938
0.5   1.4304749350030534
0.5   1.3030439681890806
0.5   1.5986016371415732
0.5   1.3683656240736808
0.5   1.8613438018425281
0.5   0.611246630221566
0.5   1.4785473977797299
0.5   1.3608431411928354
0.5   1.292386750495595
0.5   2.1312455045117118
0.5   1.9088352500376975
0.5   1.4172817426133548
0.5   0.96047564831739529
0.5   1.0622185443581815
0.5   1.4300728721407521
0.5   1.3567079923594629
0.5   1.4666391680397357
0.5   0.75952635384071621
0.5   1.4998893880756627
0.5   1.500934326291163
0.5   1.0895810234290784
0.5   1.3872200535218899
0.5   1.4206922731621292
0.5   0.96336401354697898
0.5   1.3057749136741643
0.5   1.4403153835239715
0.5   1.8274524500382445
0.5   1.8258805661237987
0.5   1.1898735250555181
0.5   2.0418020020911709
0.5   0.95285823057244401
0.5   1.5101435909502259
0.5   1.6945221701626902
0.5   1.6200649738477781
0.5   1.6911407788420614
0.5   1.8742993929636533
0.5   1.6921281356440248
0.5   1.5109237970817957
0.5   1.8577085436045642
0.5   1.9801960401080452
0.5   1.6475008127695872
0.5   1.7281513531134367
0.5   2.1775884646270112
0.5   1.6788372115065462
0.5   1.9583004654211877
0.5   1.5144567001676288
0.5   1.6354590641214197
0.5   1.3670264461082355
0.5   1.4935345773100754
0.5   2.0102494872517318
0.5   2.1012391690897858
0.5   2.2499422336188761
0.5   1.952234604971868
0.5   2.1807748291335516
0.5   0.60314021227124859
0.5   0.66389223428059796
0.5   1.0823412007094209
0.5   1.4796658374660803
0.5   1.09596587652338
0.5   0.69497446861807144
0.5   0.60021187455914538
0.5   1.4517526620351959
0.5   1.4805360530019838
0.5   1.4806077819140058
0.5   1.3880225344660533
0.5   1.4420819303026842
0.5   1.4121720481671363
0.5   2.2556792885828219
0.5   1.0779845926327685
0.5   2.3774948366673616
0.5   1.3169351302443901
0.5   1.6106936293766378
0.5   1.4781370886372345
0.5   1.7943852149349442
0.5   2.1969336342426367
0.5   1.366750017421674
0.5   1.2579556936006222
0.5   1.0075425449833164
0.5   1.5177230777813571
0.5   1.5240211127146841
0.5   3.0440520513400795
0.5   1.076204840923688
0.5   1.6018040456283158
0.5   1.775717758658097
0.5   1.7340703025546063
0.5   1.6839320788507579
0.5   0.8829102779649316
0.5   2.0386029012845084
0.5   0.99660715759951013
0.5   1.3622221466468023
0.5   1.1158473841540102
0.5   1.1984339839103242
0.5   2.3041462297164874
0.5   0.83641256250030493
0.5   2.2728613765253662
0.5   0.8842102576177413
0.5   1.4636009120808176
0.5   1.7796058775946344
0.5   1.778321992690524
0.5   1.3209425655808305
0.5   0.77518524906566455
0.5   0.84334067543242863
0.5   1.3696425858468826
0.5   2.9764632115350418
0.5   1.789554038274729
0.5   1.2692932360799782
0.5   1.5123200860896526
0.5   1.8468276596467228
0.5   1.3468569716602761
0.5   2.2871298973730267
0.5   1.5647468248765035
0.5   1.6515599724953338
0.5   1.5205296195741638
0.5   1.4077908153923049
0.5   1.5535490941336789
0.5   1.4493495415586777
0.5   1.2826698915224546
0.5   0.93542114177329161
0.5   1.4438785628505542
0.5   0.60327045406268787
0.5   0.87489029421184705
0.5   1.4853872670834556
0.5   1.3370956166380197
0.5   1.4863060529198762
0.5   0.61836394458832022
0.5   0.63250939525595662
0.5   1.2357274691632891
0.5   1.3762414960194225
0.5   0.92760151956740255
0.5   0.74869455919504468
0.5   1.8191589514256803
0.5   1.9186037115792924
0.5   1.5675767886897565
0.5   2.0969596281308003
0.5   2.0983562071085489
0.5   1.408223712963637
0.5   0.68181415882447194
0.5   0.66490703786511007
0.5   0.70393144828312826
0.5   1.4640352123958722
0.5   0.56494191112995118
0.5   0.93967094983011723
0.5   1.4542354404798279
0.5   1.8391065642415807
0.5   1.9768317100781361
0.5   1.5139247186681906
0.5   1.4205514389830367
0.5   1.1393571064494763
0.5   1.4742997538466502
0.5   1.4347633446139012
0.5   1.0819861307818894
0.5   0.75069032801145119
0.5   1.292491446816507
0.5   0.52400192048333682
0.5   0.54360372510314514
0.5   0.66872527061742226
0.5   0.96595069229263775
0.5   1.4258064874580609
0.5   1.2126035877350954
0.5   1.082235383637558
0.5   1.5737342503712872
0.5   2.1442629706152827
0.5   2.344870995974178
0.5   1.6338865387973192
0.5   1.5658926531266926
0.5   1.8709349644683986
0.5   1.9126123909484138
0.5   1.7450072354898825
0.5   1.8200188769792001
0.5   0.76862365979659431
0.5   1.3208198589283924
0.5   1.7039260686696283
0.5   1.0596989591107386
0.5   1.3525332312158984
0.5   0.63072886448290233
0.5   1.4194038743173643
0.5   0.96143335917028239
0.5   1.0118031083991137
0.5   0.52766524841800466
0.5   1.0767507108023882
0.5   1.2076617029673304
0.5   1.1939447939508041
0.5   1.3490088915838234
0.5   1.4822605872713843
0.5   1.2131873113859863
0.5   2.0769748402522215
0.5   1.6632037892619573
0.5   2.2733457492593394
0.5   0.54995206528589646
0.5   0.66565571700529413
0.5   1.4621673942534046
0.5   0.76450033495984915
0.5   0.57753998462364886
0.5   0.97016004757014396
0.5   1.4464503230094339
0.5   1.3214632400326418
0.5   1.3171217383572207
0.5   0.7865668634687859
0.5   1.9847969630650426
0.5   1.2371922776415278
0.5   1.1923018090048976
0.5   1.645633076502969
0.5   1.4494575272950367
0.5   1.3897041255463003
0.5   1.1179692806943087
0.5   2.176015917379075
0.5   1.8623063356300293
0.5   1.5287592960306959
0.5   1.613523948027892
0.5   2.2818999334905956
0.5   2.4475762867486401
0.5   2.3384297921371013
0.5   3.3124314346896475

1.5   1.5085493440295865
1.5   1.5099697218034827
1.5   1.7384834882162834
1.5   1.5233327876822109
1.5   2.3115841117544891
1.5   1.5872882326611029
1.5   1.5205304653116984
1.5   2.4005351760159312
1.5   1.5097961840130316
1.5   2.3490980334583282
1.5   1.6379744334380977
1.5   1.5885095510565237
1.5   1.551943882861301
1.5   1.5565924877915829
1.5   1.6269881141475167
1.5   2.4185802258523617
1.5   1.7346403570631423
1.5   1.8127372610059806
1.5   1.9721601984777331
1.5   1.9299873642623022
1.5   1.9867101729030501
1.5   1.8421854874731065
1.5   1.5815417204733127
1.5   3.1292842191713248
1.5   2.0488309117373213
1.5   2.1327309039191893
1.5   2.3422137652600892
1.5   2.1517509099622334
1.5   2.4009248479220116
1.5   2.312133306164271
1.5   1.7827157460592584
1.5   2.0300357045900692
1.5   2.0435851224455628
1.5   2.1228170084107632
1.5   1.6621947045110637
1.5   2.2771488224275633
1.5   2.3383948706067996
1.5   1.6078286469640122
1.5   1.5720256412101699
1.5   1.513001194991209
1.5   1.5317339987633183
1.5   2.4515839666743617
1.5   1.5284762983283247
1.5   1.586373368221075
1.5   2.3909780795126689
1.5   1.5662216658425456
1.5   2.3664053292529719
1.5   1.6352298328513615
1.5   1.5055637016789434
1.5   1.6061103574938191
1.5   1.9505832058658266
1.5   1.9509837855332828
1.5   1.853073525424918
1.5   1.9715891334008053
1.5   1.6785477410240479
1.5   1.5351660429753147
1.5   2.0542650623318766
1.5   2.0519101535209381
1.5   2.3945628574884879
1.5   2.0480352289771631
1.5   2.0791092071644335
1.5   2.17037957696785
1.5   2.6353884543925807
1.5   2.4010334809530103
1.5   1.8460887600652627
1.5   1.8594632510705074
1.5   2.1021073023925525
1.5   2.1967470730778693
1.5   2.0729891413770694
1.5   2.1592776373495228
1.5   2.0869453816564518
1.5   2.2869047840839984
1.5   2.2512054999492817
1.5   2.0101904955578056
1.5   1.5137453612809102
1.5   1.5316882919222596
1.5   1.5532713011564243
1.5   1.5079138295976362
1.5   1.5537640087419717
1.5   1.6384453252562055
1.5   2.1701795073440446
1.5   1.9692785006973383
1.5   1.7698609626294841
1.5   2.2566364765782412
1.5   1.9285984774663136
1.5   2.3335635133357213
1.5   1.6151593804434587
1.5   2.3361893383447203
1.5   1.5342369649640335
1.5   2.7785670359781851
1.5   2.2512013739520413
1.5   2.3621020294147699
1.5   1.5180758476618941
1.5   1.8175413782669629
1.5   2.3833195264822877
1.5   1.6177458933922733
1.5   2.2178284646365967
1.5   1.8717558303457671
1.5   2.3656371467726878
1.5   1.5970128283428857
1.5   1.562646068994765
1.5   1.9233621903946627
1.5   2.7456086102588539
1.5   2.1234277130468322
1.5   1.5290878182323504
1.5   1.5248527057710644
1.5   2.526376615722504
1.5   1.5361480158169578
1.5   2.368059100952153
1.5   1.9532895888039552
1.5   1.9856329101305423
1.5   2.1099719387137674
1.5   2.1215037654161413
1.5   1.6533534273861634
1.5   1.5105247638380113
1.5   1.521574819721264
1.5   1.5098479076510998
1.5   1.5094467391299169
1.5   1.5095864267971955
1.5   1.7475430547747295
1.5   1.7363586193067118
1.5   1.5953464748800039
1.5   2.3139953789074821
1.5   2.2374440616875768
1.5   1.5124847082121819
1.5   1.699382684817957
1.5   1.93836000984943
1.5   1.7622663875032454
1.5   2.129314125477753
1.5   2.1701143968167012
1.5   1.5269036076231925
1.5   1.5114086522413657
1.5   1.5164393191991126
1.5   1.9507562529405464
1.5   1.9204279381456515
1.5   1.8774259768294819
1.5   2.0416296185651288
1.5   2.0857242740676916
1.5   1.5812355061911254
1.5   3.2435749521165409
1.5   2.4742613418068031
1.5   1.5216085058835755
1.5   1.6969990863983124
1.5   1.5119706003227114
1.5   1.5041096028225152
1.5   1.5333567935882728
1.5   1.5120695478841828
1.5   1.6179470315532889
1.5   1.506496377707343
1.5   2.3856830386203849
1.5   1.5150428696542679
1.5   2.483870074579551
1.5   1.5036256863285198
1.5   1.5969510062642258
1.5   1.5701987676507838
1.5   1.5056394622883542
1.5   1.5725145796050803
1.5   1.9946290991850701
1.5   2.0581658056324379
1.5   1.7235508378243254
1.5   1.6494480468807784
1.5   1.7656010462950014
1.5   2.1427528271248888
1.5   1.8622739917363669
1.5   2.4447167554055196
1.5   2.4392024126355416
1.5   2.3262501085213239
1.5   3.3310094314829763

2.5   2.5002112149327789
2.5   2.5002020427247538
2.5   2.5032096139453586
2.5   2.5130557917310909
2.5   2.5100339840145427
2.5   2.6325724034081861
2.5   3.2934030492505406
2.5   2.8057641803485112
2.5   3.2050307580044657
2.5   2.5438950566725476
2.5   2.5734173351470102
2.5   2.5311166618547252
2.5   2.5116977739953072
2.5   2.5031901040756224
2.5   2.5018347348748233
2.5   2.5173230402490132
2.5   3.0674791340557679
2.5   2.5065049213310595
2.5   3.0920785407781826
2.5   2.5068829442279825
2.5   2.5680534145760405
2.5   2.6957772581310331
2.5   2.8738658365654111
2.5   2.770240405569675
2.5   2.5042512409792548
2.5   2.5709677684140719
2.5   2.5315519653774916
2.5   2.5006619662716951
2.5   2.5024699547505542
2.5   2.5001813964675965
2.5   3.4335440585205022
2.5   2.5010513531799701
2.5   2.5513830466829055
2.5   2.5066856484803406
2.5   2.5014852168181227
2.5   3.4803493646348955
2.5   2.5000570636413246
2.5   2.5054009581158985
2.5   2.5002024475139883
2.5   2.5131249875739043
2.5   2.5000895870735582
2.5   2.5010055839141212
2.5   2.5023156476118387
2.5   2.5001790964146267
2.5   2.5001681679252177
2.5   2.7693038861195323
2.5   3.2797363510069757
2.5   2.5000641189038064
2.5   2.500637785454491
2.5   2.5001225556511062
2.5   2.5000850489582076
2.5   2.5001315753590325
2.5   2.500022439298708
2.5   2.6654013292682239
2.5   2.5002228710211312
2.5   3.3700558728003167

3.5   3.4999999999999996
3.5   3.4999999999999996
3.5   3.4999999999999996
3.5   3.5
3.5   3.4999999999999991
3.5   3.5
3.5   3.5
3.5   3.4999999999999996

