-2   2
-2   1.9999999999999996
-2   1.9999999999999996
-2   1.9999999999999991
-2   1.9999999999999996

-1   1.0632518898988734
-1   1.0245038027018767
-1   1.0598983152441193
-1   1.8702362038288571
-1   1.88321885891515
-1   1.0735752016874951
-1   1.1521700933213055
-1   1.0031023495502729
-1   1.3240097838816287
-1   1.7291232075781005
-1   1.0262779258233468
-1   1.0670364489300781
-1   1.8283245042435317
-1   1.0040453939132989
-1   1.2358728784255633
-1   1.0199807350437347
-1   1.0016933279103319
-1   1.1307728893310702
-1   1.0001762293928589
-1   1.9047807824884337

0   0.12918914335339216
0   0.99999999999999911
0   1.0000000000000007
0   0.32276426403938474
0   1
0   1.5534273812260619
0   1.6810367890431865
0   0.99999999999999933
0   1
0   0.99999999999999911
0   0.63614768159591151
0   1
0   0.03238706786611556
0   0.99999999999999933
0   1.9711986051658048
0   1.0000000000000002
0   1.0000000000000011
0   1.5534273812260624
0   1.0000000000000011
0   1.0000000000000002
0   1.0000000000000004
0   0.013445007218155669
0   0.03238706786611556
0   1.0000000000000011
0   0.097897748805898521
0   1.0000000000000002
0   0.34875442889256048
0   1.0000000000000007
0   1
0   1.8835085143434669

1   1.0632518898988736
1   1.0245038027018767
1   1.0598983152441199
1   1.8702362038288567
1   1.8832188589151517
1   1.073575201687496
1   1.1521700933213037
1   1.0031023495502731
1   1.3240097838816287
1   1.7291232075780996
1   1.0262779258233468
1   1.0670364489300783
1   1.828324504243533
1   1.0040453939132994
1   1.2358728784255644
1   1.0199807350437349
1   1.0016933279103317
1   1.1307728893310705
1   1.0001762293928584
1   1.9047807824884333

2   2
2   1.9999999999999996
2   1.9999999999999996
2   1.9999999999999991
2   1.9999999999999996

