-3   3.0000000000000004
-3   3.0000000000000009
-3   3.0000000000000004
-3   2.9999999999999996
-3   3.0000000000000009
-3   3.0000000000000004
-3   2.9999999999999996

-2   2.0000126676324692
-2   2.0012218014387528
-2   2.0016106572730847
-2   2.0039322438810054
-2   2.0094105896621688
-2   2.9644700665024639
-2   2.0024710743239029
-2   2.0396266572937161
-2   2.943779954096295
-2   2.0634513105469354
-2   2.0042806762310663
-2   2.0245286786684291
-2   2.0013617804509134
-2   2.3858272553189321
-2   2.0003515035162991
-2   2.0002488696005791
-2   2.1559000471045371
-2   2.5397950501264392
-2   2.0113734206019047
-2   2.0006044465648194
-2   2.953514827260689
-2   2.0381602850894729
-2   2.000498314721225
-2   2.0188019931331067
-2   2.0000004134497966
-2   2.9943443792138886
-2   2.0000791239054676
-2   2.0016864793115134
-2   2.0000397843773059
-2   2.000161774899003
-2   2.0047030253917253
-2   2.0001395770729
-2   2.9459659986646023
-2   2.0000696365917778
-2   2.0691300857239288
-2   2.0000096652366355
-2   2.0002010321717307
-2   2.0010398128472149
-2   2.0000098680452476
-2   2.0654714339251465
-2   2.0000515820873077
-2   2.9514800661363281

-1   1.0041826435196048
-1   1.0603817406520959
-1   1.0062452162465607
-1   1.9590997292593868
-1   1.0075173513290723
-1   1.9884072585689307
-1   1.0110127962164595
-1   1.0437189091125882
-1   1.9723232427119028
-1   1.0219589653281962
-1   1.0777185458008398
-1   1.6028792879862288
-1   1.9461185746247112
-1   1.5129798163484312
-1   2.050045969898294
-1   2.2569657569529045
-1   1.3805260216396658
-1   1.1678621965902247
-1   1.6975772095630881
-1   1.3947543726826406
-1   1.6644897799591458
-1   2.6218072572293263
-1   1.20856090234128
-1   1.8604902533537753
-1   1.9136738043601715
-1   1.7390503953862955
-1   1.1071857996775138
-1   1.0254848495858757
-1   1.0024302358832624
-1   1.998980994541951
-1   1.0347741534424073
-1   1.5051157364000756
-1   1.5288381527928934
-1   1.6898801742312428
-1   1.7859071473272667
-1   1.9017210150741146
-1   1.5259544404836984
-1   1.3449375372917702
-1   1.5259291379999356
-1   1.6406041699625189
-1   1.721490068923484
-1   1.2966415201512176
-1   1.7541955047573183
-1   1.889155801455801
-1   1.0127972457260714
-1   1.0816567618863431
-1   1.715521378382638
-1   1.4065613004096769
-1   1.0387518132791349
-1   1.9471393020704135
-1   2.9477420832281425
-1   1.0211863997977562
-1   2.0043451931858618
-1   1.3339651105078267
-1   1.5924628738721243
-1   1.8061038805433096
-1   1.5226562186918282
-1   1.4084005215450799
-1   1.9757206777751786
-1   1.7000396280901233
-1   2.3869747488609843
-1   1.0019956180732148
-1   1.0407473546610093
-1   1.6362137844492524
-1   1.484501961005809
-1   1.0018968755753821
-1   1.9757236992441003
-1   1.002973392956034
-1   1.016310683571787
-1   1.1175726267431914
-1   1.6885056656105775
-1   1.8882187972927644
-1   1.2696018891103427
-1   1.0628650275808571
-1   1.1990408528798133
-1   1.9839887252513666
-1   1.9865436089122155
-1   1.0268244075157633
-1   1.0060312750069584
-1   1.0344780616716716
-1   2.4957584766712193
-1   1.7627879857358169
-1   1.0016949035094873
-1   1.9946200210999945
-1   1.3225852402020688
-1   1.8166515522679241
-1   1.0163094078871044
-1   1.0046191612267736
-1   1.0019632069513222
-1   1.0058628945545629
-1   1.9965826869437073
-1   1.018588576259696
-1   1.0062670048689493
-1   1.9834898486502559
-1   1.0171579413843055
-1   1.0110508283384601
-1   1.0478957330406953
-1   1.8572559510521645
-1   1.1893478977784682
-1   1.1602051240378621
-1   1.9455356451601236
-1   1.1146900966093665
-1   1.9883386187771972
-1   1.9478634758908693
-1   2.9397166198682605

0   0.011235454833207759
0   1.0015606668649537
0   0.32000188789264339
0   1.0019602590892884
0   1.0015332098807228
0   1.9112262823520956
0   1.0010599674855156
0   1.9940905751794551
0   1.0014551885795406
0   0.4087419057078957
0   0.023336824487437569
0   1.0013373549068592
0   1.0178078024662942
0   1.8824851771867555
0   0.020690957501539042
0   1.0038507427109098
0   1.2761694748314378
0   1.9921184118677941
0   1.3278119466490286
0   1.4034647126747377
0   1.5226823278271691
0   2.4338132663670859
0   1.006352440893532
0   1.9662626884838876
0   1.1737590776776863
0   1.3638888665009914
0   1.0904507478550085
0   2.3811090284629595
0   1.2909814292505188
0   0.37276558546355154
0   1.0262310331369644
0   1.859889174987436
0   1.8585809445033328
0   1.9552055755838622
0   0.28680384686126292
0   1.0000767222121203
0   0.06335337473374314
0   1.0014109026224602
0   1.013318482630247
0   1.94452408021214
0   1.0012732632211894
0   0.22895007340615725
0   1.302215817108807
0   1.3022339979167585
0   1.0102197911458053
0   0.84489230155363315
0   1.0004056742781868
0   1.1589960276010323
0   0.9856877271722142
0   2.0271659156944262
0   1.9514761470546529
0   1.0014733302728602
0   1.2382957446101031
0   1.5064747387434556
0   1.2019436837098449
0   1.6314820332146871
0   1.4898688781900082
0   1.8752582415321122
0   1.4170715676511485
0   1.0038161329109918
0   0.053628878831199267
0   1.9900622843181663
0   1.0048486668822352
0   1.0376136432994827
0   1.0360693029275632
0   1.991482876282852
0   1.000840248268227
0   0.64274871220196617
0   2.9611308068266537
0   1.7882177242372328
0   1.0002918461285275
0   1.9893158382668616
0   1.9936498289658586
0   1.0117841663260383
0   0.0137356986964835
0   0.048063229813774755
0   1.3038172995542525
0   1.3036660419289934
0   1.000205438770102
0   2.8098730849913243
0   1.3026089041036435
0   1.0864455429506246
0   1.9995115883692343
0   1.0018858473310006
0   1.000073929363559
0   1.0000261246373896
0   1.9974716344193322
0   0.0041693277615699742
0   1.0014885686907109
0   0.23238836499438498
0   1.0005495879023591
0   0.091504985478597867
0   1.0008698907936506
0   0.086095949744381173
0   1.9421053874585281
0   1.9701028465371015
0   1.0000933578101667
0   1.0002017318716947
0   1.0025848100609887
0   1.9916140556768154
0   1.9873917598239248
0   1.0200027420392124
0   1.0001198059267016
0   0.087615890210907543
0   0.04938721320059225
0   1.0057375959326629
0   2.7403110375742279
0   1.3580911709204659
0   0.057450041583068434
0   1.0003219780026535
0   1.2054352807409539
0   1.0003545716222391
0   1.9835448576603789
0   1.4723417386054631
0   0.05902227198404808
0   0.0126691828875789
0   1.0001175264901763
0   1.0043236109377005
0   1.0004883084722596
0   1.0026259802010797
0   0.9289603297224629
0   0.045449240356940979
0   1.615636207244703
0   1.0000153859096486
0   1.0030428435759191
0   1.9850493394632194
0   0.012833699150433975
0   1.000081899119813
0   0.15419726923727728
0   1.0000271834922441
0   1.0046496766600186
0   1.9996353981686643
0   1.0270229868280718
0   0.32057970586312057
0   1.0000102007623553
0   1.9378466014413958
0   1.1104660613416744
0   1.99639542004893
0   1.9453910204839588
0   2.9348414457928369

1   1.0041826435196042
1   1.0603817406521006
1   1.0062452162465616
1   1.9590997292593855
1   1.0075173513290689
1   1.988407258568929
1   1.0110127962164595
1   1.0437189091126013
1   1.9723232427118957
1   1.021958965328196
1   1.0777185458008331
1   1.6028792879862941
1   1.9461185746247134
1   1.5129798163483921
1   2.0500459698983247
1   2.2569657569528569
1   1.3805260216396771
1   1.1678621965902209
1   1.6975772095630703
1   1.3947543726826279
1   1.6644897799591347
1   2.6218072572293658
1   1.2085609023413042
1   1.8604902533537402
1   1.9136738043601706
1   1.739050395386291
1   1.1071857996775161
1   1.0254848495858755
1   1.0024302358832624
1   1.9989809945419523
1   1.0347741534424055
1   1.5051157364000742
1   1.5288381527928929
1   1.6898801742312459
1   1.7859071473272659
1   1.9017210150740711
1   1.5259544404837273
1   1.3449375372917693
1   1.5259291379999436
1   1.6406041699625158
1   1.7214900689235133
1   1.2966415201512302
1   1.7541955047573143
1   1.8891558014557801
1   1.0127972457260719
1   1.081656761886342
1   1.7155213783826362
1   1.4065613004096786
1   1.0387518132791342
1   1.9471393020704135
1   2.9477420832281407
1   1.0211863997977544
1   2.0043451931858591
1   1.333965110507825
1   1.5924628738721243
1   1.8061038805433101
1   1.5226562186918264
1   1.4084005215450774
1   1.9757206777751692
1   1.7000396280901264
1   2.3869747488609945
1   1.0019956180732166
1   1.0407473546610111
1   1.6362137844492572
1   1.4845019610058068
1   1.001896875575383
1   1.9757236992441003
1   1.0029733929560349
1   1.0163106835717859
1   1.1175726267432209
1   1.6885056656105863
1   1.8882187972927449
1   1.2696018891103613
1   1.0628650275808544
1   1.1990408528797776
1   1.9839887252513662
1   1.9865436089122159
1   1.026824407515766
1   1.0060312750069598
1   1.0344780616716764
1   2.4957584766712522
1   1.7627879857358257
1   1.0016949035094875
1   1.9946200210999372
1   1.3225852402020559
1   1.8166515522679392
1   1.016309407887104
1   1.0046191612267721
1   1.0019632069513229
1   1.0058628945545622
1   1.9965826869437073
1   1.0185885762597036
1   1.0062670048689473
1   1.9834898486502501
1   1.0171579413843044
1   1.0110508283384536
1   1.0478957330406802
1   1.8572559510522533
1   1.18934789777836
1   1.160205124037915
1   1.9455356451601045
1   1.1146900966093745
1   1.9883386187771772
1   1.9478634758908604
1   2.9397166198682716

2   2.0000126676324692
2   2.0012218014387524
2   2.0016106572730852
2   2.0039322438810054
2   2.0094105896621683
2   2.9644700665024648
2   2.0024710743239047
2   2.0396266572937138
2   2.9437799540962946
2   2.0634513105469368
2   2.0042806762310659
2   2.0245286786684291
2   2.0013617804509134
2   2.3858272553189321
2   2.0003515035162986
2   2.0002488696005796
2   2.1559000471048084
2   2.5397950501262039
2   2.0113734206019043
2   2.000604446564819
2   2.9535148272606904
2   2.0381602850894747
2   2.000498314721225
2   2.0188019931331072
2   2.0000004134497962
2   2.9943443792138877
2   2.0000791239054672
2   2.001686479311513
2   2.0000397843773068
2   2.0001617748990035
2   2.0047030253917253
2   2.0001395770728991
2   2.9459659986646018
2   2.0000696365917769
2   2.069130085723923
2   2.000009665236635
2   2.0002010321717312
2   2.0010398128472149
2   2.0000098680452481
2   2.065471433925143
2   2.000051582087309
2   2.9514800661363347

3   3.0000000000000004
3   3.0000000000000009
3   3.0000000000000004
3   2.9999999999999996
3   3.0000000000000009
3   3.0000000000000004
3   2.9999999999999996

