-4   4
-4   4
-4   4
-4   4
-4   4
-4   4.0000000000000009
-4   4
-4   4.0000000000000009
-4   4.0000000000000009

-3   3.0000243797239903
-3   3.000037802997185
-3   3.0003506317723656
-3   3.0010249721315554
-3   3.0001205707401217
-3   3.0218932984548199
-3   3.0074529336857898
-3   3.8698686034125682
-3   3.0004296110842321
-3   3.1382656689744186
-3   3.870008287405569
-3   3.1480639376650923
-3   3.0010772648423858
-3   3.0001325031681971
-3   3.0047972658460727
-3   3.0003384018762564
-3   3.0019995801600659
-3   3.0001568438118684
-3   3.8021714641557125
-3   3.0005839487125909
-3   3.0216313948317857
-3   3.1723460315787451
-3   3.0033788093433365
-3   3.0461654848457966
-3   3.0086197624236553
-3   3.0015993944812847
-3   3.7664108865896688
-3   3.0002645385734854
-3   3.2675092885267483
-3   3.0000910932624318
-3   3.0029421968898302
-3   3.0000461588519189
-3   3.0016305815706708
-3   3.0029431427357061
-3   3.303676065125924
-3   3.0023336333006068
-3   3.1544731730292423
-3   3.5999405579182309
-3   3.0050805229477051
-3   3.0054642911956564
-3   3.068025949412545
-3   3.0083534237235656
-3   3.9377788549126267
-3   3.0000695800473185
-3   3.0001323713727741
-3   3.0001852436166567
-3   3.0011018043654096
-3   3.0000768175597883
-3   3.0000111711982211
-3   3.7723553948644657
-3   3.0000348226192934
-3   3.2716326175749328
-3   3.0000109645227493
-3   3.0017897723091735
-3   3.0001168268193013
-3   3.0001474896699056
-3   3.0000051876903364
-3   3.0000218437139585
-3   3.0293840570428712
-3   3.0000112960635961
-3   3.9343996804333496
-3   3.0000629864925417
-3   3.0535325514034524
-3   3.0000279687703579
-3   3.000035503906016
-3   3.0001828192827542
-3   3.0000253332464943
-3   3.000054083100375
-3   3.0000164241441554
-3   3.0998241227707304
-3   3.0000679015781615
-3   3.9202847884502585

-2   2.000294071024125
-2   2.000473293829351
-2   2.0010598826953525
-2   2.144963633172265
-2   2.0096327855879985
-2   2.8881689554706989
-2   2.0032034010961692
-2   2.1143993945484665
-2   2.0040801454708701
-2   2.9040793664846194
-2   2.0013454652683538
-2   2.0034980700811511
-2   2.876606975055207
-2   2.1397216258844272
-2   2.0219205882511386
-2   2.0110406530956397
-2   2.0166763565802488
-2   2.0202668859682289
-2   2.0159245589675581
-2   2.8735033690954062
-2   2.1446780299290356
-2   2.0037545865542445
-2   2.0919757677530564
-2   2.9607910924734462
-2   2.7180925259138373
-2   2.7191674191291972
-2   2.0320683668796247
-2   2.3070903179436488
-2   2.2441292834472213
-2   2.4732574108202958
-2   2.6732702162048723
-2   2.1155510997028433
-2   3.0539314928512313
-2   2.5763005586668415
-2   2.3190442280078467
-2   2.1276977353788022
-2   2.8672113752235107
-2   2.4845062397608193
-2   2.3095308315815677
-2   3.2276798730085665
-2   2.3674327836350528
-2   2.5540588865774851
-2   3.053860059871544
-2   2.3314553505008759
-2   2.3925809487088441
-2   2.3286783563800526
-2   2.2303377794748305
-2   2.5864744626695138
-2   2.2305131903696465
-2   2.1322160723099444
-2   2.4810453839691058
-2   2.4127893885336826
-2   2.0121973915258153
-2   2.0020732659592104
-2   2.008450761986893
-2   2.0078617720982224
-2   2.0534053834528807
-2   2.1110229736247446
-2   2.9127064317803413
-2   2.5735050609791306
-2   2.3783056613512072
-2   2.9587980057236964
-2   2.0920175159040038
-2   2.0740400099650596
-2   2.1244561937040527
-2   2.0229495493173735
-2   2.3109354592153228
-2   2.5228686482587008
-2   2.0523026452876949
-2   3.021606803920486
-2   2.3851479940473075
-2   2.0875886499479308
-2   3.2482837207892605
-2   2.5549351571165344
-2   2.9215605248912788
-2   2.1279580407158103
-2   2.6957218957246742
-2   2.048527843482308
-2   2.0848991746881995
-2   2.0661734644130609
-2   2.0930242554993654
-2   2.7128810153719654
-2   2.31050423442167
-2   2.2687958440454299
-2   2.2518019553633879
-2   2.1984852881318089
-2   2.0609494587536119
-2   2.7548093965405478
-2   2.4283369873600034
-2   2.0183508238657368
-2   2.4565850262726521
-2   2.0668232208668922
-2   2.6706574896589887
-2   2.684042931436406
-2   2.7089019149628166
-2   2.7048631701590273
-2   2.9846117785043864
-2   2.3795958515810041
-2   2.65995510326686
-2   2.7004705655249648
-2   2.0639889455909417
-2   2.0028898011506899
-2   2.0274626665516404
-2   2.0306569058894617
-2   2.0761270417185727
-2   2.2727725711363878
-2   2.1398416701487708
-2   2.3084787579761334
-2   2.4892412184880262
-2   2.8122082442282519
-2   2.0327716266251841
-2   2.0059448399399624
-2   2.9827195201932057
-2   2.0148954637322016
-2   2.0077606518510258
-2   2.0041920898266934
-2   2.0140740369336947
-2   2.029061328008817
-2   2.0661592486921974
-2   2.1629590746645979
-2   2.5118478595810645
-2   2.353088219093201
-2   2.1463436080841323
-2   2.4558922898315321
-2   2.0524506757238346
-2   2.754266948756622
-2   2.6428756037354066
-2   3.261761501316478
-2   2.8475777623691916
-2   2.2997544114686543
-2   3.2325516957015838
-2   2.6832598661430422
-2   2.3027424966013119
-2   2.2844637919166293
-2   2.6941885998415072
-2   2.3366029987840387
-2   2.411624499012035
-2   2.3237881558866236
-2   2.7267635613283985
-2   2.6073938079486028
-2   3.7445259796781887
-2   2.0174128627204229
-2   2.002685965403221
-2   2.0358239424750417
-2   2.0029031889019611
-2   2.4577088251479666
-2   2.5065080989147019
-2   2.0550051656267985
-2   2.2056073555118298
-2   2.1281378869227634
-2   2.7795942557953324
-2   2.0224019441367882
-2   2.0009238412533663
-2   2.9238487476049917
-2   2.6595773800548734
-2   2.4169702880763615
-2   2.0943426283583113
-2   2.0043740426866075
-2   2.9923431620000476
-2   2.0084786626809943
-2   2.0010320858245128
-2   2.0051098923531567
-2   2.0080672733822418
-2   2.0113168556322418
-2   2.041550866707103
-2   2.8937888652742147
-2   2.0076510750482726
-2   2.0176529735268636
-2   2.140244126516393
-2   3.7975620549454021
-2   2.1794236468944415
-2   2.2102302031077312
-2   2.705068503097865
-2   2.8276005898989216
-2   2.9321860716741859
-2   2.3665545710300209
-2   2.0732604237280801
-2   2.0301521606840174
-2   2.0772438185014943
-2   2.0634797669579235
-2   2.9571956872858478
-2   2.0004228363312233
-2   2.0052810198632378
-2   2.0009904128087941
-2   2.0043139114302657
-2   2.001872662855761
-2   2.0021663664597704
-2   2.0049986843046246
-2   2.2017655874336768
-2   2.1679037358194617
-2   2.6603272646796512
-2   2.6767140051033227
-2   2.2049299492906713
-2   2.2091189099587587
-2   2.0337424162065969
-2   2.0285604582430588
-2   2.0014700019307319
-2   2.0129927751338808
-2   2.5650442072376043
-2   2.7668653499690485
-2   2.4207395199426043
-2   2.1739152917528091
-2   2.1054978715240265
-2   2.1258605700357269
-2   2.0028601826019194
-2   2.0483723196891588
-2   2.2032740725586639
-2   2.2293453528158631
-2   2.1731415910384246
-2   2.6991193656162888
-2   2.8175906757827742
-2   2.0013477115242888
-2   2.0166167114010727
-2   2.0417876138397291
-2   3.3837844511799822
-2   2.8747101266765762
-2   3.0380501076202462
-2   2.7730196049922
-2   2.1095039302655683
-2   2.0495042628080484
-2   2.0022277010943959
-2   2.0029876116427636
-2   2.0007612273416742
-2   2.0033352580721631
-2   2.0233117024249125
-2   2.0019232813611265
-2   2.9778747926155269
-2   2.0151982801048871
-2   2.0030804401410576
-2   2.9857652116809859
-2   2.0023391426025281
-2   2.0048669774356465
-2   2.02432547215298
-2   2.0095677682196671
-2   2.0212742691266832
-2   2.0102090881113148
-2   2.8569294075896745
-2   2.0773092681824106
-2   2.1603074089480589
-2   2.0538566908016871
-2   2.055212094205884
-2   2.4541352436700445
-2   2.501769839153801
-2   2.1507759923933665
-2   2.185059175003607
-2   2.7642723893726089
-2   2.2046858656254642
-2   2.9709672068938975
-2   2.1681623979233149
-2   2.9598404832770537
-2   2.8707791771620159
-2   3.8774574003148361

-1   1.027591429898802
-1   1.0798299437670891
-1   1.1296694322195113
-1   1.6346541495443505
-1   1.0563511758216524
-1   1.4545384003662314
-1   1.3873947720016018
-1   1.1291405811826813
-1   1.3624823605308929
-1   1.7136569119577802
-1   1.9129280326841842
-1   1.2279617710653499
-1   1.8752225573895762
-1   1.8095421249313968
-1   2.8359969728887542
-1   1.0334678367448453
-1   1.9357492894371271
-1   1.2674355602399139
-1   1.1121632885203352
-1   2.0613750870063248
-1   1.8604908252269214
-1   2.787016121523207
-1   1.2853696166795212
-1   1.1214329201275588
-1   1.9012302689712941
-1   1.0220168558101816
-1   1.3867746541955277
-1   2.5767085805553389
-1   1.7351048763806078
-1   2.0810324352260543
-1   1.0570978708422802
-1   1.3554236446738688
-1   1.3743140726957788
-1   1.6279234244041794
-1   1.2393104361441543
-1   1.8225552044486362
-1   1.3713155442294855
-1   1.4368113011392001
-1   1.3876567973985749
-1   1.6506125535927167
-1   1.7790730039268272
-1   1.2580561010923836
-1   1.6061618378680298
-1   1.341737612231505
-1   1.394148640374697
-1   2.7420169319021634
-1   1.1245398084093119
-1   1.245837104500688
-1   1.7515044947091263
-1   1.3659018700143852
-1   1.0998154217836396
-1   1.8640893780353034
-1   1.8034261928898867
-1   1.9154993368060751
-1   1.8810398291280834
-1   1.2740404874881703
-1   2.0253726984957616
-1   2.1477936811865135
-1   2.1037209966865444
-1   2.3761246156182572
-1   2.5440274858343863
-1   1.8161495368505358
-1   1.5133691375738221
-1   1.9210918117815479
-1   2.6592141765848791
-1   2.63900615832075
-1   1.8286088146430974
-1   1.7287874271575361
-1   1.6264192527914729
-1   1.9642886461151154
-1   2.3037606388062533
-1   1.8721002896603389
-1   2.1268065172608841
-1   2.5597131816248355
-1   1.9755716946133788
-1   1.7146368861178423
-1   1.6615491918935539
-1   1.6164097909865878
-1   1.8324769988401801
-1   1.699964608935681
-1   1.7478576135485815
-1   2.6684416752356035
-1   2.0282385307992574
-1   2.2752666109619128
-1   2.0720118733135617
-1   1.8713234831834882
-1   1.4464063686100324
-1   2.7644783796996819
-1   1.8306242688999061
-1   2.1928639212040313
-1   1.5884383210423301
-1   1.3971406416682637
-1   1.6022684301296768
-1   1.7760841677248602
-1   1.2659982687816889
-1   2.373423636127955
-1   1.8936686996902443
-1   1.5166366021358191
-1   1.072104901355224
-1   1.9495085288829714
-1   1.2727851875306209
-1   1.6801030579742262
-1   2.8139453045898533
-1   1.7599831704700075
-1   1.9886867187206572
-1   1.151307944424329
-1   1.3387255044535304
-1   1.1562364068184392
-1   1.9218066072924902
-1   1.1433843017330214
-1   1.8353995183078546
-1   1.8096730167549349
-1   1.9124723189429069
-1   1.1746548385421571
-1   1.0938398770405697
-1   1.0747000457448701
-1   1.9178775989998775
-1   2.1551197379536724
-1   1.9100939244930029
-1   2.2344235639590821
-1   2.1345443783501934
-1   1.6714891285565994
-1   1.5645513452307043
-1   2.4145611783684009
-1   1.5861400179901599
-1   2.5249816062957775
-1   1.4187100249903184
-1   1.2523019521886631
-1   1.8053721305106474
-1   1.8745030009090735
-1   1.771828878391851
-1   1.6142764825922002
-1   1.8003118541847507
-1   1.5312125790971018
-1   1.5179575636950617
-1   1.7268616094533047
-1   1.3392759879028782
-1   1.4416909982409409
-1   1.8321493648983163
-1   2.0771085673281489
-1   1.7288859777931478
-1   1.7951944446092485
-1   1.6381831361426995
-1   2.0308927990463488
-1   1.8494586199447003
-1   2.5441980195042531
-1   2.1290389094488629
-1   2.768420238814548
-1   1.5789179021539508
-1   1.4567678057511571
-1   2.6534722632852148
-1   2.4227656868810725
-1   1.6646675865850806
-1   1.7093772477438103
-1   1.6405002954989434
-1   1.9944014353139621
-1   1.4780353458306776
-1   1.5772230305475552
-1   1.6341025977000663
-1   1.6473442190700123
-1   2.309101063718098
-1   1.6034848268376063
-1   1.4464605540747115
-1   1.4398324952391786
-1   2.475626618015927
-1   1.6905681650126883
-1   2.1358171273622162
-1   1.204905498188177
-1   1.5078001137532175
-1   1.7289511164389477
-1   1.4219602095408017
-1   1.3678547304487481
-1   1.6157735767581718
-1   1.2702663344530398
-1   2.3779578862032857
-1   1.5860476929610705
-1   2.2499805541105973
-1   2.1047561717523728
-1   1.8396017039331469
-1   2.198269689751803
-1   1.8662990476047079
-1   1.9535672263385004
-1   1.1463565716560191
-1   1.7438859350650082
-1   1.742237642098134
-1   1.0668880189447241
-1   2.153904809699271
-1   2.2166037181701235
-1   1.1490583217992574
-1   3.090223127904931
-1   1.7951356403715422
-1   1.5249099606157794
-1   2.6835175273531924
-1   1.2291610542338867
-1   2.5705951994886229
-1   1.6482454934387514
-1   2.3415942727953065
-1   2.7090400594230828
-1   1.9187621392064687
-1   1.15575101340324
-1   1.4319838535530516
-1   1.6402277498164461
-1   1.0629781966244174
-1   1.9233765069711635
-1   1.0648173926803137
-1   1.6541895360699344
-1   1.2374318282458974
-1   1.2615193652343177
-1   1.5872911701053964
-1   1.2224433102469388
-1   1.9676778529485111
-1   1.7324474972406105
-1   2.0376228881817688
-1   1.8726022694071385
-1   1.3377977231733564
-1   1.5104719267767455
-1   1.7785685040827457
-1   1.4022694110603322
-1   2.2733328840219929
-1   1.5108212855828671
-1   2.1719366901274917
-1   1.8630103692403948
-1   2.0007252940207501
-1   1.9912531315962654
-1   1.2588774929679241
-1   1.3078436915834348
-1   1.2524099015844323
-1   1.858903134683592
-1   2.0547528788205232
-1   2.0577741811944583
-1   1.8673743884299405
-1   1.2269294320819728
-1   1.1787558942304355
-1   1.68884399535921
-1   1.6992950585046862
-1   1.461483859620001
-1   1.687417731709008
-1   1.6441105023566771
-1   1.513850480044912
-1   1.3565962063136767
-1   1.9035184728344796
-1   2.0789371375377206
-1   1.8583720807672313
-1   2.1470875752185368
-1   1.7338443372478434
-1   1.8460173644769342
-1   2.4195960835058461
-1   1.8877220378745623
-1   2.2457030705219085
-1   1.6203515955315737
-1   2.5017674769013136
-1   2.4568796072060448
-1   2.2559251326181893
-1   2.6720644539299316
-1   1.6802419695564303
-1   1.8410884270421652
-1   3.2519247202740535
-1   2.1730368500910768
-1   1.6894283065471782
-1   2.4452958284434345
-1   1.6481324680078853
-1   1.5185589740053658
-1   2.1407264722143138
-1   2.3358045375367498
-1   1.633099321052629
-1   1.5628395990147994
-1   1.7353715530181488
-1   2.3491289647522353
-1   2.5484431942821186
-1   2.0399070412800704
-1   2.3754230726685708
-1   1.5539801002164793
-1   3.7987785792008122
-1   1.088593324625964
-1   1.9371467533636908
-1   1.1132832674085544
-1   1.2221991176722209
-1   1.0646850774337044
-1   1.767586433209352
-1   1.1377285394965122
-1   1.3188104891781738
-1   1.7415521050620768
-1   1.9171530869717524
-1   1.2185954459320194
-1   1.3499094149339139
-1   2.0402636290989475
-1   1.5582203301850979
-1   2.5992394948803206
-1   1.4974749678090997
-1   1.6943854726079133
-1   1.9519094446775211
-1   1.7726408881777815
-1   2.913775440242055
-1   1.2660471868642993
-1   1.9816168054959222
-1   1.0138435197484024
-1   1.0285167460562141
-1   1.6814344364735625
-1   1.0069105806537908
-1   1.4330788089307382
-1   1.0479517486721484
-1   1.773309090308913
-1   1.793212131293219
-1   2.2487991172049231
-1   2.4186310843046659
-1   1.875704733436248
-1   2.0986976463706872
-1   1.5915347250630885
-1   1.9761732157047298
-1   1.9730984732046353
-1   1.1698745130702164
-1   1.4915258074973567
-1   2.2537933696585637
-1   1.9300166943100292
-1   1.8365849893830699
-1   1.1933810373896261
-1   1.3495049312173211
-1   1.7916511916854829
-1   1.8880891370395472
-1   1.8156477757532965
-1   2.0331145699679278
-1   1.9041869163965899
-1   1.1380082229581281
-1   2.4820194342134902
-1   1.1515193767211442
-1   1.834276974630948
-1   2.0589968708375412
-1   1.8242954420406492
-1   1.1567749218433436
-1   1.2381805087169675
-1   1.4284522695052977
-1   1.4369523746259691
-1   3.5917723014241973
-1   1.2271756415788784
-1   1.613774707016455
-1   1.4159664428423673
-1   1.4188587657277361
-1   2.3741644265223014
-1   1.3313266977209082
-1   1.6220375755148857
-1   1.987868651283998
-1   2.7069215514425107
-1   2.0819632282413378
-1   1.6482193869310433
-1   1.314397538300774
-1   2.0635311682879718
-1   1.9741917251586827
-1   1.7814203268950233
-1   1.9915016342962955
-1   1.3212881517443635
-1   1.6690347747840533
-1   1.0550413717253864
-1   1.1069092634367721
-1   1.5519431085321047
-1   1.8240710205478123
-1   2.8602793059556713
-1   1.7349658518877789
-1   1.0202317146539106
-1   1.3353141064156331
-1   1.8060078118253045
-1   1.8663071232343804
-1   1.7380807401322969
-1   1.3306164563212757
-1   1.012200003320233
-1   1.5934990930280875
-1   1.916850981123623
-1   1.9842707403764916
-1   1.006337055620828
-1   1.0046278851354022
-1   1.0388071307300244
-1   1.4119038054308188
-1   1.0310414452164871
-1   1.6791585302573058
-1   2.2425708774673025
-1   2.1654558471824203
-1   1.4120976931482172
-1   1.338151077376911
-1   1.2855000050639931
-1   1.324332945469257
-1   2.5447631838893967
-1   2.6391669915386569
-1   1.0628055759519415
-1   1.1536520219474482
-1   1.7344536356485967
-1   1.7776540124217166
-1   1.9221929544910887
-1   1.2701773795108429
-1   1.1883890328528253
-1   1.2342405643467564
-1   1.8275576228577699
-1   1.8756074778319611
-1   1.8674356047333509
-1   1.0639715450434213
-1   1.0292754269347573
-1   1.0795832508756689
-1   1.0547384483915914
-1   1.0297896451640114
-1   1.96996525330957
-1   1.5333714086689469
-1   2.2616688576780337
-1   2.2284158780191659
-1   1.5667077200617516
-1   2.2166050232411094
-1   1.8235640442733554
-1   1.4655248889990349
-1   1.9149362543684103
-1   1.1756143812792532
-1   1.5601021404138011
-1   1.3776313145377479
-1   1.0096565201185213
-1   1.0141314051746571
-1   1.0178839854068633
-1   1.9896967741987259
-1   1.0349734851421946
-1   1.830265317308613
-1   1.0632148988939831
-1   1.9793902498221092
-1   1.0342769538380321
-1   1.1387949778812019
-1   1.3876593858459463
-1   2.4550786580910837
-1   2.262405343755872
-1   2.4222583219146863
-1   2.6634044937855785
-1   1.6871551548908812
-1   1.5543599875302037
-1   2.0460981328029426
-1   2.0843734384691812
-1   1.5219550209151396
-1   1.5425725408455597
-1   1.3631402583662231
-1   1.9873617826345846
-1   1.2425963871408259
-1   1.8215825171963544
-1   3.0512379180972959
-1   2.3908418459332119
-1   1.2497329372727239
-1   2.8161614206496441
-1   1.8426283639286787
-1   1.8465798151751249
-1   1.7191512315641564
-1   1.3871594523742974
-1   1.0989925733576047
-1   1.967565986601588
-1   1.0194809180004269
-1   1.0258126820486735
-1   1.2227922622479881
-1   1.1952535453064255
-1   1.8106274666066846
-1   1.7873371098202138
-1   1.1009466210659669
-1   1.113181588295483
-1   1.1259282658859915
-1   1.9692518139886781
-1   1.6250770534914447
-1   1.5616347015581522
-1   1.8211808201360649
-1   1.9765620192401858
-1   1.3332366322119893
-1   2.4797227954255248
-1   1.861548240578093
-1   1.9551935898449186
-1   2.9181032464615773
-1   1.0149871860011233
-1   1.0317549197599496
-1   1.0123379897282205
-1   1.9010726754979799
-1   1.0381649991676132
-1   1.1454995382182087
-1   1.1611152253088157
-1   1.0906940014850597
-1   1.8206258268796915
-1   1.1955845367707525
-1   1.2086731207139927
-1   1.1067738822032196
-1   1.8467561734670377
-1   1.2137900134105133
-1   1.8026300504670902
-1   1.9418212313910193
-1   1.9256680344503083
-1   1.2400411062861587
-1   1.1104812016424268
-1   2.7144773996649088
-1   1.6603079162199359
-1   1.9417412678129837
-1   1.1711692031900667
-1   1.8065660713426817
-1   1.742024082529126
-1   1.3488225041679152
-1   1.992767565944269
-1   2.3937123824539626
-1   2.0318325120014724
-1   1.3198435027878099
-1   2.0498935261401234
-1   1.9929678886038613
-1   1.3994447501519547
-1   2.5532088034737828
-1   2.4181319944032675
-1   2.0214386320849549
-1   2.8809855696786015
-1   2.0487629730701404
-1   2.9481745940612623
-1   2.8398481826722946
-1   3.8605463246156493

0   0.035844202105245082
0   1.0026118259364867
0   0.72345081954316215
0   1.0441212923706726
0   1.00285004280254
0   1.1805418894593356
0   1.0153599452454085
0   0.17439612005074412
0   1.5109628559070933
0   1.050688765207203
0   1.003309927749146
0   1.9969494794047256
0   0.617448803046037
0   1.0287096621819922
0   1.0040677281440418
0   1.676714699376975
0   1.2796701678969078
0   1.9592995838813434
0   1.7709029358474573
0   2.8007276115921371
0   1.0019180473771976
0   1.6392584343240073
0   1.0033742594937707
0   1.030466573181269
0   1.1267112617699762
0   1.8851834487609174
0   1.8843572308573471
0   2.7888412079784799
0   0.57142325055024612
0   1.2200485371363508
0   1.0965480501851028
0   1.802526755543481
0   0.32380578260142667
0   1.1043809622561003
0   1.0023408629058215
0   0.70007387367713392
0   2.6751296532775219
0   0.075092665011992854
0   1.8732774741770815
0   1.6249728351415804
0   1.4321736518670531
0   1.0024183031990521
0   0.80352322386555119
0   1.9479575595379681
0   1.0025254857469539
0   1.1037932143152851
0   1.9933073930417171
0   1.1137498916759141
0   0.27287824107383052
0   1.6862197725623855
0   1.3555330561106229
0   1.011867550878828
0   1.9320748897590647
0   1.9416748433995124
0   1.0382396679357477
0   0.95380097957617771
0   1.5024427685218531
0   0.33040516143534915
0   1.0173701175130374
0   2.4074137538553422
0   1.0719893380557253
0   0.97438278593978445
0   1.5759295971373639
0   1.0326592984600496
0   1.0338026581778006
0   1.5202126338569899
0   1.1516062309746005
0   1.8174816845309203
0   2.2765827397253071
0   1.1735253781840977
0   1.3552275072054487
0   1.0305092567091891
0   0.857991841643855
0   1.8157426934408973
0   1.6263029180417488
0   2.721819572477377
0   1.7735912671052994
0   1.1315172878984709
0   1.0447141200546244
0   2.06947205964536
0   2.4349742607286662
0   1.7044121030538357
0   1.6473612811158538
0   3.3209942733770541
0   1.9532257982214536
0   1.8493672836196131
0   1.2233065523934687
0   1.95297968039183
0   1.4895795411612871
0   2.3355864164585443
0   1.6247281860880394
0   1.2995526847379255
0   2.0921264803995068
0   1.7713582016371383
0   1.7013864239790699
0   1.7076253944625299
0   2.0724664823730952
0   0.66975735690003546
0   2.2560662455215783
0   1.2743090916529101
0   1.9744981309693532
0   1.2139617456207747
0   1.8051344874934587
0   2.2938758105739301
0   1.3661418821261737
0   1.7496710003440419
0   1.4885871156838049
0   1.6444011605507574
0   2.4136172021100042
0   1.6694502220784875
0   1.6615278694289501
0   1.6674742769403097
0   1.4382547997562829
0   1.9781214246104732
0   1.9669005096063521
0   1.2262370615758937
0   1.5136314237624706
0   1.6288142073678995
0   1.0958455401778855
0   1.1659452234191627
0   1.8182579298932207
0   2.5069988399392309
0   1.3641152236968699
0   1.7346109813419148
0   0.61153197590418418
0   1.1871965909067681
0   2.6890615840019105
0   1.3647799549318154
0   1.1106504080630721
0   1.3711019756771026
0   1.5554954865362429
0   1.0132558693263805
0   1.2518776661436297
0   1.3621527285543775
0   0.47482709777327836
0   1.033843228342189
0   1.0470340753679144
0   1.6248410735582017
0   1.0063708670696672
0   1.9717211736528446
0   1.9562481052213387
0   1.3297779835531445
0   1.0222092354231878
0   1.1320949070551396
0   1.6041676472400317
0   1.0069096336447323
0   0.21537810136368929
0   1.8890128845075487
0   1.8843620541774353
0   2.4984389897133052
0   1.7257743070543339
0   1.9295842882832259
0   0.76122726608154112
0   2.084459090022079
0   1.5234314195342322
0   1.8518111263751171
0   1.9093516709759073
0   0.66979971128902061
0   2.2723149732593462
0   0.64954836129708582
0   1.6234115530327466
0   1.2194990276777498
0   1.1230095502612327
0   1.1158557603172983
0   1.9506877553752529
0   1.7898484523458822
0   1.8809944336987239
0   1.1534604497525018
0   1.2472329417126862
0   1.1293303917435731
0   1.3972220939263111
0   1.5179854296724566
0   1.815896511879179
0   2.2280908360415772
0   1.7088764649917714
0   1.6142317519987182
0   1.1753373099206474
0   1.9096244477847235
0   2.1827005090981881
0   1.3727052524446421
0   1.2376813635637813
0   0.99995267765337337
0   2.4561551159375208
0   2.491026893123212
0   1.2183195475128967
0   1.800110305758222
0   2.7172713911180906
0   1.9996361803583453
0   1.9837203987412706
0   1.0391575575628733
0   1.4949589587115035
0   1.5969785111102319
0   1.0857965335457458
0   1.7205104696570932
0   1.5587832412358704
0   1.1667762178467171
0   1.6511566652195695
0   1.8836905983588186
0   2.0413076136958508
0   1.4394171551612054
0   1.6722794359514936
0   1.1913183614730716
0   1.5635581820639128
0   1.1961181124530784
0   1.3681345236007436
0   1.656385038839733
0   0.45597893075265683
0   2.2900124246494262
0   2.0223484538815368
0   1.1097282722889501
0   1.228436020458247
0   1.5261509162705078
0   1.4049422511971263
0   1.5346993678364429
0   1.073003107596836
0   2.1206510889696095
0   1.9641549489714145
0   0.79469413117858245
0   1.8924630223366949
0   1.4087219825564519
0   1.1904455890565819
0   1.3435490026339489
0   1.9193468284292718
0   1.5639542520413956
0   1.564198345715893
0   1.6726154099714772
0   1.9243216573188549
0   2.099263277612172
0   1.744550639796461
0   1.0092654269958357
0   1.0342085325905643
0   1.0243008133886564
0   0.79784533051204209
0   1.984924393198443
0   2.0105511587774609
0   1.9624721483149439
0   1.7402676231405079
0   0.27064535010687307
0   2.3580797032842771
0   2.4376933205173228
0   1.5561676522071406
0   1.5563729591491158
0   2.2350830077265549
0   2.3335080313287775
0   1.0533026410415796
0   2.4068801480964046
0   2.364260115513694
0   1.0497774998914331
0   0.88278003706323549
0   1.9561732839969381
0   1.0143810112818159
0   0.086418217041100975
0   1.0139433406367846
0   0.71053136961237096
0   1.4130529078179126
0   1.9495286569493842
0   1.02020392660365
0   1.0072881475215461
0   1.9718221319963964
0   1.0808723068756199
0   1.9222931651221828
0   1.3249460944178619
0   1.3123463354303668
0   1.1993448416619554
0   1.0200850242007762
0   1.3058874864014374
0   1.30028201440387
0   1.2222900880782566
0   1.0145903367090059
0   1.326972972993073
0   1.0195500224474217
0   1.3049481447804643
0   1.085882035472659
0   1.6217203192437464
0   2.2052182893855776
0   0.92122227405157209
0   2.6414778595349158
0   1.0556936692535615
0   1.9519829244868445
0   1.9504045939070838
0   1.3917064957885414
0   0.59427586388047704
0   1.0133737582295306
0   1.8051282748345097
0   1.4071547615434803
0   1.979711062579864
0   2.420359422316769
0   1.4130118460072911
0   1.8780815291226283
0   1.0118444838715344
0   1.0198365524815984
0   0.8626382882854875
0   1.3246700802402853
0   1.9641829101684811
0   1.7978748119130965
0   1.5855658500575616
0   1.6700689708686522
0   1.0494267355855544
0   1.0936571511154298
0   1.571355466197049
0   1.8202499753507801
0   1.0514024944522844
0   1.8523945467398284
0   1.7454917504935352
0   1.3872176788221584
0   1.9144496348792583
0   1.696681554200377
0   1.8673152073952077
0   1.8938821049191796
0   2.5894138291227344
0   1.0820714499612287
0   2.2665990497725441
0   2.3246728164618626
0   1.9261991134295351
0   2.8662197803708951
0   1.2084916570472173
0   3.2513331328903075
0   2.0216575565374364
0   1.9316945423164875
0   2.8008530564387839
0   1.5907776903818287
0   1.8682194731582924
0   1.3450219462447928
0   0.5339011537692977
0   1.5200057858266969
0   1.0674922875343169
0   2.354360629075702
0   1.9357288417101324
0   1.9575107846582709
0   2.0709003176910388
0   1.3000149978171358
0   2.5716506747541352
0   2.4319502743287331
0   1.9794189057324059
0   1.9334887117703792
0   1.0792739881406987
0   0.45377912577829316
0   3.8432442004976748
0   1.0162867273165581
0   1.0234101670556726
0   1.9308541096745433
0   0.34428274120832414
0   1.0420914938639991
0   1.0014850399369426
0   1.8668142624815833
0   1.0141295438929347
0   0.2310478462612412
0   1.3281686103267476
0   1.0444062835173744
0   1.4843456228361753
0   1.8292249402583014
0   0.49313458650278641
0   1.077179463656835
0   1.0605949639122221
0   1.896404161695072
0   2.1435132951976992
0   1.3716038711814371
0   2.186416709837574
0   1.7915294927263483
0   1.0116413894436032
0   0.78542378163899573
0   1.4932430853574832
0   1.7024202874976213
0   2.9535816858894322
0   1.004477849207301
0   1.6089160756302379
0   0.9595753222519201
0   1.0136171326122971
0   1.0186821997091908
0   0.87582770159624501
0   1.0043680879869126
0   1.6505063522915537
0   1.0044359561389358
0   1.0752402709257676
0   1.4503615788347886
0   1.4362195519243901
0   1.7586852852636792
0   1.7914978613171337
0   1.7863609792578252
0   1.6712965937582087
0   2.033620243370156
0   2.4996795134854253
0   1.6134043748049867
0   0.97140376940345252
0   1.0011273059649486
0   1.0018315518982002
0   1.0609006989512242
0   1.3308263370079989
0   2.8348496530518492
0   1.8293499500440524
0   1.781283760965604
0   1.3119345376393192
0   1.3398224028626935
0   1.0051166709598878
0   1.0134565968476927
0   1.9814461631240832
0   1.9937275758257718
0   1.3982889308759587
0   1.7668293695134158
0   1.0022632866863554
0   2.835251468220219
0   0.67985967912904788
0   0.28149009817305803
0   1.0282265714621701
0   1.7671124925181592
0   1.5075794065035715
0   1.0038718428625522
0   1.9910030041510578
0   1.0623078306058173
0   1.7279762319446457
0   0.73573370596749599
0   3.3604995147962833
0   1.4937053915489731
0   1.513319639865736
0   1.1604982264833901
0   2.1370879298912753
0   1.4469277637506097
0   1.0247278893516991
0   1.1338818172825074
0   1.4440233373484779
0   0.81190789192544655
0   2.5610504443519004
0   1.1529690408499533
0   1.0439649021899089
0   1.4630731687716081
0   1.3767155031540135
0   1.4577788842197321
0   1.6096890716271748
0   1.7821699948336853
0   2.4149600775112785
0   2.1527320143209376
0   2.1677785931553282
0   1.1743739850104582
0   1.2915094011818202
0   0.64983340896799646
0   0.61813923872060972
0   1.6271836323506994
0   1.9957173444606315
0   1.3442960179419035
0   1.0071816691500384
0   1.0051118000414934
0   2.6429138566792112
0   1.7709792311615091
0   1.0105724350054643
0   1.0028402398749423
0   0.71358947332750411
0   0.40196733681610353
0   1.0042255965422326
0   1.9831829193358366
0   1.9763756402795827
0   1.9958398708150025
0   1.0010102500654101
0   1.0036906455919112
0   1.9821852386328311
0   1.916588612339913
0   1.0047024694816495
0   1.000727947504412
0   0.053316659600933569
0   1.0410706815454807
0   0.029201204265900671
0   0.058041252402482146
0   0.53261206022466556
0   1.0372909766718434
0   1.0048270406192519
0   1.8300177124783796
0   0.31567629001588715
0   1.9446740933173827
0   2.9475387091699075
0   2.8799135235419566
0   1.8914363618172803
0   1.0321631951084416
0   1.0008510443033938
0   1.0915617992947964
0   1.9924814731391307
0   1.9366892986676412
0   1.0073986466953475
0   1.0171413111795626
0   1.0375186890890646
0   1.4563139555421347
0   1.0872503943228315
0   1.036049176219177
0   1.9340621134727192
0   0.51745678509947735
0   1.0025834869091341
0   1.0027117384171123
0   1.9808248377712441
0   1.9367657056206422
0   1.0681109827318784
0   0.31378945884086218
0   1.0288629330702748
0   1.0055486402270735
0   0.24291439693301109
0   1.0092121514357488
0   0.08010892600121966
0   1.0103252710329413
0   0.87049797897736503
0   0.18997689416191099
0   1.3537942976176305
0   0.26839594334618921
0   1.6259879285918917
0   2.570390097213465
0   1.9092408801386691
0   1.7999717858787387
0   2.1618825863817359
0   1.6093205068842242
0   0.38694587295088378
0   1.9838179340593567
0   1.9775363761838363
0   1.144007134002399
0   1.0397558195143031
0   1.1033272259660725
0   0.059994346464416148
0   0.068163627164515295
0   1.0045890941398847
0   1.0038650407375329
0   0.5942083588173126
0   1.0045257266785077
0   1.7968338008828693
0   1.0199350895089689
0   0.9320498440331062
0   1.0094319772068212
0   1.9666168102357751
0   1.2066558741362976
0   1.6353803420977169
0   1.0422226600469684
0   0.57718207332766513
0   1.0072633750992215
0   2.724147180166451
0   1.9354609936034168
0   2.7871279118079642
0   1.8119194961345544
0   0.82776589234145703
0   1.0206224673392523
0   1.873805293126976
0   1.8635466765728901
0   1.3273385398566866
0   1.2215831699076569
0   1.9456707934936568
0   0.54604371874469582
0   2.6009146811624575
0   1.8531901062711307
0   1.5912616699343944
0   1.1727554080391234
0   0.47556749218217464
0   1.2420516328725253
0   2.1028229104137308
0   1.9566499388809824
0   3.0804883761849422
0   1.5011885275242669
0   1.4226452654288402
0   1.9612191005259381
0   1.9952897421382505
0   1.0370922683883095
0   1.3202379194869931
0   1.0843733967903029
0   1.9326126495722811
0   0.056380915614951621
0   1.0048284173635058
0   1.0050607089520156
0   0.2729630001165626
0   0.48311604401406794
0   1.005764302597612
0   1.0046184026144618
0   1.1326420993615178
0   1.7669085233331567
0   1.8789555236904576
0   1.5613747339073107
0   1.0073756813890677
0   1.1770173567464481
0   1.024383223844616
0   1.8975638962247809
0   1.6617995476238896
0   1.0599523101723232
0   1.0065989665518744
0   1.1374723306212979
0   1.4241940411709204
0   2.8536567719679038
0   1.9674750163842338
0   1.8336758886167561
0   0.060057834310385694
0   2.9144145907353645
0   1.0009694292354481
0   0.10582239518326675
0   1.0079909687097106
0   1.0019473450277669
0   0.13841090621002816
0   1.9861801863736503
0   1.0164539719682453
0   0.11261458212699937
0   1.0202436585422214
0   1.0185977033263605
0   0.36461808046696276
0   1.0113893415329025
0   1.9847761828599073
0   1.1502564165993518
0   1.0349962116494613
0   1.0140925887091121
0   1.8952120505664576
0   0.47362973618754545
0   1.0505891947406152
0   1.9317808326221164
0   1.7862641956198018
0   1.9463185200312223
0   0.45234497335488644
0   1.1029206272944332
0   2.770152412189633
0   1.0197096832942731
0   0.84317263346675508
0   1.9934117550541495
0   1.0394831175860519
0   1.3409395972974647
0   1.8879812798659863
0   1.9909994376725324
0   1.0808590016230422
0   1.8595780739687191
0   2.266040516055698
0   0.93908010894828964
0   2.1885850109195766
0   1.0708302949685624
0   1.9515317763268163
0   1.8640151277692647
0   1.3221183252550208
0   2.9342230870518193
0   2.0372646433999524
0   1.9854939813468744
0   2.8450139224076025
0   2.0316730603134481
0   2.9534111258315825
0   2.8445167993206173
0   3.8534895548377248

1   1.0275914298988149
1   1.0798299437671202
1   1.1296694322194714
1   1.6346541495443425
1   1.0563511758216206
1   1.4545384003663488
1   1.3873947720015856
1   1.1291405811827784
1   1.362482360530856
1   1.7136569119578384
1   1.9129280326841758
1   1.2279617710652682
1   1.8752225573895895
1   1.8095421249313319
1   2.8359969728887431
1   1.0334678367448054
1   1.9357492894372932
1   1.2674355602397789
1   1.1121632885203856
1   2.061375087006259
1   1.8604908252268588
1   2.7870161215232123
1   1.2853696166795805
1   1.1214329201275555
1   1.9012302689712808
1   1.0220168558101779
1   1.3867746541956427
1   2.5767085805553633
1   1.7351048763805461
1   2.0810324352260596
1   1.0570978708422225
1   1.3554236446738475
1   1.374314072695755
1   1.6279234244045746
1   1.2393104361436433
1   1.8225552044486588
1   1.3713155442295304
1   1.436811301139159
1   1.3876567973986007
1   1.6506125535926981
1   1.7790730039268032
1   1.2580561010923392
1   1.6061618378682692
1   1.3417376122314497
1   1.3941486403745305
1   2.7420169319021546
1   1.1245398084092864
1   1.245837104500823
1   1.751504494709013
1   1.3659018700144332
1   1.099815421783612
1   1.8640893780353203
1   1.8034261928898108
1   1.9154993368061217
1   1.8810398291275363
1   1.2740404874882307
1   2.025372698496303
1   2.1477936811863301
1   2.1037209966866541
1   2.3761246156181244
1   2.5440274858344529
1   1.8161495368505425
1   1.5133691375736933
1   1.9210918117815026
1   2.659214176588272
1   2.6390061583174274
1   1.82860881464322
1   1.7287874271573713
1   1.6264192527913184
1   1.9642886461153588
1   2.3037606388065197
1   1.8721002896600871
1   2.1268065172608193
1   2.5597131816248901
1   1.9755716946133273
1   1.7146368861177765
1   1.6615491918936311
1   1.6164097909865398
1   1.8324769988400593
1   1.6999646089357361
1   1.7478576135486343
1   2.6684416752358224
1   2.0282385307992743
1   2.2752666109619275
1   2.072011873313734
1   1.8713234831825174
1   1.4464063686097755
1   2.764478379700297
1   1.8306242688998946
1   2.1928639212040291
1   1.5884383210421165
1   1.3971406416682286
1   1.6022684301298775
1   1.7760841677247488
1   1.2659982687816491
1   2.3734236361279732
1   1.8936686996903909
1   1.5166366021358155
1   1.0721049013550574
1   1.9495085288829581
1   1.2727851875306286
1   1.6801030579743248
1   2.8139453045898692
1   1.7599831704699578
1   1.9886867187206625
1   1.1513079444243801
1   1.3387255044535142
1   1.1562364068184412
1   1.9218066072925009
1   1.1433843017334426
1   1.8353995183075491
1   1.8096730167549109
1   1.9124723189428332
1   1.1746548385422548
1   1.0938398770405764
1   1.0747000457448912
1   1.9178775989998762
1   2.1551197379536435
1   1.9100939244930033
1   2.2344235639592336
1   2.1345443783500464
1   1.6714891285565643
1   1.5645513452307585
1   2.4145611783683871
1   1.5861400179901812
1   2.5249816062957584
1   1.4187100249903331
1   1.2523019521887069
1   1.805372130510599
1   1.8745030009090651
1   1.7718288783919074
1   1.6142764825922735
1   1.8003118541847303
1   1.5312125790970139
1   1.5179575636950626
1   1.7268616094532883
1   1.3392759879028804
1   1.4416909982409358
1   1.8321493648983012
1   2.0771085673281453
1   1.7288859777931211
1   1.7951944446092369
1   1.6381831361427475
1   2.0308927990464136
1   1.8494586199446315
1   2.544198019504329
1   2.1290389094488944
1   2.7684202388144854
1   1.578917902153985
1   1.4567678057511277
1   2.6534722632852579
1   2.4227656868810348
1   1.6646675865850664
1   1.7093772477438365
1   1.6405002954989443
1   1.9944014353138937
1   1.4780353458306632
1   1.577223030547549
1   1.6341025976999544
1   1.6473442190700274
1   2.3091010637182023
1   1.6034848268376902
1   1.4464605540747095
1   1.4398324952391672
1   2.4756266180158657
1   1.6905681650126736
1   2.1358171273622846
1   1.2049054981882039
1   1.5078001137532175
1   1.7289511164389464
1   1.421960209540831
1   1.3678547304487731
1   1.615773576758107
1   1.2702663344529288
1   2.3779578862033279
1   1.5860476929611509
1   2.249980554110584
1   2.1047561717523573
1   1.8396017039331394
1   2.1982696897518146
1   1.8662990476046772
1   1.9535672263385084
1   1.1463565716560349
1   1.7438859350650384
1   1.7422376420981394
1   1.0668880189447019
1   2.1539048096994193
1   2.2166037181701412
1   1.1490583217989752
1   3.0902231279049492
1   1.7951356403715626
1   1.5249099606157377
1   2.6835175273532164
1   1.2291610542339484
1   2.5705951994885918
1   1.6482454934401276
1   2.3415942727952936
1   2.7090400594221311
1   1.918762139206529
1   1.1557510134031463
1   1.4319838535531155
1   1.6402277498163911
1   1.0629781966244238
1   1.9233765069711688
1   1.0648173926803288
1   1.6541895360699583
1   1.2374318282458503
1   1.261519365234375
1   1.5872911701053778
1   1.2224433102469445
1   1.9676778529485102
1   1.7324474972405461
1   2.0376228881817666
1   1.87260226940713
1   1.3377977231734159
1   1.5104719267767508
1   1.7785685040827568
1   1.4022694110603033
1   2.273332884021932
1   1.5108212855829293
1   2.1719366901275015
1   1.863010369240393
1   2.0007252940207501
1   1.991253131596264
1   1.2588774929679212
1   1.3078436915834213
1   1.2524099015844685
1   1.8589031346836
1   2.0547528788205467
1   2.0577741811944268
1   1.8673743884299343
1   1.2269294320819706
1   1.1787558942304348
1   1.6888439953592078
1   1.6992950585046764
1   1.4614838596199888
1   1.6874177317090182
1   1.6441105023566376
1   1.5138504800449479
1   1.3565962063136845
1   1.9035184728344712
1   2.0789371375377415
1   1.8583720807672228
1   2.1470875752184813
1   1.7338443372478585
1   1.8460173644769085
1   2.4195960835059034
1   1.887722037874616
1   2.2457030705219276
1   1.6203515955315431
1   2.5017674769013718
1   2.4568796072060262
1   2.255925132618152
1   2.6720644539299081
1   1.6802419695564819
1   1.841088427042163
1   3.2519247202740447
1   2.1730368500911008
1   1.6894283065471782
1   2.4452958284434092
1   1.648132468007848
1   1.5185589740054133
1   2.1407264722142711
1   2.3358045375369532
1   1.633099321052303
1   1.5628395990148181
1   1.7353715530181408
1   2.34912896475223
1   2.5484431942821697
1   2.0399070412800797
1   2.3754230726685739
1   1.5539801002164695
1   3.7987785792007944
1   1.0885933246259942
1   1.9371467533636926
1   1.1132832674085547
1   1.2221991176722129
1   1.064685077433708
1   1.7675864332093472
1   1.1377285394964936
1   1.3188104891781882
1   1.7415521050621572
1   1.9171530869716951
1   1.2185954459320225
1   1.3499094149339119
1   2.0402636290989316
1   1.5582203301850943
1   2.5992394948803312
1   1.4974749678090864
1   1.6943854726079159
1   1.9519094446775247
1   1.772640888177802
1   2.9137754402420581
1   1.2660471868642886
1   1.9816168054959187
1   1.0138435197484024
1   1.0285167460562139
1   1.6814344364735745
1   1.0069105806537904
1   1.4330788089307247
1   1.0479517486721481
1   1.7733090903089122
1   1.7932121312932332
1   2.248799117204856
1   2.4186310843046122
1   1.8757047334363115
1   2.0986976463707321
1   1.5915347250630911
1   1.9761732157047009
1   1.9730984732046299
1   1.16987451307021
1   1.4915258074973248
1   2.2537933696586094
1   1.930016694310027
1   1.8365849893830481
1   1.1933810373896228
1   1.3495049312173248
1   1.7916511916854865
1   1.8880891370395463
1   1.8156477757533285
1   2.0331145699679305
1   1.9041869163965917
1   1.1380082229581268
1   2.4820194342134685
1   1.1515193767211092
1   1.834276974630932
1   2.0589968708375315
1   1.8242954420406714
1   1.1567749218433721
1   1.238180508716977
1   1.428452269505281
1   1.4369523746259956
1   3.5917723014241787
1   1.2271756415788968
1   1.6137747070164563
1   1.4159664428423169
1   1.4188587657277492
1   2.3741644265223369
1   1.3313266977208766
1   1.6220375755149434
1   1.9878686512840771
1   2.7069215514424996
1   2.0819632282412517
1   1.6482193869309447
1   1.3143975383008299
1   2.0635311682879824
1   1.9741917251586782
1   1.78142032689497
1   1.991501634296295
1   1.3212881517443986
1   1.6690347747840812
1   1.0550413717253808
1   1.1069092634366051
1   1.5519431085322015
1   1.8240710205478337
1   2.8602793059556872
1   1.7349658518877837
1   1.0202317146539046
1   1.3353141064156206
1   1.8060078118252938
1   1.8663071232343738
1   1.7380807401323448
1   1.3306164563212899
1   1.0122000033203122
1   1.5934990930279893
1   1.9168509811236252
1   1.9842707403764912
1   1.0063370556208291
1   1.0046278851354062
1   1.0388071307300273
1   1.4119038054307755
1   1.0310414452164909
1   1.6791585302573417
1   2.2425708774673039
1   2.1654558471825101
1   1.4120976931482137
1   1.3381510773766763
1   1.2855000050641692
1   1.3243329454689261
1   2.5447631838896259
1   2.6391669915385463
1   1.0628055759519206
1   1.1536520219474995
1   1.7344536356484839
1   1.7776540124216527
1   1.9221929544910905
1   1.2701773795110956
1   1.1883890328529247
1   1.2342405643465861
1   1.827557622857904
1   1.8756074778318905
1   1.8674356047333642
1   1.0639715450434097
1   1.0292754269347595
1   1.0795832508756784
1   1.0547384483915827
1   1.0297896451640156
1   1.9699652533095784
1   1.533371408668835
1   2.2616688576780963
1   2.2284158780189651
1   1.5667077200619248
1   2.2166050232411254
1   1.8235640442735388
1   1.465524888998893
1   1.9149362543683277
1   1.175614381279295
1   1.5601021404138873
1   1.3776313145377399
1   1.0096565201185221
1   1.0141314051746415
1   1.0178839854068589
1   1.9896967741987344
1   1.0349734851422008
1   1.8302653173086831
1   1.0632148988939938
1   1.979390249822139
1   1.0342769538380514
1   1.1387949778810316
1   1.3876593858459587
1   2.4550786580910242
1   2.2624053437556695
1   2.4222583219147986
1   2.663404493785742
1   1.6871551548908816
1   1.5543599875302139
1   2.0460981328033627
1   2.0843734384693713
1   1.5219550209146768
1   1.5425725408454514
1   1.3631402583661527
1   1.9873617826345313
1   1.242596387140793
1   1.8215825171976383
1   3.0512379180965921
1   2.3908418459332883
1   1.2497329372727146
1   2.8161614206494399
1   1.8426283639287639
1   1.8465798151751014
1   1.7191512315639801
1   1.3871594523742812
1   1.0989925733576165
1   1.9675659866015756
1   1.0194809180004374
1   1.0258126820486604
1   1.2227922622480012
1   1.1952535453064628
1   1.8106274666064404
1   1.7873371098201303
1   1.1009466210660064
1   1.1131815882957714
1   1.1259282658857495
1   1.9692518139888917
1   1.6250770534917569
1   1.5616347015578222
1   1.8211808201359783
1   1.9765620192401743
1   1.3332366322121865
1   2.47972279542561
1   1.8615482405779686
1   1.9551935898449355
1   2.9181032464615488
1   1.014987186001123
1   1.0317549197599603
1   1.0123379897282303
1   1.9010726754980425
1   1.0381649991676298
1   1.1454995382180966
1   1.1611152253088364
1   1.0906940014849844
1   1.8206258268799003
1   1.1955845367707421
1   1.2086731207137222
1   1.1067738822033515
1   1.8467561734671079
1   1.2137900134104365
1   1.802630050467068
1   1.9418212313910006
1   1.9256680344504971
1   1.2400411062860821
1   1.1104812016424404
1   2.7144773996650358
1   1.6603079162194483
1   1.9417412678128909
1   1.1711692031902401
1   1.8065660713437088
1   1.7420240825291158
1   1.348822504166882
1   1.9927675659442206
1   2.3937123824556497
1   2.0318325119994962
1   1.3198435027878215
1   2.0498935261401807
1   1.9929678886038396
1   1.399444750152061
1   2.5532088034730052
1   2.4181319944041051
1   2.0214386320849109
1   2.8809855696785562
1   2.048762973070132
1   2.9481745940611805
1   2.8398481826722457
1   3.860546324615699

2   2.0002940710241233
2   2.0004732938293546
2   2.0010598826953534
2   2.1449636331722641
2   2.0096327855879972
2   2.8881689554706922
2   2.0032034010961697
2   2.1143993945484962
2   2.004080145470875
2   2.9040793664845981
2   2.0013454652683533
2   2.0034980700811533
2   2.8766069750552128
2   2.1397216258844276
2   2.0219205882511373
2   2.0110406530956313
2   2.0166763565802581
2   2.0202668859682364
2   2.0159245589675558
2   2.873503369095403
2   2.1446780299290382
2   2.003754586554245
2   2.0919757677530559
2   2.9607910924734417
2   2.7180925259138391
2   2.7191674191291995
2   2.0320683668796411
2   2.3070903179436253
2   2.2441292834471884
2   2.4732574108200969
2   2.6732702162050677
2   2.1155510997028135
2   3.0539314928512913
2   2.5763005586668593
2   2.3190442280078813
2   2.1276977353787836
2   2.8672113752235053
2   2.4845062397608526
2   2.3095308315815584
2   3.2276798730085381
2   2.3674327836350058
2   2.5540588865774936
2   3.0538600598715528
2   2.3314553505009679
2   2.3925809487088814
2   2.3286783563799633
2   2.2303377794748056
2   2.5864744626695302
2   2.230513190369682
2   2.1322160723099381
2   2.4810453839691009
2   2.4127893885336471
2   2.0121973915258136
2   2.0020732659592095
2   2.0084507619868917
2   2.0078617720982228
2   2.0534053834528536
2   2.1110229736247215
2   2.9127064317803604
2   2.5735050609791288
2   2.3783056613512374
2   2.9587980057236809
2   2.0920175159040268
2   2.074040009965056
2   2.124456193704054
2   2.0229495493173753
2   2.3109354592153042
2   2.5228686482586982
2   2.0523026452876953
2   3.0216068039204154
2   2.3851479940472782
2   2.0875886499479552
2   3.2482837207892326
2   2.5549351571166219
2   2.9215605248913561
2   2.1279580407157663
2   2.6957218957246689
2   2.0485278434823093
2   2.0848991746881915
2   2.0661734644130321
2   2.0930242554993641
2   2.7128810153719822
2   2.3105042344216877
2   2.2687958440454374
2   2.251801955363395
2   2.1984852881318195
2   2.060949458753591
2   2.7548093965405394
2   2.4283369873599341
2   2.0183508238657577
2   2.456585026272724
2   2.0668232208668851
2   2.6706574896589825
2   2.6840429314363736
2   2.7089019149628144
2   2.7048631701589705
2   2.984611778504461
2   2.3795958515810227
2   2.6599551032668569
2   2.7004705655249697
2   2.0639889455909417
2   2.0028898011506922
2   2.0274626665516409
2   2.0306569058894661
2   2.0761270417185673
2   2.2727725711363704
2   2.1398416701487957
2   2.3084787579761392
2   2.4892412184880244
2   2.8122082442282359
2   2.0327716266251858
2   2.0059448399399642
2   2.9827195201932053
2   2.014895463732203
2   2.0077606518510254
2   2.0041920898266969
2   2.0140740369336925
2   2.0290613280088157
2   2.0661592486921965
2   2.1629590746645735
2   2.5118478595810676
2   2.3530882190932205
2   2.1463436080841332
2   2.455892289831568
2   2.0524506757238172
2   2.7542669487566229
2   2.6428756037353982
2   3.2617615013164891
2   2.8475777623691427
2   2.2997544114686646
2   3.2325516957016096
2   2.683259866143032
2   2.3027424966013137
2   2.2844637919166284
2   2.6941885998414992
2   2.3366029987840364
2   2.4116244990120532
2   2.3237881558866595
2   2.7267635613284007
2   2.6073938079485814
2   3.7445259796781922
2   2.0174128627204211
2   2.0026859654032196
2   2.0358239424750426
2   2.0029031889019602
2   2.4577088251479711
2   2.5065080989146993
2   2.0550051656267994
2   2.2056073555118267
2   2.1281378869227634
2   2.7795942557953421
2   2.0224019441367838
2   2.0009238412533659
2   2.9238487476049753
2   2.6595773800548947
2   2.4169702880763384
2   2.094342628358334
2   2.0043740426866097
2   2.9923431620000471
2   2.0084786626809903
2   2.0010320858245128
2   2.0051098923531572
2   2.0080672733822427
2   2.0113168556322436
2   2.0415508667071021
2   2.8937888652742116
2   2.0076510750482734
2   2.0176529735268582
2   2.1402441265163969
2   3.7975620549453897
2   2.1794236468944495
2   2.2102302031077441
2   2.7050685030978809
2   2.8276005898989083
2   2.932186071674181
2   2.3665545710300444
2   2.0732604237281005
2   2.0301521606840218
2   2.077243818501477
2   2.0634797669579217
2   2.9571956872858438
2   2.0004228363312264
2   2.0052810198632396
2   2.0009904128087945
2   2.0043139114302657
2   2.0018726628557606
2   2.00216636645977
2   2.0049986843046255
2   2.2017655874336706
2   2.1679037358194497
2   2.6603272646796694
2   2.6767140051033591
2   2.2049299492906451
2   2.2091189099587658
2   2.0337424162065574
2   2.028560458243073
2   2.0014700019307328
2   2.0129927751338781
2   2.5650442072374195
2   2.7668653499692146
2   2.4207395199428157
2   2.1739152917526403
2   2.105497871524006
2   2.1258605700356905
2   2.0028601826019186
2   2.0483723196891033
2   2.2032740725587758
2   2.2293453528158231
2   2.1731415910384015
2   2.69911936561628
2   2.81759067578282
2   2.0013477115242959
2   2.0166167114010647
2   2.04178761383973
2   3.3837844511801558
2   2.8747101266765851
2   3.0380501076200321
2   2.7730196049922098
2   2.1095039302655545
2   2.0495042628080435
2   2.0022277010944003
2   2.0029876116427667
2   2.0007612273416751
2   2.0033352580721684
2   2.0233117024248903
2   2.0019232813611274
2   2.977874792615542
2   2.0151982801048938
2   2.0030804401410522
2   2.9857652116809792
2   2.002339142602529
2   2.0048669774356425
2   2.0243254721529769
2   2.0095677682196555
2   2.021274269126685
2   2.0102090881113113
2   2.8569294075896496
2   2.0773092681823568
2   2.160307408948098
2   2.0538566908016631
2   2.0552120942059156
2   2.4541352436700143
2   2.5017698391538623
2   2.1507759923933447
2   2.1850591750034694
2   2.7642723893727874
2   2.2046858656254344
2   2.9709672068938726
2   2.1681623979233815
2   2.9598404832769769
2   2.8707791771620657
2   3.8774574003148503

3   3.0000243797239894
3   3.0000378029971846
3   3.0003506317723656
3   3.0010249721315532
3   3.0001205707401208
3   3.0218932984548155
3   3.0074529336857894
3   3.8698686034125656
3   3.0004296110842317
3   3.1382656689744213
3   3.8700082874055592
3   3.1480639376650958
3   3.0010772648423849
3   3.0001325031681962
3   3.0047972658460727
3   3.0003384018762556
3   3.0019995801600654
3   3.0001568438118675
3   3.8021714641557134
3   3.0005839487125905
3   3.0216313948317883
3   3.1723460315787388
3   3.0033788093433365
3   3.0461654848457957
3   3.0086197624236557
3   3.0015993944812851
3   3.7664108865896742
3   3.0002645385734854
3   3.2675092885267385
3   3.0000910932624376
3   3.0029421968898307
3   3.0000461588519189
3   3.0016305815706716
3   3.0029431427357061
3   3.3036760651259098
3   3.0023336333006063
3   3.1544731730292508
3   3.5999405579182371
3   3.005080522947706
3   3.0054642911956559
3   3.0680259494125437
3   3.0083534237235661
3   3.9377788549126294
3   3.0000695800473194
3   3.0001323713727741
3   3.0001852436166558
3   3.0011018043654092
3   3.0000768175597883
3   3.0000111711982194
3   3.7723553948644701
3   3.0000348226192926
3   3.2716326175749204
3   3.0000109645227493
3   3.001789772309174
3   3.0001168268192995
3   3.0001474896699043
3   3.0000051876903355
3   3.0000218437139572
3   3.0293840570428645
3   3.0000112960635952
3   3.9343996804333541
3   3.0000629864925417
3   3.0535325514034559
3   3.0000279687703584
3   3.000035503906016
3   3.0001828192827555
3   3.0000253332464943
3   3.0000540831003732
3   3.0000164241441576
3   3.0998241227707166
3   3.0000679015781602
3   3.9202847884502674

4   4
4   4
4   4
4   4
4   4
4   4.0000000000000009
4   4
4   4.0000000000000009
4   4.0000000000000009

