-3   3
-3   3
-3   3
-3   2.9999999999999996
-3   3.0000000000000004
-3   3.0000000000000004
-3   2.9999999999999996

-2   2.000044758683301
-2   2.002718736081682
-2   2.0037294846100231
-2   2.0069082733562063
-2   2.0201288536472828
-2   2.9208855037226034
-2   2.0042084249511074
-2   2.0886911843946936
-2   2.9042766076092432
-2   2.0092734932696223
-2   2.101299228203807
-2   2.0698105096074766
-2   2.0029025851113382
-2   2.3315253888075138
-2   2.0010444106484786
-2   2.0005761027148572
-2   2.1540031070944341
-2   2.5534417803339293
-2   2.0271462517729706
-2   2.0015653247538099
-2   2.9232306808484174
-2   2.0455689872117442
-2   2.0010710370935252
-2   2.0417603755383671
-2   2.0000019647052487
-2   2.987269960947097
-2   2.0001738092055463
-2   2.0038403221706003
-2   2.0000838041397548
-2   2.000344895505707
-2   2.0104620931107906
-2   2.0003225995699188
-2   2.9057748454311723
-2   2.0001556756530054
-2   2.1163675743359671
-2   2.0000217640565761
-2   2.0004340294160685
-2   2.0016912125175392
-2   2.0000151399780366
-2   2.117449592508363
-2   2.0001233066777737
-2   2.9116730872890213

-1   1.0120678929843654
-1   1.1127484130503018
-1   1.0121784706158254
-1   1.9188450437391738
-1   1.0194245487590767
-1   1.9741682362826056
-1   1.0229710356388146
-1   1.1731686877956662
-1   1.8854384210929891
-1   1.0547570615065343
-1   1.155788058602762
-1   1.5104794117299893
-1   1.8915157341209592
-1   1.6042488007490632
-1   2.1697402606837977
-1   2.0347175932903414
-1   1.4925200815689457
-1   1.2359975543667332
-1   1.479480582468963
-1   1.8884363060444875
-1   2.1139079651812489
-1   1.6819151309952787
-1   1.2543045759110873
-1   2.1304767141913779
-1   1.8345142216628267
-1   1.7384115882036455
-1   1.188680639340238
-1   1.0495771193295453
-1   1.0051238661815349
-1   1.9971497084694501
-1   1.1070178174687797
-1   1.4817378097221734
-1   1.4781681658381101
-1   1.6687373796124336
-1   1.7784433768215582
-1   1.9192756207602146
-1   1.5284238420463687
-1   1.3622760078590088
-1   1.5164813726570681
-1   1.644142454639725
-1   1.7138305301147208
-1   1.2981393692376546
-1   1.7484223252046398
-1   1.8918659892684642
-1   1.0307628753736082
-1   1.1529538453526762
-1   1.5780475738406134
-1   1.5754453782160844
-1   1.0596021663743975
-1   1.8979109119973034
-1   2.904302449260733
-1   1.0548248534725908
-1   1.9047503548436788
-1   1.4962362931475941
-1   1.5422937667705208
-1   1.7719685276300603
-1   1.6031716553446365
-1   1.9031885040253647
-1   1.9623061755126465
-1   1.1367917572594528
-1   2.3899246246383106
-1   1.0048450730197012
-1   1.0696449882902404
-1   1.5246710778085841
-1   1.5766328341030542
-1   1.0345735957087776
-1   1.9586641723200069
-1   1.0062676801810946
-1   1.0343226167552302
-1   1.6162942375339115
-1   1.6433848149631971
-1   1.3562241146448801
-1   1.1893626072142853
-1   1.1547529984164191
-1   1.3818363427382065
-1   1.965500063036985
-1   1.970570790858805
-1   1.0169365022623962
-1   1.0680303015703314
-1   1.4571001661820542
-1   1.7119482650533344
-1   1.8192601696254109
-1   2.3581643062135931
-1   1.0041005671780312
-1   1.3780333542693961
-1   1.827558325718345
-1   1.0169692529881538
-1   1.008833059393593
-1   1.0044785420642433
-1   1.0133158390311645
-1   1.9909793173695554
-1   1.0431841823526635
-1   1.0159822719362275
-1   1.9609351777027211
-1   1.037726821704156
-1   1.0298650658880284
-1   1.111036047275709
-1   1.6392692209886377
-1   1.4169939550188559
-1   1.2342117078449908
-1   1.9302782336232442
-1   1.171823293784233
-1   1.9810365414802509
-1   1.9034543219489257
-1   2.9004881562398301

0   0.031188977554647668
0   1.0047510808060371
0   0.51354771569389679
0   1.0031750948269653
0   1.0048651154834114
0   1.8278073677170936
0   1.0020701680495083
0   1.9865547697883521
0   1.0049976045482061
0   0.58069639237828308
0   0.054339017298201453
0   1.003074519848566
0   1.0336438942101134
0   1.8090113015197149
0   0.043884249589609015
0   1.0106948128031683
0   1.3107290468144888
0   1.9771803078659622
0   1.2973686855514868
0   1.8289437690002193
0   1.0397462534782669
0   2.3465260229123097
0   1.000203535537433
0   1.9317850585549907
0   1.3814345664320689
0   1.7889584054123717
0   1.5958457462122642
0   1.170824588933012
0   1.314360307783599
0   0.85357135154289798
0   2.1421984461452919
0   1.0545282351583074
0   1.5859365019621889
0   1.9231222185702808
0   0.48255026192078798
0   1.0002072701038303
0   1.0031214088359488
0   0.11765048353771401
0   1.028399562055198
0   1.8560833069808758
0   1.0028220846400409
0   1.3018867062970034
0   1.3019627431230456
0   0.47794637753022018
0   1.0131920062635906
0   0.84802185828357723
0   1.0008911476097035
0   1.1562220699561849
0   0.98748237193210286
0   2.0307081398787394
0   1.9514842641353844
0   1.0032514288741035
0   1.224493931198386
0   1.5046788424877167
0   1.2046197516010881
0   1.6375098228853369
0   1.4849742252354929
0   1.8705989183444314
0   1.413799502021152
0   1.0089493725208696
0   0.11338198222682938
0   1.9742993539072464
0   1.012044134904917
0   1.0810445259337027
0   1.0550983163197356
0   1.9806502041421221
0   1.0022716703813792
0   0.76721729992310128
0   2.9259983277621529
0   1.7302757522078114
0   1.0004966093656908
0   1.9819812442271503
0   1.9848440428833793
0   1.0221488253183069
0   1.2799810363067969
0   1.3050752257561165
0   0.11234023304969021
0   0.096063967137987372
0   1.000437113361619
0   2.7662739656218767
0   1.3029411323187765
0   1.1639000385031504
0   1.9989091706455393
0   1.0042909122016082
0   1.000178280877648
0   1.9946543919997608
0   1.0000701549839681
0   0.0094984771387041089
0   1.0034536479876917
0   0.44675594460604318
0   1.0011894495209714
0   0.14594764700784346
0   1.0017641348031152
0   0.21961616904827486
0   1.8676314692974385
0   1.9330243177165323
0   1.0002999392470051
0   1.0003530552544222
0   1.0072823079731528
0   1.9807525953760692
0   1.9687917422071406
0   1.0487489411169797
0   1.0002491802399425
0   0.24343122407129347
0   0.10703909806251777
0   1.0526502364538743
0   2.5060978824221789
0   1.589643110738606
0   0.14767080909824359
0   1.0006671007957868
0   0.83902798136080969
0   1.0008265097306674
0   1.9552837397864389
0   1.7533153833576076
0   0.082217633616965657
0   0.030902366062690589
0   1.0003639938741749
0   1.0097107835796639
0   1.000967327351008
0   1.0056202417439615
0   0.9566078220863814
0   0.09911059779115905
0   1.0079329206408003
0   1.0001475396181161
0   1.6019154707068841
0   1.9639075081282398
0   0.028806461348081958
0   1.0002783816070016
0   0.32270985317494427
0   1.0160877128894359
0   1.0000634379519966
0   1.9991538624052527
0   0.41441817479169973
0   1.0541950273828937
0   1.0000223085958944
0   1.8910403880873417
0   1.159549374179383
0   1.9917140105712559
0   1.915327412799757
0   2.8912264114708357

1   1.0120678929843625
1   1.1127484130502927
1   1.0121784706158237
1   1.91884504373918
1   1.0194245487590718
1   1.9741682362826016
1   1.0229710356388182
1   1.1731686877956553
1   1.8854384210929966
1   1.0547570615065327
1   1.1557880586027653
1   1.5104794117299694
1   1.8915157341209521
1   1.6042488007491014
1   2.1697402606837928
1   2.0347175932903276
1   1.4925200815689461
1   1.2359975543667316
1   1.4794805824689978
1   1.8884363060446572
1   2.1139079651811019
1   1.6819151309952463
1   1.2543045759110809
1   2.1304767141913725
1   1.834514221662833
1   1.7384115882036451
1   1.1886806393402378
1   1.0495771193295447
1   1.0051238661815349
1   1.9971497084694505
1   1.1070178174687784
1   1.4817378097221745
1   1.4781681658381118
1   1.6687373796124292
1   1.7784433768215617
1   1.919275620760228
1   1.5284238420463598
1   1.3622760078590233
1   1.5164813726570645
1   1.6441424546397263
1   1.7138305301147154
1   1.2981393692376575
1   1.7484223252046402
1   1.8918659892684575
1   1.0307628753736087
1   1.1529538453526773
1   1.5780475738406095
1   1.5754453782160867
1   1.0596021663744022
1   1.8979109119973043
1   2.9043024492607352
1   1.0548248534725901
1   1.9047503548436744
1   1.496236293147591
1   1.542293766770523
1   1.7719685276300581
1   1.6031716553446378
1   1.9031885040253602
1   1.962306175512639
1   1.1367917572594559
1   2.3899246246383163
1   1.0048450730197023
1   1.0696449882902397
1   1.5246710778085868
1   1.5766328341030462
1   1.034573595708788
1   1.9586641723200047
1   1.0062676801810948
1   1.0343226167552284
1   1.6162942375338982
1   1.643384814963345
1   1.3562241146447085
1   1.1893626072142989
1   1.1547529984164204
1   1.3818363427382052
1   1.9655000630369837
1   1.9705707908588046
1   1.0169365022623953
1   1.0680303015703281
1   1.4571001661821907
1   1.711948265053342
1   1.8192601696252808
1   2.3581643062136033
1   1.0041005671780314
1   1.378033354269379
1   1.8275583257183414
1   1.0169692529881547
1   1.0088330593935935
1   1.0044785420642437
1   1.0133158390311638
1   1.9909793173695647
1   1.0431841823526833
1   1.0159822719362106
1   1.9609351777027086
1   1.0377268217041509
1   1.0298650658880315
1   1.1110360472756424
1   1.6392692209886768
1   1.4169939550188819
1   1.2342117078450057
1   1.9302782336232274
1   1.171823293784207
1   1.9810365414802655
1   1.9034543219489364
1   2.900488156239831

2   2.0000447586833014
2   2.0027187360816847
2   2.0037294846100231
2   2.0069082733562036
2   2.0201288536472819
2   2.9208855037226016
2   2.004208424951107
2   2.0886911843946958
2   2.9042766076092397
2   2.009273493269621
2   2.1012992282038088
2   2.0698105096074753
2   2.0029025851113387
2   2.3315253888075187
2   2.0010444106484786
2   2.0005761027148572
2   2.1540031070943959
2   2.5534417803339582
2   2.0271462517729697
2   2.0015653247538108
2   2.9232306808484161
2   2.0455689872117495
2   2.0010710370935247
2   2.0417603755383671
2   2.0000019647052487
2   2.9872699609470952
2   2.0001738092055454
2   2.0038403221706007
2   2.0000838041397557
2   2.0003448955057084
2   2.0104620931107915
2   2.0003225995699183
2   2.9057748454311776
2   2.0001556756530059
2   2.1163675743359569
2   2.0000217640565769
2   2.0004340294160703
2   2.0016912125175388
2   2.0000151399780375
2   2.1174495925083479
2   2.0001233066777742
2   2.9116730872890351

3   3
3   3
3   3
3   2.9999999999999996
3   3.0000000000000004
3   3.0000000000000004
3   2.9999999999999996

