-4   4
-4   4
-4   4
-4   4
-4   4
-4   4
-4   4
-4   4
-4   4

-3   3.0000196775254735
-3   3.0000300287531019
-3   3.0002913463412773
-3   3.0008362535412219
-3   3.0003618818496482
-3   3.0169575194114033
-3   3.0063036370830898
-3   3.8934645426337058
-3   3.0003644151847673
-3   3.1146402986105399
-3   3.881316348504539
-3   3.1364779671504612
-3   3.0008635995872153
-3   3.0001125688717827
-3   3.0040813042334897
-3   3.0002787278638445
-3   3.0016376922526158
-3   3.0001239176984735
-3   3.8104260499841409
-3   3.0004929171684913
-3   3.0150296799998348
-3   3.1774589551602386
-3   3.0028174419743827
-3   3.0379826626565314
-3   3.0068662749358248
-3   3.0014332772587942
-3   3.768086164261228
-3   3.0002196953853719
-3   3.2682099492901817
-3   3.0000752944405709
-3   3.0024098070640957
-3   3.0000380876176016
-3   3.0013563166308215
-3   3.0022138694955856
-3   3.3132420886852652
-3   3.0021024142866239
-3   3.097948900738337
-3   3.6431572106863985
-3   3.0042176722668459
-3   3.0045648090530483
-3   3.057584735295201
-3   3.0070448087023993
-3   3.9476430395743636
-3   3.0000571005064174
-3   3.0001108303252528
-3   3.0001519790637721
-3   3.0009102292865859
-3   3.0000657435592877
-3   3.0000090590293627
-3   3.8146094302371631
-3   3.0000287946182587
-3   3.2237156926528114
-3   3.0000089017160341
-3   3.0014914957109351
-3   3.0000956928906795
-3   3.0001212916981519
-3   3.0000041785764755
-3   3.0000181021785099
-3   3.0248810043339271
-3   3.0000088329166537
-3   3.9433169799812005
-3   3.0000524085750739
-3   3.0469062748690665
-3   3.0000228747950208
-3   3.0000291103871182
-3   3.0001470693591861
-3   3.0000215714823364
-3   3.0000895606610007
-3   3.0000148986056758
-3   3.0885988743173183
-3   3.0000539265375297
-3   3.929416827665384

-2   2.0002392466945897
-2   2.0003908415253777
-2   2.0007976335514748
-2   2.1287192521400029
-2   2.0079031011669075
-2   2.9014440084770077
-2   2.0025438878402535
-2   2.1019955330008671
-2   2.0034322770446633
-2   2.9156305420755282
-2   2.0010402829047913
-2   2.0029107417578889
-2   2.8761741352400203
-2   2.1446892451289865
-2   2.0175938947582761
-2   2.0090250049968117
-2   2.0119104404013868
-2   2.0153745771916216
-2   2.0144756557538668
-2   2.8939085796465687
-2   2.1244568356263489
-2   2.0030337730567114
-2   2.0779367726194247
-2   2.9668369215843384
-2   2.7360902694053242
-2   2.7628591234791622
-2   2.0316439343717634
-2   2.2643449910623796
-2   2.3380377047760721
-2   2.2321448861817994
-2   2.827877348009836
-2   2.1018840688221525
-2   3.0612246813222752
-2   2.5319357187730405
-2   2.3961072945148869
-2   2.096405833344519
-2   2.8715220892569233
-2   2.4215436522609242
-2   2.2698409947603033
-2   3.3021597043105388
-2   2.3642200870086501
-2   2.5915133565698167
-2   3.0619658472087994
-2   2.2954107592287949
-2   2.3330811100794828
-2   2.333315759118284
-2   2.2734276066259897
-2   2.5910114935886628
-2   2.1988549162828464
-2   2.0886487408115011
-2   2.5692110349019042
-2   2.3476378647190783
-2   2.0104287928270885
-2   2.0017096804216616
-2   2.0071130828683561
-2   2.0064370898760751
-2   2.0578392716461988
-2   2.0907825798346154
-2   2.921096382843178
-2   2.6129688365512962
-2   2.3604001244326693
-2   2.9720228221710014
-2   2.0622071148005361
-2   2.0596846812041978
-2   2.0194377258092682
-2   2.0763912042521402
-2   2.3247707740925683
-2   2.5082447274394655
-2   2.0374759038762105
-2   3.0769132010998721
-2   2.4085807965665134
-2   2.1014709514536372
-2   3.2947141455728075
-2   2.4758058116372408
-2   2.9493214335711873
-2   2.0931620669046702
-2   2.7074711927854747
-2   2.0407868509502256
-2   2.0684240832827689
-2   2.0328478400496635
-2   2.1223328406058046
-2   2.7694674464847382
-2   2.2682982802979801
-2   2.2439858605395209
-2   2.2447997908685418
-2   2.1870692741321722
-2   2.0772051686916488
-2   2.750951062377863
-2   2.5177288020027904
-2   2.0133942435888095
-2   2.375221582244289
-2   2.0577769638833683
-2   2.6749453499507689
-2   2.6871502032816599
-2   2.7086238239310125
-2   2.7046045872386868
-2   2.9866286268324727
-2   2.3789211231050453
-2   2.6724528494039501
-2   2.7011960936217254
-2   2.0463364453432185
-2   2.0023541770398166
-2   2.0184542042008564
-2   2.0219778071076004
-2   2.0696278890809578
-2   2.2827871132571174
-2   2.142144924735732
-2   2.3461097647868927
-2   2.4541851382686746
-2   2.8228454738503843
-2   2.0270846337003827
-2   2.0052556965370796
-2   2.9860400963022951
-2   2.0124559360304595
-2   2.0061501130753805
-2   2.0029406065221158
-2   2.0110525983897838
-2   2.0233526097793839
-2   2.0497758295511539
-2   2.1223140482903049
-2   2.5122612945733311
-2   2.3669034210838111
-2   2.1344470403005165
-2   2.3710430767578283
-2   2.1807478803109008
-2   2.7212164679355499
-2   2.7027200115166976
-2   3.2761064713238288
-2   2.8237930067589834
-2   2.3229114979257988
-2   3.2381088264299525
-2   2.6700351169782439
-2   2.2507489223897776
-2   2.2708908579683911
-2   2.67398278400371
-2   2.4146777380119002
-2   2.4185341040843249
-2   2.291353976103629
-2   2.750563206019331
-2   2.5440533071859464
-2   3.7935381960072299
-2   2.0149134019674837
-2   2.0022406179925065
-2   2.0279817949735528
-2   2.0022866399023203
-2   2.4517258142438423
-2   2.5317344853135806
-2   2.0492806868988693
-2   2.1948608746396148
-2   2.10768298111824
-2   2.7975940255602598
-2   2.0172915807832457
-2   2.0007374184139493
-2   2.9337941693322995
-2   2.6860324846833534
-2   2.3883596274916381
-2   2.08266302760022
-2   2.0037547749543481
-2   2.9934927536401621
-2   2.007185191284496
-2   2.0008210412932117
-2   2.0040673104584328
-2   2.0062147213796138
-2   2.0093553337799839
-2   2.0338858392684434
-2   2.9151756668487794
-2   2.0060055953887739
-2   2.0161760166251321
-2   2.1132406253336837
-2   3.8342198352221049
-2   2.1680905463618396
-2   2.2001926836081402
-2   2.6988268862041185
-2   2.8380912943705252
-2   2.9398681968545239
-2   2.3591112433875767
-2   2.0459123458923782
-2   2.029539676585177
-2   2.0748239450475738
-2   2.0534654657623985
-2   2.9639419923634311
-2   2.0003590647229492
-2   2.0040736654567746
-2   2.0008190711289391
-2   2.0035565283650745
-2   2.0015463020575877
-2   2.0017641610257799
-2   2.0042324327690437
-2   2.2037064104864768
-2   2.1662074020057078
-2   2.6908703702807411
-2   2.7067235032599877
-2   2.1780357157253301
-2   2.1899871080305995
-2   2.0193536095253983
-2   2.0167195677051701
-2   2.0011958409512656
-2   2.0105108099905835
-2   2.5286396094225889
-2   2.7916915164551477
-2   2.4735978045279157
-2   2.1602310088375614
-2   2.089383160219576
-2   2.1097346105116968
-2   2.0023658527497838
-2   2.0430588403975531
-2   2.0526318873571365
-2   2.2270473760324858
-2   2.3119244338631821
-2   2.7039046814771894
-2   2.8201459154628705
-2   2.001001835831731
-2   2.0146950728234874
-2   2.0347417997977035
-2   3.4590888735933247
-2   2.885525815854443
-2   2.95491922703662
-2   2.7822490466854872
-2   2.088949273779114
-2   2.0577451287820407
-2   2.0019973279698644
-2   2.0024689452173972
-2   2.0006264266321701
-2   2.0027753914221234
-2   2.0190002503575148
-2   2.0015603855830379
-2   2.9819332284272915
-2   2.0124093914168295
-2   2.0025315714618932
-2   2.9883872472730095
-2   2.0019402276722378
-2   2.0041248624659516
-2   2.0197076471163116
-2   2.0071980511167338
-2   2.0164656720277501
-2   2.0096969248881509
-2   2.8876311263403114
-2   2.0694237185585811
-2   2.1250057059061045
-2   2.0476668999796304
-2   2.0518606589908446
-2   2.572812087799357
-2   2.3939324492983247
-2   2.1389949080084278
-2   2.2439586008501373
-2   2.7279622559870047
-2   2.1832751462815398
-2   2.9740203448424865
-2   2.1443830418026715
-2   2.9649700586489662
-2   2.8851975297371277
-2   3.89124367412035

-1   1.0192828826681861
-1   1.0636142873865377
-1   1.119210486356663
-1   1.6758982482619333
-1   1.0486338852557018
-1   1.408617586454789
-1   1.4412742643580336
-1   1.1375757474257804
-1   1.6482217210868524
-1   1.3609565852980265
-1   1.9090721739781342
-1   1.2290359802640567
-1   1.8811982306413682
-1   1.8260190521827213
-1   2.8504683033173839
-1   1.0272613410895339
-1   1.9508885717753039
-1   1.2164262868510936
-1   1.1323880822656769
-1   2.0342522987239962
-1   1.8864035084979447
-1   2.8182323012460162
-1   1.2369221056875765
-1   1.1011837115958509
-1   1.9199795635716344
-1   1.01824432899288
-1   1.3128603350465227
-1   2.6373061187339828
-1   1.7904971334814146
-1   2.0691503829179756
-1   1.0518667650785665
-1   1.3375471352980999
-1   1.3139294607145491
-1   1.4313985927283017
-1   1.5024811424957969
-1   1.8622888903127826
-1   1.3021366438177644
-1   1.3787318870676903
-1   1.4048475572821089
-1   1.6725460447193456
-1   1.7672258359047994
-1   1.2818463543864478
-1   1.5640206124710869
-1   1.3186040924926572
-1   1.4070830368893115
-1   2.765126846347973
-1   1.1173087665613444
-1   1.2133902552145261
-1   1.7895037529122022
-1   1.0819697588505932
-1   1.3075247225299584
-1   1.8867698549795326
-1   1.8368262273463278
-1   1.8915358949330097
-1   1.849032673535449
-1   1.2108585883038887
-1   2.0466999135393804
-1   2.1307266779312131
-1   2.1910353597760395
-1   2.6104414239297253
-1   2.3167319779815583
-1   1.7988471233381689
-1   1.4645163530734093
-1   1.9482402233127165
-1   2.1183550807474418
-1   3.1843301516222153
-1   1.8193728682372927
-1   1.6458306659903759
-1   1.6810081296124935
-1   2.0151668126048254
-1   2.3125746135436001
-1   2.0115304970953893
-1   2.0169699306587119
-1   2.500868783064937
-1   1.6909646418044519
-1   1.7624712249029466
-1   1.8428632144662389
-1   1.6073863693684798
-1   1.789722390078341
-1   1.7471779299338164
-1   1.7583467164958364
-1   2.6265251114711679
-1   2.0088781642795652
-1   2.3867460200842974
-1   1.9220408738508548
-1   1.9026356493125927
-1   1.6224470311097066
-1   2.7334714615443159
-1   2.1961458725984127
-1   1.8069410401879948
-1   1.5503130824442644
-1   1.3941160794960088
-1   1.6441439904067061
-1   1.7360471022758297
-1   1.2370447782836889
-1   2.4869285679262201
-1   1.8964555928964955
-1   1.4467636437826976
-1   1.9087165803879071
-1   1.0574911818589925
-1   1.2791205603874487
-1   1.6184359746577424
-1   2.8240527657885686
-1   1.8000112805262769
-1   1.986303392412585
-1   1.1257523498020274
-1   1.335174444149364
-1   1.1326729005681231
-1   1.9093349642741297
-1   1.0732212465138382
-1   1.890981990647393
-1   1.8365357258796213
-1   1.9242499900771843
-1   1.15197652995584
-1   1.0712574646136064
-1   1.0615717561645426
-1   1.9351036581874421
-1   2.2084453160641715
-1   2.2272147099792248
-1   1.8839954038977584
-1   2.0653005883461333
-1   1.6621108918996792
-1   1.5745962842201409
-1   2.4236227143104863
-1   1.7091697335029017
-1   2.4637089029297625
-1   1.3846639977873427
-1   1.2343757045447634
-1   1.819850331828178
-1   1.8905792363310225
-1   1.4939075384593785
-1   1.754413144108864
-1   1.8693174569149424
-1   1.4770941030396734
-1   1.4756908407459328
-1   1.734859632225989
-1   1.4490376484936334
-1   1.4063375603397494
-1   1.8447372270940634
-1   2.0648586330079239
-1   1.8353459973460047
-1   1.7635159216140277
-1   1.7372253432516138
-1   2.0636166605541888
-1   1.8210496522868294
-1   2.600742225510603
-1   2.0395368494599206
-1   2.6887075879726154
-1   2.3903217195650588
-1   2.1026723181008404
-1   1.4752630221411398
-1   2.3732464709243595
-1   1.6371219050371049
-1   1.7249713981737145
-1   1.5832417712468279
-1   2.0124384889120202
-1   1.4276288871591496
-1   1.6795775553025023
-1   1.6315289730327129
-1   1.5578523274260618
-1   2.3350546038196542
-1   1.55280993539867
-1   1.4593542034423816
-1   1.4290654535508573
-1   2.5231170861008096
-1   1.6768702608765222
-1   2.1103554678164866
-1   1.1805934001647671
-1   1.4718256737813085
-1   1.7444212388901588
-1   1.4132508446945944
-1   1.3897911907971225
-1   1.6142572754164703
-1   1.204763958931574
-1   2.4169853008097606
-1   1.6073960968579897
-1   2.0738531097940172
-1   2.2235582385764863
-1   1.9115976179092211
-1   2.1731473880113055
-1   1.8715909471838219
-1   1.9633427675505555
-1   1.1226324984695182
-1   1.748282974699725
-1   1.7477321822416494
-1   1.0539202387219719
-1   1.0691002579684172
-1   2.2163917132525626
-1   2.1969823630872156
-1   3.0968500487849031
-1   1.7939780798901905
-1   1.5257063407643576
-1   2.6859347774023368
-1   1.2296954484492608
-1   2.5924199521665252
-1   1.7101063682357647
-1   2.3225263052197529
-1   2.6660698220149768
-1   1.9341784388864229
-1   1.1266723333058797
-1   1.4039808472808424
-1   1.6737431609118989
-1   1.0524908520567298
-1   1.9443942866302346
-1   1.0472563141681217
-1   1.7116419885910767
-1   1.1698882777206383
-1   1.2665694457565815
-1   1.4982248665350701
-1   1.2201500587778722
-1   1.9599627578649983
-1   1.7424896274453903
-1   2.0653748121016999
-1   1.8811255829132749
-1   1.3476629498831989
-1   1.5074235205319728
-1   1.8187073398982641
-1   1.4026049385944031
-1   2.3386455450054884
-1   1.4229815757830597
-1   2.1469501339671866
-1   1.8940246144148185
-1   1.9975290503011447
-1   1.9343738203859795
-1   1.2524091249928022
-1   1.3151697852213944
-1   1.2755412919358418
-1   1.8783342196328956
-1   2.0891524102762156
-1   2.0382851209729167
-1   1.8768818064412325
-1   1.1797931209855868
-1   1.1464694918457918
-1   1.6426901950221833
-1   1.683283221810111
-1   1.5239944148039477
-1   1.6629007849215194
-1   1.7608115490871805
-1   1.3810936366884765
-1   1.3430407862741058
-1   1.9348785168360236
-1   1.97641788318982
-1   1.8534412278279464
-1   2.2495450198939597
-1   1.6582379248840211
-1   1.8557370314167159
-1   2.4255578307431778
-1   1.790553285016133
-1   2.301602551835169
-1   1.6047698525326641
-1   2.524657037603466
-1   2.5141272226694436
-1   2.2712126332853595
-1   2.6965873193180245
-1   1.1692429705933112
-1   2.2545301067923207
-1   3.2784141604214279
-1   2.1689929118772069
-1   1.6016971379978386
-1   2.4430090808262643
-1   1.5617945111378537
-1   1.5184760211305952
-1   2.0582439877131304
-1   2.2646970596019727
-1   1.8273464371920496
-1   1.5808332988335336
-1   1.7085274129727601
-1   2.3892401290060885
-1   2.6368328744430034
-1   2.0167755191850927
-1   2.3353036479161959
-1   1.4830098968772127
-1   3.8311040183865703
-1   1.0687251273691794
-1   1.9505676993033543
-1   1.0904011602855008
-1   1.2274592557144719
-1   1.0501066472729133
-1   1.7520602449160623
-1   1.13511262358085
-1   1.2984076164672442
-1   1.7808306027246013
-1   1.9139889387398465
-1   1.1806455307325274
-1   1.3164263826786751
-1   2.0646207901111202
-1   2.650734715851506
-1   1.571976932643945
-1   1.427419215808408
-1   1.6470671236796401
-1   1.9765818980588139
-1   1.7977480449755769
-1   2.9240506672638977
-1   1.2309563704819264
-1   1.9843765768984554
-1   1.0115377589142884
-1   1.0244938930048761
-1   1.6946879067409197
-1   1.0056101885236417
-1   1.4182083293210606
-1   1.0384352061724755
-1   1.791780610576434
-1   1.8186334737889425
-1   2.2653916810794588
-1   2.4524271773978419
-1   1.8537988819769566
-1   2.045613083945343
-1   1.5735281115104187
-1   1.976786285770213
-1   1.9788993170835347
-1   1.1500260047583624
-1   1.5757099308364233
-1   2.19180028631926
-1   1.9352947051236824
-1   1.844844691847022
-1   1.1800067555106086
-1   1.3326575202634849
-1   1.7927692028068907
-1   1.8945487900495692
-1   1.7802575988556364
-1   2.0292359376466735
-1   1.9205371998607572
-1   1.1228273202527119
-1   2.5193325222476721
-1   1.1223459389755548
-1   1.8528884282625482
-1   2.0485735237879763
-1   1.8309979445451035
-1   1.1393068146944323
-1   1.2451619175558351
-1   1.3836297479770605
-1   1.3955742941820191
-1   3.6751458313265362
-1   1.20550166619081
-1   1.5717976480770628
-1   1.3469180069591875
-1   1.391891114425404
-1   2.4289800781875694
-1   1.5071375955834108
-1   1.642679130208212
-1   2.0099415543080208
-1   2.728191189569535
-1   1.6722950684086721
-1   1.3005188051157053
-1   2.0241381508065897
-1   2.088933217903874
-1   1.9833402291677316
-1   1.986559150892691
-1   1.5505518913729279
-1   1.2845247630681065
-1   1.7245545005816227
-1   1.0488768223371618
-1   1.0933992476693508
-1   1.5130674707457152
-1   1.8347064614547199
-1   2.8726760162049603
-1   1.7533562600672994
-1   1.0169763586565101
-1   1.3170516655246862
-1   1.8652345528402816
-1   1.9101946289007308
-1   1.6943618838258354
-1   1.2650941863537761
-1   1.0458577392409119
-1   1.5486173730406128
-1   1.9154765940271208
-1   1.9919882326453782
-1   1.0051142609730885
-1   1.0037489996626954
-1   1.0313771156559248
-1   1.3692309087193768
-1   1.0250598630199783
-1   1.7189313586672768
-1   2.2751815111041189
-1   2.1868352121723511
-1   1.337451594386267
-1   1.1814787796948549
-1   1.3885141088333259
-1   1.3493810284774526
-1   2.5561132593969922
-1   2.6608917841651274
-1   1.0633980228624798
-1   1.1505771341983841
-1   1.7396920695147586
-1   1.7655768682207498
-1   1.9316547029433098
-1   1.2341233875565571
-1   1.1868629187152286
-1   1.2280505828304968
-1   1.8283023148405193
-1   1.8766388167703902
-1   1.8879685880463231
-1   1.0512271151859249
-1   1.0241195490493644
-1   1.0689566958364598
-1   1.042013668968093
-1   1.0215206320123231
-1   1.9880742635337048
-1   1.4764889294553194
-1   2.3686190119927981
-1   2.266549006108237
-1   1.7139900450811787
-1   2.0794500046097677
-1   1.757796247616481
-1   1.5020907863051192
-1   1.8831132168874078
-1   1.1861257808807097
-1   1.5317510740568467
-1   1.3506669588790745
-1   1.0079993741993429
-1   1.0107169705316983
-1   1.0148524501040577
-1   1.9915971944020088
-1   1.027403762286405
-1   1.8373027168994254
-1   1.0477216534319729
-1   1.9805705049167939
-1   1.0329363025593354
-1   1.1060958284579088
-1   1.364281871695147
-1   2.5076690153534509
-1   2.2727344641116627
-1   2.4087924274770507
-1   2.6821593914691029
-1   1.6695397480431127
-1   1.5328015967528481
-1   1.5038664592097986
-1   1.6762569982071445
-1   2.0755877897307511
-1   1.9669544867124924
-1   1.4587332825283539
-1   2.0049946985523852
-1   1.2340921175814668
-1   1.5312112430061107
-1   3.238856096203977
-1   2.3539459309629742
-1   1.2627130968480487
-1   2.8139067495799108
-1   1.8554501379969164
-1   1.7862265587054349
-1   1.7160806387236329
-1   1.3564992246060932
-1   1.085293651048499
-1   1.9708619935987626
-1   1.0159429752038147
-1   1.0200813184542254
-1   1.2154816324241906
-1   1.1868621731390692
-1   1.8230198134352857
-1   1.8210132181948815
-1   1.0685957554269851
-1   1.0960790669980911
-1   1.0994105583484042
-1   1.9752240319084988
-1   1.7285622721000293
-1   1.441270969070106
-1   1.8213578535276005
-1   1.9819266430573115
-1   1.3171414943961179
-1   2.4828799783221434
-1   1.8626490058734193
-1   1.9635332671019334
-1   2.9298252766225286
-1   1.0122988769144656
-1   1.0264638274985403
-1   1.0096317392030461
-1   1.9221084818310259
-1   1.0305850852776546
-1   1.1149262486854534
-1   1.1419793132363683
-1   1.0674335098857786
-1   1.8501371360096504
-1   1.1995714274596776
-1   1.1719197092412634
-1   1.0856766173005277
-1   1.8613496279726194
-1   1.1827278531810446
-1   1.8375858229652255
-1   1.9547155875097402
-1   1.9344662790747069
-1   1.2262403965928501
-1   2.787347016051843
-1   1.0723538487017312
-1   1.9671798446210018
-1   1.5297128103217377
-1   1.1109143685806744
-1   1.8574524825252707
-1   1.2580635400344422
-1   1.7886934890686477
-1   1.9938097669165553
-1   2.5710363587124694
-1   1.8217253865287262
-1   1.2943873037475215
-1   2.0413908113630677
-1   1.9930150747941298
-1   2.6599684597677498
-1   1.3493789237594382
-1   2.3183301218390864
-1   2.0186209826346739
-1   2.8964239392497917
-1   2.0465061948928023
-1   2.9553229752142873
-1   2.8549745203509285
-1   3.8753619956208931

0   0.029677827559353998
0   1.0024722069301053
0   0.6365670932987868
0   1.0336292185820857
0   1.0022921180415911
0   1.3266335820627324
0   1.0118721475374017
0   0.14668812642489393
0   1.3984812458428839
0   1.0026321895088302
0   1.0484710625903058
0   1.9977561986591579
0   0.59504681801341874
0   1.0263820487075646
0   1.0032569714313251
0   1.7093592434263312
0   1.2577686861624795
0   1.9665979804681943
0   1.7789580042053177
0   2.8214515053355362
0   1.001594361002615
0   1.7048260877037729
0   1.0026233705162522
0   0.90634560012670851
0   1.1159003035826607
0   1.9101620180907664
0   1.905714743272497
0   2.8175067325508691
0   0.47497083631096326
0   1.1934647799654921
0   1.0839015447171907
0   1.8319805074041891
0   0.286198621620956
0   1.0850420284557944
0   1.0017467924641625
0   0.65086082745920515
0   2.700444191032807
0   0.067319531884775241
0   1.8872690232717511
0   1.6396300904947623
0   1.4170829965626124
0   1.0019183143388446
0   0.79158870429647488
0   1.0020055518473174
0   1.9563123196115684
0   1.0869209121127903
0   1.9948873338853463
0   1.0847467026937108
0   0.22813730205627236
0   1.7349486672293186
0   1.0103600047505594
0   1.3163993632049769
0   1.9535091414688281
0   1.988455570753624
0   1.0290265018687972
0   0.76766398683413328
0   1.5082017261675786
0   0.27149284563023146
0   1.013574616161774
0   2.457636413746576
0   1.0545135976142472
0   0.69038971066254495
0   1.0268128929548348
0   1.7537129519975738
0   1.0372361244564128
0   1.1264715344188081
0   1.5553672560403067
0   1.8349903011066302
0   1.1375125750181061
0   2.3591282678239924
0   1.3011141328600693
0   1.014267643058701
0   0.70929912267880701
0   1.7782599699859891
0   1.5831612677163589
0   2.7691913887134585
0   1.7876383982350141
0   1.2235410808878537
0   1.8717981612456676
0   1.0342989085587413
0   2.5743257809087954
0   1.7396811382870641
0   1.7164820633011115
0   3.3961927511635523
0   1.9640951876246349
0   1.8413868583656425
0   1.1348602623880659
0   1.8794960503878801
0   1.4256537591178888
0   2.3059167499429516
0   1.6864843503008355
0   1.2645685547372034
0   2.1125507797605261
0   1.7105261464061603
0   1.7725318282078351
0   2.0439259873043389
0   0.57044038023567234
0   1.5866207113086497
0   2.4201619239405816
0   1.301144688703032
0   1.1743101997518144
0   1.9648488665071353
0   1.8426203971375155
0   2.3376152469144253
0   1.3598007533844434
0   1.7162305479254192
0   1.6470362069156668
0   1.3241717688990096
0   2.5763203093617046
0   1.7470485912637517
0   1.4939990518592445
0   1.6811124145770826
0   1.3580371672206526
0   2.0550805688381208
0   1.5887631977492198
0   1.6443490255374904
0   1.5016969129709725
0   1.6065403109407543
0   1.0876530391344128
0   1.1422823721300324
0   2.1016645407926746
0   2.2692423799612289
0   1.3363201530344637
0   1.753936749453592
0   0.54090234674838578
0   1.1374768398419097
0   2.7439336878165048
0   1.1675655857606348
0   1.0632122707780189
0   1.5562198718326679
0   1.0400092124430238
0   1.6180399726599211
0   1.2284642697005514
0   1.2418534884169823
0   0.42281057256205679
0   1.0291282142779736
0   1.0393850449381721
0   1.6908961567503886
0   1.0056727620460197
0   1.9755104606277203
0   1.9645696520969369
0   1.3088483558445749
0   1.0180165697835688
0   1.1110579254927522
0   1.5635799221215327
0   1.0060897412290926
0   0.18120148699585381
0   1.9250204143187788
0   1.9051159599386684
0   2.4690017920148466
0   1.8510584166387671
0   1.9398303270794384
0   0.50510854490098911
0   2.054270490410687
0   1.5739546260858988
0   1.8590599175385343
0   1.9785104213988638
0   0.54281893220764732
0   2.2390031387121252
0   0.69524448372871084
0   1.0869827996573662
0   1.7772659344542836
0   1.0918955140747879
0   1.2159727961998601
0   1.9223947150068685
0   1.7287804396057065
0   1.8060197200796204
0   1.1087550493762985
0   1.3029204609390457
0   1.1307570361751975
0   1.2963698682239173
0   1.3756362559625634
0   1.9445190617252686
0   2.2787768174907663
0   1.6976633734347817
0   1.5795746769906209
0   1.1687746678470436
0   1.9321136607272682
0   2.247397869597791
0   1.3722830777598127
0   1.1507371350705518
0   0.95120606584133949
0   2.5604604548702516
0   2.5679687218703227
0   1.2503755778525754
0   1.8277339084973998
0   2.7486781314990991
0   2.0593435763787946
0   1.7966353278995113
0   1.0689058753449638
0   1.5285193994090562
0   1.6033089669320071
0   1.0616142747574111
0   1.6281920849227212
0   1.502895280897258
0   1.1532673016947388
0   1.6173187850719892
0   1.8967976254188619
0   2.1126174701249303
0   1.4309248270859147
0   1.7112281246375827
0   1.2047391920880772
0   1.6205784557844991
0   1.0873967681109871
0   1.298225500549107
0   1.7220991148166536
0   0.38246338569244132
0   2.2548941083502103
0   2.0157812520894782
0   1.098582280964993
0   1.1920021733568633
0   1.5955197193129118
0   1.363696678517782
0   1.4707810538996693
0   1.0831756412085398
0   2.1953372156761604
0   1.9714442183791867
0   0.74517172874595916
0   1.8816692474135959
0   1.4475451985984491
0   1.3527864798571565
0   1.1482725415299828
0   1.8838584301206507
0   1.6882788111524438
0   1.5617821228015893
0   1.5631790824428142
0   1.9422542622871539
0   2.0873152563219679
0   1.7639383330928875
0   1.0060583600786051
0   1.0292371176167714
0   1.0195365597670687
0   0.44571811843380416
0   1.9826982632281953
0   2.0113578644927852
0   1.9661056330253626
0   1.8986601285864242
0   0.24305597919512723
0   2.3599005047207151
0   2.4374631822216632
0   1.5566252366115325
0   1.5567155767967495
0   2.2488409163965555
0   2.3386025690355114
0   1.0498755267306958
0   2.4036610668383038
0   2.3657471464743445
0   1.0413524875864821
0   0.8813259425866542
0   1.9639749384734611
0   1.0124708530304485
0   0.07380882378814857
0   1.0117822660866225
0   1.0684187199977595
0   1.1184103593505572
0   1.960006878542933
0   1.0171211759981953
0   1.0059757077898421
0   1.9778016937292158
0   1.0687827466211917
0   1.9431108103440398
0   1.2951101039180484
0   1.298208074339998
0   1.167066323466263
0   1.0067540252119973
0   1.3114557171166972
0   1.3304914767838005
0   1.0213899322853264
0   1.4118990460517429
0   1.0441777743816956
0   1.3460275609025378
0   0.92943625810416797
0   1.4575277234264732
0   1.6328524298477736
0   2.2329132912547149
0   2.4357679928150695
0   1.0579823714626535
0   1.9246917987148184
0   1.0110618616590108
0   1.957968401928794
0   1.3267431716774698
0   0.5650569342784908
0   1.0109267602142431
0   1.8754989775951918
0   1.7934869796607575
0   1.9832248537278958
0   2.1746261564987859
0   1.3286433930065731
0   1.8874824746059251
0   1.0091718992650573
0   1.0174637682007623
0   0.77260669346515365
0   1.1098222978181249
0   1.9771732653235783
0   1.8348804763070379
0   1.745478534750859
0   1.6786418501765286
0   1.0438452953169257
0   0.99572091284794695
0   1.5542732687505452
0   1.0267194346237802
0   1.8569276773969761
0   1.8701746090343132
0   1.7401326234100938
0   1.3694783908113652
0   1.8888010004164717
0   1.7444081867575645
0   1.8535242935348077
0   1.9606302011757903
0   2.5216475733426535
0   2.2317644849585347
0   0.98581685564200172
0   2.4336404219826635
0   1.8605656892938391
0   2.9013651911827441
0   1.2022502767261847
0   3.2662779568749887
0   2.0786112476737784
0   2.8321247100712061
0   1.941370845264903
0   1.4940854914257102
0   1.8922252841867584
0   1.2958947531113942
0   0.48695628854050033
0   1.5487802555617329
0   1.0557598067867826
0   2.3546004453755618
0   1.8872093417127447
0   1.9422014407682737
0   2.0618164390566851
0   1.3025641522915208
0   2.6466797621805047
0   2.4393776044255717
0   1.9904455675334414
0   1.926688043781128
0   1.0684383084995042
0   0.40962887712933127
0   3.8683803895051341
0   1.0142829173129115
0   1.0188287573691395
0   1.9379944548728876
0   0.2955458180439684
0   1.0012566264741944
0   1.0343049060516289
0   1.8908562157099533
0   1.0123850566795294
0   0.17766670555427322
0   1.1793301095790734
0   1.0375349412052275
0   1.5765185616291997
0   1.8638113712120123
0   0.43184993519278181
0   1.0651424606878721
0   1.053386973020926
0   1.9160496091246872
0   2.293002211816388
0   1.4038517673113768
0   2.0386888813352022
0   1.7621583504085296
0   1.0097340673794486
0   0.74369769340493264
0   1.4958489822155956
0   1.7262171427348312
0   2.960622543062386
0   1.0039783338730106
0   1.6554605111932141
0   0.88540859404935235
0   1.0114872951353298
0   1.0159568457734001
0   0.8657940928108987
0   1.0035206539160846
0   1.6561355896368095
0   1.0036116003387927
0   1.048619888073377
0   1.5124857126234055
0   1.4853654553172442
0   1.7873382671283164
0   1.865087222722043
0   1.8189352274044093
0   1.6541857963346454
0   1.9565598498247292
0   2.4564361053521719
0   1.6138373178648244
0   0.90907541463054331
0   0.95408137721788888
0   1.0017078037097622
0   1.0814644897841361
0   1.3342845433837656
0   2.8238750065389215
0   1.8560898759198059
0   1.7820410727877829
0   1.3009798772689072
0   1.3081932572463042
0   1.0040641823698031
0   1.0083769375686114
0   1.9792817688841753
0   1.9949391900778868
0   1.3972345619815427
0   1.7948333070904439
0   1.0017547815968328
0   2.8455272514991594
0   0.62181412240109735
0   0.248080567528004
0   1.0221578507570142
0   1.7744538576616944
0   1.4289914265222041
0   1.0030659462332454
0   1.9928078081171345
0   1.0466488283845099
0   1.6837816138838795
0   0.58041186502739905
0   3.5528399609421371
0   1.0075693801136909
0   1.4195495673029419
0   1.5707993701033383
0   2.0478966037413757
0   1.5922454643550998
0   1.010361600151658
0   1.2208968529026498
0   1.5659219875139847
0   0.74331398804490467
0   1.1144250231240571
0   2.504530154828434
0   1.1723944673201041
0   1.4055463742243728
0   1.3599949437536374
0   1.7587341019075069
0   1.3754629418315572
0   1.7754968546183303
0   2.2743690026563903
0   2.2489054567673636
0   2.1360013069835211
0   1.1203272860333944
0   1.3072932941319939
0   0.71637514173219441
0   0.57358636907731375
0   1.5976313312011792
0   1.9978191373971259
0   1.3061841351225971
0   1.008747345524174
0   1.0045319658962117
0   2.6641264304057057
0   1.7940836794438009
0   1.0084986683593158
0   1.0023138553896951
0   0.65935080483745301
0   0.40136430918378541
0   1.9735091989776312
0   1.980340975875897
0   1.0032065233687009
0   1.9968097544996364
0   1.0008191361033993
0   1.0030514464653462
0   1.9884982369408943
0   1.9208155336226143
0   1.0038812291268786
0   1.0006419195559557
0   0.043863200268337676
0   1.0332139281153521
0   0.024808663803291942
0   0.047329611093013813
0   0.46563333260817497
0   1.0301395468225985
0   1.0039834651960318
0   1.8585731758550268
0   0.26080385501532644
0   2.9569235785292807
0   1.9549412820457897
0   1.91428276400138
0   2.8999365929271472
0   1.0369212370837444
0   1.0009337672198702
0   1.0979800398963946
0   1.9947024467355061
0   1.0107567187380748
0   1.0082883151198303
0   1.8141455823217143
0   1.0307191789161114
0   1.595304743280952
0   1.0697478133469294
0   1.0278817602161947
0   1.9437637176480602
0   0.48717856362660272
0   1.002129970091892
0   1.0020814430422622
0   1.9825097278707742
0   1.9490767868654166
0   1.0559952925961131
0   0.27557146160256629
0   1.0236964122828618
0   1.0046036202929585
0   0.20166359395345246
0   1.0085504899827065
0   0.061965988858955101
0   1.00811575010253
0   0.78069556444130761
0   0.11781253924262847
0   1.2624221462844267
0   0.19977727202426532
0   1.6866028618735105
0   2.6175416759354113
0   2.0736837782475757
0   1.8431510272206073
0   2.0831665711331642
0   1.56309398872521
0   0.35657174683036608
0   1.9864014958420366
0   1.9859111899297694
0   1.1233108034983637
0   1.031575116576263
0   1.0856379604267932
0   0.050918317989445905
0   0.057754555790299644
0   1.0037098555072526
0   1.0032936370911854
0   0.56878858308578328
0   1.0032028449505828
0   1.8099242441915075
0   1.0154055631628698
0   0.91951406678436376
0   1.0070135322155984
0   1.9719702712963794
0   1.1847876975778675
0   1.6384359872485188
0   1.0322888002790793
0   1.005586885613591
0   0.52675887928430498
0   2.7743775976282761
0   1.9469237673514801
0   2.8401785694466595
0   1.8390581031761242
0   0.79487120878863515
0   1.0183150624577948
0   1.8854192092997533
0   1.8866606043948009
0   1.2608444870735334
0   1.1338489464016581
0   0.5876791349918209
0   1.678783767488965
0   2.6499609720575572
0   2.1313180469540232
0   1.569770863087931
0   1.1191520424674877
0   0.42537802996774232
0   1.176350396600762
0   3.1007417206984873
0   2.1708798917720102
0   1.9702444518903968
0   1.4667993785676487
0   1.4293354253667989
0   1.9423632891302236
0   1.9956507948800968
0   0.91261343676484508
0   1.2988032137326926
0   1.0711008007947029
0   1.9423022842688895
0   0.046563400197628391
0   1.0040017576290554
0   1.0042032486776535
0   0.23399463640391072
0   0.44382939319243631
0   1.0043366815675401
0   1.0044431835489538
0   1.0946506255521677
0   1.8900882230618565
0   1.8999206845920766
0   1.4469772145434749
0   1.0065834945244641
0   1.208374331329467
0   1.0197298543621729
0   1.8637574714796079
0   1.7631167107107331
0   1.0074267870179776
0   0.88178396228082145
0   1.1238177071015174
0   1.4330954976654715
0   2.8557894526418548
0   1.9704463759474318
0   1.8569966088833834
0   0.051618685810743692
0   2.9255317680709938
0   1.0006899494245598
0   0.089990636202051721
0   1.0065470955846623
0   1.0016053893823205
0   0.1158314011056969
0   1.9887932073447865
0   1.0131730492227944
0   0.095035631788925823
0   1.0158194823737852
0   1.0146248968370064
0   0.30995524139970065
0   1.0090649355628432
0   1.9876442741042752
0   1.1291084911686615
0   1.0271494906362952
0   1.0117692125074218
0   1.9440151527831326
0   0.3247753587414256
0   1.0427903275668471
0   1.9471437246451213
0   1.8377838482914894
0   1.9578010833685999
0   0.38136907362757988
0   1.0874633587816596
0   2.8146610481539098
0   1.0149085456426823
0   0.72732227530257831
0   1.9945242946751511
0   1.2811558334026749
0   1.0324568249237489
0   1.9075277759507707
0   1.993157805350704
0   1.0686858258350591
0   1.9339271236529485
0   2.4948206535857129
0   1.9264546755810623
0   0.74777062910293823
0   1.0594793718674982
0   1.9594158672092199
0   1.8831448100687553
0   2.9439240523364996
0   1.3007489268116392
0   2.0325373538580123
0   1.9875185758291134
0   2.8661130861265618
0   2.0313923723019323
0   2.9600175605025969
0   2.8566658945902788
0   3.8692115261049649

1   1.0192828826681566
1   1.0636142873864864
1   1.1192104863566792
1   1.6758982482619822
1   1.048633885255793
1   1.408617586454783
1   1.4412742643579757
1   1.1375757474253032
1   1.6482217210872201
1   1.3609565852979528
1   1.90907217397816
1   1.2290359802640796
1   1.8811982306413495
1   1.8260190521827293
1   2.8504683033173768
1   1.0272613410895406
1   1.9508885717754358
1   1.2164262868510127
1   1.1323880822644636
1   2.0342522987247671
1   1.8864035084978572
1   2.8182323012460335
1   1.2369221056875725
1   1.1011837115958594
1   1.9199795635716139
1   1.018244328992884
1   1.312860335046615
1   2.637306118733922
1   1.790497133481602
1   2.0691503829179765
1   1.0518667650782236
1   1.337547135298238
1   1.3139294607145269
1   1.4313985927279087
1   1.5024811424961642
1   1.8622888903127448
1   1.3021366438177415
1   1.378731887067749
1   1.404847557282028
1   1.6725460447193501
1   1.7672258359048727
1   1.2818463543862892
1   1.5640206124704679
1   1.3186040924926539
1   1.4070830368900844
1   2.7651268463479179
1   1.1173087665613628
1   1.2133902552143654
1   1.7895037529124078
1   1.0819697588506054
1   1.3075247225299309
1   1.8867698549795313
1   1.8368262273463749
1   1.8915358949329386
1   1.8490326735352718
1   1.2108585883038914
1   2.0466999135396291
1   2.1307266779309653
1   2.1910353597763317
1   2.6104414239286564
1   2.3167319779827449
1   1.7988471233381249
1   1.4645163530734004
1   1.9482402233126805
1   2.1183550807495233
1   3.1843301516207263
1   1.8193728682374664
1   1.6458306659901747
1   1.6810081296120138
1   2.0151668126051709
1   2.3125746135435885
1   2.0115304970954253
1   2.0169699306586861
1   2.5008687830650773
1   1.6909646418044466
1   1.7624712249028165
1   1.8428632144662678
1   1.6073863693683657
1   1.7897223900783583
1   1.7471779299336871
1   1.758346716495903
1   2.6265251114710946
1   2.0088781642795648
1   2.3867460200844026
1   1.9220408738515262
1   1.902635649313499
1   1.6224470311089565
1   2.7334714615436844
1   2.1961458725983585
1   1.8069410401880375
1   1.5503130824443212
1   1.3941160794960683
1   1.6441439904068851
1   1.736047102275716
1   1.2370447782835823
1   2.4869285679260758
1   1.8964555928964932
1   1.4467636437828926
1   1.9087165803879267
1   1.0574911818590347
1   1.2791205603874316
1   1.6184359746577135
1   2.8240527657885779
1   1.8000112805262662
1   1.9863033924126214
1   1.1257523498020299
1   1.3351744441493634
1   1.1326729005680756
1   1.90933496427414
1   1.0732212465136539
1   1.8909819906475045
1   1.8365357258796124
1   1.9242499900770826
1   1.1519765299559923
1   1.0712574646136115
1   1.0615717561645557
1   1.9351036581874217
1   2.2084453160643021
1   2.2272147099792217
1   1.88399540389777
1   2.0653005883460063
1   1.662110891899748
1   1.5745962842201608
1   2.4236227143104223
1   1.7091697335029439
1   2.4637089029297248
1   1.3846639977873612
1   1.2343757045448049
1   1.819850331828166
1   1.890579236331027
1   1.4939075384593896
1   1.754413144108891
1   1.8693174569148905
1   1.4770941030396685
1   1.4756908407466649
1   1.7348596322260184
1   1.4490376484928609
1   1.4063375603397268
1   1.8447372270940678
1   2.0648586330079133
1   1.8353459973460362
1   1.7635159216137852
1   1.7372253432516742
1   2.063616660554267
1   1.8210496522865105
1   2.6007422255106873
1   2.0395368494600574
1   2.6887075879726776
1   2.3903217195649971
1   2.1026723181008888
1   1.4752630221411598
1   2.3732464709244119
1   1.6371219050370982
1   1.7249713981737052
1   1.5832417712468527
1   2.0124384889120903
1   1.4276288871591412
1   1.6795775553023757
1   1.6315289730327054
1   1.5578523274260636
1   2.3350546038197506
1   1.5528099353986011
1   1.4593542034423799
1   1.4290654535508538
1   2.5231170861008447
1   1.6768702608765031
1   2.1103554678164658
1   1.1805934001647327
1   1.4718256737812847
1   1.7444212388901597
1   1.4132508446945675
1   1.3897911907971563
1   1.6142572754164815
1   1.2047639589314429
1   2.416985300809757
1   1.607396096858023
1   2.073853109794082
1   2.2235582385764903
1   1.9115976179092362
1   2.1731473880112886
1   1.8715909471838112
1   1.9633427675505488
1   1.1226324984695542
1   1.7482829746997242
1   1.74773218224168
1   1.0539202387219802
1   1.0691002579684581
1   2.2163917132525439
1   2.1969823630871952
1   3.096850048784944
1   1.7939780798901697
1   1.5257063407643767
1   2.6859347774022937
1   1.2296954484492078
1   2.5924199521668112
1   1.7101063682311799
1   2.3225263052194425
1   2.6660698220182004
1   1.9341784388864176
1   1.1266723333058761
1   1.4039808472809003
1   1.6737431609118514
1   1.0524908520567309
1   1.9443942866302426
1   1.0472563141681184
1   1.7116419885910923
1   1.1698882777206625
1   1.2665694457565442
1   1.4982248665350471
1   1.2201500587779051
1   1.9599627578650054
1   1.7424896274452983
1   2.0653748121017337
1   1.8811255829132651
1   1.3476629498833128
1   1.5074235205319453
1   1.8187073398982152
1   1.4026049385944515
1   2.3386455450054235
1   1.4229815757831412
1   2.1469501339671866
1   1.8940246144148087
1   1.9975290503011522
1   1.934373820385924
1   1.2524091249928202
1   1.3151697852214757
1   1.2755412919358562
1   1.8783342196328845
1   2.0891524102761485
1   2.0382851209729704
1   1.87688180644122
1   1.1797931209855872
1   1.1464694918457963
1   1.6426901950221291
1   1.6832832218101146
1   1.5239944148039664
1   1.6629007849215447
1   1.7608115490870668
1   1.3810936366885991
1   1.3430407862741116
1   1.9348785168360254
1   1.9764178831898631
1   1.8534412278279264
1   2.2495450198939633
1   1.6582379248840513
1   1.8557370314166732
1   2.4255578307431755
1   1.7905532850161641
1   2.3016025518351575
1   1.6047698525326566
1   2.5246570376034048
1   2.5141272226694418
1   2.2712126332853781
1   2.6965873193180521
1   1.1692429705932881
1   2.254530106792338
1   3.2784141604214594
1   2.1689929118772571
1   1.6016971379978218
1   2.4430090808262155
1   1.5617945111378413
1   1.5184760211306569
1   2.0582439877131753
1   2.2646970596022733
1   1.8273464371915979
1   1.5808332988335434
1   1.7085274129728414
1   2.3892401290060916
1   2.636832874442951
1   2.0167755191850927
1   2.3353036479161795
1   1.4830098968772172
1   3.8311040183865623
1   1.0687251273692022
1   1.9505676993033556
1   1.0904011602855039
1   1.2274592557144786
1   1.0501066472729039
1   1.7520602449160152
1   1.1351126235808582
1   1.2984076164672766
1   1.7808306027245853
1   1.9139889387398519
1   1.1806455307325152
1   1.3164263826786815
1   2.0646207901111162
1   2.6507347158515016
1   1.5719769326439481
1   1.4274192158084269
1   1.647067123679641
1   1.9765818980588166
1   1.7977480449755769
1   2.9240506672639075
1   1.2309563704819375
1   1.9843765768984576
1   1.01153775891429
1   1.0244938930048761
1   1.6946879067409184
1   1.0056101885236397
1   1.4182083293210654
1   1.0384352061724684
1   1.7917806105764247
1   1.818633473788934
1   2.2653916810794472
1   2.4524271773978756
1   1.8537988819770383
1   2.0456130839453004
1   1.5735281115103632
1   1.976786285770217
1   1.9788993170835387
1   1.150026004758347
1   1.5757099308363518
1   2.1918002863193005
1   1.9352947051236988
1   1.8448446918470229
1   1.1800067555106148
1   1.3326575202635091
1   1.7927692028068734
1   1.8945487900495626
1   1.7802575988556359
1   2.029235937646674
1   1.9205371998607581
1   1.1228273202527357
1   2.519332522247669
1   1.1223459389755528
1   1.8528884282625206
1   2.0485735237879861
1   1.8309979445451057
1   1.1393068146944698
1   1.2451619175558351
1   1.3836297479770685
1   1.3955742941820297
1   3.6751458313265699
1   1.2055016661907951
1   1.5717976480769638
1   1.3469180069591866
1   1.3918911144254091
1   2.428980078187478
1   1.5071375955835711
1   1.6426791302082178
1   2.0099415543079706
1   2.7281911895695363
1   1.6722950684086531
1   1.3005188051157248
1   2.0241381508065963
1   2.0889332179039117
1   1.9833402291677422
1   1.9865591508926657
1   1.5505518913726242
1   1.2845247630681436
1   1.724554500581839
1   1.0488768223371652
1   1.0933992476694352
1   1.5130674707456069
1   1.8347064614547444
1   2.8726760162049825
1   1.7533562600673136
1   1.0169763586565139
1   1.31705166552467
1   1.8652345528402274
1   1.910194628900725
1   1.6943618838259078
1   1.2650941863537684
1   1.0458577392409167
1   1.5486173730405914
1   1.9154765940271168
1   1.9919882326453831
1   1.0051142609730896
1   1.003748999662694
1   1.031377115655927
1   1.3692309087193399
1   1.0250598630199752
1   1.7189313586673034
1   2.2751815111040883
1   2.1868352121723049
1   1.3374515943862895
1   1.1814787796949247
1   1.3885141088332877
1   1.3493810284776042
1   2.5561132593969313
1   2.6608917841651709
1   1.0633980228624624
1   1.1505771341982933
1   1.7396920695148457
1   1.7655768682207702
1   1.9316547029433124
1   1.2341233875564124
1   1.1868629187152466
1   1.228050582830293
1   1.8283023148407036
1   1.8766388167704204
1   1.8879685880463346
1   1.0512271151859232
1   1.0241195490493633
1   1.068956695836444
1   1.042013668968087
1   1.0215206320123253
1   1.988074263533723
1   1.4764889294551984
1   2.368619011992783
1   2.2665490061084155
1   1.7139900450812768
1   2.079450004610063
1   1.7577962476162261
1   1.5020907863047492
1   1.8831132168874527
1   1.1861257808806667
1   1.5317510740568636
1   1.3506669588791056
1   1.0079993741993474
1   1.0107169705317012
1   1.0148524501040721
1   1.9915971944019977
1   1.0274037622863923
1   1.8373027168993832
1   1.047721653431984
1   1.9805705049167663
1   1.0329363025593028
1   1.1060958284580358
1   1.3642818716950955
1   2.5076690153535055
1   2.2727344641117977
1   2.4087924274770245
1   2.6821593914690172
1   1.6695397480430696
1   1.5328015967524649
1   1.5038664592098421
1   1.6762569982063837
1   2.0755877897307475
1   1.9669544867133268
1   1.4587332825285024
1   2.0049946985523293
1   1.2340921175816242
1   1.5312112430055156
1   3.2388560962042741
1   2.3539459309629307
1   1.2627130968480396
1   2.8139067495796617
1   1.8554501379970936
1   1.7862265587058266
1   1.7160806387234429
1   1.3564992246061029
1   1.0852936510485027
1   1.9708619935987581
1   1.0159429752038107
1   1.020081318454255
1   1.2154816324244049
1   1.186862173139031
1   1.8230198134350317
1   1.8210132181953429
1   1.0685957554261931
1   1.0960790669982294
1   1.0994105583480214
1   1.9752240319088323
1   1.7285622720992193
1   1.4412709690711367
1   1.8213578535275423
1   1.9819266430573204
1   1.3171414943961193
1   2.4828799783221314
1   1.8626490058734286
1   1.963533267101925
1   2.9298252766225259
1   1.0122988769144607
1   1.0264638274985676
1   1.0096317392030498
1   1.9221084818310676
1   1.0305850852776666
1   1.1149262486853573
1   1.1419793132364102
1   1.0674335098857224
1   1.8501371360096597
1   1.1995714274597229
1   1.1719197092412188
1   1.0856766173005024
1   1.8613496279726398
1   1.1827278531810168
1   1.8375858229652797
1   1.9547155875096998
1   1.934466279074786
1   1.2262403965930242
1   2.7873470160518332
1   1.072353848701622
1   1.9671798446209063
1   1.5297128103216839
1   1.110914368580519
1   1.8574524825254226
1   1.2580635400343034
1   1.7886934890686792
1   1.9938097669165344
1   2.571036358713175
1   1.8217253865278473
1   1.2943873037476776
1   2.0413908113630903
1   1.9930150747936595
1   2.6599684597679656
1   1.3493789237595042
1   2.3183301218392431
1   2.0186209826348729
1   2.8964239392496505
1   2.0465061948926051
1   2.9553229752143615
1   2.8549745203508863
1   3.8753619956209127

2   2.0002392466945902
2   2.000390841525379
2   2.000797633551473
2   2.1287192521399896
2   2.0079031011669066
2   2.9014440084770285
2   2.0025438878402513
2   2.1019955330008626
2   2.003432277044666
2   2.9156305420755295
2   2.0010402829047886
2   2.0029107417578871
2   2.8761741352399914
2   2.1446892451290109
2   2.0175938947582766
2   2.0090250049968157
2   2.0119104404013637
2   2.0153745771916229
2   2.0144756557538663
2   2.8939085796466246
2   2.1244568356262965
2   2.0030337730567145
2   2.0779367726194238
2   2.9668369215843393
2   2.7360902694053806
2   2.7628591234792514
2   2.031643934371675
2   2.2643449910622029
2   2.3380377047760907
2   2.2321448861818132
2   2.8278773480099018
2   2.1018840688221578
2   3.0612246813222153
2   2.5319357187732559
2   2.3961072945146364
2   2.0964058333445683
2   2.8715220892568674
2   2.4215436522609983
2   2.2698409947604135
2   3.3021597043104385
2   2.3642200870086452
2   2.5915133565698292
2   3.0619658472088402
2   2.2954107592288056
2   2.333081110079525
2   2.3333157591182085
2   2.2734276066260675
2   2.5910114935886126
2   2.198854916282817
2   2.0886487408115011
2   2.5692110349017536
2   2.3476378647192702
2   2.0104287928270885
2   2.0017096804216625
2   2.0071130828683588
2   2.0064370898760751
2   2.0578392716462255
2   2.0907825798346558
2   2.9210963828431598
2   2.6129688365512838
2   2.3604001244326529
2   2.9720228221709877
2   2.0622071148005512
2   2.0596846812041938
2   2.0194377258092695
2   2.0763912042521193
2   2.3247707740926029
2   2.508244727439465
2   2.0374759038762065
2   3.0769132010998046
2   2.4085807965665
2   2.1014709514536478
2   3.2947141455727755
2   2.4758058116372359
2   2.949321433571312
2   2.0931620669046249
2   2.7074711927854969
2   2.0407868509502252
2   2.0684240832827601
2   2.0328478400496834
2   2.1223328406057789
2   2.769467446484736
2   2.2682982802979792
2   2.2439858605395067
2   2.2447997908685347
2   2.1870692741321629
2   2.0772051686916546
2   2.7509510623778635
2   2.5177288020027886
2   2.0133942435888077
2   2.3752215822443015
2   2.0577769638833607
2   2.6749453499507743
2   2.6871502032817238
2   2.7086238239310116
2   2.704604587238697
2   2.9866286268324425
2   2.3789211231050089
2   2.6724528494039359
2   2.7011960936217196
2   2.0463364453432171
2   2.0023541770398188
2   2.0184542042008555
2   2.0219778071076013
2   2.069627889080957
2   2.2827871132571205
2   2.1421449247357307
2   2.3461097647869837
2   2.4541851382685809
2   2.8228454738503883
2   2.0270846337003867
2   2.0052556965370809
2   2.9860400963022955
2   2.0124559360304608
2   2.0061501130753814
2   2.0029406065221158
2   2.0110525983897851
2   2.0233526097793821
2   2.0497758295511459
2   2.1223140482902934
2   2.5122612945733458
2   2.3669034210838169
2   2.1344470403004974
2   2.3710430767578923
2   2.1807478803108635
2   2.7212164679355677
2   2.7027200115166843
2   3.2761064713238497
2   2.8237930067588843
2   2.3229114979258125
2   3.2381088264299951
2   2.6700351169782315
2   2.2507489223897732
2   2.2708908579683986
2   2.6739827840037198
2   2.4146777380119033
2   2.4185341040843231
2   2.2913539761035859
2   2.7505632060193164
2   2.5440533071859948
2   3.7935381960072236
2   2.0149134019674855
2   2.0022406179925056
2   2.0279817949735524
2   2.0022866399023203
2   2.4517258142438529
2   2.5317344853135775
2   2.0492806868988707
2   2.1948608746396006
2   2.107682981118248
2   2.7975940255602763
2   2.0172915807832492
2   2.0007374184139493
2   2.9337941693323075
2   2.6860324846832757
2   2.3883596274917323
2   2.0826630276002156
2   2.0037547749543481
2   2.9934927536401634
2   2.0071851912844973
2   2.0008210412932113
2   2.0040673104584328
2   2.0062147213796138
2   2.0093553337799848
2   2.0338858392684429
2   2.9151756668487829
2   2.0060055953887694
2   2.016176016625133
2   2.1132406253336788
2   3.8342198352221288
2   2.1680905463618512
2   2.2001926836081274
2   2.6988268862040128
2   2.8380912943705341
2   2.9398681968545182
2   2.3591112433876584
2   2.0459123458923587
2   2.0295396765851756
2   2.0748239450475792
2   2.0534654657623954
2   2.963941992363424
2   2.000359064722947
2   2.0040736654567763
2   2.0008190711289391
2   2.0035565283650736
2   2.0015463020575899
2   2.0017641610257804
2   2.0042324327690419
2   2.2037064104864776
2   2.1662074020057305
2   2.6908703702808108
2   2.706723503259949
2   2.1780357157252483
2   2.1899871080306177
2   2.0193536095254014
2   2.0167195677051635
2   2.0011958409512673
2   2.0105108099905835
2   2.528639609422449
2   2.7916915164551068
2   2.4735978045280778
2   2.160231008837644
2   2.0893831602195534
2   2.1097346105116594
2   2.0023658527497812
2   2.0430588403975536
2   2.0526318873569123
2   2.2270473760325262
2   2.3119244338634424
2   2.7039046814771326
2   2.8201459154628328
2   2.0010018358317279
2   2.0146950728234905
2   2.0347417997977058
2   3.459088873593116
2   2.8855258158544119
2   2.954919227036902
2   2.7822490466854393
2   2.0889492737791664
2   2.0577451287820248
2   2.0019973279698644
2   2.0024689452173985
2   2.0006264266321718
2   2.0027753914221265
2   2.0190002503574989
2   2.0015603855830375
2   2.9819332284273052
2   2.0124093914168362
2   2.0025315714618972
2   2.9883872472730055
2   2.0019402276722396
2   2.0041248624659516
2   2.0197076471163014
2   2.00719805111672
2   2.0164656720277456
2   2.0096969248881433
2   2.8876311263403385
2   2.0694237185585442
2   2.1250057059060996
2   2.0476668999796255
2   2.0518606589907056
2   2.5728120877997869
2   2.3939324492980387
2   2.1389949080086508
2   2.2439586008502785
2   2.7279622559867414
2   2.1832751462815767
2   2.9740203448424976
2   2.144383041802806
2   2.9649700586489072
2   2.8851975297371029
2   3.8912436741203136

3   3.0000196775254722
3   3.0000300287531041
3   3.000291346341279
3   3.0008362535412227
3   3.0003618818496491
3   3.0169575194114127
3   3.0063036370830898
3   3.8934645426337111
3   3.0003644151847664
3   3.1146402986105208
3   3.8813163485045257
3   3.1364779671504723
3   3.0008635995872157
3   3.0001125688717827
3   3.0040813042334928
3   3.0002787278638445
3   3.0016376922526158
3   3.0001239176984726
3   3.8104260499841702
3   3.0004929171684918
3   3.0150296799998397
3   3.1774589551601937
3   3.0028174419743827
3   3.0379826626565345
3   3.0068662749358248
3   3.0014332772587942
3   3.7680861642612173
3   3.0002196953853706
3   3.2682099492901817
3   3.0000752944405811
3   3.0024098070640952
3   3.0000380876176012
3   3.0013563166308219
3   3.0022138694955851
3   3.3132420886852412
3   3.0021024142866239
3   3.0979489007383423
3   3.6431572106864136
3   3.004217672266845
3   3.0045648090530483
3   3.0575847352951997
3   3.0070448087023989
3   3.9476430395743662
3   3.0000571005064174
3   3.0001108303252515
3   3.0001519790637716
3   3.0009102292865859
3   3.000065743559289
3   3.0000090590293644
3   3.8146094302371392
3   3.0000287946182582
3   3.2237156926528399
3   3.0000089017160345
3   3.0014914957109364
3   3.0000956928906803
3   3.0001212916981537
3   3.0000041785764764
3   3.0000181021785108
3   3.0248810043339209
3   3.0000088329166528
3   3.9433169799812182
3   3.0000524085750739
3   3.0469062748690474
3   3.0000228747950204
3   3.0000291103871159
3   3.0001470693591843
3   3.0000215714823368
3   3.0000895606610012
3   3.0000148986056754
3   3.0885988743173143
3   3.0000539265375297
3   3.9294168276653894

4   4
4   4
4   4
4   4
4   4
4   4
4   4
4   4
4   4

