0   -37.2343   0.0290078   0.112636   7.12818e-07   0.248474   0.109881   0.109881   0.248474   7.12818e-07   0.112636   0.0290078   
1   -48.8106   0.0155358   0.0374104   0.0889188   0.155355   0.20278   0.20278   0.155355   0.0889188   0.0374104   0.0155358   
2   -49.851   0.0143084   0.0367967   0.0914476   0.154837   0.20261   0.20261   0.154837   0.0914476   0.0367967   0.0143084   
3   -50.0996   0.0195158   0.0447372   0.100859   0.148749   0.186138   0.186138   0.148749   0.100859   0.0447372   0.0195158   
4   -50.1178   0.0216736   0.0495258   0.105014   0.146592   0.177195   0.177195   0.146592   0.105014   0.0495258   0.0216736   
5   -50.1178   0.0216736   0.0495258   0.105014   0.146592   0.177195   0.177195   0.146592   0.105014   0.0495258   0.0216736   
6   -50.0996   0.0195158   0.0447372   0.100859   0.148749   0.186138   0.186138   0.148749   0.100859   0.0447372   0.0195158   
7   -49.851   0.0143084   0.0367967   0.0914476   0.154837   0.20261   0.20261   0.154837   0.0914476   0.0367967   0.0143084   
8   -48.8106   0.0155358   0.0374104   0.0889188   0.155355   0.20278   0.20278   0.155355   0.0889188   0.0374104   0.0155358   
9   -37.2343   0.0290078   0.112636   7.12818e-07   0.248474   0.109881   0.109881   0.248474   7.12818e-07   0.112636   0.0290078   
