-4   4
-4   4
-4   4
-4   4
-4   4
-4   4
-4   4
-4   3.9999999999999991
-4   4

-3   3.0000291093865346
-3   3.0000457667796558
-3   3.0004077833016254
-3   3.0012115761964795
-3   3.0001776464435808
-3   3.0268249696561891
-3   3.0085297493931846
-3   3.8471777664145517
-3   3.0004943544852685
-3   3.1602249623014043
-3   3.8604234794204304
-3   3.1576425081935735
-3   3.0012934554923452
-3   3.0001515090738535
-3   3.0054667248264684
-3   3.0003967013460726
-3   3.0023562150643008
-3   3.0001906882439209
-3   3.7949565670495158
-3   3.0006690463000947
-3   3.026172944756631
-3   3.1682828604397115
-3   3.0039198239375571
-3   3.0540256557646384
-3   3.0103970947560761
-3   3.0017395117813019
-3   3.7646807581237463
-3   3.0003076997070175
-3   3.2668794222909128
-3   3.0001064486050462
-3   3.0034666495294795
-3   3.0000540360773171
-3   3.0018948090625948
-3   3.0037616578505366
-3   3.2997317146390661
-3   3.0024594420097546
-3   3.1987271240722346
-3   3.5615034072136407
-3   3.0059201932076265
-3   3.0063289403181401
-3   3.0776566042627702
-3   3.0095805606565809
-3   3.9285556154630408
-3   3.0000818605556803
-3   3.0001529123259489
-3   3.0002179155264699
-3   3.0012880125795038
-3   3.0000871232080208
-3   3.0000133071863937
-3   3.7341549038936872
-3   3.0000406462246159
-3   3.3140019574727986
-3   3.000013024866989
-3   3.0020768880821738
-3   3.0001376434995168
-3   3.0001731307060235
-3   3.0000062645576997
-3   3.0000254650396467
-3   3.0335873680345817
-3   3.0000138375781491
-3   3.9262671136652418
-3   3.0000731703725885
-3   3.0594411860917163
-3   3.0000329927990994
-3   3.000041788355853
-3   3.0002189853681709
-3   3.0000287900301039
-3   3.0000235778909063
-3   3.0000175658237862
-3   3.1095859396021535
-3   3.0000820990183952
-3   3.9122989098352257

-2   2.0003519745604561
-2   2.0006041952191871
-2   2.0013507795904419
-2   2.1589296902419783
-2   2.0113140511220444
-2   2.8765316651774819
-2   2.0038843205017525
-2   2.1249719402782463
-2   2.0046827025349105
-2   2.8938792046987052
-2   2.0016927701658145
-2   2.8760772175569107
-2   2.004058424673012
-2   2.136034153651436
-2   2.0262942237058645
-2   2.0130468617888395
-2   2.022273094622498
-2   2.0256566368514348
-2   2.0167300728580431
-2   2.8536626565149716
-2   2.1630849906357428
-2   2.0044929762574553
-2   2.1046078917279925
-2   2.9552076758881882
-2   2.7001249198989781
-2   2.6804925832637911
-2   2.0381886204591244
-2   2.3435987164155798
-2   2.2520380976129264
-2   2.5935453271324125
-2   2.5330364851134557
-2   2.1317668312098039
-2   3.0328208786559903
-2   2.5929300126237615
-2   2.2699149489793298
-2   2.161518880903031
-2   2.8666445298023904
-2   2.537764342285918
-2   2.3460411852593328
-2   3.1624375575636443
-2   2.3700032226480121
-2   2.5187868794671506
-2   3.0427202625723755
-2   2.3592810175733101
-2   2.4471447852434096
-2   2.325810404830623
-2   2.2017895764973625
-2   2.5622588054491557
-2   2.2569168820563252
-2   2.1845501988911709
-2   2.4025975320359727
-2   2.469029992386035
-2   2.0139087863346319
-2   2.0024311633352232
-2   2.0097336028037041
-2   2.0092765316937977
-2   2.050806898423021
-2   2.1312402022211967
-2   2.9017364818190279
-2   2.5358562148455013
-2   2.3940381498446168
-2   2.9412737255690464
-2   2.1291267647442291
-2   2.0884373874872617
-2   2.172264014072419
-2   2.0260611627606213
-2   2.533258709172538
-2   2.2891466902750821
-2   2.9721498648848352
-2   2.0646920811847842
-2   2.3633815992131524
-2   2.0802354169312567
-2   3.1461957501532107
-2   2.6888400426816252
-2   2.8847786308062502
-2   2.1805660573302243
-2   2.6850572297919388
-2   2.0562634721921014
-2   2.101393056029762
-2   2.1104376216755782
-2   2.0736368900013846
-2   2.6484513156555352
-2   2.340672983647166
-2   2.2884271382715546
-2   2.2550786484134542
-2   2.2108876212279553
-2   2.0505627847580445
-2   2.756261800891171
-2   2.3693212253954838
-2   2.0238514570156987
-2   2.5056785689128183
-2   2.0751817132959478
-2   2.6664323370245397
-2   2.6809860107296939
-2   2.7090774786710479
-2   2.7050552458404842
-2   2.9827323909106447
-2   2.380199090642058
-2   2.6444338109204355
-2   2.6996740139116766
-2   2.0850820310952001
-2   2.003424723822278
-2   2.0393664353394594
-2   2.0401370363012581
-2   2.0771917566050138
-2   2.2631371116265684
-2   2.1383853253904404
-2   2.2758647332695845
-2   2.5178052162069302
-2   2.802962162762384
-2   2.0383020228504884
-2   2.0065793262947498
-2   2.9793455491445537
-2   2.0171885358765773
-2   2.0094185012071866
-2   2.0055740698576372
-2   2.017287443520082
-2   2.0349370586234024
-2   2.0874715315204981
-2   2.2074916743104316
-2   2.5031456830347709
-2   2.3289992320614155
-2   2.1592409185727042
-2   2.315575788016575
-2   2.1945250435270092
-2   2.7854034545889581
-2   2.5853103822254564
-2   3.2386394109032426
-2   2.8737607441796351
-2   2.2832792782805544
-2   3.2213897502088673
-2   2.6910917990955618
-2   2.298044090653951
-2   2.3536756633389846
-2   2.705662229776046
-2   2.2672365470300964
-2   2.4130304389902788
-2   2.3491951206162844
-2   2.7054632443385249
-2   2.6639669446087382
-2   3.6964020309879704
-2   2.0196415679325317
-2   2.0031298644699009
-2   2.0442015169418601
-2   2.0035506912519425
-2   2.4618604817058438
-2   2.4839451003074813
-2   2.0598741396292222
-2   2.2133100860823118
-2   2.1472863505854258
-2   2.7645932449248849
-2   2.0276347916366997
-2   2.0011139445172281
-2   2.915036493423063
-2   2.6392602060617891
-2   2.438516717460284
-2   2.1044993347173016
-2   2.0049412540242226
-2   2.99126377681517
-2   2.0097035860589858
-2   2.0012518180569563
-2   2.0061890638843205
-2   2.0100694353250441
-2   2.0132386510748868
-2   2.0490236451636008
-2   2.8729353272144995
-2   2.0093626855629778
-2   2.0186940692168891
-2   2.1659538242783403
-2   3.7622230975029911
-2   2.1882911117480623
-2   2.2179513163214049
-2   2.7138637759180457
-2   2.8189359863293322
-2   2.92523426259618
-2   2.3693680339682386
-2   2.103037306572308
-2   2.0304422963742192
-2   2.0786375782009987
-2   2.0728499143938142
-2   2.9507502431002823
-2   2.000484576760682
-2   2.0065930725546512
-2   2.0011582575475289
-2   2.0050519424510145
-2   2.0021910900617272
-2   2.0025651615202271
-2   2.0057585909116926
-2   2.200251482782611
-2   2.1692164627111428
-2   2.6322838292748085
-2   2.6503613481855699
-2   2.2198697076163656
-2   2.2138357406269797
-2   2.0588044333040791
-2   2.0489591311409705
-2   2.0017380159227152
-2   2.0154531517294343
-2   2.5947836218761005
-2   2.7469233379923605
-2   2.3749565869880849
-2   2.1832078053322976
-2   2.1201196047282536
-2   2.140095318264355
-2   2.0032586456000754
-2   2.0522908406697096
-2   2.2523081789086099
-2   2.2314678804348271
-2   2.1320711128715852
-2   2.6921736910009781
-2   2.8152425932357552
-2   2.0017706310682701
-2   2.0490022162767856
-2   2.0186383291471159
-2   3.3214281593506141
-2   2.8652846427760039
-2   3.1030431665753122
-2   2.7649972850128623
-2   2.1275703526944789
-2   2.0415559484494703
-2   2.0024229378014091
-2   2.0034921031046182
-2   2.0008955401520425
-2   2.0038685972006864
-2   2.0275444659300019
-2   2.0022861775060976
-2   2.9738874166620315
-2   2.0179539100494353
-2   2.0036188877061796
-2   2.9831700356903106
-2   2.0027223033125492
-2   2.0055540942353738
-2   2.0289423947789693
-2   2.0120088776454121
-2   2.0263433880864188
-2   2.0106121055923065
-2   2.8257951156865384
-2   2.0835709702929419
-2   2.1955479236452566
-2   2.0591300460678355
-2   2.0585458631638929
-2   2.3561765075560688
-2   2.5830374464403989
-2   2.1615085928081856
-2   2.1569561467253662
-2   2.223662986177894
-2   2.7724497756838966
-2   2.9680318023987802
-2   2.1929870708247581
-2   2.9549054038120435
-2   2.8583750006101472
-2   3.8651702534241581

-1   1.0374367809594292
-1   1.0956337219007475
-1   1.1366697138624333
-1   1.5976363580142214
-1   1.0633874499776275
-1   1.4984640512607497
-1   1.3608428577712206
-1   1.1334631298312341
-1   1.3611089039110535
-1   1.7403930598898407
-1   1.9121909127187662
-1   1.2336784357728015
-1   1.8670816059460567
-1   1.7963368328379556
-1   1.0397642980466868
-1   2.8233581159825669
-1   1.9193772777725817
-1   1.3168897066355802
-1   1.1173896897233253
-1   2.0702105931545458
-1   1.8357593583067486
-1   2.7577329708118108
-1   1.3317607585596645
-1   1.1407514003715455
-1   1.8825259461577573
-1   1.0257896068036878
-1   1.4457307659979701
-1   2.51239757376108
-1   1.6900854150317515
-1   2.1042085026669621
-1   1.0622006164709521
-1   1.3626531995524971
-1   1.4304126941929942
-1   1.6734786195854463
-1   1.1285949662585735
-1   1.7688647461844398
-1   1.4339896885302299
-1   1.5059260463836415
-1   1.3746638465603542
-1   1.6335297239122739
-1   1.7851680965000227
-1   1.2338697535943883
-1   1.6401038787818503
-1   1.362194825672522
-1   1.3881161814024776
-1   2.7215643994148886
-1   1.1319537128801616
-1   1.2767763068076901
-1   1.7145636986417765
-1   1.4190729636112946
-1   1.1168939547751016
-1   1.8440182898509563
-1   1.781895287489669
-1   1.9239419913493401
-1   1.9213796293181886
-1   1.3418987109450149
-1   1.9990297966183297
-1   2.1053364356052193
-1   2.0761445807161345
-1   2.2602643106181564
-1   2.6389211662108951
-1   1.8281279100619181
-1   1.5617379656840735
-1   1.8955813169043711
-1   2.9859728525448741
-1   2.1690743238256891
-1   1.8467375468742597
-1   1.7920329371706667
-1   1.5569585307218397
-1   1.8964019241984826
-1   2.2679829036936088
-1   1.7830739285196624
-1   2.2560226795684533
-1   2.5780932500387221
-1   2.1386930336046155
-1   1.5509990425518851
-1   1.7372192553329948
-1   1.5984587289005021
-1   1.9028145823930811
-1   1.6206409313307018
-1   1.7498032132714196
-1   2.6960239870982945
-1   2.0341892524912075
-1   2.1964504655025907
-1   2.1206610994810307
-1   1.8410105235422112
-1   1.3944165086606364
-1   2.7905577588262411
-1   1.8479020449447781
-1   2.1873009928514495
-1   1.6165267379538446
-1   1.4029096400792189
-1   1.5724758915298014
-1   1.8043288238754571
-1   1.2890860507736603
-1   2.2678676558077746
-1   1.895482719413351
-1   1.5782014149612911
-1   1.088381605619499
-1   1.9857003866377827
-1   1.2706003121550917
-1   1.7319751949088706
-1   2.8011468896830496
-1   1.7238090878393479
-1   1.9895457119478204
-1   1.1775712367333211
-1   1.3437635012382858
-1   1.1790684607972424
-1   1.929882886818763
-1   1.2893177496958368
-1   1.7185437164898514
-1   1.7832621543856937
-1   1.9023566658368884
-1   1.1943936940097506
-1   1.1186672181866171
-1   1.0875962931426773
-1   1.9020565422180185
-1   2.1127849821409033
-1   1.9337772118825423
-1   2.2388596432370398
-1   2.1915193288151746
-1   1.6768225093995852
-1   1.5706806859282341
-1   2.3982033941937799
-1   1.487373311769471
-1   2.5671622553749738
-1   1.4441442483748874
-1   1.2714869210327946
-1   1.7936831742714987
-1   1.8618458083897589
-1   1.7844950527521686
-1   1.70921587455714
-1   1.7362743414404469
-1   1.5576719173114064
-1   1.4460421654432383
-1   1.7177621879592988
-1   1.3856934140694992
-1   1.4869622973838137
-1   1.8164258516885154
-1   2.0702828735387553
-1   1.6801752728241981
-1   1.5756697444233128
-1   1.8059342380969463
-1   1.993286997099291
-1   1.9036658333749119
-1   2.4738333147110305
-1   2.1610611572674072
-1   2.8321939259702709
-1   1.5298942149905672
-1   1.4412201529007906
-1   2.6000271360655982
-1   2.4351573165284512
-1   1.6983988038581113
-1   1.7133749998071588
-1   1.6787047491370881
-1   1.9710355904432464
-1   1.5184058607412578
-1   1.5068435981597377
-1   1.6894521825376341
-1   1.6569271863318167
-1   2.275347337756116
-1   1.6538744221230468
-1   1.4367139854412208
-1   1.4486856933013661
-1   2.4300400789496486
-1   1.705052638948779
-1   2.1535663260803273
-1   1.2418021870680758
-1   1.5380326702721798
-1   1.7038492107064775
-1   1.4321034518063838
-1   1.3633091436753797
-1   1.6244418055683134
-1   1.3319736180085897
-1   2.338739485210894
-1   1.5641443552397072
-1   2.2689745635327006
-1   2.1263184518960192
-1   1.7889096846949939
-1   2.2111641301747063
-1   1.8602258579584556
-1   1.9455763386986424
-1   1.1742763130573737
-1   1.7368718335064832
-1   1.7349910912294515
-1   1.0828748302895037
-1   2.2102046752678333
-1   2.2144719191216189
-1   1.0627711105447168
-1   3.0838902509229382
-1   1.7963784868771073
-1   1.5245177996168291
-1   2.6812327738969115
-1   1.2299309826822855
-1   2.549034999440833
-1   1.5963003834638223
-1   2.3592368016323237
-1   2.742913324743161
-1   1.9024782068308648
-1   1.1867340490968108
-1   1.4558856956872572
-1   1.6094515553825182
-1   1.0727489567682884
-1   1.8996591800602589
-1   1.0860412709754428
-1   1.6023533045008165
-1   1.3091705039709591
-1   1.2518890908591105
-1   1.6616747029091168
-1   1.220747496423211
-1   1.9734635141547607
-1   1.7216022643775308
-1   2.0145267625992562
-1   1.8646326390341166
-1   1.330950291005172
-1   1.5135205635237425
-1   1.7492288021334876
-1   1.4087488338535898
-1   2.2170101761029262
-1   1.5766615270278321
-1   2.1816607093298979
-1   1.8794868705480217
-1   2.0037053627244661
-1   1.9704415364486527
-1   1.2683321016211586
-1   1.3515263732472937
-1   1.2230940268535335
-1   1.8374615638877541
-1   2.0236150376634674
-1   2.0731854005976844
-1   1.8592182684741463
-1   1.2731948705730589
-1   1.2108175885205255
-1   1.7026084936401333
-1   1.7079361608768142
-1   1.437931028914097
-1   1.7047114528004652
-1   1.5484173231989975
-1   1.6173399430132549
-1   1.3744191169196347
-1   1.8401224780480518
-1   1.9032911803393149
-1   2.1924955518367013
-1   2.0222619043810957
-1   1.7893588213898814
-1   1.8383916163723963
-1   2.4168694408485831
-1   2.0121801651956241
-1   2.1462283542840512
-1   1.6308984638369055
-1   2.1122933039519132
-1   2.6264062738588532
-1   2.4017460040650218
-1   1.9732799748190648
-1   2.6454657244833073
-1   1.5235220225680028
-1   3.2029580000202764
-1   2.1782075631510809
-1   1.7635572633249263
-1   2.4241374194530843
-1   1.7390363553100072
-1   1.5252671068618127
-1   2.223546378029885
-1   2.318750178572806
-1   1.5344139693717755
-1   1.5498367008454847
-1   1.7772418146136055
-1   2.3157511055763158
-1   2.4622873533567109
-1   2.0842809130829938
-1   2.3878601664898156
-1   1.6130588492401756
-1   3.7663544223434613
-1   1.1120285259783482
-1   1.9220982972631981
-1   1.1358166760935164
-1   1.2324423939328819
-1   1.0803801921313223
-1   1.7750509503933358
-1   1.1349296725488542
-1   1.3357693570181108
-1   1.7069918585258606
-1   1.9225748287629441
-1   1.2539937643895249
-1   1.3770517343477555
-1   2.0162601072808521
-1   1.5473925837222415
-1   2.5500131529181029
-1   1.5613171971383917
-1   1.7384991679713933
-1   1.9259166882039138
-1   1.7507743583609892
-1   2.9042424749364959
-1   1.2965450582411906
-1   1.9790317616728763
-1   1.0161002706379247
-1   1.0322067474469978
-1   1.6711819307232134
-1   1.0082180823078954
-1   1.444395806473616
-1   1.0576010107753915
-1   1.7592482906830385
-1   1.7747572761468176
-1   2.2356197990076754
-1   2.3882469492570007
-1   1.8897823515717431
-1   2.1409249617228348
-1   1.6263285027985752
-1   1.9569283551022112
-1   1.9663678795537125
-1   1.1884651477080657
-1   1.4423200141178925
-1   2.2894209727481054
-1   1.8247637281442186
-1   1.9252718723470763
-1   1.205685780874461
-1   1.3728579765521796
-1   1.793907976824777
-1   1.8826013637137478
-1   1.8428850412489912
-1   2.0333811136244435
-1   1.8889208250861165
-1   1.1509680065220511
-1   2.4493008489300556
-1   1.1800415778198927
-1   1.8187707498390076
-1   2.0663628564832193
-1   1.8177648129264234
-1   1.1731505760611818
-1   1.2174451863146682
-1   1.4785535987048772
-1   1.4766265964513268
-1   3.5052456108041499
-1   1.2445304416024365
-1   1.6189167697054563
-1   1.5949800745542611
-1   1.458690054143847
-1   2.1636777727669663
-1   1.664441413041049
-1   1.3017205108624046
-1   1.9649700298953836
-1   2.1541384141380169
-1   2.6824674374640893
-1   1.5834209823146028
-1   1.3260363812918743
-1   2.0339418341199673
-1   1.9844148883252641
-1   1.9335655134472542
-1   1.992717358847508
-1   1.3589790152615913
-1   1.6270830184444742
-1   1.0603589461358625
-1   1.1137476405392597
-1   1.5892175741852732
-1   1.8153100290765165
-1   2.8490227673653514
-1   1.720086615494143
-1   1.0233487426813144
-1   1.3495410824706866
-1   1.7534240408761383
-1   1.8160353054231377
-1   1.7772511841500371
-1   1.3992255762312431
-1   1.0119254427765212
-1   1.608756696425989
-1   1.924420467288241
-1   1.9716386422434038
-1   1.0075675598289457
-1   1.0055180931444276
-1   1.0462194600107397
-1   1.4476761685504067
-1   1.0371884758801371
-1   1.6453687370907999
-1   2.2101033830809245
-1   2.14327117048814
-1   1.4608578410180573
-1   1.4323943546152857
-1   1.2312101684205075
-1   1.3225686103685892
-1   2.5326788604626915
-1   2.6189080708259715
-1   1.0667547021915056
-1   1.1619277517557016
-1   1.7267600560983372
-1   1.8118832645694667
-1   1.8879015237386803
-1   1.3003260174994924
-1   1.1908835458786984
-1   1.2400809412189786
-1   1.8293364705710875
-1   1.874017419490607
-1   1.8487871643714278
-1   1.0767678422335483
-1   1.0342280842899818
-1   1.0891795900057886
-1   1.0693385997294045
-1   1.041589550622672
-1   1.5664648512109438
-1   1.9511982489018558
-1   2.1739089705344892
-1   2.1894371991717692
-1   1.456850216474797
-1   2.3130566035629991
-1   1.8702485725078746
-1   1.4463384469873388
-1   1.9466453306220575
-1   1.1692267911587537
-1   1.5821002942506532
-1   1.3989842928757776
-1   1.0112931390223439
-1   1.0180311740926631
-1   1.0208632817587999
-1   1.9876083716053787
-1   1.0426584234496621
-1   1.8248510019280335
-1   1.0808498348270126
-1   1.9808992225148967
-1   1.0349008379665829
-1   1.17561850125448
-1   1.4054967547124886
-1   2.404763718515968
-1   2.2511560289210766
-1   2.4286202994883905
-1   2.6368168536230492
-1   1.7032566591839604
-1   1.9072269534981561
-1   2.0765490761227143
-1   1.7887507877975524
-1   1.4713030362567421
-1   1.5416817513206773
-1   1.2894912463689074
-1   1.978741372829838
-1   1.259600659741466
-1   2.1910954666758222
-1   2.7544885659175899
-1   2.4157707358645686
-1   1.2409999108849543
-1   2.8182393699645742
-1   1.8298727479057741
-1   1.9001217128852392
-1   1.7224767907596243
-1   1.412914877902429
-1   1.1120576370539073
-1   1.96475024020675
-1   1.023014085962223
-1   1.0317435979843612
-1   1.2283440798985921
-1   1.2011661827598692
-1   1.799557951785665
-1   1.7117111935968699
-1   1.1903164699797084
-1   1.1293745805370359
-1   1.1533670822639788
-1   1.9629762970034785
-1   1.5512179577736966
-1   1.6402690918375971
-1   1.8219146491734559
-1   1.9707235788135056
-1   1.3461200747690762
-1   2.4776035943743087
-1   1.9469076841965687
-1   1.8615877021169216
-1   2.9071438619903183
-1   1.0176370730624222
-1   1.0368959728830573
-1   1.0152115801598831
-1   1.8794794355636277
-1   1.0460562995944285
-1   1.1763778259757318
-1   1.1778677266606807
-1   1.1154928759890852
-1   1.7924198468974546
-1   1.1888747876496952
-1   1.2425334481370058
-1   1.1281464130536416
-1   1.828735130398389
-1   1.2474563353731654
-1   1.7692819262886172
-1   1.9273093441119822
-1   1.9166942465463315
-1   1.1907165988917592
-1   1.209218534188621
-1   2.634693769807952
-1   1.7925899768559752
-1   1.8933422290873754
-1   1.2587132000655006
-1   1.7477642327963649
-1   1.7011030313777851
-1   1.442737242230246
-1   1.9921867524773154
-1   2.2506976270852497
-1   2.1732815948863569
-1   1.3399934975608399
-1   2.0545545327893899
-1   1.9933591406101492
-1   1.451102253632192
-1   2.4651232313738358
-1   2.4924297669726223
-1   2.0238828198320893
-1   2.8668434758967365
-1   2.0514735324417379
-1   2.9416111960595774
-1   2.8270390611864484
-1   3.8474645113637171

0   0.043276009798854709
0   1.0031229849496919
0   0.79245415336035685
0   1.0541938857738791
0   1.003412290753291
0   1.0518854223763625
0   1.0189511277739274
0   0.20028539794275424
0   1.5942755190895195
0   1.0510315709330422
0   1.0040070539112844
0   1.9960778552858183
0   0.63983989241364081
0   1.0302330637823411
0   1.0048958529433798
0   1.2998399633544684
0   1.6465049486215348
0   1.9521341391251674
0   1.7667170189124133
0   2.7818046047632459
0   1.002239710287953
0   1.5804538101917691
0   1.0041896698372774
0   1.1337704274750353
0   1.1357849705045693
0   1.8594034956001226
0   1.8634026343266727
0   2.7629205258963445
0   0.66181541124732424
0   1.1077540446539824
0   1.2421433113225939
0   1.7745098245422191
0   0.35681177576580125
0   1.1234246450839114
0   1.0031042861361612
0   0.74089067972403
0   2.6535461745808515
0   0.0842788743126196
0   1.8603768254104924
0   1.6132284182330059
0   1.4426350157941596
0   1.0029370376077604
0   0.81117835246711234
0   1.9398506459368869
0   1.1197844749915482
0   1.0030410407729173
0   1.9915290968357238
0   1.145146520930554
0   0.3166808300288666
0   1.6609655209101488
0   1.3782199825604204
0   1.013252944120794
0   1.8613319727699129
0   1.9299111692946345
0   1.0482193526332455
0   1.1054385961074424
0   1.4976943143807679
0   1.0225387387940064
0   0.3858803103267352
0   1.0852849683153505
0   2.364344122277954
0   1.2800781714738272
0   1.3153796217491944
0   1.0398394051085962
0   1.0307542998385331
0   1.4918088109961982
0   1.1752762677162616
0   1.8056725701408229
0   2.2048344089033893
0   1.2098616040740393
0   1.3967562241393516
0   1.0480865421436445
0   1.0069112444048272
0   1.8490499251119314
0   1.6181789196370895
0   2.6625299821017063
0   1.0738676543225092
0   1.7633507133810831
0   1.0847108819754214
0   2.291399511579415
0   2.2402640700350469
0   1.6729688881918059
0   1.5986180130057401
0   3.2512490866853061
0   1.8385510957818867
0   1.9431879209052085
0   1.3214649162513932
0   2.0236246482964706
0   1.5568662576064334
0   1.4575394692172756
0   2.3423246014194432
0   2.0524481542958566
0   1.5053270689053644
0   1.9215565215069188
0   1.6725583495008607
0   1.6663367522678678
0   2.0647877409416955
0   0.74904455128104752
0   2.1103178075629994
0   1.2603924652876604
0   1.965850623816578
0   1.2516925564800945
0   1.7691180558988071
0   2.2485978614077546
0   1.3680847225787369
0   1.7803484941334333
0   1.5784192856605239
0   1.6473889295114654
0   2.2937119743764298
0   1.5960259619808213
0   1.8688112756947053
0   1.6624434146227327
0   1.5104322041838643
0   1.8508422969280409
0   1.9923539586303494
0   1.2167996364271438
0   1.5214315518067538
0   1.6428741357129648
0   1.1028951228127535
0   1.1875241945959338
0   1.6696164792743855
0   2.6123974834923942
0   1.3869016233995555
0   1.7175093661679242
0   0.67642786316786885
0   1.2405537275778429
0   2.6331349312967416
0   1.4864901770618426
0   1.130427469844161
0   1.5083091252510181
0   1.2321045194538656
0   1.0158856057009862
0   1.2720970797813809
0   1.4543828836767347
0   0.52047857912891082
0   1.0381504227647269
0   1.0543882242501006
0   1.5600088403708261
0   1.0069737551504925
0   1.9680835839817159
0   1.3593954558969696
0   1.9479092644764897
0   1.0263795934794675
0   1.1505701563282185
0   1.6354645135454904
0   0.24762486058150357
0   1.0085113936789452
0   1.8621361980086291
0   1.8642560281068152
0   2.5194581388798802
0   1.5547879320966285
0   1.9199469943606897
0   1.0262253292704164
0   2.0933191278506595
0   1.5002288432518784
0   1.8440461232489405
0   1.8531591700448864
0   0.78016572837315579
0   2.2934526230998742
0   0.605302225995072
0   1.515970514629351
0   1.2627305595185276
0   1.1062358518846462
0   1.1407551011932375
0   1.8442994914948323
0   1.9740605420666921
0   1.9116845613693267
0   1.1970885310169948
0   1.2067744757498196
0   1.1377155939257646
0   1.4980329907242544
0   1.6200578826303351
0   1.7066483870363576
0   1.717450966807113
0   2.1607966642533674
0   1.6346799931266585
0   1.1840785688421944
0   1.8857397438051229
0   1.3723386129548774
0   2.1325775896199746
0   1.3251470435246593
0   1.0433037954649949
0   2.3609153716620677
0   2.424342902830241
0   1.1943751407010184
0   1.7765767765104576
0   1.8901749063221298
0   2.686267908151696
0   2.172394149699195
0   1.0148695255959219
0   1.4811183621514918
0   1.5694610640136624
0   1.1067501900743699
0   1.6196221792542809
0   1.7738633875671201
0   1.180460009366199
0   1.6767176967702171
0   1.8785450497557887
0   1.9870993300345119
0   1.4455480744003262
0   1.6434830129527147
0   1.1722548050315964
0   1.5145421165391859
0   1.2826679324563952
0   1.4313576615996331
0   1.6088049643571494
0   0.52629930956562765
0   2.3132604352341191
0   2.0291877872770563
0   1.1190767067527958
0   1.2583583605211976
0   1.4729859902283473
0   1.4365507972220168
0   1.5766468862075707
0   1.0657776266499812
0   2.0618288712781694
0   1.9559663745427494
0   0.83869007149403485
0   1.8987157327789204
0   1.5625313466425226
0   1.5617980669952738
0   1.2249458965780546
0   1.3842246355044849
0   1.3407757103596862
0   1.942462165182492
0   1.6605278991492858
0   1.9083333632460833
0   2.108109806588637
0   1.7280675612104557
0   1.0135230313290386
0   1.0391046225447726
0   1.028984406964597
0   1.3129995839034785
0   1.9850534865725429
0   2.0092754775201578
0   1.9590938466731678
0   1.3633562678161657
0   0.30429437790747416
0   2.3563286391337224
0   2.436702388300692
0   1.5557609458886565
0   1.5561735658714775
0   2.2225912608911385
0   2.3285583937387537
0   1.0564203224236901
0   2.4097560659069406
0   2.3628035643784639
0   1.0581544457406675
0   0.88384515456567536
0   1.9485696836214212
0   1.0160797460119166
0   0.098263948929448008
0   1.0159553649129425
0   0.60448356640611678
0   1.487995343204398
0   1.9384490956975808
0   1.0231042357737861
0   1.0086307891474964
0   1.9653624432369736
0   1.0925534417074783
0   1.8914276250615423
0   1.3464183005543955
0   1.3208566497937728
0   1.2316039870172604
0   1.0322420815850994
0   1.3053206965061095
0   1.3368379156832602
0   1.2805757328321847
0   1.2483193269562278
0   0.62659617450814387
0   1.0078541229031606
0   1.5506135951611482
0   1.045460728506391
0   1.6145413996633904
0   0.85632590152102117
0   2.1793710589193953
0   2.6811390147314671
0   1.0906547646587152
0   1.9733550160811726
0   1.9433473838375597
0   1.4560184868858861
0   0.61959521102089266
0   1.0158030209906268
0   1.7265588898670692
0   1.0913067792957472
0   1.9762575912774927
0   2.5630609536243454
0   1.49888096754705
0   1.8706423585926264
0   1.0154363396622812
0   1.0220940379554975
0   1.1529114006635532
0   1.5848580330962423
0   1.6117304282875438
0   1.945346845685179
0   1.3351109309747748
0   1.6632686243142141
0   1.055148718122555
0   1.1823764106838863
0   1.5883892949899767
0   1.7916536312587508
0   1.1562494349168795
0   1.84680879722728
0   1.6877198167943828
0   1.3986735070185949
0   1.9268259537004431
0   1.6410143575979834
0   1.8900454220339382
0   1.8406354629223567
0   2.6677737726897597
0   1.1635871798610093
0   2.2841062670813668
0   2.2059382760272408
0   1.967733059150421
0   2.8375923424895775
0   1.2082546027690197
0   3.2628375051995477
0   1.9436199392612661
0   1.9215668793997995
0   2.7686770476334233
0   1.6752432100508594
0   1.8453392260508159
0   1.3953001093106243
0   1.4996304192445764
0   0.57657176490614126
0   1.0854626700931413
0   2.3372486159863328
0   1.9762375626268893
0   1.9729529238671457
0   2.100272312934218
0   1.2978936462216799
0   2.4988444438461022
0   1.9687584923978774
0   2.4239566886778858
0   1.9454712896345887
0   1.0892669780565554
0   0.49230832030884664
0   3.8172049968517845
0   1.0180542620020543
0   1.027982785502185
0   1.9242248333691436
0   0.38939972821174695
0   1.0497996864144981
0   1.0017464457682006
0   1.8304904446604113
0   1.0155579836970134
0   0.32305705006897401
0   1.4331162368222983
0   1.0508524762661511
0   1.4219238556624532
0   1.7929216549522251
0   1.088577565749733
0   0.5464693994120835
0   1.0669546244653669
0   1.877013829304317
0   2.023947811494299
0   1.3508066893048027
0   2.292268326632811
0   1.8111075950871021
0   1.0134983360559919
0   0.81747633925974128
0   1.491059562685993
0   2.9469673641314795
0   1.6834205584760356
0   1.0050154588431797
0   1.5704454942976649
0   1.0176197247541956
0   1.0156283363618679
0   1.0212085827964301
0   0.88385933718909193
0   1.0052246740657005
0   1.6461019255559446
0   1.0052727724415809
0   1.1218153671191931
0   1.4105489838700027
0   1.4031026682320578
0   1.7343577353180262
0   1.7165100542463887
0   1.7615054027948469
0   1.6767990822159713
0   2.0840344724792583
0   2.5300031332568498
0   1.021988204762319
0   1.6124199306224543
0   1.0418190884749496
0   1.0039619067661967
0   1.051569937092826
0   1.3271888013462783
0   2.8403622664100805
0   1.3893613993636627
0   1.3202674813206277
0   1.7881162751074107
0   1.7806073779413603
0   1.0062018061164815
0   1.0185321787686945
0   1.9822654244956461
0   1.9924907105177043
0   1.4013918746500069
0   1.7427308937494299
0   1.0028016910230526
0   2.8259691667897817
0   0.72752877547492134
0   0.31236466356355042
0   1.0345462579910447
0   1.7607475776607262
0   1.5762291483278976
0   1.004750144667625
0   1.9890565227556292
0   1.0803198585586
0   1.8002483799573108
0   0.88219944031738917
0   3.1126970744075484
0   1.5378368382300058
0   1.5546499137209624
0   1.1423924748466698
0   2.2710169416195347
0   1.2932355227385199
0   1.0748649981177369
0   1.0507713083911365
0   1.3806797760692164
0   0.86525147092578769
0   2.5689568640001381
0   1.1497420802320586
0   1.0140044747590626
0   1.5109869885282317
0   1.4023954011049709
0   1.2950695018600973
0   1.7586746230604509
0   1.7833083170184785
0   2.4858999594105651
0   2.0513242124608366
0   2.1971405726168434
0   1.2140322237395695
0   1.2796583689900061
0   0.60445689671048508
0   0.65383731916991317
0   1.6500755714746891
0   1.9906834263949564
0   1.3770154642711203
0   1.0061506869630654
0   1.0056118486344297
0   2.6256540033207085
0   1.7520322844527185
0   1.012663753540797
0   1.0033622291031901
0   0.75747944185690153
0   0.41629175715933608
0   1.0053506261186556
0   1.9864174638907701
0   1.9726193047148128
0   1.9947689442639382
0   1.0012020144739404
0   1.0043118137955667
0   1.9742774275880675
0   1.9154637100503806
0   1.005502700961632
0   1.0008102440635385
0   0.062613834408629221
0   1.0488888913523344
0   0.033601811136849569
0   0.068536326096292011
0   0.5907735769233875
0   1.0444778293989903
0   1.0056473767474889
0   1.8033403174081739
0   0.36776007225267926
0   1.9343440940893148
0   2.9382123087329939
0   2.8575053988605217
0   1.8680300020539704
0   1.0315661893831063
0   1.000815284933585
0   1.1902503960457504
0   1.9898795744095197
0   1.9419785275449835
0   1.059200255229467
0   1.0061491608470683
0   1.0085906420062556
0   1.3666085598113504
0   1.1052509684830625
0   1.0443633922911228
0   1.9260064054779606
0   0.54287302000305959
0   1.0030828828162059
0   1.0034416141153788
0   1.9790375235315172
0   1.924262432193478
0   1.0796407100511838
0   0.34735972497641887
0   1.0339121616254396
0   0.28233945515534054
0   1.0065021295871566
0   1.0096436503233626
0   0.10024461592040057
0   1.0126570724805997
0   0.94057817865112581
0   0.27263700274124358
0   1.4390274911528951
0   0.36607372578064634
0   2.5320899899923868
0   1.5728303123234446
0   1.7380538944519448
0   1.7611972665529168
0   2.216429541039266
0   1.6418918963315652
0   0.42707748724783423
0   1.9813411660060365
0   1.9641244576812733
0   1.1632567804713185
0   1.0482381201725879
0   1.1203605579988396
0   0.068530188083796073
0   0.077893127355470826
0   1.0054786061880392
0   1.0043944450978137
0   0.61414525058343283
0   1.0060464474977786
0   1.7860469320439298
0   1.0248082851940374
0   0.94332277755083793
0   1.0121879124085975
0   1.9618779387559253
0   1.2254518259090701
0   1.6330274422342352
0   1.0529754226317416
0   0.61999128508145773
0   1.007643627934439
0   2.6762962326504005
0   1.9241213872062817
0   2.729669502673997
0   1.7863195672886847
0   0.85209113622241039
0   1.0221382511863719
0   1.8652669543695422
0   1.8471250210425874
0   1.3903627900588202
0   1.6306228830106084
0   1.8383987629407161
0   2.5669508444725522
0   0.51653296696718787
0   1.6629785418252938
0   1.6047357899117705
0   1.2446035699409443
0   0.54227636414143032
0   1.2958076730781563
0   2.0280644808379926
0   1.9371291625761073
0   3.0476775665928857
0   1.5240528866847116
0   1.4171500829432631
0   1.9738421669629163
0   1.9948797223722976
0   1.1496797195183659
0   1.3375359616786477
0   1.0965369459398147
0   1.9232303093921885
0   0.066277828124522875
0   1.0056412544081688
0   1.0058866723808513
0   0.31012825766028196
0   0.51568344565761359
0   1.0073393025084452
0   1.006266561571346
0   1.1664748315342361
0   1.6034760136591126
0   1.8699843767613489
0   1.7104449295390416
0   1.0082973447731642
0   1.1460486268045342
0   1.0287051420629241
0   1.9118075635115837
0   1.555853827845564
0   1.2160755093605347
0   1.0063657324520912
0   1.1491257660342815
0   1.4169729371724271
0   2.8516704306140728
0   1.9648968014784769
0   1.8126398290033157
0   0.067998035740457929
0   2.9041072560965868
0   0.12068380589240379
0   1.0012858338983455
0   1.0094343191319501
0   1.002285625448027
0   0.15979153585561723
0   1.9835688556977629
0   1.0198331756888583
0   0.12917753624400663
0   1.0247973653038844
0   1.0227113528213294
0   0.41577692262781241
0   1.0146418527983838
0   1.9819244791991411
0   1.0432124273102106
0   1.1688715215567349
0   1.0163353879070121
0   1.7961233344592076
0   0.70168231475460452
0   1.0577259831904797
0   1.9151152906413795
0   1.7311553963378672
0   1.934679972179699
0   0.52035660433011555
0   1.1166229808242816
0   2.7257546507720294
0   1.0257464779796932
0   0.95001781826935794
0   1.0449515108687131
0   1.9922299061911044
0   1.3972232567588565
0   1.8649931016936412
0   1.988760956869227
0   1.0925259435660184
0   1.7066157331204774
0   2.0804263316700968
0   1.2120477162130108
0   2.3691038131784725
0   1.0825282739097184
0   1.944103515863735
0   1.8468596552841592
0   1.3400646271175269
0   2.9250985346122484
0   2.0414091244704919
0   1.983677642502593
0   2.8256228093258868
0   2.0320898926469795
0   2.9473168361688256
0   2.8347398156642947
0   3.8395040635714821

1   1.0374367809594023
1   1.0956337219007843
1   1.1366697138624791
1   1.5976363580142499
1   1.0633874499775264
1   1.4984640512605105
1   1.3608428577712679
1   1.1334631298312832
1   1.3611089039111652
1   1.740393059889966
1   1.9121909127187933
1   1.2336784357726498
1   1.8670816059460731
1   1.796336832837969
1   1.0397642980467217
1   2.8233581159825558
1   1.9193772777723965
1   1.3168897066358483
1   1.117389689723288
1   2.0702105931545596
1   1.8357593583067513
1   2.7577329708119507
1   1.3317607585594331
1   1.14075140037153
1   1.8825259461577653
1   1.02578960680368
1   1.4457307659982339
1   2.5123975737610538
1   1.6900854150315698
1   2.1042085026670696
1   1.0622006164708555
1   1.3626531995522737
1   1.4304126941931201
1   1.6734786195854823
1   1.1285949662585673
1   1.7688647461844216
1   1.4339896885302241
1   1.5059260463836752
1   1.3746638465603234
1   1.6335297239122721
1   1.7851680965000165
1   1.2338697535943253
1   1.640103878781864
1   1.3621948256725172
1   1.3881161814024947
1   2.7215643994148593
1   1.1319537128801616
1   1.2767763068076414
1   1.7145636986418462
1   1.4190729636113057
1   1.1168939547751193
1   1.8440182898509305
1   1.7818952874896974
1   1.9239419913493077
1   1.921379629318281
1   1.3418987109446552
1   1.9990297966181294
1   2.1053364356055506
1   2.0761445807161563
1   2.2602643106177767
1   2.6389211662113974
1   1.8281279100618431
1   1.5617379656842938
1   1.895581316904448
1   2.9859728525452152
1   2.1690743238250771
1   1.8467375468740332
1   1.7920329371708696
1   1.5569585307217979
1   1.8964019241982131
1   2.2679829036935963
1   1.7830739285196158
1   2.2560226795685514
1   2.5780932500388296
1   2.1386930336044965
1   1.5509990425520828
1   1.7372192553328998
1   1.5984587289004555
1   1.9028145823930185
1   1.6206409313307639
1   1.7498032132714951
1   2.6960239870983838
1   2.0341892524912235
1   2.1964504655024562
1   2.1206610994812389
1   1.8410105235427912
1   1.3944165086603386
1   2.7905577588259005
1   1.8479020449449068
1   2.1873009928514509
1   1.6165267379539698
1   1.4029096400791157
1   1.5724758915295109
1   1.8043288238752648
1   1.289086050773766
1   2.2678676558078603
1   1.8954827194134305
1   1.5782014149612573
1   1.0883816056194373
1   1.9857003866376743
1   1.2706003121550919
1   1.7319751949089923
1   2.8011468896830385
1   1.7238090878393653
1   1.989545711947899
1   1.1775712367333597
1   1.343763501238239
1   1.1790684607972115
1   1.9298828868187514
1   1.2893177496963091
1   1.7185437164894242
1   1.7832621543857035
1   1.9023566658368423
1   1.1943936940098046
1   1.1186672181866113
1   1.0875962931426217
1   1.9020565422179927
1   2.1127849821409996
1   1.9337772118826151
1   2.2388596432368768
1   2.1915193288152777
1   1.6768225093996194
1   1.5706806859282287
1   2.3982033941937022
1   1.4873733117694812
1   2.5671622553749414
1   1.4441442483749494
1   1.2714869210329818
1   1.7936831742713708
1   1.8618458083897664
1   1.7844950527521681
1   1.709215874557064
1   1.7362743414404895
1   1.5576719173113638
1   1.4460421654432611
1   1.7177621879593254
1   1.3856934140695041
1   1.486962297383821
1   1.8164258516885172
1   2.0702828735387389
1   1.6801752728241972
1   1.5756697444232985
1   1.8059342380968628
1   1.9932869970992968
1   1.9036658333748213
1   2.4738333147110816
1   2.1610611572675
1   2.8321939259703255
1   1.5298942149906782
1   1.4412201529007809
1   2.6000271360655369
1   2.4351573165284464
1   1.6983988038581375
1   1.7133749998070873
1   1.6787047491371569
1   1.9710355904432091
1   1.518405860741189
1   1.5068435981597728
1   1.6894521825375555
1   1.6569271863318376
1   2.2753473377560622
1   1.6538744221232
1   1.4367139854412401
1   1.4486856933013716
1   2.4300400789496712
1   1.7050526389488354
1   2.1535663260802127
1   1.2418021870680576
1   1.5380326702722016
1   1.7038492107065033
1   1.4321034518063913
1   1.3633091436754117
1   1.624441805568305
1   1.3319736180086199
1   2.3387394852108714
1   1.5641443552396601
1   2.268974563532721
1   2.1263184518959912
1   1.788909684694997
1   2.2111641301747307
1   1.8602258579584592
1   1.9455763386986535
1   1.1742763130573766
1   1.7368718335064952
1   1.7349910912294555
1   1.0828748302894899
1   2.2102046752678421
1   2.2144719191216251
1   1.0627711105446891
1   3.0838902509229458
1   1.7963784868771215
1   1.5245177996168287
1   2.6812327738969159
1   1.2299309826823448
1   2.5490349994413091
1   1.5963003834640457
1   2.3592368016318099
1   2.7429133247429811
1   1.9024782068308079
1   1.1867340490968892
1   1.4558856956873536
1   1.6094515553824338
1   1.0727489567682784
1   1.8996591800602745
1   1.0860412709754526
1   1.6023533045008294
1   1.3091705039709651
1   1.2518890908590892
1   1.6616747029090906
1   1.2207474964232272
1   1.9734635141547621
1   1.7216022643775877
1   2.0145267625992571
1   1.8646326390341232
1   1.330950291005107
1   1.5135205635237492
1   1.7492288021334694
1   1.4087488338535241
1   2.2170101761029621
1   1.5766615270277726
1   2.1816607093299685
1   1.8794868705480265
1   2.0037053627244599
1   1.9704415364486185
1   1.2683321016211464
1   1.3515263732473062
1   1.223094026853548
1   1.8374615638877625
1   2.0236150376633955
1   2.073185400597783
1   1.8592182684741472
1   1.2731948705730598
1   1.2108175885205141
1   1.7026084936401258
1   1.7079361608768129
1   1.4379310289141045
1   1.7047114528004683
1   1.5484173231989922
1   1.6173399430132651
1   1.3744191169196378
1   1.8401224780480661
1   1.9032911803393153
1   2.1924955518367177
1   2.0222619043810885
1   1.7893588213898681
1   1.838391616372387
1   2.4168694408485321
1   2.0121801651956552
1   2.1462283542840286
1   1.6308984638369828
1   2.1122933039519221
1   2.6264062738588039
1   2.4017460040650098
1   1.9732799748190684
1   2.6454657244833242
1   1.5235220225680099
1   3.2029580000202893
1   2.178207563151064
1   1.7635572633249259
1   2.4241374194531065
1   1.7390363553100006
1   1.525267106861834
1   2.2235463780297784
1   2.3187501785728846
1   1.5344139693718715
1   1.5498367008454408
1   1.7772418146135829
1   2.3157511055763393
1   2.4622873533566665
1   2.0842809130830289
1   2.3878601664897894
1   1.6130588492401721
1   3.7663544223434835
1   1.1120285259782841
1   1.9220982972631964
1   1.1358166760935129
1   1.2324423939329119
1   1.0803801921313378
1   1.7750509503933105
1   1.1349296725488491
1   1.3357693570181226
1   1.7069918585258916
1   1.9225748287629028
1   1.2539937643895096
1   1.3770517343477562
1   2.016260107280865
1   1.5473925837222504
1   2.5500131529180821
1   1.5613171971383868
1   1.7384991679713928
1   1.9259166882039169
1   1.7507743583609963
1   2.9042424749365026
1   1.2965450582411904
1   1.9790317616728839
1   1.016100270637925
1   1.0322067474469976
1   1.6711819307232378
1   1.008218082307895
1   1.4443958064735878
1   1.057601010775389
1   1.7592482906830131
1   1.7747572761468318
1   2.2356197990077278
1   2.3882469492569771
1   1.8897823515717116
1   2.1409249617228516
1   1.6263285027985934
1   1.9569283551022028
1   1.9663678795537112
1   1.1884651477080734
1   1.4423200141179073
1   2.2894209727481356
1   1.8247637281441835
1   1.9252718723470816
1   1.2056857808744561
1   1.3728579765521887
1   1.7939079768247663
1   1.8826013637137584
1   1.8428850412490276
1   2.0333811136244417
1   1.8889208250860992
1   1.1509680065220536
1   2.4493008489300543
1   1.180041577819849
1   1.8187707498390209
1   2.0663628564832233
1   1.8177648129263564
1   1.1731505760611751
1   1.2174451863147699
1   1.4785535987048863
1   1.4766265964513261
1   3.5052456108041916
1   1.2445304416024285
1   1.6189167697053493
1   1.5949800745540594
1   1.4586900541438399
1   2.1636777727671359
1   1.6644414130407741
1   1.3017205108623868
1   1.9649700298955532
1   2.1541384141380062
1   2.6824674374640667
1   1.5834209823147707
1   1.3260363812919291
1   2.0339418341199771
1   1.9844148883252877
1   1.933565513447367
1   1.9927173588475111
1   1.3589790152615402
1   1.6270830184443636
1   1.0603589461358576
1   1.1137476405395947
1   1.5892175741849837
1   1.8153100290765019
1   2.8490227673653568
1   1.7200866154940906
1   1.0233487426813179
1   1.3495410824707528
1   1.7534240408761508
1   1.8160353054229383
1   1.777251184150022
1   1.3992255762314931
1   1.0119254427765174
1   1.6087566964259978
1   1.9244204672882192
1   1.9716386422434229
1   1.007567559828944
1   1.0055180931444263
1   1.0462194600107364
1   1.4476761685504211
1   1.0371884758801191
1   1.645368737090771
1   2.2101033830809649
1   2.1432711704881497
1   1.4608578410180142
1   1.4323943546153475
1   1.2312101684204066
1   1.3225686103688008
1   2.5326788604625246
1   2.6189080708259787
1   1.0667547021915063
1   1.1619277517557629
1   1.7267600560984602
1   1.811883264569798
1   1.8879015237383565
1   1.3003260174993561
1   1.1908835458786275
1   1.2400809412190184
1   1.8293364705710951
1   1.8740174194906687
1   1.8487871643713816
1   1.076767842233544
1   1.0342280842899836
1   1.0891795900058068
1   1.0693385997293947
1   1.041589550622684
1   1.5664648512109123
1   1.9511982489017967
1   2.1739089705346251
1   2.1894371991717505
1   1.4568502164748647
1   2.3130566035628259
1   1.8702485725077986
1   1.4463384469875167
1   1.9466453306221019
1   1.1692267911586847
1   1.582100294250671
1   1.398984292875789
1   1.0112931390223416
1   1.0180311740926697
1   1.0208632817588061
1   1.9876083716053747
1   1.0426584234496652
1   1.8248510019280713
1   1.080849834827033
1   1.9808992225146942
1   1.0349008379666016
1   1.1756185012547578
1   1.4054967547125599
1   2.4047637185157598
1   2.2511560289210801
1   2.4286202994885042
1   2.6368168536230265
1   1.7032566591839546
1   1.9072269534988804
1   2.0765490761227361
1   1.788750787796682
1   1.4713030362567439
1   1.5416817513209344
1   1.2894912463687178
1   1.978741372829925
1   1.259600659741315
1   2.1910954666769138
1   2.7544885659167062
1   2.4157707358645926
1   1.2409999108848817
1   2.818239369964604
1   1.8298727479058181
1   1.9001217128851442
1   1.7224767907595662
1   1.4129148779024701
1   1.1120576370539033
1   1.9647502402067309
1   1.023014085962225
1   1.0317435979844019
1   1.2283440798983638
1   1.2011661827598819
1   1.7995579517860563
1   1.7117111935949203
1   1.1903164699821072
1   1.1293745805367026
1   1.1533670822637718
1   1.9629762970037135
1   1.5512179577732335
1   1.6402690918380758
1   1.8219146491733986
1   1.970723578813502
1   1.346120074768907
1   2.4776035943743397
1   1.9469076841965669
1   1.8615877021170704
1   2.9071438619903147
1   1.0176370730624245
1   1.0368959728830625
1   1.0152115801598591
1   1.8794794355634492
1   1.046056299594438
1   1.1763778259759599
1   1.177867726660665
1   1.1154928759891185
1   1.7924198468974435
1   1.1888747876496031
1   1.2425334481369785
1   1.1281464130535075
1   1.8287351303986679
1   1.2474563353728716
1   1.7692819262887314
1   1.9273093441119675
1   1.9166942465464119
1   1.1907165988898936
1   1.2092185341904944
1   2.6346937698081554
1   1.7925899768555991
1   1.8933422290873954
1   1.2587132000654548
1   1.7477642327962273
1   1.7011030313779396
1   1.4427372422303533
1   1.9921867524774037
1   2.2506976270850809
1   2.1732815948865949
1   1.3399934975608025
1   2.0545545327891763
1   1.9933591406101341
1   1.4511022536319593
1   2.4651232313736644
1   2.4924297669728168
1   2.0238828198322709
1   2.8668434758967409
1   2.0514735324417028
1   2.9416111960596307
1   2.8270390611864462
1   3.8474645113636816

2   2.000351974560457
2   2.000604195219192
2   2.0013507795904442
2   2.1589296902419526
2   2.0113140511220444
2   2.8765316651775032
2   2.0038843205017489
2   2.1249719402782468
2   2.0046827025349097
2   2.8938792046987158
2   2.0016927701658136
2   2.8760772175569369
2   2.0040584246730098
2   2.1360341536514049
2   2.0262942237058628
2   2.013046861788836
2   2.0222730946225185
2   2.0256566368514348
2   2.0167300728580444
2   2.8536626565149557
2   2.1630849906357392
2   2.0044929762574539
2   2.1046078917279911
2   2.9552076758881967
2   2.7001249198989798
2   2.6804925832640376
2   2.0381886204591102
2   2.3435987164152339
2   2.252038097612914
2   2.593545327132468
2   2.5330364851133216
2   2.1317668312098528
2   3.0328208786561581
2   2.5929300126237131
2   2.2699149489793484
2   2.1615188809029275
2   2.866644529802405
2   2.5377643422859806
2   2.3460411852593381
2   3.1624375575636203
2   2.3700032226479948
2   2.5187868794671795
2   3.0427202625724639
2   2.3592810175732852
2   2.4471447852433155
2   2.325810404830587
2   2.2017895764973812
2   2.5622588054491651
2   2.256916882056295
2   2.1845501988911797
2   2.4025975320359558
2   2.469029992386059
2   2.0139087863346345
2   2.0024311633352236
2   2.0097336028037045
2   2.0092765316937964
2   2.0508068984230832
2   2.1312402022211669
2   2.9017364818189773
2   2.5358562148455204
2   2.3940381498446164
2   2.9412737255690913
2   2.1291267647441705
2   2.0884373874872644
2   2.1722640140724034
2   2.0260611627606111
2   2.5332587091725491
2   2.2891466902750919
2   2.9721498648848059
2   2.064692081184798
2   2.3633815992131351
2   2.0802354169312576
2   3.1461957501532871
2   2.6888400426816803
2   2.8847786308059757
2   2.1805660573304526
2   2.6850572297919495
2   2.0562634721921027
2   2.1013930560297234
2   2.1104376216756036
2   2.073636890001382
2   2.648451315655536
2   2.3406729836471558
2   2.2884271382715591
2   2.2550786484134666
2   2.2108876212279482
2   2.0505627847580503
2   2.7562618008911457
2   2.369321225395506
2   2.0238514570157151
2   2.5056785689128049
2   2.0751817132959456
2   2.6664323370245451
2   2.680986010729709
2   2.7090774786710381
2   2.7050552458405335
2   2.9827323909105816
2   2.3801990906419488
2   2.6444338109205354
2   2.6996740139116779
2   2.0850820310952098
2   2.0034247238222784
2   2.0393664353394527
2   2.0401370363012559
2   2.0771917566050195
2   2.2631371116265799
2   2.1383853253904475
2   2.2758647332695938
2   2.517805216206912
2   2.8029621627623804
2   2.0383020228504964
2   2.0065793262947476
2   2.9793455491445493
2   2.01718853587658
2   2.0094185012071861
2   2.0055740698576372
2   2.0172874435200838
2   2.0349370586234041
2   2.0874715315204999
2   2.2074916743104374
2   2.5031456830347585
2   2.3289992320614057
2   2.1592409185727077
2   2.3155757880165435
2   2.1945250435270247
2   2.7854034545889306
2   2.5853103822254879
2   3.238639410903303
2   2.8737607441795996
2   2.2832792782805651
2   3.2213897502088522
2   2.6910917990955414
2   2.2980440906539448
2   2.3536756633389841
2   2.7056622297760273
2   2.2672365470301088
2   2.4130304389903516
2   2.3491951206162884
2   2.7054632443384774
2   2.66396694460874
2   3.6964020309879668
2   2.0196415679325326
2   2.0031298644699005
2   2.0442015169418553
2   2.0035506912519434
2   2.4618604817058474
2   2.4839451003074688
2   2.0598741396292271
2   2.2133100860823109
2   2.1472863505854316
2   2.7645932449248769
2   2.0276347916366988
2   2.0011139445172272
2   2.9150364934230479
2   2.63926020606185
2   2.4385167174602214
2   2.1044993347173189
2   2.0049412540242213
2   2.9912637768151722
2   2.0097035860589867
2   2.0012518180569567
2   2.0061890638843205
2   2.0100694353250419
2   2.0132386510748859
2   2.0490236451636021
2   2.872935327214484
2   2.0093626855629747
2   2.0186940692168909
2   2.1659538242783642
2   3.762223097503
2   2.1882911117480512
2   2.217951316321412
2   2.7138637759180568
2   2.8189359863293308
2   2.925234262596192
2   2.3693680339682248
2   2.1030373065723293
2   2.0304422963742059
2   2.0786375782009849
2   2.0728499143938142
2   2.9507502431002774
2   2.000484576760682
2   2.0065930725546495
2   2.0011582575475302
2   2.005051942451014
2   2.0021910900617272
2   2.0025651615202253
2   2.0057585909116997
2   2.2002514827826016
2   2.1692164627111175
2   2.632283829274813
2   2.6503613481856818
2   2.2198697076163505
2   2.2138357406268927
2   2.0588044333040516
2   2.0489591311409798
2   2.0017380159227156
2   2.0154531517294361
2   2.5947836218763851
2   2.7469233379928966
2   2.3749565869877265
2   2.1832078053316617
2   2.1201196047283011
2   2.1400953182643336
2   2.0032586456000736
2   2.0522908406696496
2   2.2523081789087129
2   2.2314678804348098
2   2.1320711128715524
2   2.6921736910009577
2   2.8152425932357614
2   2.0017706310682764
2   2.0490022162767434
2   2.0186383291471226
2   3.321428159350817
2   2.8652846427760208
2   3.1030431665750706
2   2.7649972850129307
2   2.1275703526944016
2   2.04155594844952
2   2.00242293780141
2   2.0034921031046258
2   2.0008955401520438
2   2.0038685972006847
2   2.0275444659299984
2   2.0022861775060941
2   2.9738874166620266
2   2.017953910049413
2   2.0036188877061831
2   2.983170035690319
2   2.0027223033125461
2   2.0055540942353707
2   2.0289423947789871
2   2.0120088776454197
2   2.0263433880864299
2   2.0106121055922883
2   2.8257951156864936
2   2.0835709702929419
2   2.1955479236453059
2   2.0591300460677879
2   2.0585458631639124
2   2.3561765075564418
2   2.5830374464400259
2   2.1615085928082083
2   2.1569561467253271
2   2.2236629861778705
2   2.7724497756839588
2   2.9680318023987766
2   2.192987070824739
2   2.9549054038121176
2   2.8583750006101516
2   3.8651702534240862

3   3.0000291093865386
3   3.0000457667796572
3   3.0004077833016245
3   3.0012115761964786
3   3.000177646443579
3   3.0268249696561886
3   3.0085297493931833
3   3.847177766414525
3   3.0004943544852685
3   3.160224962301426
3   3.8604234794204242
3   3.1576425081935753
3   3.0012934554923447
3   3.0001515090738544
3   3.0054667248264688
3   3.0003967013460726
3   3.0023562150643013
3   3.0001906882439213
3   3.7949565670495096
3   3.0006690463000951
3   3.0261729447566439
3   3.1682828604397075
3   3.0039198239375575
3   3.0540256557646366
3   3.0103970947560765
3   3.0017395117813024
3   3.7646807581237471
3   3.0003076997070171
3   3.2668794222909083
3   3.0001064486050502
3   3.0034666495294786
3   3.0000540360773171
3   3.0018948090625939
3   3.0037616578505366
3   3.2997317146390994
3   3.0024594420097546
3   3.1987271240722128
3   3.5615034072136282
3   3.005920193207626
3   3.0063289403181392
3   3.077656604262768
3   3.0095805606565809
3   3.9285556154630399
3   3.0000818605556812
3   3.0001529123259498
3   3.0002179155264708
3   3.0012880125795038
3   3.0000871232080213
3   3.0000133071863937
3   3.7341549038936988
3   3.0000406462246167
3   3.314001957472787
3   3.000013024866989
3   3.0020768880821733
3   3.0001376434995168
3   3.000173130706024
3   3.0000062645577006
3   3.0000254650396467
3   3.0335873680345853
3   3.0000138375781478
3   3.9262671136652711
3   3.0000731703725885
3   3.0594411860916741
3   3.0000329927990999
3   3.0000417883558526
3   3.0002189853681704
3   3.0000287900301039
3   3.0000235778909081
3   3.0000175658237866
3   3.1095859396021912
3   3.0000820990183943
3   3.9122989098351972

4   4
4   4
4   4
4   4
4   4
4   4
4   4
4   3.9999999999999991
4   4

