0   -32.3148   0.0522265   0.0295525   0.0857618   0.173923   0.0175596   0.281953   0.0175596   0.173923   0.0857618   0.0295525   0.0522265   
1   -40.7884   0.011342   0.0274481   0.066582   0.122853   0.173113   0.197324   0.173113   0.122853   0.066582   0.0274481   0.011342   
2   -41.3765   0.00968763   0.0248935   0.0647242   0.123727   0.175657   0.202623   0.175657   0.123727   0.0647242   0.0248935   0.00968763   
3   -41.3595   0.0161372   0.0362028   0.0801295   0.120296   0.160365   0.173738   0.160365   0.120296   0.0801295   0.0362028   0.0161372   
4   -41.2519   0.0127003   0.0332543   0.0740351   0.12578   0.161955   0.184551   0.161955   0.12578   0.0740351   0.0332543   0.0127003   
5   -41.2533   0.009018   0.0222976   0.0652998   0.123207   0.179947   0.200462   0.179947   0.123207   0.0652998   0.0222976   0.009018   
6   -41.2519   0.0127003   0.0332543   0.0740351   0.12578   0.161955   0.184551   0.161955   0.12578   0.0740351   0.0332543   0.0127003   
7   -41.3595   0.0161372   0.0362028   0.0801295   0.120296   0.160365   0.173738   0.160365   0.120296   0.0801295   0.0362028   0.0161372   
8   -41.3765   0.00968763   0.0248935   0.0647242   0.123727   0.175657   0.202623   0.175657   0.123727   0.0647242   0.0248935   0.00968763   
9   -40.7884   0.011342   0.0274481   0.066582   0.122853   0.173113   0.197324   0.173113   0.122853   0.066582   0.0274481   0.011342   
10   -32.3148   0.0522265   0.0295525   0.0857618   0.173923   0.0175596   0.281953   0.0175596   0.173923   0.0857618   0.0295525   0.0522265   
