-1.5   1.4999999999999998
-1.5   1.5
-1.5   1.5
-1.5   1.5

-0.5   0.54925630232137657
-0.5   0.50000000000000022
-0.5   1.4928642559522092
-0.5   0.49999999999999978
-0.5   1.4709347012561667
-0.5   0.51299872111075961
-0.5   1.5
-0.5   0.50000000000000022
-0.5   0.50721279550209242
-0.5   0.56924079566512953
-0.5   0.49999999999999989
-0.5   1.4644464281983904

0.5   0.54925630232137657
0.5   0.5
0.5   1.4928642559522098
0.5   0.49999999999999989
0.5   1.4709347012561658
0.5   0.51299872111075961
0.5   1.5
0.5   0.49999999999999989
0.5   0.50721279550209197
0.5   0.56924079566512864
0.5   0.49999999999999978
0.5   1.4644464281983907

1.5   1.4999999999999998
1.5   1.5
1.5   1.5
1.5   1.5

