-1.5   1.5
-1.5   1.5
-1.5   1.5
-1.5   1.4999999999999998

-0.5   0.50215730604416353
-0.5   0.5
-0.5   1.4996159390889876
-0.5   0.50000000000000022
-0.5   1.4987364072052098
-0.5   0.50071228983478844
-0.5   1.4999999999999993
-0.5   0.5
-0.5   0.5003666869976795
-0.5   0.50307332936822724
-0.5   0.49999999999999989
-0.5   1.498488154837307

0.5   0.50215730604416353
0.5   0.5
0.5   1.4996159390889867
0.5   0.5
0.5   1.4987364072052103
0.5   0.50071228983478799
0.5   1.5
0.5   0.50000000000000022
0.5   0.5003666869976795
0.5   0.50307332936822724
0.5   0.49999999999999978
0.5   1.4984881548373064

1.5   1.5
1.5   1.5
1.5   1.5
1.5   1.4999999999999998

