-3   2.9999999999999991
-3   2.9999999999999996
-3   3.0000000000000004
-3   3
-3   2.9999999999999996
-3   3
-3   3

-2   2.000031451241616
-2   2.0021958246909284
-2   2.0029781430107385
-2   2.005985373390998
-2   2.0164532596976668
-2   2.9358423296102631
-2   2.0037161548823708
-2   2.0719743639280903
-2   2.9164264186425037
-2   2.0075519600352987
-2   2.0902252258525671
-2   2.0524141125638513
-2   2.0023717678144859
-2   2.3512168231960042
-2   2.0007751731723769
-2   2.0004595954838518
-2   2.1544834566080082
-2   2.5496916141869139
-2   2.0214824441462262
-2   2.0012066033100733
-2   2.9328428702983804
-2   2.0438647503949881
-2   2.0008740158593743
-2   2.0343997637027713
-2   2.0000012978661412
-2   2.989755569494966
-2   2.0001408985748435
-2   2.0030792103632642
-2   2.000068852977543
-2   2.0002824133128527
-2   2.0084538823092477
-2   2.0002574284428074
-2   2.9180788556161144
-2   2.0001254909017154
-2   2.1023122244504777
-2   2.0000175079522511
-2   2.0003536999447324
-2   2.0015324743691552
-2   2.0000139003507895
-2   2.1014040816594868
-2   2.0000974506726927
-2   2.9240673328680353

-1   1.0090082858663272
-1   1.0963799398965959
-1   1.0103254807748723
-1   1.9320443819091149
-1   1.0149584722700389
-1   1.9791480426849684
-1   1.0189385665501287
-1   1.1182717392573824
-1   1.9234303596388118
-1   1.0426661876431136
-1   1.1312577457711244
-1   1.5290319441848652
-1   1.9087665973687828
-1   1.5869639814248702
-1   2.1409367385899132
-1   2.1018369172036531
-1   1.469424064700001
-1   1.1994491669725535
-1   1.4558527581158411
-1   1.7191548503346663
-1   2.3639102639548404
-1   1.6747314568413696
-1   1.2348836715046421
-1   2.060663490177443
-1   1.8596930391580195
-1   1.7384120855662357
-1   1.1637688396949957
-1   1.0416538672422231
-1   1.0041942516943312
-1   1.998063798281998
-1   1.0778462477557749
-1   1.4889497929284363
-1   1.4980827559581744
-1   1.6756514961299667
-1   1.7823848370081161
-1   1.9138389145398751
-1   1.527672248720227
-1   1.3567000743105704
-1   1.5193131953250463
-1   1.6433269961177652
-1   1.7161894037187331
-1   1.2976548817753837
-1   1.7508950467905922
-1   1.8910458331027096
-1   1.0239250611685464
-1   1.1307506421684073
-1   1.6093008092408025
-1   1.5367084138156515
-1   1.0533007640948653
-1   1.9136069634728532
-1   2.9184000273121944
-1   1.0418952983341956
-1   1.9549908569049901
-1   1.4573764817037904
-1   1.5217368135889031
-1   1.7812789077457847
-1   1.5846575594285319
-1   1.853905862184476
-1   1.9667361061090385
-1   1.2099209581817596
-1   2.3893152114776424
-1   1.0035882698199594
-1   1.0608179946978493
-1   1.5509422253021103
-1   1.5659543504523494
-1   1.0128893963005783
-1   1.9638458200678888
-1   1.0051396006117053
-1   1.0282237408017927
-1   1.6338292078102494
-1   1.3805596876966364
-1   1.6450294030673676
-1   1.2111239461558032
-1   1.1232315101771499
-1   1.3357568895163912
-1   1.9718659028882466
-1   1.9761293440751899
-1   1.0525881106687909
-1   1.0126467968985466
-1   1.2147533154960548
-1   1.7260115656908743
-1   2.101413489067971
-1   2.279312107747467
-1   1.0031162339926647
-1   1.363504169286665
-1   1.8259466377076627
-1   1.0172112772973305
-1   1.0074541808683073
-1   1.0035860111372794
-1   1.0106634394220444
-1   1.9931391266358993
-1   1.0345310981060649
-1   1.0122916197142044
-1   1.9690047166459599
-1   1.0305814250744003
-1   1.0226421593880499
-1   1.0883926427428248
-1   1.7128330683516402
-1   1.3490084897867414
-1   1.2127222263803838
-1   1.9352197512903904
-1   1.1536164381770013
-1   1.9840439167616006
-1   1.9169831172196057
-1   2.912331570014584

0   0.022699535632446088
0   1.0034734225929682
0   0.45775144138118606
0   1.0037975190965465
0   1.0026533575958838
0   1.8551570343540309
0   1.0017477540901323
0   1.9892245622941824
0   1.0036200349851048
0   0.53147145449079169
0   0.043329029726023482
0   1.0024598199361852
0   1.0287107937242221
0   1.8317187835404782
0   0.035925180386702449
0   1.0080620927458799
0   1.3000858510584419
0   1.9830871006410322
0   1.3059414785357866
0   1.7653857788667549
0   1.124874249148635
0   2.3748999229741234
0   1.0017224139504211
0   1.9433320296748717
0   1.3716697821672796
0   1.5433341028013206
0   1.9077642244558239
0   1.145030719463946
0   1.3108821247947551
0   0.70470238556076792
0   2.0813628631401668
0   1.0451284549903967
0   1.68537691049261
0   1.9328252644638146
0   0.42329492798758306
0   1.0001534324430492
0   0.10028791011708882
0   1.0025206988570841
0   1.0231994429791471
0   1.8884118690040474
0   1.0022879096634099
0   1.3019961996195095
0   1.3020481302210658
0   0.39629386021452584
0   1.012224294775335
0   0.8470144655599654
0   1.0007206688524954
0   1.1573179287595179
0   0.98687126322848084
0   2.0296675083695108
0   1.9515468637688249
0   1.0026292256758103
0   1.2289099858100105
0   1.5052210842858735
0   1.2037922088531574
0   1.6356379040408116
0   1.4864499753262292
0   1.8723257390606158
0   1.4144108974645353
0   1.0071270789202109
0   0.093122406127038593
0   1.9802626252120077
0   1.009396559341778
0   1.0665437931794604
0   1.0500051047711159
0   1.9844608343799157
0   1.0017290244795738
0   0.73399852330874094
0   2.9373272006721791
0   1.7458571625292558
0   1.0004345670418562
0   1.9842300840755414
0   1.9880934641563299
0   1.0187984850641107
0   0.032310411993267674
0   1.3045204301725584
0   1.3027432808730932
0   0.080199915834969882
0   1.0003574371006156
0   2.7804311980702878
0   1.3027989754325258
0   1.1396183599404828
0   1.9991209363786888
0   1.0034413115492185
0   1.0001405486042223
0   1.0000532742406987
0   1.9956168313523306
0   0.0076142309110339701
0   1.0027531333685367
0   0.37968955345258271
0   1.000968898378044
0   0.12986798911754815
0   1.0014713440541265
0   0.16992564091667406
0   1.8931946448903321
0   1.9469849515512809
0   1.0002231537996213
0   1.0003050163316047
0   1.0054601269278751
0   1.9846014393829643
0   1.975637171292842
0   1.038256878155418
0   1.0002053835054174
0   0.18423700310878732
0   0.087322827715059725
0   1.0304581986265742
0   2.5786779012460843
0   1.5681789113452784
0   0.11455163017721803
0   1.0005521252144016
0   0.90024203280534731
0   1.0006584671435483
0   1.9660669435237761
0   1.6800063652382606
0   0.076719771518635627
0   0.024281446686386432
0   1.0002656511098194
0   1.0078350227607851
0   1.0008149277170699
0   1.0045971449233828
0   0.94949778648478578
0   0.080598176204626837
0   1.0061012401684331
0   1.0000875759504724
0   1.6050087488786771
0   1.9716289900485742
0   0.023215496786532119
0   1.0002022672885407
0   0.26635654760302996
0   1.0000503176064401
0   1.0117759195576457
0   1.9993289089382866
0   0.39234552959983227
0   1.0454156094784823
0   1.0000180878107017
0   1.9069122824023998
0   1.1460773504900408
0   1.9933720277659379
0   1.923251153752418
0   2.9047335702476595

1   1.0090082858663285
1   1.0963799398966028
1   1.0103254807748725
1   1.9320443819091078
1   1.0149584722700355
1   1.9791480426849652
1   1.0189385665501314
1   1.1182717392573789
1   1.9234303596388149
1   1.0426661876431127
1   1.1312577457711395
1   1.5290319441848585
1   1.90876659736877
1   1.5869639814248555
1   2.140936738589982
1   2.1018369172035936
1   1.4694240647000114
1   1.1994491669725564
1   1.4558527581158691
1   1.7191548503346601
1   2.3639102639548364
1   1.6747314568413603
1   1.2348836715046294
1   2.0606634901774421
1   1.8596930391580169
1   1.7384120855662402
1   1.1637688396949988
1   1.041653867242224
1   1.0041942516943307
1   1.9980637982819953
1   1.0778462477557755
1   1.4889497929284345
1   1.4980827559581746
1   1.6756514961299729
1   1.7823848370081161
1   1.9138389145398742
1   1.5276722487202168
1   1.3567000743105961
1   1.5193131953250334
1   1.643326996117775
1   1.7161894037187246
1   1.2976548817753868
1   1.7508950467905939
1   1.8910458331027034
1   1.0239250611685464
1   1.1307506421684064
1   1.6093008092408021
1   1.5367084138156524
1   1.0533007640948648
1   1.9136069634728545
1   2.9184000273121979
1   1.0418952983341949
1   1.9549908569049892
1   1.4573764817037884
1   1.5217368135889076
1   1.7812789077457896
1   1.584657559428531
1   1.8539058621844871
1   1.9667361061090403
1   1.2099209581817474
1   2.3893152114776397
1   1.003588269819959
1   1.06081799469785
1   1.5509422253021081
1   1.5659543504523556
1   1.0128893963005727
1   1.9638458200678892
1   1.0051396006117048
1   1.0282237408017938
1   1.6338292078102366
1   1.3805596876965924
1   1.6450294030674124
1   1.211123946155849
1   1.1232315101771388
1   1.3357568895163652
1   1.9718659028882466
1   1.976129344075189
1   1.0525881106687882
1   1.0126467968985473
1   1.2147533154960191
1   1.726011565690877
1   2.1014134890680203
1   2.2793121077474545
1   1.0031162339926627
1   1.3635041692866667
1   1.8259466377076596
1   1.0172112772973334
1   1.0074541808683077
1   1.003586011137281
1   1.0106634394220526
1   1.9931391266358913
1   1.0345310981060729
1   1.0122916197142142
1   1.969004716645951
1   1.0305814250744068
1   1.0226421593880495
1   1.0883926427428725
1   1.7128330683515829
1   1.3490084897867751
1   1.2127222263803645
1   1.9352197512904064
1   1.1536164381769738
1   1.9840439167616171
1   1.9169831172196048
1   2.9123315700145915

2   2.000031451241616
2   2.0021958246909279
2   2.0029781430107372
2   2.005985373390998
2   2.0164532596976668
2   2.9358423296102623
2   2.003716154882373
2   2.0719743639280925
2   2.9164264186425015
2   2.0075519600352987
2   2.090225225852568
2   2.0524141125638509
2   2.0023717678144859
2   2.3512168231959985
2   2.0007751731723769
2   2.0004595954838522
2   2.1544834566079389
2   2.5496916141869801
2   2.0214824441462262
2   2.0012066033100733
2   2.9328428702983804
2   2.0438647503949894
2   2.000874015859373
2   2.0343997637027709
2   2.0000012978661399
2   2.9897555694949616
2   2.0001408985748443
2   2.0030792103632651
2   2.0000688529775421
2   2.0002824133128523
2   2.0084538823092477
2   2.0002574284428074
2   2.918078855616113
2   2.000125490901715
2   2.1023122244504782
2   2.0000175079522511
2   2.000353699944732
2   2.0015324743691556
2   2.0000139003507891
2   2.1014040816594761
2   2.0000974506726932
2   2.9240673328680438

3   2.9999999999999991
3   2.9999999999999996
3   3.0000000000000004
3   3
3   2.9999999999999996
3   3
3   3

