-4   4
-4   4
-4   4
-4   4
-4   4
-4   4
-4   4
-4   4
-4   4

-3   3.000020261335183
-3   3.0000309854335065
-3   3.0002988537166959
-3   3.0008598678935199
-3   3.0003080999622775
-3   3.0175801874644241
-3   3.0064510839666716
-3   3.8904778984979282
-3   3.0003725887739527
-3   3.1176731961960171
-3   3.8797930081247616
-3   3.138056185905246
-3   3.0008900489354824
-3   3.0001151095476395
-3   3.0041733063406948
-3   3.0002862389158258
-3   3.0016830555264531
-3   3.0001279608285962
-3   3.8093333436181505
-3   3.0005046050898838
-3   3.0159794073313764
-3   3.1767606515076299
-3   3.0028885640220455
-3   3.0390189998768795
-3   3.007083005394299
-3   3.0014556287320064
-3   3.7678813251600385
-3   3.0002253766254876
-3   3.2681180879849698
-3   3.00007728754909
-3   3.0024765517963172
-3   3.0000391040436596
-3   3.0013910609728791
-3   3.0023000173380061
-3   3.311379355015569
-3   3.0021367495613189
-3   3.1060499214937285
-3   3.6375301917498088
-3   3.0043265289626047
-3   3.0046788412664567
-3   3.0589326456378796
-3   3.0072126339878502
-3   3.9463771473902609
-3   3.0000586660970385
-3   3.0001135720366796
-3   3.0001561549859801
-3   3.0009343959529176
-3   3.0000671700502348
-3   3.0000093209093177
-3   3.8091408341825748
-3   3.0000295568215671
-3   3.2299802593604685
-3   3.0000091586251112
-3   3.0015293015979565
-3   3.0000983425758014
-3   3.0001245858639769
-3   3.0000043008632717
-3   3.0000185750953032
-3   3.0254596874451121
-3   3.0000091346828897
-3   3.9421578478875636
-3   3.0000537490037216
-3   3.0477767284970541
-3   3.0000235130218909
-3   3.0000299127125882
-3   3.0001514966184386
-3   3.000022057985047
-3   3.0000851401080464
-3   3.0000151128971706
-3   3.090090469255534
-3   3.0000556513236694
-3   3.9282062205386854

-2   2.0002459510246657
-2   2.000398765845226
-2   2.0008286601707805
-2   2.1308875114398149
-2   2.0081210902028581
-2   2.8996867196307763
-2   2.0026247601017291
-2   2.1036576690019282
-2   2.0035155486498497
-2   2.9141059798086886
-2   2.0010760118001225
-2   2.0029855140085977
-2   2.876303518531556
-2   2.1439711330550018
-2   2.0181296870293224
-2   2.0092768748488181
-2   2.0124594861656941
-2   2.0159544148857873
-2   2.0146939457996469
-2   2.8913272591983916
-2   2.1270866620241629
-2   2.0031227353059946
-2   2.0797665559451888
-2   2.9660567669735776
-2   2.734160621519572
-2   2.757127078098963
-2   2.030902231574331
-2   2.2700472473851336
-2   2.3548559304372034
-2   2.2339247254143841
-2   2.8084340757367898
-2   2.1035314710547728
-2   3.0613059484021927
-2   2.5393861719406785
-2   2.3845836372223843
-2   2.1001584993224474
-2   2.8707406592080393
-2   2.4299576043903368
-2   2.2749321394468431
-2   3.2923184497033495
-2   2.3646781551482223
-2   2.5867433338637387
-2   3.0611621647674725
-2   2.3004377501690749
-2   2.3407868688018985
-2   2.3326339968178558
-2   2.2669641313267408
-2   2.5918214700255811
-2   2.2031035630558713
-2   2.0935465003481544
-2   2.5577463515964185
-2   2.356226451734873
-2   2.010654004704814
-2   2.0017553226549474
-2   2.0072830823518895
-2   2.0066151601466737
-2   2.0571454631117292
-2   2.0933027425255499
-2   2.9202230306171271
-2   2.6079246363987356
-2   2.3627905855898499
-2   2.9705784835597999
-2   2.0655483922672686
-2   2.061471599283867
-2   2.0198944336022087
-2   2.0820483827789338
-2   2.3238720493621039
-2   2.5103836037447511
-2   2.0394112577636987
-2   3.0696355255677354
-2   2.4055928365490153
-2   2.0993166586239025
-2   3.2928048067512243
-2   2.4814110556755251
-2   2.9458518868205514
-2   2.0970542939777439
-2   2.7059257779010615
-2   2.0417541482423185
-2   2.0704790186524504
-2   2.036089154625818
-2   2.1182129576480464
-2   2.7630227527456759
-2   2.2741967240994621
-2   2.247392889858137
-2   2.245983314306363
-2   2.1884631313625769
-2   2.074699335336144
-2   2.7516038604306061
-2   2.5045668743994507
-2   2.0139809789481355
-2   2.3876576973466022
-2   2.0589488590023151
-2   2.6744050447896894
-2   2.6867601769466791
-2   2.7086652107659916
-2   2.7046409390860133
-2   2.9863689001185807
-2   2.3790098020777144
-2   2.6710478767452597
-2   2.7011101784548655
-2   2.0483597006228567
-2   2.0024209407745555
-2   2.0194340338987811
-2   2.0230016651466594
-2   2.0707419286566613
-2   2.2815043402230315
-2   2.1418147639744167
-2   2.341137302553876
-2   2.4589564586941712
-2   2.8214239465703539
-2   2.0278019581962976
-2   2.0053453152402798
-2   2.98562984139107
-2   2.0127683552332778
-2   2.0063476802656135
-2   2.0030880407067255
-2   2.0114190559017655
-2   2.0240555549166319
-2   2.0516180043058214
-2   2.127098318565853
-2   2.512660699003908
-2   2.3658823064599637
-2   2.1358062509267781
-2   2.3762825399160188
-2   2.1689611723291389
-2   2.7254073183069165
-2   2.6951596550305319
-2   3.2752579809131119
-2   2.8264256788706152
-2   2.3195533980069243
-2   3.2380020227879553
-2   2.6720874440861655
-2   2.2571522382130778
-2   2.2725929202888642
-2   2.6771851344248661
-2   2.4044636148425802
-2   2.4169800497414284
-2   2.2958864530324266
-2   2.7474619009822336
-2   2.5523730875540909
-2   3.7874026053524208
-2   2.0152402149931872
-2   2.0022962510043492
-2   2.028929898401612
-2   2.0023616742610346
-2   2.4526052378815502
-2   2.5284150023183063
-2   2.0500484747666383
-2   2.1964155194926147
-2   2.1103044441949943
-2   2.7951461803070181
-2   2.0179181415749241
-2   2.0007604135395352
-2   2.932485418334482
-2   2.6823119026669717
-2   2.3924204090797998
-2   2.0842125653849637
-2   2.0038350675633789
-2   2.9933452953210482
-2   2.0073505227292281
-2   2.0008468505387729
-2   2.0041951536188476
-2   2.0064373089013006
-2   2.0096020661489913
-2   2.0348493265865364
-2   2.9124931608238067
-2   2.0062064679994172
-2   2.0163879813378789
-2   2.1166624842848965
-2   3.8295904244544889
-2   2.1696697218666463
-2   2.2016043750682632
-2   2.6993886230616653
-2   2.8366579579457469
-2   2.9388655110915756
-2   2.3603238571457368
-2   2.0491327772695414
-2   2.0296396083875097
-2   2.0752460132005535
-2   2.0547503023568021
-2   2.9630829225015907
-2   2.0003671544555379
-2   2.0042184890883434
-2   2.0008406383733197
-2   2.0036519519697165
-2   2.0015874095832777
-2   2.0018144256917916
-2   2.0043291332216437
-2   2.203431957034665
-2   2.1664464544108291
-2   2.6869366201251501
-2   2.702760687995716
-2   2.1819238431920569
-2   2.1930359058916307
-2   2.0207234696182956
-2   2.0178587308266116
-2   2.0012304565729893
-2   2.0108208203634468
-2   2.5336303245150864
-2   2.78828344466613
-2   2.4665493429170633
-2   2.1622289868646942
-2   2.0914773624487717
-2   2.1118612058891912
-2   2.002430761822235
-2   2.0437972359670753
-2   2.0728953006849822
-2   2.2273485517475211
-2   2.2938353823719377
-2   2.7034750525545985
-2   2.8198126066585751
-2   2.0010413228839332
-2   2.0149355572476448
-2   2.0356174087651775
-2   3.4488652211590689
-2   2.8840797441982242
-2   2.9664945572330859
-2   2.7810205063410671
-2   2.0916102259826546
-2   2.0567653620587762
-2   2.0020282668311706
-2   2.0025343564542473
-2   2.0006432558545839
-2   2.0028466177709854
-2   2.0195411079648324
-2   2.0016055706470999
-2   2.9814241369555408
-2   2.0127584945602131
-2   2.0026005211872659
-2   2.9880592757761204
-2   2.0019907961300789
-2   2.0042204913161745
-2   2.0202824708987785
-2   2.0074873209741901
-2   2.0170485318912497
-2   2.0097700711216331
-2   2.8838498470427272
-2   2.0705072620231735
-2   2.1293775908439585
-2   2.0484956058708002
-2   2.0522769171299791
-2   2.5572555975157045
-2   2.4086023992323242
-2   2.1405124295327362
-2   2.2338279600627922
-2   2.7350533081614676
-2   2.1861084286459751
-2   2.9736336159732053
-2   2.1472901241731672
-2   2.9643230082866938
-2   2.88327227540137
-2   3.8894299997271116

-1   1.0202316320010127
-1   1.0656475782122448
-1   1.1207261818238656
-1   1.6704845575820255
-1   1.0496374600534555
-1   1.4145336018189469
-1   1.4324393569111173
-1   1.1353797112102064
-1   1.6595575930744717
-1   1.3610869843316891
-1   1.9100044218769567
-1   1.2284557695335878
-1   1.880637767286458
-1   1.8237440439956241
-1   2.8485432010162048
-1   1.0280313323523174
-1   1.9490741589097973
-1   1.2228512136659646
-1   1.1257758734848686
-1   2.0404089937383025
-1   1.8831197452227668
-1   2.8142243270900287
-1   1.2430690842762422
-1   1.1037590803824779
-1   1.9176459877787622
-1   1.0187165519833945
-1   1.3228765300503684
-1   2.6300019795004759
-1   1.7831010165253995
-1   2.0698329037921521
-1   1.0525755237776222
-1   1.3406359504044385
-1   1.3216044232791042
-1   1.4669611490035701
-1   1.4614995016280556
-1   1.8579255916287973
-1   1.3110681488568481
-1   1.3855359442024067
-1   1.4023591986241635
-1   1.669483956138869
-1   1.7691597884106796
-1   1.2790874747169905
-1   1.5693615405981971
-1   1.3216879161127066
-1   1.4053633871727036
-1   2.762066615032523
-1   1.1182090660418829
-1   1.2175425563946489
-1   1.7846918120578916
-1   1.0842311537987437
-1   1.3150843847896962
-1   1.8838107382015279
-1   1.8318734425543552
-1   1.8958085137558367
-1   1.8520520332965096
-1   1.2184343575012038
-1   2.0445316099108126
-1   2.1401769544954834
-1   2.1729355050795967
-1   2.5778734645202035
-1   2.3506630636582919
-1   1.801405383408762
-1   1.4707414025805372
-1   1.9448074366297368
-1   2.1605167115390853
-1   3.1433893539295701
-1   1.8199706125106809
-1   1.6572644912476631
-1   1.6748064973077375
-1   2.0107798714230047
-1   2.3135856128913241
-1   1.9912727512483381
-1   2.0288319122303653
-1   2.5117558727617317
-1   1.7318177007164475
-1   1.7510626810369492
-1   1.8199197996946235
-1   1.6098906125616801
-1   1.792798670329991
-1   1.7431102106527345
-1   1.7561486014754548
-1   2.6326313257408698
-1   2.0122539804165278
-1   2.3707625609907614
-1   1.9509958414960238
-1   1.8988619794906558
-1   1.5896327225798634
-1   2.7375477341335874
-1   1.8103508395362109
-1   2.1958460987385
-1   1.5557204761764178
-1   1.3940648820804031
-1   1.6381762992648281
-1   1.7420028327461781
-1   1.2410321535184858
-1   2.472441251896965
-1   1.8958217550363936
-1   1.4559618026499568
-1   1.9138934961916889
-1   1.0592259851928867
-1   1.2778100771302157
-1   1.6267550904473227
-1   2.8230815455555192
-1   1.7948129521965215
-1   1.9866837467051557
-1   1.1289256014869213
-1   1.335406780108418
-1   1.1356590282380616
-1   1.9112382844828897
-1   1.0789741981681957
-1   1.8861444516741042
-1   1.8331419934963122
-1   1.9226811745507604
-1   1.1549877700958058
-1   1.0739436012372068
-1   1.0632216987132916
-1   1.9328960161594906
-1   2.2010199363778207
-1   2.2283373183085717
-1   1.8873786330957594
-1   2.0747635541043983
-1   1.6635796842821025
-1   1.572208997711964
-1   2.4230018822754227
-1   1.6922409233628173
-1   2.4727569530460505
-1   1.3893271702289789
-1   1.236656530942351
-1   1.8177306184965132
-1   1.8884120201068493
-1   1.5096362754922312
-1   1.7564870075424377
-1   1.8613373178703325
-1   1.4853450509614605
-1   1.5209015640522963
-1   1.7339335297842635
-1   1.3926144270446501
-1   1.4077461773640638
-1   1.8433567251368466
-1   2.0693256858805165
-1   1.8174569646304506
-1   1.7695672411589483
-1   1.7226842096307453
-1   2.0603576732380109
-1   1.8226166765335532
-1   2.5951908820115732
-1   2.054088969052744
-1   2.6994229047444191
-1   2.3115143420864683
-1   2.1614011306397081
-1   1.472992187879312
-1   2.3837420158413454
-1   1.6398864233239761
-1   1.7221778224067172
-1   1.5911993286855841
-1   2.0107727365406305
-1   1.4346826108084296
-1   1.6655033198929079
-1   1.5675787538932831
-1   1.6339696663740657
-1   2.3327675290538399
-1   1.5589396427657976
-1   1.4575076987141586
-1   1.430547420638143
-1   2.5170917634899239
-1   1.6785494407851407
-1   2.1137562938288093
-1   1.1837131779951371
-1   1.4773108495364224
-1   1.7424880466029586
-1   1.4142592979342092
-1   1.3856154617919578
-1   1.6138300810489432
-1   1.2130661864370877
-1   2.4121170758219566
-1   1.6047595350385571
-1   2.0783864984449116
-1   2.2273996340819928
-1   1.9012673691007316
-1   2.1771153275380395
-1   1.870960344443382
-1   1.9621013864002825
-1   1.1255658780214135
-1   1.7477380166881509
-1   1.7470577868968409
-1   1.0554882838495439
-1   1.090699174582979
-1   2.2164826473090957
-1   2.1849375752956086
-1   3.0960054081404915
-1   1.7941169461291082
-1   1.5255788781847337
-1   2.6856254559499066
-1   1.2295240703213304
-1   2.5896853578085088
-1   1.702676374986702
-1   2.3249853336210839
-1   2.6714048995940249
-1   1.932297897541976
-1   1.1301994448575883
-1   1.4077514228899788
-1   1.6693770168848503
-1   1.0538433345067959
-1   1.941939666229664
-1   1.0492559522674274
-1   1.704136145717293
-1   1.1778322269287922
-1   1.2663543950173652
-1   1.5101531996696713
-1   1.2208004462013082
-1   1.9610661594067862
-1   1.7413376273416277
-1   2.0616073561048456
-1   1.8800215927959485
-1   1.3462376761224994
-1   1.5077992102835287
-1   1.8129264410276411
-1   1.402007329674843
-1   2.3301846457293043
-1   1.4350457441066244
-1   2.1511696047181044
-1   1.8893530099223601
-1   1.9979439106132122
-1   1.9448071391248276
-1   1.2530240865154418
-1   1.3101777241601722
-1   1.2733342697314687
-1   1.8760849442716054
-1   2.0846394382386007
-1   2.0410056644730887
-1   1.8756137425728605
-1   1.1856725365420651
-1   1.1505053007686608
-1   1.6552766078494128
-1   1.6861067061472998
-1   1.5086628939478004
-1   1.6665512059401011
-1   1.7455145380071557
-1   1.3986248189432351
-1   1.3444547545806729
-1   1.932415730339383
-1   1.9867069056981617
-1   1.8520609009108893
-1   2.239598276911265
-1   1.6689105414274774
-1   1.8543686357560119
-1   2.4246251301682755
-1   1.7998945066435299
-1   2.2978972007323275
-1   1.6069377661260384
-1   2.5298652921454479
-1   2.5068462070840618
-1   2.2547290918061607
-1   2.6957580333285156
-1   1.1921727780545048
-1   2.2359510842243986
-1   3.2771891223976142
-1   2.1693891931111655
-1   1.6135309928122474
-1   2.4445865619561777
-1   1.5726784145316675
-1   1.5181946121699337
-1   2.0685480764186122
-1   2.2814206607926311
-1   1.7952439915583795
-1   1.5782272975446103
-1   1.7103989054144684
-1   2.3838639186182053
-1   2.6258836589078776
-1   2.0189949231483402
-1   2.3414170751201393
-1   1.4925849443288512
-1   3.8270533032830718
-1   1.0710467225560671
-1   1.9489723188603594
-1   1.0932746312281141
-1   1.2254736397949517
-1   1.0518320366368619
-1   1.7547909255604885
-1   1.1358205722050032
-1   1.3011841876017314
-1   1.7757765276769413
-1   1.9140965814750039
-1   1.1855014060720286
-1   1.321018000843305
-1   2.0615973084457666
-1   2.644203575149275
-1   1.5700564881112675
-1   1.4364859189693571
-1   1.6530944475481038
-1   1.9736735773809766
-1   1.7944198979428325
-1   2.9227205036159245
-1   1.2356103448240261
-1   1.984022252080591
-1   1.0118283506749715
-1   1.025015147773066
-1   1.6928228746428555
-1   1.0057718197698193
-1   1.4203164659067826
-1   1.0396125378050802
-1   1.7891602686572017
-1   1.8149391382497431
-1   2.2630828878722999
-1   2.4480280882501249
-1   1.8569683007975679
-1   2.0529981612913302
-1   1.5753536088555093
-1   1.9774955803758734
-1   1.9782197824896395
-1   1.1525846726718776
-1   1.5627710610015071
-1   2.2014295054848101
-1   1.9345786323184146
-1   1.8439637478502506
-1   1.1817806040981083
-1   1.3345020204477556
-1   1.7925787430162035
-1   1.8936661775729857
-1   1.7852500990456543
-1   2.0297973287369637
-1   1.9184424864208141
-1   1.1248619597143483
-1   2.5143489612968843
-1   1.1260142152295838
-1   1.850385682683569
-1   2.0500035163509276
-1   1.8300798621985148
-1   1.1415764342441823
-1   1.2449025144506962
-1   1.3892260349536738
-1   1.4009227844338099
-1   3.6648709008336828
-1   1.208462088996217
-1   1.5793029529029781
-1   1.3522708401029562
-1   1.3943499769002936
-1   2.4619588798853869
-1   1.4262695255109965
-1   1.6406951076145511
-1   2.0093503116920113
-1   2.7260215070775087
-1   1.6551270500453392
-1   2.0386729708750675
-1   1.3023577568560143
-1   2.0862466752934643
-1   1.9820422149474646
-1   1.9874654645188863
-1   1.582103878628407
-1   1.2889095700760005
-1   1.7182597635623611
-1   1.0496979891902303
-1   1.0954901262029419
-1   1.5180545080444929
-1   1.8332519890848769
-1   2.871055163825766
-1   1.7508260101033519
-1   1.0173902302255344
-1   1.3196080770095311
-1   1.857788180387979
-1   1.9051844613875932
-1   1.6996841842374546
-1   1.2729339053643391
-1   1.0294893655829847
-1   1.5637222670192381
-1   1.9153258001270466
-1   1.9912609227671219
-1   1.0052660508754128
-1   1.0038578321939875
-1   1.0323025889922575
-1   1.3750029891245303
-1   1.0257977342482918
-1   1.7136234893445441
-1   2.2710881090707349
-1   2.1842543094183866
-1   1.349060697049189
-1   1.2022018983862583
-1   1.3757232228330945
-1   1.3442115692965722
-1   2.554738573666909
-1   2.6580750051456623
-1   1.0629242786568407
-1   1.1503972630024959
-1   1.7392970832088963
-1   1.7674209246939556
-1   1.9305542163377956
-1   1.2389570229222182
-1   1.1869744408732141
-1   1.2288304003376271
-1   1.8280503715834935
-1   1.8765594540552937
-1   1.8853150979899795
-1   1.0528090359170237
-1   1.0247728239585889
-1   1.0703436936169917
-1   1.043512337160968
-1   1.0224183598119394
-1   1.9858594205007822
-1   1.4852420478533839
-1   2.3541440251672232
-1   2.2618143784061777
-1   1.693385116914663
-1   2.0991928911818367
-1   1.7672150743500818
-1   1.4965523592055703
-1   1.8870250333357048
-1   1.1844996572795312
-1   1.5357415832108443
-1   1.3544110524366606
-1   1.0082072730113623
-1   1.0111181641601648
-1   1.0152341393780209
-1   1.9913645222808563
-1   1.0283463847328635
-1   1.8362972074141775
-1   1.0495452462823391
-1   1.9803012920163874
-1   1.0331552426699788
-1   1.1099751248653551
-1   1.3675618464449237
-1   2.5008531448835383
-1   2.2714958552461493
-1   2.4109380076984204
-1   2.6800324687444395
-1   1.6720881750112149
-1   1.5347820098048133
-1   1.5452843149810294
-1   1.7952932740899952
-1   2.0415548920202089
-1   1.858360958569806
-1   1.4444763679395671
-1   2.0014087760127475
-1   1.2343050698941866
-1   1.5614331267248782
-1   3.2213343907168985
-1   2.3594077288491144
-1   1.2607769148645978
-1   2.8141501693769624
-1   1.8539071834906879
-1   1.7941949997913138
-1   1.7164052107812204
-1   1.3606449503182507
-1   1.087039364331067
-1   1.9704205981210534
-1   1.0163841891889132
-1   1.0207810451570301
-1   1.2165161486315199
-1   1.1880794104188368
-1   1.8213833537506816
-1   1.817544536047758
-1   1.0714850092800372
-1   1.0982648176591123
-1   1.1026553697513954
-1   1.9744977709316727
-1   1.7144154029835357
-1   1.4585058757835334
-1   1.8213159454114849
-1   1.9812850928268402
-1   1.3193691917463271
-1   2.4824126355166092
-1   1.862425393973151
-1   1.9624919543740544
-1   2.9283173335228594
-1   1.0126359404859104
-1   1.0271322532177831
-1   1.0099596378182438
-1   1.9195283844742748
-1   1.0315154528550412
-1   1.1187011007314829
-1   1.1445064632966999
-1   1.0702037648782436
-1   1.8463928903604456
-1   1.1992582256646711
-1   1.1766268048262536
-1   1.0882973836431324
-1   1.8597065146030967
-1   1.1864853241473281
-1   1.8331542920063626
-1   1.9532047498067096
-1   1.9333646630671568
-1   1.2300253457269066
-1   2.7787449393194126
-1   1.0750856842072296
-1   1.9648549268758324
-1   1.5456877177146655
-1   1.117348999740901
-1   1.8517268204929636
-1   1.7825765764848787
-1   1.2689156479764325
-1   1.9936585252781804
-1   2.5481067229096266
-1   1.8512056374229275
-1   1.2978978975318813
-1   2.0426112299635943
-1   1.9929776159533024
-1   1.355581440843364
-1   2.6460391832380763
-1   2.3318794192830281
-1   2.0189965400472758
-1   2.8944233664877328
-1   2.0467652368402374
-1   2.954397824614186
-1   2.8529374032360812
-1   3.873404672731307

0   0.030412688003719213
0   1.0024840150138512
0   0.6484712969017532
0   1.034934589549998
0   1.0023612973949603
0   1.3075813088548689
0   1.0122980761051965
0   0.15024520442373368
0   1.4143770289518822
0   1.0027154844009971
0   1.0488755519860677
0   1.9976597738663191
0   0.5977804315840507
0   1.026720881434074
0   1.0033569507117219
0   1.7051764075835441
0   1.2606175517580793
0   1.9656811063860635
0   1.7776869033012739
0   2.8187517952097041
0   1.001634999295
0   1.6963138967639253
0   1.0027137103594395
0   0.92310743922282024
0   1.1173614633682598
0   1.9071051340692775
0   1.9030353068505388
0   2.8137692470851614
0   0.48731760232886956
0   1.1970504912153379
0   1.0855666449700809
0   1.828221531299739
0   0.29117746548332857
0   1.0874649808186818
0   1.0018127587406798
0   0.65756233015258503
0   2.6970206733889879
0   0.068191272956855342
0   1.8854558086415629
0   1.6376018854885079
0   1.4193231628569865
0   1.0019795888081542
0   0.79338302450975973
0   1.0020703315603576
0   1.9552549833169355
0   1.0890735444988791
0   1.9947006845938815
0   1.0882070533130535
0   0.23377246649127814
0   1.7276373217451404
0   1.010556894162286
0   1.3223760730061365
0   1.952037875066337
0   1.9830909728012904
0   1.0301331091483925
0   0.79147481191803659
0   1.5074509937838387
0   0.27901150862230339
0   1.0139907234631895
0   2.4508888796557038
0   1.0568522502251316
0   0.72319164792247825
0   1.0274736306273049
0   1.7357872585975147
0   1.0368393107338774
0   1.1296808349895344
0   1.5505252341535387
0   1.8324762412695073
0   1.1419601944419373
0   2.3482117901730173
0   1.3087590082650813
0   1.0161823189957029
0   0.7270591606107204
0   1.7830042713877088
0   1.5925975136023465
0   2.7639744438603229
0   1.78564864949238
0   1.2095345988838204
0   1.8940089974984247
0   1.0338013725423176
0   2.5605916541999134
0   1.7350239497971467
0   1.7068693723976938
0   3.3865750323087846
0   1.9627021687637023
0   1.8438644568769047
0   1.1448300553949431
0   1.8872949250395465
0   1.4334945329318305
0   2.3120891124984508
0   1.6799432080671997
0   1.2620474089704996
0   2.111622572173435
0   1.7173762557587557
0   1.7628001724559037
0   2.0503915924099476
0   1.6022723084699257
0   0.58404255325539567
0   2.4005031538222421
0   1.2970684176433707
0   1.1793959973542685
0   1.9674168697788255
0   1.837943977094874
0   2.3322523111291513
0   1.3609161933334322
0   1.72045678515325
0   1.6460609098234404
0   1.3502314845485774
0   2.5533956759527703
0   1.7367849142350513
0   1.5129867874296106
0   1.6787962259719733
0   1.3684399895505905
0   2.0477694031023059
0   1.6808581061554979
0   1.553954429751597
0   1.5034765653596067
0   1.6098359959615953
0   1.0887455480149075
0   1.1453533519647481
0   2.0578857387031873
0   2.3092867414566496
0   1.3400302763693404
0   1.751383056317414
0   0.55009626939880296
0   1.1434112764543585
0   2.7371596444572561
0   1.1961436264685117
0   1.0720015270161092
0   1.5318199693897383
0   1.033786989289416
0   1.6093482237317063
0   1.2315895522804676
0   1.2587105634292848
0   0.4297041947699819
0   1.0297408070412664
0   1.0403554623402027
0   1.6826012544130329
0   1.0057658525754762
0   1.9750277960533014
0   1.9635344308434646
0   1.3107546963196297
0   1.0185396615844433
0   1.1138329792176784
0   1.5693284451714717
0   1.0061443776276007
0   0.18557389132216018
0   1.9198551748283381
0   1.9024970013367186
0   2.4733013779421325
0   1.838329657089222
0   1.9385150543506464
0   0.53480959200260214
0   2.0598693649671573
0   1.5653761113465339
0   1.8582353488806205
0   1.9689898947974149
0   0.55937548183139119
0   2.2440302957128888
0   0.68978182501622221
0   1.0953427488062852
0   1.7574784352472403
0   1.0948290754696506
0   1.2135575109106582
0   1.9262216976014357
0   1.733221938834189
0   1.819723859399951
0   1.1141928099821805
0   1.2950963012065035
0   1.1298475104874506
0   1.3089456812594424
0   1.3949421952950107
0   1.9284137218597142
0   2.2735023185279934
0   1.699238628899808
0   1.5849271021894134
0   1.1694751409256525
0   1.929486400596871
0   2.2382456620377602
0   1.3724131263222605
0   1.1611100106702921
0   0.95760758893291165
0   2.5517138448193952
0   2.5530484335331365
0   1.245789213657978
0   1.8240022826955902
0   2.7447513731041737
0   2.0647630473713718
0   1.8088099550284191
0   1.0648057670749789
0   1.5229747221378354
0   1.6039733228175357
0   1.0648385504500715
0   1.6425973960690929
0   1.5094551686525048
0   1.1549207770296503
0   1.6221869702086065
0   1.8945152114243347
0   2.1026124229293712
0   1.4321815190634002
0   1.7057379320113193
0   1.2035402272835407
0   1.6129749937945883
0   1.1024282882305403
0   1.3072630846845561
0   1.7126356545883117
0   0.39181138618292854
0   2.2601418314406123
0   2.0165798268090498
0   1.1000866900050996
0   1.1969648259387204
0   1.5858068284385638
0   1.3694315005842654
0   1.480301079939047
0   1.0817538329039367
0   2.1849887105157011
0   1.9705754875269661
0   0.75165135738908928
0   1.8832829358037602
0   1.4420338258054648
0   1.1541139354506944
0   1.3515417853706462
0   1.8891775383848128
0   1.6860872572203389
0   1.5625037682737015
0   1.5632062751620861
0   1.9395112875679712
0   2.0890467938155868
0   1.7613117212883709
0   1.0064054695559654
0   1.0298721292970763
0   1.0201326670479607
0   0.47699041609779136
0   1.9831916528016831
0   2.0112845843624032
0   1.9656357140146175
0   1.8875225057421674
0   0.24579795240850111
0   2.3596695804272829
0   2.4375718241204454
0   1.5565649092638867
0   1.5566661221616114
0   2.2470447691369833
0   2.3379567243296013
0   1.0503236324826439
0   2.4040841654176024
0   2.3655605739822292
0   1.0424079558432799
0   0.88153307752082388
0   1.9629921376099113
0   1.0127213918510907
0   0.075427918575223907
0   1.0120602112822725
0   0.99537038062169803
0   1.1878192531879768
0   1.9587328808119358
0   1.0175161300382993
0   1.0061385261810065
0   1.9770794021013018
0   1.0703231432025082
0   1.9408312731534427
0   1.2994569215846912
0   1.3006350337503563
0   1.1710737579533725
0   1.008136624063499
0   1.3104665992532623
0   1.3259984884988938
0   1.0485471487889537
0   1.3724502791145787
0   1.040251880223735
0   1.3523056802568034
0   0.9780527952650504
0   1.3703421033357168
0   1.6311651439479937
0   2.2293205403974099
0   2.4855410832559994
0   1.036929355734943
0   1.0173247744307137
0   1.9285274279135947
0   1.9569963041034697
0   1.3347757579675674
0   0.56893890638974098
0   1.0112326696324363
0   1.8676725217435686
0   1.7493037670034202
0   1.9827833590553881
0   2.2062766454690266
0   1.3384422746762785
0   1.8861792369287835
0   1.0094746365589811
0   1.0177684164015699
0   0.78082462254433826
0   1.1251951299391456
0   1.9758068153131676
0   1.8465694919429092
0   1.7357927417175585
0   1.6620672019894531
0   1.0446335709079728
0   1.0087055720342388
0   1.5563338038635028
0   1.0279437660747921
0   1.8518407170574407
0   1.8668370131981749
0   1.7423667979434319
0   1.3721138949428373
0   1.8932048523927083
0   1.7390528005755863
0   1.8545697174834586
0   1.9513827760148628
0   2.5293641270510081
0   2.2373614409292513
0   0.99877283899312852
0   2.4205693558145294
0   1.87014248310328
0   2.8967405447813261
0   1.2034711543884835
0   3.2622605819890853
0   2.0733462860029506
0   2.8282352555777348
0   1.9401992425855115
0   1.5068441747976871
0   1.8891291362256095
0   1.3020283621069368
0   0.49317944770926869
0   1.5446085930382907
0   1.0569008652689516
0   2.3560484394232786
0   1.8938234753301311
0   1.9440465808183749
0   2.0611565045357176
0   1.3022136535893707
0   2.6372491877461348
0   2.4385230357306664
0   1.989064619041276
0   1.9272209275787011
0   1.0698394735782699
0   0.41550313338758094
0   3.8652879864412375
0   1.0145474586357865
0   1.0193991457319116
0   1.9370633318390911
0   0.30184150884127536
0   1.0012835564588096
0   1.0352787322796795
0   1.8882414152756661
0   1.012621132310684
0   0.18276539917244672
0   1.2008239066784112
0   1.0384160478283377
0   1.5633783179619245
0   1.8595905065138671
0   0.43998635702853428
0   1.0666797583687668
0   1.0543383947300966
0   1.9135918115212585
0   2.2726256190378886
0   1.3989755595038824
0   2.0599000635648279
0   1.7665809775865657
0   1.0099748761077283
0   0.74957752653633003
0   1.4954935641259788
0   1.7229266970182513
0   2.9597196936664187
0   1.0040382498453508
0   1.6491487633415614
0   0.89574926974286151
0   1.011759600886827
0   1.0163083583497063
0   0.86718884568909482
0   1.0036256584975443
0   1.6553460724978146
0   1.003713762494806
0   1.0513009185332434
0   1.503085325318076
0   1.4781180905854061
0   1.783494933594385
0   1.855387619947634
0   1.8141359398644736
0   1.6572144807138227
0   1.968406819274882
0   2.4627623555004852
0   1.6138187178431913
0   0.91764495185905237
0   0.9602796604093029
0   1.0016334724648857
0   1.0779209328944444
0   1.3338980494584118
0   2.8257235326984911
0   1.8541732578204844
0   1.7819404046612477
0   1.3025170758810445
0   1.3101991504741166
0   1.0041933754386003
0   1.0090035813309732
0   1.9796937059408148
0   1.994789647583052
0   1.3972144596064013
0   1.791098359766794
0   1.0018164247734325
0   2.8441760790833448
0   0.62974046366120628
0   0.25240836101841713
0   1.0228995620363659
0   1.77351199664878
0   1.4394618588251689
0   1.0031629324652416
0   1.9925892983385314
0   1.0484816799274697
0   1.6875934476404879
0   0.59993690214649043
0   3.5315001206761965
0   1.4306300350525265
0   1.0021769042127091
0   1.5844476731083899
0   2.0565330520044682
0   1.574799974161146
0   1.0116943418148998
0   1.2085562920482065
0   1.5488860073468333
0   0.75281443316576757
0   1.1195082832290977
0   2.5159990824535976
0   1.14796503808098
0   1.4132170277623122
0   1.3609344411493682
0   1.7126232351560891
0   1.4100956924309984
0   1.7771900252429069
0   2.2965699151669945
0   2.2392683177773831
0   2.1400543690933
0   1.1282772789082984
0   1.3050545499383128
0   0.70668766845921716
0   0.57974635021660959
0   1.601791588658259
0   1.9976459114975533
0   1.3112764662667031
0   1.0085049415850369
0   1.0046087889417077
0   2.6612089372448584
0   1.7909353316496315
0   1.0087557470783535
0   1.0023796464661183
0   0.66681157924672774
0   0.39958559852104369
0   1.975481725212354
0   1.0033276984981436
0   1.9798356647462403
0   1.9966943838235185
0   1.0008428986218898
0   1.0031320845208582
0   1.9878040512209143
0   1.9200992346658379
0   1.0039847137881368
0   1.0006530104869145
0   0.045049798405330188
0   1.0341935389829067
0   0.025355052548824641
0   0.048674342608970855
0   0.4745259697565869
0   1.0310279164679865
0   1.0040898505106595
0   1.8549125816566048
0   0.26778972925359723
0   2.9557510670620735
0   1.9536654622740723
0   1.9114743864449846
0   2.8976497311103979
0   1.0359462434553741
0   1.0009205591889367
0   1.0909022851137145
0   1.9944468920369864
0   1.0112191745043084
0   1.8359634895413062
0   1.0082062177946858
0   1.0318748149512194
0   1.5762153041596569
0   1.0718895240631718
0   1.0288838060326599
0   1.9424559675780491
0   0.49129322736298153
0   1.0021841320017759
0   1.0021544152696698
0   1.9823090732261419
0   1.9475556410905641
0   1.0575346695495398
0   0.280624966759218
0   1.024346386127557
0   1.0047206253747936
0   0.20690482218315476
0   1.0086478260467808
0   0.06412568434090371
0   1.0083843689348968
0   0.79314982397547196
0   0.12597824415821923
0   1.2737863303396069
0   0.20738559833551495
0   1.6786259852949286
0   2.6110938161290518
0   2.0523160434955203
0   1.8384762339410687
0   2.0947139292042358
0   1.5697763419325224
0   0.36003917677030173
0   1.9860730486279676
0   1.9850697170976446
0   1.1259759107136089
0   1.0325773244934098
0   1.0878780370301411
0   0.052081972744363103
0   0.059091875886358336
0   1.0038189010647871
0   1.003367721025028
0   0.57233968978318273
0   1.0033563547874054
0   1.8081353284057964
0   1.0159506963612079
0   0.9211692309045667
0   1.0072972459113396
0   1.9712674313454182
0   1.1877135100739018
0   1.638002745940081
0   1.0334793407587957
0   1.0058452126508226
0   0.53354788193225988
0   2.7680233325053432
0   1.9454923797374386
0   2.833833657372351
0   1.8355995938164629
0   0.79957489974776275
0   1.0186500445484346
0   1.8837798983581298
0   1.8836940636762347
0   1.2692606496953458
0   1.1426358431523527
0   0.58163003711934458
0   1.7192910476936354
0   2.6423948008930664
0   2.0942985119231925
0   1.5725534663599996
0   1.1250124662302887
0   0.43181972684690673
0   1.1853112944673141
0   3.0992574766905996
0   2.1624554134683489
0   1.9687730539014807
0   1.4719270773134758
0   1.4284110248196955
0   1.9451751554236081
0   1.995609156660815
0   0.92881864820193538
0   1.3017568285742942
0   1.0728192166804007
0   1.9410725148003496
0   0.04778645323262698
0   1.004105730845694
0   1.0043118098473471
0   0.23898042276905351
0   0.4491759155103906
0   1.0045063139193517
0   1.0044750184565869
0   1.0993498427518624
0   1.8885615060968397
0   1.8876275010188643
0   1.4547381424413259
0   1.0066743942373635
0   1.2046418183289169
0   1.0203282735104553
0   1.8698718534428211
0   1.7511181286631734
0   1.0072742890863993
0   0.90485384759268905
0   1.1256482514885979
0   1.4318639772119217
0   2.8555131803379163
0   1.9700505378742936
0   1.8539529977287943
0   0.052701513523233601
0   2.924094535088968
0   1.0007226298094158
0   0.092021623095194238
0   1.0067271260818924
0   1.0016482332053211
0   0.11871328822392579
0   1.9884677247774136
0   1.0135765592321804
0   0.097285986800866642
0   1.0163618165261139
0   1.0151112529786777
0   0.31698049703045272
0   1.0093017285266341
0   1.9872864711308864
0   1.1318958405187212
0   1.0281041815043288
0   1.0120621379409169
0   1.9397342690343087
0   0.33969147177367409
0   1.043798665677369
0   1.9453002129955417
0   1.8316131185973759
0   1.9563822237138524
0   0.39039660921381181
0   1.0894823205302899
0   2.8091249706247075
0   1.0154512921306937
0   0.742234506570427
0   1.9943885792716274
0   1.288774989316311
0   1.0334073371743338
0   1.9052446225733868
0   1.9928953432954009
0   1.070235739633723
0   1.9275850983004288
0   2.465333377025976
0   1.9631325456621926
0   0.76786670143079427
0   1.0608794055216926
0   1.9584077355067748
0   1.8806434836558461
0   2.9426811146309402
0   1.3036575174825547
0   2.0331625553728028
0   1.9872538396455615
0   2.8633817484099029
0   2.0314210196130702
0   2.9591632745884988
0   2.8549932927370962
0   3.8671409643304742

1   1.020231632001009
1   1.0656475782122365
1   1.1207261818238672
1   1.6704845575820833
1   1.0496374600535125
1   1.4145336018189452
1   1.4324393569110916
1   1.1353797112099215
1   1.6595575930747257
1   1.3610869843317028
1   1.910004421876903
1   1.2284557695334992
1   1.8806377672864723
1   1.8237440439956378
1   2.8485432010162133
1   1.028031332352306
1   1.9490741589097453
1   1.2228512136661009
1   1.125775873484709
1   2.040408993738438
1   1.8831197452227117
1   2.8142243270899385
1   1.2430690842763958
1   1.1037590803824915
1   1.917645987778736
1   1.018716551983379
1   1.3228765300504448
1   2.6300019795004599
1   1.7831010165254031
1   2.0698329037921539
1   1.0525755237775771
1   1.3406359504043714
1   1.3216044232792143
1   1.4669611490041889
1   1.4614995016274355
1   1.8579255916288
1   1.311068148856819
1   1.38553594420236
1   1.4023591986241417
1   1.6694839561388961
1   1.7691597884106955
1   1.2790874747171774
1   1.5693615405976868
1   1.3216879161126844
1   1.4053633871730595
1   2.762066615032587
1   1.1182090660418891
1   1.2175425563946676
1   1.7846918120578117
1   1.0842311537987537
1   1.3150843847896703
1   1.883810738201523
1   1.8318734425543637
1   1.8958085137559588
1   1.8520520332963053
1   1.218434357501192
1   2.0445316099109698
1   2.1401769544953471
1   2.1729355050796975
1   2.5778734645202483
1   2.3506630636580526
1   1.8014053834087744
1   1.4707414025806007
1   1.9448074366296346
1   2.1605167115387429
1   3.1433893539298876
1   1.8199706125108959
1   1.6572644912475987
1   1.6748064973078973
1   2.010779871422903
1   2.3135856128909116
1   1.9912727512488377
1   2.0288319122302489
1   2.511755872761785
1   1.7318177007167561
1   1.7510626810369949
1   1.8199197996943752
1   1.6098906125618373
1   1.7927986703297534
1   1.7431102106526857
1   1.7561486014751515
1   2.6326313257412117
1   2.0122539804165052
1   2.3707625609904639
1   1.9509958414962858
1   1.8988619794910369
1   1.589632722579724
1   2.7375477341333205
1   1.8103508395361807
1   2.1958460987385022
1   1.5557204761763153
1   1.3940648820804198
1   1.6381762992646371
1   1.7420028327463339
1   1.2410321535185664
1   2.472441251897167
1   1.8958217550362577
1   1.455961802649836
1   1.9138934961916885
1   1.0592259851929182
1   1.2778100771301948
1   1.6267550904472947
1   2.8230815455555369
1   1.7948129521965845
1   1.9866837467051606
1   1.1289256014868565
1   1.3354067801084526
1   1.1356590282379972
1   1.911238284482875
1   1.0789741981682588
1   1.8861444516741153
1   1.8331419934963353
1   1.9226811745507333
1   1.1549877700958482
1   1.0739436012371948
1   1.0632216987132714
1   1.9328960161594968
1   2.20101993637785
1   2.2283373183084665
1   1.8873786330956666
1   2.0747635541045049
1   1.6635796842823072
1   1.5722089977119889
1   2.4230018822753272
1   1.6922409233625255
1   2.4727569530462623
1   1.389327170228942
1   1.2366565309422053
1   1.8177306184966215
1   1.8884120201068386
1   1.5096362754922446
1   1.7564870075424652
1   1.8613373178703334
1   1.4853450509614861
1   1.5209015640510448
1   1.7339335297842595
1   1.3926144270459084
1   1.4077461773640221
1   1.8433567251368346
1   2.06932568588052
1   1.8174569646304972
1   1.7695672411589651
1   1.7226842096307484
1   2.0603576732379771
1   1.8226166765337224
1   2.595190882011515
1   2.0540889690526618
1   2.6994229047443787
1   2.311514342086507
1   2.1614011306397489
1   1.4729921878793115
1   2.3837420158413312
1   1.639886423323957
1   1.7221778224067137
1   1.5911993286855872
1   2.010772736540563
1   1.4346826108083908
1   1.665503319892931
1   1.5675787538932604
1   1.6339696663741132
1   2.3327675290539505
1   1.5589396427657447
1   1.4575076987141216
1   1.4305474206381299
1   2.5170917634899181
1   1.6785494407851393
1   2.113756293828831
1   1.1837131779951375
1   1.4773108495364262
1   1.7424880466029342
1   1.414259297934062
1   1.3856154617919616
1   1.6138300810490889
1   1.2130661864369867
1   2.412117075822044
1   1.6047595350385433
1   2.0783864984449862
1   2.2273996340818996
1   1.9012673691007032
1   2.1771153275380541
1   1.8709603444433558
1   1.9621013864002856
1   1.1255658780214655
1   1.7477380166881478
1   1.7470577868968413
1   1.055488283849541
1   1.0906991745830195
1   2.2164826473091033
1   2.1849375752955815
1   3.0960054081405235
1   1.7941169461291007
1   1.525578878184715
1   2.6856254559499351
1   1.2295240703212762
1   2.5896853578092114
1   1.7026763749881098
1   2.3249853336202464
1   2.6714048995930861
1   1.9322978975420022
1   1.1301994448575512
1   1.4077514228897892
1   1.6693770168850173
1   1.0538433345067899
1   1.9419396662296595
1   1.0492559522674267
1   1.7041361457173263
1   1.1778322269287866
1   1.2663543950173679
1   1.5101531996696389
1   1.2208004462012789
1   1.9610661594067911
1   1.7413376273417684
1   2.06160735610485
1   1.8800215927959529
1   1.3462376761223165
1   1.507799210283542
1   1.8129264410276469
1   1.4020073296748503
1   2.3301846457293722
1   1.435045744106511
1   2.1511696047180955
1   1.8893530099224298
1   1.9979439106132224
1   1.9448071391247335
1   1.2530240865154159
1   1.3101777241601673
1   1.2733342697314736
1   1.8760849442716139
1   2.0846394382386628
1   2.0410056644730541
1   1.8756137425728618
1   1.1856725365420595
1   1.1505053007686612
1   1.6552766078493812
1   1.6861067061473016
1   1.5086628939478381
1   1.6665512059400989
1   1.745514538007221
1   1.3986248189431629
1   1.3444547545806789
1   1.932415730339375
1   1.9867069056982185
1   1.8520609009109243
1   2.2395982769112184
1   1.6689105414274139
1   1.8543686357560181
1   2.4246251301682693
1   1.7998945066435406
1   2.2978972007323319
1   1.6069377661260473
1   2.5298652921453693
1   2.5068462070840334
1   2.2547290918062961
1   2.6957580333284841
1   1.1921727780546592
1   2.2359510842243315
1   3.2771891223976097
1   2.1693891931111984
1   1.6135309928122408
1   2.4445865619560934
1   1.5726784145317012
1   1.5181946121699652
1   2.0685480764185837
1   2.2814206607924867
1   1.795243991558491
1   1.5782272975446241
1   1.7103989054145119
1   2.3838639186182013
1   2.62588365890789
1   2.0189949231483544
1   2.3414170751201224
1   1.4925849443288701
1   3.8270533032830691
1   1.0710467225560767
1   1.9489723188603634
1   1.0932746312281194
1   1.2254736397949664
1   1.0518320366368628
1   1.754790925560513
1   1.1358205722050061
1   1.3011841876016812
1   1.7757765276768929
1   1.9140965814750412
1   1.185501406072019
1   1.3210180008433143
1   2.061597308445775
1   2.6442035751492656
1   1.5700564881112702
1   1.4364859189693651
1   1.6530944475481149
1   1.9736735773809695
1   1.7944198979428423
1   2.9227205036159152
1   1.2356103448240103
1   1.9840222520805884
1   1.0118283506749717
1   1.0250151477730665
1   1.6928228746428418
1   1.0057718197698171
1   1.4203164659067968
1   1.0396125378050829
1   1.7891602686571857
1   1.8149391382497266
1   2.2630828878723577
1   2.4480280882500001
1   1.8569683007974702
1   2.0529981612914927
1   1.5753536088555462
1   1.9774955803759071
1   1.9782197824896324
1   1.1525846726718916
1   1.5627710610015764
1   2.2014295054847168
1   1.9345786323184022
1   1.8439637478502644
1   1.1817806040980989
1   1.3345020204477396
1   1.7925787430162181
1   1.8936661775729942
1   1.785250099045653
1   2.0297973287369615
1   1.9184424864208154
1   1.1248619597143439
1   2.5143489612968817
1   1.1260142152295998
1   1.850385682683545
1   2.0500035163509183
1   1.8300798621985157
1   1.1415764342442585
1   1.2449025144507195
1   1.389226034953672
1   1.4009227844337913
1   3.6648709008336544
1   1.2084620889962414
1   1.5793029529030349
1   1.3522708401029166
1   1.3943499769002812
1   2.4619588798853118
1   1.4262695255111018
1   1.6406951076144369
1   2.0093503116920406
1   2.726021507077486
1   1.6551270500454911
1   2.0386729708750653
1   1.30235775685604
1   2.0862466752934279
1   1.9820422149474708
1   1.9874654645188903
1   1.5821038786283701
1   1.2889095700759639
1   1.7182597635623953
1   1.0496979891902245
1   1.0954901262030472
1   1.5180545080442869
1   1.8332519890848817
1   2.8710551638258512
1   1.7508260101033337
1   1.0173902302255398
1   1.3196080770095684
1   1.8577881803879346
1   1.9051844613875906
1   1.6996841842374959
1   1.2729339053643434
1   1.0294893655829456
1   1.5637222670192741
1   1.915325800127051
1   1.9912609227671263
1   1.0052660508754117
1   1.0038578321939877
1   1.0323025889922699
1   1.3750029891244775
1   1.0257977342482927
1   1.7136234893445934
1   2.2710881090708028
1   2.184254309418483
1   1.3490606970489449
1   1.202201898385598
1   1.3757232228335561
1   1.3442115692965475
1   2.5547385736670281
1   2.6580750051456463
1   1.0629242786569173
1   1.150397263002453
1   1.7392970832089207
1   1.7674209246938744
1   1.9305542163378711
1   1.2389570229221387
1   1.1869744408732568
1   1.228830400337811
1   1.8280503715833816
1   1.8765594540552604
1   1.885315097989956
1   1.0528090359170241
1   1.0247728239585914
1   1.0703436936169948
1   1.0435123371609789
1   1.0224183598119418
1   1.9858594205007933
1   1.4852420478533768
1   2.3541440251673165
1   2.2618143784065121
1   1.6933851169145848
1   2.0991928911819007
1   1.7672150743497368
1   1.4965523592052434
1   1.887025033335695
1   1.1844996572796174
1   1.5357415832109154
1   1.3544110524366999
1   1.0082072730113578
1   1.0111181641601812
1   1.0152341393780069
1   1.9913645222808527
1   1.0283463847328755
1   1.8362972074142139
1   1.0495452462823411
1   1.9803012920161449
1   1.0331552426699631
1   1.1099751248657577
1   1.3675618464448409
1   2.5008531448834068
1   2.2714958552461879
1   2.4109380076985358
1   2.6800324687443755
1   1.6720881750111767
1   1.5347820098048746
1   1.5452843149817674
1   1.7952932740892709
1   2.041554892019545
1   1.8583609585702199
1   1.4444763679397368
1   2.0014087760127595
1   1.2343050698941906
1   1.5614331267249
1   3.2213343907170962
1   2.3594077288492277
1   1.2607769148645362
1   2.8141501693768265
1   1.85390718349066
1   1.7941949997912641
1   1.716405210781327
1   1.3606449503183196
1   1.0870393643310581
1   1.9704205981210476
1   1.0163841891889056
1   1.0207810451570005
1   1.216516148631505
1   1.1880794104187198
1   1.8213833537507989
1   1.8175445360478437
1   1.0714850092801735
1   1.0982648176589438
1   1.1026553697506196
1   1.9744977709320923
1   1.7144154029838341
1   1.4585058757831566
1   1.8213159454114876
1   1.9812850928268451
1   1.3193691917465089
1   2.4824126355166065
1   1.8624253939730226
1   1.9624919543740647
1   2.9283173335228487
1   1.0126359404859107
1   1.0271322532177438
1   1.0099596378182343
1   1.9195283844743911
1   1.0315154528550545
1   1.1187011007313139
1   1.1445064632966426
1   1.0702037648782046
1   1.8463928903607396
1   1.19925822566461
1   1.1766268048258812
1   1.0882973836430667
1   1.8597065146031819
1   1.18648532414751
1   1.8331542920063897
1   1.9532047498067246
1   1.9333646630670009
1   1.2300253457267587
1   2.7787449393190742
1   1.075085684207439
1   1.9648549268757827
1   1.5456877177152823
1   1.1173489997412394
1   1.8517268204930186
1   1.782576576485023
1   1.2689156479764012
1   1.993658525278172
1   2.5481067229091168
1   1.8512056374232762
1   1.2978978975319757
1   2.0426112299636432
1   1.9929776159530981
1   1.3555814408435598
1   2.6460391832380856
1   2.3318794192831107
1   2.0189965400470578
1   2.8944233664877288
1   2.0467652368402152
1   2.9543978246141278
1   2.8529374032360755
1   3.87340467273133

2   2.0002459510246693
2   2.0003987658452309
2   2.0008286601707819
2   2.1308875114398105
2   2.0081210902028523
2   2.8996867196307878
2   2.0026247601017255
2   2.1036576690019388
2   2.0035155486498564
2   2.9141059798086713
2   2.0010760118001238
2   2.002985514008595
2   2.8763035185315284
2   2.1439711330550439
2   2.0181296870293228
2   2.0092768748488181
2   2.0124594861657004
2   2.0159544148857864
2   2.0146939457996447
2   2.8913272591983761
2   2.1270866620241851
2   2.0031227353059955
2   2.0797665559451892
2   2.9660567669735811
2   2.7341606215196297
2   2.7571270780990398
2   2.0309022315742662
2   2.2700472473849209
2   2.3548559304374321
2   2.2339247254143992
2   2.8084340757366264
2   2.1035314710547546
2   3.0613059484022607
2   2.5393861719406599
2   2.3845836372224136
2   2.1001584993224109
2   2.8707406592080615
2   2.4299576043903812
2   2.2749321394468542
2   3.2923184497032221
2   2.3646781551483445
2   2.5867433338637187
2   3.0611621647675675
2   2.3004377501690456
2   2.340786868801775
2   2.3326339968179295
2   2.2669641313267341
2   2.5918214700255833
2   2.2031035630559637
2   2.0935465003481348
2   2.5577463515964887
2   2.3562264517347065
2   2.0106540047048136
2   2.0017553226549487
2   2.0072830823518886
2   2.0066151601466737
2   2.0571454631117789
2   2.0933027425255841
2   2.9202230306170813
2   2.6079246363986996
2   2.3627905855898597
2   2.9705784835597999
2   2.0655483922672806
2   2.0614715992838697
2   2.0198944336022104
2   2.0820483827789258
2   2.3238720493621039
2   2.5103836037447409
2   2.0394112577636951
2   3.0696355255677674
2   2.4055928365490362
2   2.0993166586238896
2   3.2928048067512283
2   2.4814110556755185
2   2.9458518868205394
2   2.0970542939777173
2   2.7059257779010495
2   2.0417541482423185
2   2.0704790186524389
2   2.0360891546258362
2   2.1182129576480699
2   2.7630227527456781
2   2.274196724099447
2   2.2473928898581317
2   2.2459833143063825
2   2.1884631313625711
2   2.0746993353361014
2   2.7516038604306345
2   2.5045668743996434
2   2.0139809789481213
2   2.3876576973464001
2   2.0589488590023208
2   2.6744050447897068
2   2.6867601769467231
2   2.7086652107659894
2   2.7046409390860555
2   2.9863689001185851
2   2.3790098020776154
2   2.671047876745269
2   2.701110178454853
2   2.0483597006228553
2   2.002420940774555
2   2.0194340338987833
2   2.0230016651466616
2   2.0707419286566613
2   2.2815043402230364
2   2.1418147639744114
2   2.341137302554082
2   2.4589564586939674
2   2.8214239465703539
2   2.0278019581962954
2   2.0053453152402807
2   2.9856298413910713
2   2.012768355233276
2   2.0063476802656139
2   2.0030880407067242
2   2.0114190559017668
2   2.0240555549166319
2   2.0516180043058281
2   2.1270983185658707
2   2.5126606990038969
2   2.3658823064599361
2   2.1358062509267861
2   2.376282539916053
2   2.1689611723291375
2   2.7254073183069387
2   2.6951596550305039
2   3.275257980913119
2   2.8264256788706215
2   2.3195533980069181
2   3.2380020227879287
2   2.6720874440861606
2   2.2571522382130835
2   2.2725929202888664
2   2.6771851344248789
2   2.4044636148425793
2   2.4169800497414231
2   2.2958864530324359
2   2.7474619009822301
2   2.5523730875540718
2   3.787402605352435
2   2.0152402149931867
2   2.0022962510043496
2   2.0289298984016124
2   2.0023616742610342
2   2.452605237881555
2   2.5284150023183098
2   2.0500484747666325
2   2.1964155194926054
2   2.110304444194993
2   2.7951461803070314
2   2.017918141574929
2   2.0007604135395369
2   2.9324854183345024
2   2.6823119026670073
2   2.3924204090797607
2   2.0842125653849348
2   2.0038350675633776
2   2.9933452953210482
2   2.0073505227292228
2   2.0008468505387729
2   2.0041951536188476
2   2.0064373089013015
2   2.0096020661489873
2   2.0348493265865404
2   2.9124931608238116
2   2.0062064679994198
2   2.0163879813378722
2   2.1166624842848907
2   3.8295904244545032
2   2.1696697218666205
2   2.2016043750682481
2   2.6993886230616622
2   2.8366579579457603
2   2.9388655110915805
2   2.3603238571457568
2   2.0491327772695511
2   2.029639608387507
2   2.075246013200529
2   2.0547503023568012
2   2.9630829225016
2   2.0003671544555419
2   2.0042184890883461
2   2.0008406383733215
2   2.0036519519697151
2   2.0015874095832764
2   2.0018144256917889
2   2.0043291332216464
2   2.2034319570346566
2   2.1664464544108313
2   2.6869366201251639
2   2.7027606879957
2   2.1819238431920636
2   2.1930359058916498
2   2.020723469618301
2   2.0178587308265992
2   2.0012304565729893
2   2.010820820363445
2   2.5336303245151677
2   2.7882834446661513
2   2.4665493429169598
2   2.1622289868647315
2   2.0914773624487886
2   2.1118612058891166
2   2.0024307618222332
2   2.0437972359670771
2   2.0728953006848827
2   2.227348551747554
2   2.293835382372015
2   2.703475052554607
2   2.8198126066585272
2   2.001041322883931
2   2.0149355572476728
2   2.0356174087651722
2   3.4488652211588664
2   2.8840797441981998
2   2.9664945572333128
2   2.7810205063410716
2   2.0916102259826781
2   2.056765362058782
2   2.0020282668311724
2   2.0025343564542428
2   2.0006432558545817
2   2.0028466177709823
2   2.0195411079648853
2   2.0016055706470985
2   2.9814241369555012
2   2.0127584945602304
2   2.0026005211872717
2   2.9880592757761049
2   2.0019907961300771
2   2.0042204913161772
2   2.0202824708987679
2   2.0074873209741875
2   2.0170485318912457
2   2.0097700711216815
2   2.883849847042629
2   2.0705072620231815
2   2.1293775908440318
2   2.0484956058708002
2   2.0522769171300577
2   2.5572555975160083
2   2.408602399231929
2   2.1405124295326496
2   2.2338279600625741
2   2.7350533081617865
2   2.1861084286460084
2   2.9736336159732106
2   2.1472901241731757
2   2.9643230082866365
2   2.8832722754013456
2   3.8894299997271222

3   3.0000202613351812
3   3.0000309854335065
3   3.0002988537166959
3   3.0008598678935203
3   3.0003080999622771
3   3.0175801874644366
3   3.0064510839666716
3   3.8904778984979185
3   3.0003725887739519
3   3.117673196196018
3   3.879793008124774
3   3.1380561859052323
3   3.0008900489354833
3   3.0001151095476382
3   3.0041733063406948
3   3.0002862389158254
3   3.0016830555264531
3   3.0001279608285958
3   3.8093333436181398
3   3.0005046050898834
3   3.015979407331391
3   3.1767606515076325
3   3.0028885640220446
3   3.039018999876876
3   3.0070830053943007
3   3.0014556287320064
3   3.7678813251600278
3   3.0002253766254872
3   3.2681180879849783
3   3.0000772875490909
3   3.0024765517963177
3   3.00003910404366
3   3.0013910609728809
3   3.0023000173380066
3   3.3113793550155752
3   3.0021367495613185
3   3.1060499214937209
3   3.6375301917498106
3   3.0043265289626051
3   3.0046788412664558
3   3.0589326456378796
3   3.0072126339878498
3   3.9463771473902609
3   3.0000586660970381
3   3.0001135720366818
3   3.0001561549859797
3   3.0009343959529176
3   3.0000671700502362
3   3.0000093209093177
3   3.8091408341825836
3   3.000029556821568
3   3.2299802593604583
3   3.0000091586251125
3   3.0015293015979574
3   3.0000983425757997
3   3.0001245858639751
3   3.0000043008632695
3   3.0000185750953028
3   3.0254596874451178
3   3.0000091346828897
3   3.9421578478875769
3   3.0000537490037225
3   3.0477767284970327
3   3.0000235130218909
3   3.0000299127125882
3   3.0001514966184377
3   3.0000220579850465
3   3.0000851401080459
3   3.0000151128971719
3   3.0900904692555597
3   3.0000556513236707
3   3.9282062205386676

4   4
4   4
4   4
4   4
4   4
4   4
4   4
4   4
4   4

