0   -36.7343   0.0290267   0.112659   7.34975e-07   0.248451   0.109863   0.109863   0.248451   7.34975e-07   0.112659   0.0290267   
1   -48.1166   0.0155501   0.0374391   0.0889433   0.155341   0.202726   0.202726   0.155341   0.0889433   0.0374391   0.0155501   
2   -49.124   0.0143269   0.0368424   0.0914616   0.154837   0.202532   0.202532   0.154837   0.0914616   0.0368424   0.0143269   
3   -49.3581   0.0195885   0.0447344   0.100915   0.148625   0.186137   0.186137   0.148625   0.100915   0.0447344   0.0195885   
4   -49.367   0.0216175   0.0494843   0.104932   0.146677   0.177289   0.177289   0.146677   0.104932   0.0494843   0.0216175   
5   -49.367   0.0216175   0.0494843   0.104932   0.146677   0.177289   0.177289   0.146677   0.104932   0.0494843   0.0216175   
6   -49.3581   0.0195885   0.0447344   0.100915   0.148625   0.186137   0.186137   0.148625   0.100915   0.0447344   0.0195885   
7   -49.124   0.0143269   0.0368424   0.0914616   0.154837   0.202532   0.202532   0.154837   0.0914616   0.0368424   0.0143269   
8   -48.1166   0.0155501   0.0374391   0.0889433   0.155341   0.202726   0.202726   0.155341   0.0889433   0.0374391   0.0155501   
9   -36.7343   0.0290267   0.112659   7.34975e-07   0.248451   0.109863   0.109863   0.248451   7.34975e-07   0.112659   0.0290267   
