-1.5   1.5
-1.5   1.5
-1.5   1.5
-1.5   1.4999999999999998

-0.5   0.50269098664421419
-0.5   0.5
-0.5   1.4995249052581527
-0.5   0.5
-0.5   1.4984248520364913
-0.5   0.50088077049917779
-0.5   1.5000000000000018
-0.5   0.5
-0.5   0.5004543448180836
-0.5   0.50383584187536656
-0.5   0.5
-0.5   1.4981119686002893

0.5   0.50269098664421419
0.5   0.49999999999999989
0.5   1.499524905258153
0.5   0.50000000000000022
0.5   1.4984248520364911
0.5   0.50088077049917734
0.5   1.4999999999999993
0.5   0.5
0.5   0.50045434481808382
0.5   0.50383584187536656
0.5   0.50000000000000044
0.5   1.4981119686002895

1.5   1.5
1.5   1.5
1.5   1.5
1.5   1.4999999999999998

