0   -35.3092   0.0520211   0.0294325   0.0858291   0.173977   0.0175964   0.282287   0.0175964   0.173977   0.0858291   0.0294325   0.0520211   
1   -44.8394   0.0112578   0.0272741   0.0663989   0.12284   0.173375   0.197708   0.173375   0.12284   0.0663989   0.0272741   0.0112578   
2   -45.6175   0.00960987   0.0246836   0.0645557   0.123718   0.175848   0.20317   0.175848   0.123718   0.0645557   0.0246836   0.00960987   
3   -45.6773   0.015014   0.0352038   0.0782973   0.122097   0.160957   0.176863   0.160957   0.122097   0.0782973   0.0352038   0.015014   
4   -45.5895   0.0137344   0.0339177   0.076896   0.124025   0.161981   0.178892   0.161981   0.124025   0.076896   0.0339177   0.0137344   
5   -45.5481   0.00961854   0.024052   0.0690712   0.122297   0.179368   0.191187   0.179368   0.122297   0.0690712   0.024052   0.00961854   
6   -45.5895   0.0137344   0.0339177   0.076896   0.124025   0.161981   0.178892   0.161981   0.124025   0.076896   0.0339177   0.0137344   
7   -45.6773   0.015014   0.0352038   0.0782973   0.122097   0.160957   0.176863   0.160957   0.122097   0.0782973   0.0352038   0.015014   
8   -45.6175   0.00960987   0.0246836   0.0645557   0.123718   0.175848   0.20317   0.175848   0.123718   0.0645557   0.0246836   0.00960987   
9   -44.8394   0.0112578   0.0272741   0.0663989   0.12284   0.173375   0.197708   0.173375   0.12284   0.0663989   0.0272741   0.0112578   
10   -35.3092   0.0520211   0.0294325   0.0858291   0.173977   0.0175964   0.282287   0.0175964   0.173977   0.0858291   0.0294325   0.0520211   
