-2   1.9999999999999996
-2   2
-2   2
-2   2
-2   2

-1   1.0680710755738831
-1   1.0259526569269073
-1   1.0584957395586063
-1   1.8623862606149895
-1   1.8765590175338791
-1   1.0812125099232923
-1   1.1600043834909672
-1   1.0033213316135585
-1   1.3358640368311108
-1   1.7162668502342235
-1   1.0285206647741276
-1   1.071468469930523
-1   1.820597260539853
-1   1.004380817287938
-1   1.244596415365578
-1   1.021775953313544
-1   1.0018177649663693
-1   1.1364100333834211
-1   1.0001823021952578
-1   1.8998481230609099

0   0.13929623398532376
0   0.99999999999999933
0   1.0000000000000011
0   0.32819344998909195
0   1.0000000000000002
0   1.5528061023782302
0   1.6643068551060511
0   1.0000000000000002
0   1.0000000000000007
0   0.99999999999999889
0   0.66194393161879539
0   1.0000000000000007
0   0.034777622978659717
0   1.0000000000000002
0   1.9691554445717223
0   1.0000000000000004
0   1.0000000000000002
0   1.5528061023782276
0   0.99999999999999911
0   1.0000000000000002
0   0.99999999999999867
0   0.014372724588131658
0   0.034777622978659051
0   1.0000000000000002
0   0.10612755749069602
0   1.0000000000000002
0   0.35876620101131695
0   1.0000000000000002
0   1.0000000000000007
0   1.8779991922023727

1   1.068071075573884
1   1.0259526569269073
1   1.058495739558605
1   1.8623862606149908
1   1.8765590175338787
1   1.0812125099232921
1   1.1600043834909686
1   1.0033213316135585
1   1.3358640368311097
1   1.7162668502342222
1   1.0285206647741278
1   1.0714684699305226
1   1.8205972605398535
1   1.0043808172879376
1   1.2445964153655777
1   1.0217759533135433
1   1.0018177649663693
1   1.1364100333834226
1   1.0001823021952578
1   1.8998481230609077

2   1.9999999999999996
2   2
2   2
2   2
2   2

