-4   4
-4   4
-4   4
-4   4
-4   4
-4   4
-4   3.9999999999999991
-4   4
-4   4

-3   3.0000415911211591
-3   3.0000673490779817
-3   3.0005487859847095
-3   3.0016902943863073
-3   3.0007711307658931
-3   3.0407496618889405
-3   3.0110679183715314
-3   3.791825184408145
-3   3.0006657698907353
-3   3.2103518734489169
-3   3.8406345765102792
-3   3.0018686495729532
-3   3.1766727987361714
-3   3.0001979915994719
-3   3.0070483074005634
-3   3.0005439075062377
-3   3.0032677389953517
-3   3.000282428975142
-3   3.7795522445212999
-3   3.0008687624339521
-3   3.0318196246380515
-3   3.1609710468110745
-3   3.0052572737720427
-3   3.0731065723678794
-3   3.0151144377840704
-3   3.0020197002266626
-3   3.7599986087916726
-3   3.0004137038181846
-3   3.2654624594356911
-3   3.0001448337352272
-3   3.0048056321423759
-3   3.0000738787005372
-3   3.002546639607091
-3   3.0063441238836193
-3   3.2943404922037209
-3   3.0022740942034689
-3   3.2829623528741907
-3   3.4827313489196046
-3   3.00803209764844
-3   3.0084483074897155
-3   3.0996716052599829
-3   3.0124791531685173
-3   3.9069660045781189
-3   3.0001132055142343
-3   3.000202756351555
-3   3.0003009252624344
-3   3.0017534298378958
-3   3.0001113222123053
-3   3.0000190409268965
-3   3.6527128256149632
-3   3.0000550054250805
-3   3.4013903921556166
-3   3.0000183943489098
-3   3.0027848028242028
-3   3.0001907887498209
-3   3.0002379152871015
-3   3.000009447000739
-3   3.0000344558673477
-3   3.0434389307240126
-3   3.0000207575428735
-3   3.9077855744396546
-3   3.000098263549476
-3   3.0724350413160115
-3   3.0000458383836097
-3   3.0000577735649641
-3   3.000315410306825
-3   3.0000366378345862
-3   3.0000141469052655
-3   3.0000192886077954
-3   3.130238514132385
-3   3.0001198067433554
-3   3.8952190448201645

-2   2.0005274594291165
-2   2.001206926908861
-2   2.0022304952517724
-2   2.187831076148957
-2   2.0154882625167403
-2   2.8516050870570462
-2   2.0057489140438465
-2   2.146577721947331
-2   2.0060729973074629
-2   2.8717153819055388
-2   2.0027952964679372
-2   2.8725906824305429
-2   2.0054344460412246
-2   2.1291923879602681
-2   2.0379027875539704
-2   2.0183406886896735
-2   2.0408531823538167
-2   2.0412389303016583
-2   2.0167684709425964
-2   2.8029487648748437
-2   2.2046831020138962
-2   2.0065513392957315
-2   2.1320766149691064
-2   2.9423683515712962
-2   2.6627975410004132
-2   2.5986879653894208
-2   2.0582965471497858
-2   2.4172337155468124
-2   2.2616444767106465
-2   2.7805909553399597
-2   2.2966981312125263
-2   2.1983408916427702
-2   2.9392718881007216
-2   2.5593758177181503
-2   2.259830351297111
-2   2.2106306911737765
-2   2.8770108358767512
-2   2.6397917021062476
-2   2.4189020213519381
-2   3.0262535890067483
-2   2.4444570365775817
-2   2.3756963696996261
-2   3.0047997829026278
-2   2.4070476264339571
-2   2.5713352785626267
-2   2.3208482722331474
-2   2.1646747012532086
-2   2.4528916034433661
-2   2.3059312889294477
-2   2.3381538682865242
-2   2.2468053885519366
-2   2.5759498771418139
-2   2.0184530637605285
-2   2.0033510990961134
-2   2.0129549951795962
-2   2.0129000364052696
-2   2.0484662497957795
-2   2.1830539985659723
-2   2.8640104443499692
-2   2.4430388453586169
-2   2.4298822133779847
-2   2.8706425383132941
-2   2.2623341215036081
-2   2.1273326034179361
-2   2.2621138791437154
-2   2.0305294502366262
-2   2.5515935477729395
-2   2.2382107994750871
-2   2.8617206730213507
-2   2.084960822101996
-2   2.3140162157520869
-2   2.9655552448172013
-2   2.0831184455500926
-2   2.8953877775028642
-2   2.1969619639004616
-2   2.89836557162208
-2   2.6588005045500549
-2   2.1470732730812419
-2   2.0772606631347736
-2   2.2151450780270072
-2   2.0601605352726708
-2   2.4851665555064542
-2   2.37793747245107
-2   2.2965155409212383
-2   2.2558874594933411
-2   2.2754070863934817
-2   2.035345413380818
-2   2.7531994616930335
-2   2.2892900585084806
-2   2.0407792866876107
-2   2.5630846078212866
-2   2.0953165244821896
-2   2.6549872861609769
-2   2.6731615748106026
-2   2.7092088272746198
-2   2.7053207608749958
-2   2.9783042167988039
-2   2.3815442069088211
-2   2.5875363159005524
-2   2.6973292748347411
-2   2.1578155481869907
-2   2.0048586658231953
-2   2.0660251485860774
-2   2.0820515051997535
-2   2.0601737069303736
-2   2.2392512716798074
-2   2.1378081966536926
-2   2.2101586882894266
-2   2.5704672122820869
-2   2.7827332768313644
-2   2.0521675341707812
-2   2.0080872549828261
-2   2.9702968872346882
-2   2.0226340127505003
-2   2.0139134690734553
-2   2.0096141738916162
-2   2.0268137100690828
-2   2.051427045554794
-2   2.3215777319271491
-2   2.1896853608585678
-2   2.4259933582993596
-2   2.2467039970020179
-2   2.1911125526315218
-2   2.2577722894026802
-2   2.2522527319864665
-2   2.84857423231947
-2   2.4537388703314917
-2   3.1779509169360964
-2   2.9292497965235036
-2   2.260015222894407
-2   3.1880920162752711
-2   2.6976748111192199
-2   2.3348809088200984
-2   2.4568857276504383
-2   2.7169589219265351
-2   2.1382057061680606
-2   2.4299526831234091
-2   2.3965399912358309
-2   2.6610148240591296
-2   2.7874793887499081
-2   3.5767020534595106
-2   2.0243265681070519
-2   2.0042973075096748
-2   2.0688536732422595
-2   2.005383131987962
-2   2.4680843985457672
-2   2.0697718228127462
-2   2.4335162156083734
-2   2.2253866274697258
-2   2.1918217040291443
-2   2.7340332701571648
-2   2.0414148372615282
-2   2.0016264266450601
-2   2.8959815769003447
-2   2.6032261521496434
-2   2.4757365362437089
-2   2.1257753171277165
-2   2.0062336430357917
-2   2.9886958029806832
-2   2.0018689845328805
-2   2.0126680089029572
-2   2.009193231355348
-2   2.0160433299252944
-2   2.0181359714830855
-2   2.0674402650476296
-2   2.8219858833862212
-2   2.0140690316888654
-2   2.0200848084745116
-2   2.2260549760329749
-2   3.6768176244901492
-2   2.2043032090446544
-2   2.2316437773379407
-2   2.739584445093421
-2   2.8015615743380375
-2   2.9094915897209375
-2   2.3567315328928586
-2   2.1909342038909929
-2   2.0304285953655645
-2   2.0825661311850716
-2   2.0948074044087579
-2   2.9348730610652929
-2   2.0006422006093416
-2   2.0105753964091404
-2   2.0015893023931195
-2   2.0069030980147979
-2   2.0029932985570529
-2   2.0035930404930875
-2   2.008056950823093
-2   2.1970200353860281
-2   2.1716446215949858
-2   2.5699421081207641
-2   2.5940482107933729
-2   2.1922324552531007
-2   2.1612296162494467
-2   2.1743292264988199
-2   2.1549582928799458
-2   2.0024278789577754
-2   2.0217658146538722
-2   2.652664872790031
-2   2.7102368647398749
-2   2.278266001499313
-2   2.1945980722122971
-2   2.1525632788010904
-2   2.1708145684827125
-2   2.0552216487548778
-2   2.0031886121325924
-2   2.2880934896536371
-2   2.2372668058115046
-2   2.1308113270288049
-2   2.6690927083547602
-2   2.8096001276510614
-2   2.0033929478661308
-2   2.0705654502343829
-2   2.0269889704922135
-2   3.1971924176462707
-2   2.8426679186852142
-2   3.220119418706668
-2   2.7480034406922513
-2   2.1624726954744333
-2   2.0266644094733159
-2   2.0028168257526446
-2   2.0047549387409642
-2   2.0012470635196618
-2   2.0051516285359314
-2   2.0382183751614349
-2   2.003236079321487
-2   2.9637985031788348
-2   2.0250167059633641
-2   2.0049856075627517
-2   2.9764984324480586
-2   2.0036575828192711
-2   2.0071288420868947
-2   2.0409731592344951
-2   2.0184383187163704
-2   2.040490156902492
-2   2.0115975411087001
-2   2.7452272774075244
-2   2.0943771702366152
-2   2.2834117294989138
-2   2.0699478031665808
-2   2.0669648128975204
-2   2.1996862239909856
-2   2.6915497727958573
-2   2.1845697318634292
-2   2.1314397715168583
-2   2.2674146529018162
-2   2.7476111620700805
-2   2.2624687595155213
-2   2.9608484991146873
-2   2.9430933743267627
-2   2.832510704962123
-2   3.8379588845383878

-1   1.0690812424182043
-1   1.1340090189564658
-1   1.1431385756797716
-1   1.5151230573755448
-1   1.0794763197668349
-1   1.6135661601901958
-1   1.3424453608186733
-1   1.3304599758456002
-1   1.1561324512530542
-1   1.7414680831701324
-1   1.9039156147616891
-1   1.2709743725928473
-1   1.8423486335702406
-1   1.7708280156968437
-1   1.0572299137668082
-1   2.7958637291110651
-1   1.8717853539066134
-1   1.4375508366850867
-1   1.1399957563908756
-1   2.0807582466641215
-1   1.7772798655887549
-1   2.6879039081682605
-1   1.4436948927395585
-1   1.1875047518275288
-1   1.8346328875021398
-1   1.0365296446309349
-1   1.5468732253111921
-1   2.3339518849228376
-1   1.613491721043014
-1   2.1864265699014576
-1   1.091204944025149
-1   1.377107519217158
-1   1.6274314029843979
-1   1.5454680762795561
-1   1.0525802967193858
-1   1.5639335406647827
-1   1.5642924820783888
-1   1.7252927244967058
-1   1.3521176961812527
-1   1.6025888518249487
-1   1.7884491031120566
-1   1.1863762648829965
-1   1.6448484438673954
-1   1.4469647867825113
-1   1.4105435747382411
-1   2.6751091014404587
-1   1.153353253640157
-1   1.355326512058519
-1   1.61954907468151
-1   1.5358130881642689
-1   1.1577050965180411
-1   1.8040989412232569
-1   1.7531885420136555
-1   1.9193923800243549
-1   1.5276242381439875
-1   2.0251812179580142
-1   1.9370761019012019
-1   1.9287924409239032
-1   2.0544902394275186
-1   2.1861974346357407
-1   1.8467094330021694
-1   2.6745934525965023
-1   1.7019384355439251
-1   1.8395416345330324
-1   2.9333425865607325
-1   1.9592806715660958
-1   1.918735346918687
-1   1.8814475785276272
-1   1.3400349059428798
-1   1.8610607660061516
-1   1.8692613670932738
-1   2.026615049945256
-1   2.4812104864256104
-1   2.5597942042682762
-1   2.2489572633740651
-1   1.8729732439820999
-1   1.4989401452423248
-1   1.5198599001137048
-1   1.9905812368549634
-1   1.4820134338336053
-1   1.7773254263592912
-1   2.7255998506262085
-1   2.0208080060723814
-1   2.0904763541634983
-1   2.1463207356241076
-1   1.7827562816536271
-1   1.4140659439258605
-1   2.8339183785918998
-1   1.8763463343146611
-1   2.1644085514676492
-1   1.6571926814705886
-1   1.4118591862592684
-1   1.5362111749328164
-1   1.8524227383982566
-1   1.3307339523356221
-1   2.0383072337916337
-1   1.9174373970474381
-1   1.7009499345914665
-1   1.1277756305401507
-1   1.2681592513466551
-1   2.0508952447878328
-1   1.8371560637298048
-1   2.7660899514663382
-1   1.6444805619128569
-1   1.9851418046162883
-1   1.2577727818172579
-1   1.3476847337230733
-1   1.2370074210054567
-1   1.9414233415060465
-1   1.6325934705813245
-1   1.3746128309884345
-1   1.7135228990392286
-1   1.8817306066816375
-1   1.1926340717315997
-1   1.2367704298404354
-1   1.1209489973398896
-1   1.8679544767849756
-1   2.0309515271086176
-1   1.9853155273082224
-1   2.2456553129195234
-1   1.6811674693032481
-1   2.3029157337141162
-1   1.6274687851783605
-1   2.3364453911812126
-1   1.3074108174787538
-1   1.8930662041345379
-1   2.3166844699964226
-1   1.3658439485466509
-1   1.7251075671784823
-1   1.8507129221930629
-1   1.7849282248347533
-1   1.8396051235120883
-1   1.6507638396480724
-1   1.4969333486928906
-1   1.3942944688418328
-1   1.6896589463713618
-1   1.5450507566219263
-1   1.5551072994034922
-1   1.7643859009240042
-1   2.0479983116939873
-1   1.6869224355390147
-1   1.5058606957468457
-1   1.7951837561718835
-1   1.9355928571734391
-1   2.3160971523496472
-1   2.2481008070521407
-1   1.8800736608081197
-1   2.9195911416248839
-1   1.4281601058839437
-1   1.5290716342675723
-1   2.4567583882947863
-1   2.3925530165424842
-1   1.7900742926643893
-1   1.8189737832011303
-1   1.7246990988036619
-1   1.9060373735069187
-1   1.6003630828901092
-1   1.4329567731501922
-1   1.7366327753049871
-1   1.6669491516138031
-1   2.2071894921172612
-1   1.7598252723397647
-1   1.4188012921917961
-1   1.4669448298015979
-1   2.3201598418534011
-1   1.7462043199989883
-1   2.0164155434624988
-1   1.6533847691592718
-1   1.7999271258792371
-1   1.324421254669452
-1   1.4587869614649607
-1   1.3845046616382066
-1   1.6637323285211298
-1   1.4714040467338705
-1   2.2340445857088627
-1   1.5063412656751827
-1   2.3001214519987436
-1   2.158191400928156
-1   1.7210463020086637
-1   1.7369184616633238
-1   1.7363710445820248
-1   2.2143190716047205
-1   1.8323673463479633
-1   1.9061900826453795
-1   1.2374911905157926
-1   2.2173284830764612
-1   2.2254840503465942
-1   1.0928484064059434
-1   1.0683208236467081
-1   3.0682254315580666
-1   1.7999433286468181
-1   1.5246198119748628
-1   2.6757223874327467
-1   1.2346478099882257
-1   2.4933676711499602
-1   2.3996593136772928
-1   1.6987386380154237
-1   2.6713009137064176
-1   1.8547182789643006
-1   1.2775649438578527
-1   1.5064781675294263
-1   1.5362860945376839
-1   1.0966918865290529
-1   1.8305451631282761
-1   1.1564237142676417
-1   1.4830626098919086
-1   1.4798448441444594
-1   1.2347631053125983
-1   1.8007275951915078
-1   1.2157329021655878
-1   1.9827246717207316
-1   1.6947059406376948
-1   1.967970900007737
-1   1.845262875211354
-1   1.5175142909017922
-1   1.5228966913374022
-1   1.5214568611193235
-1   1.4403945976342953
-1   2.1169985471012782
-1   1.6589438613612417
-1   2.1637610509035379
-1   2.010414571691657
-1   1.982475300597319
-1   1.7635924644457428
-1   1.3073175613605754
-1   1.5575598668182415
-1   1.1669904185055497
-1   1.7795102665549973
-1   1.9511602473348653
-1   2.1040129752540895
-1   1.8433216927408012
-1   1.3846516726868776
-1   1.3546518893081634
-1   1.7199612790261591
-1   1.6663340781099891
-1   1.4045670438828475
-1   1.7340807293046443
-1   1.4121480106277717
-1   1.7610579384922129
-1   1.4346672673384249
-1   1.7916401174084413
-1   2.2951691183756147
-1   1.9376970013508727
-1   1.8740788367944377
-1   1.8677942642320624
-1   1.8237671940949451
-1   2.4173155773257675
-1   2.2119686883560101
-1   1.9290527031200084
-1   1.6267878859943252
-1   1.9143405162200451
-1   2.2677748742081509
-1   2.7911409090428965
-1   2.0730683892145967
-1   2.6380047350564775
-1   1.4707793227392862
-1   3.0293048206424809
-1   2.1904872657022585
-1   1.9216490645876751
-1   2.2387074125172135
-1   2.0519546070823496
-1   1.5704476804291798
-1   2.4283402514630934
-1   2.1441626348480041
-1   1.431880932455184
-1   1.527530426579935
-1   1.8852935458921025
-1   2.2542783139589715
-1   2.2712917733210438
-1   2.4062648363826886
-1   2.1797269630766531
-1   1.7272152308494224
-1   3.6717476740338064
-1   1.2046782939428451
-1   1.19623153605803
-1   1.8730204256817711
-1   1.2933164663341152
-1   1.1192137131306921
-1   1.7835370980367147
-1   1.1179462957656798
-1   1.3700653606494735
-1   1.678007152943199
-1   1.9017123781476126
-1   1.3339893398208826
-1   1.4288333594548321
-1   1.9584839816726567
-1   1.5272141327699313
-1   2.4326894482281927
-1   1.7012445947229535
-1   1.8311044769368627
-1   1.8668536496665067
-1   1.7049188246599165
-1   2.881436105306153
-1   1.3602991794673214
-1   1.9729123644796216
-1   1.0219187183160585
-1   1.0406213355125957
-1   1.6523553615891924
-1   1.0116963404446029
-1   1.4646576158324107
-1   1.0835487027621968
-1   1.7339991722332666
-1   1.7429705565158042
-1   2.2103970976903966
-1   2.3214426201357612
-1   1.8844521165573456
-1   2.2240589176132115
-1   1.9201775915666897
-1   1.9425741039869506
-1   1.7121353944024307
-1   1.2335363458891155
-1   1.400538560837016
-1   2.3063543195866738
-1   1.7494917292402707
-1   1.8227721381309894
-1   1.3558713612090014
-1   1.5130115738173759
-1   1.9387741580185938
-1   1.8871719443509587
-1   1.8753003334591489
-1   1.8981415610273662
-1   1.8538212794570579
-1   1.177809037869874
-1   2.3748652079402577
-1   1.251575129706856
-1   1.7917688056116647
-1   2.0635424304209766
-1   1.784871832175233
-1   1.227413862012775
-1   1.2990314868407069
-1   1.5766392362718027
-1   1.4926116086310408
-1   3.225368840407381
-1   1.5638125184947955
-1   1.2708500969622061
-1   2.1154318713672042
-1   1.6307719648328378
-1   1.4666740451400389
-1   2.2458658538517766
-1   1.7763027051897278
-1   1.2757301331221178
-1   2.6117092282371654
-1   2.0160799927712971
-1   1.3489299191064215
-1   1.5114973393483506
-1   1.9478764628106893
-1   2.1850167834478271
-1   1.9756299690971368
-1   1.987905365400195
-1   1.448681638460477
-1   1.5970251146844912
-1   1.0713887994537683
-1   1.114044028382468
-1   1.6801430757218609
-1   1.7977239015714752
-1   2.8230184454849239
-1   1.6914025097809495
-1   1.0309975600967016
-1   1.3754813672691697
-1   1.6617896159539147
-1   1.6826638828923004
-1   1.840293493088049
-1   1.560374242655429
-1   1.0162718747660715
-1   1.6329923827560857
-1   1.9556432984099574
-1   1.9301631481391466
-1   1.010818116886121
-1   1.0079018357518477
-1   1.0654334196869468
-1   1.5202879703298082
-1   1.0547008228354229
-1   1.5848093226994941
-1   2.0855576796288466
-1   2.1197639353671165
-1   1.553436785940852
-1   1.5581953407567366
-1   1.1978029223697162
-1   1.3437421254870807
-1   2.5682450220407169
-1   2.4969084976356748
-1   1.0886316457134986
-1   1.1927179094955549
-1   1.7055543194836451
-1   1.9130519212381096
-1   1.7772119736453327
-1   1.3558162145540165
-1   1.1995254063029543
-1   1.2540700837223877
-1   1.8408403415489629
-1   1.8690390346872392
-1   1.8091874076500085
-1   1.1101860703863287
-1   1.0463252379900669
-1   1.1105784834189769
-1   1.1215266938865338
-1   1.1216557421279636
-1   1.5699189500720081
-1   1.8959991200929283
-1   2.009530245885657
-1   2.0907187232606534
-1   1.282538227586931
-1   2.4463458447189255
-1   1.9322974671771931
-1   1.456620666886197
-1   2.0250818534994939
-1   1.1620212642617143
-1   1.6231407267828852
-1   1.438709920996069
-1   1.0155533172052895
-1   1.0311611350221501
-1   1.0287846036343355
-1   1.956740789254356
-1   1.1012090437238851
-1   1.8130834526371484
-1   1.1407405655165166
-1   2.0034182688807705
-1   1.0354294123854708
-1   1.3038805805721259
-1   1.4410152109990317
-1   2.2513519690038901
-1   2.2149564721291788
-1   2.4001892411487895
-1   2.3000843914676485
-1   2.0511565904344309
-1   2.3991548253953443
-1   1.7036979968624975
-1   1.6533926156521259
-1   1.4495101043563292
-1   1.609366031113062
-1   1.1836625297736052
-1   1.9622397830677034
-1   1.3174206957625478
-1   2.8906652079136657
-1   1.9153187740396604
-1   2.4487500355302521
-1   1.228669458848241
-1   2.8188613265810525
-1   1.8014913573854834
-1   2.0177587099206673
-1   1.727962178762362
-1   1.4652225969458843
-1   1.1439193717693934
-1   1.9589577200573873
-1   1.0323192304195383
-1   1.0476635713323341
-1   1.2379562239039101
-1   1.2097395459236713
-1   1.7742322671515427
-1   1.149767198831801
-1   1.7190736968035267
-1   1.1684356953177979
-1   1.2280112311151723
-1   1.9454952837174155
-1   1.4632051964511712
-1   1.7228015951572062
-1   1.8318689539209334
-1   1.9534108824038139
-1   1.3706640688462286
-1   2.4747547301055701
-1   1.9256738916760163
-1   1.8642683669271789
-1   2.8810486870167691
-1   1.0244324338709552
-1   1.0498690679979188
-1   1.0235513315151643
-1   1.8221101664794239
-1   1.0694467642768282
-1   1.2559094120651966
-1   1.2118576241867947
-1   1.1780835109993864
-1   1.7252276047213737
-1   1.1675706992967698
-1   1.3018421614271827
-1   1.1993631051023348
-1   1.7618752579972914
-1   1.3526518626758977
-1   1.691061519021837
-1   1.8826063853203459
-1   1.8898318088893582
-1   1.1231086102906453
-1   1.3749564721900658
-1   2.4235742928439494
-1   2.1058911241154328
-1   1.6053089822030548
-1   1.6255081506907536
-1   1.602780595883627
-1   1.6188548076460023
-1   1.6520578679222861
-1   1.9922836902114156
-1   2.0437746827013892
-1   1.3762654611535827
-1   2.3229962044486734
-1   2.0416143033283198
-1   1.9955421379574028
-1   1.599390236977329
-1   2.3234487790247682
-1   2.5883193854361646
-1   2.0291554893229837
-1   2.0606914376202043
-1   2.8347216991940374
-1   2.9266567888723332
-1   2.8007222936179934
-1   3.8189225243531224

0   0.085444511516182042
0   1.0112688229560993
0   0.90548878548141198
0   1.0724674792556168
0   1.0048946246214143
0   0.79926036605402251
0   0.26084363759487095
0   1.0283547606690022
0   1.047140149786792
0   1.7217009305695252
0   1.0059195607598104
0   1.9935721145417356
0   0.69703690301369869
0   1.0312663634617381
0   1.0071417008184629
0   1.3474745699417054
0   1.5775717550925008
0   1.933803347495163
0   1.7662746927504425
0   2.7379646430955029
0   1.0031242713614594
0   1.4577014781108033
0   1.0067723267946935
0   1.3344056598669718
0   1.1540410999809301
0   1.7899942271937013
0   1.8107596188338824
0   2.7050981987212945
0   0.87150056583408464
0   1.1321444499751963
0   1.2838912467901167
0   1.7064784685861087
0   0.42797955033195179
0   1.1717082445562357
0   1.0061440034177078
0   0.82293382295172268
0   2.6060779680460606
0   0.11222887648725743
0   1.8303275389773406
0   1.4610518928716165
0   1.5908540987685451
0   1.0043946468224161
0   1.9192265024965631
0   1.158132996343278
0   0.8197134198649787
0   1.0043374362798958
0   1.9857786366482557
0   1.2338778968883475
0   0.42860575646618237
0   1.6739301685357058
0   1.3901364613080387
0   1.0168908961545713
0   1.665859875789669
0   1.9004912483523975
0   1.0785094472541812
0   1.4892582508884891
0   1.3580070910915456
0   1.044393419091332
0   0.51497688893663884
0   1.0965074221559041
0   2.271946919697831
0   1.7790380931498886
0   0.60151135131728273
0   1.066045231573812
0   1.431519597837265
0   1.0269053202656619
0   1.2301354974527599
0   2.0547862900913194
0   1.7978130824888816
0   1.3027143672644923
0   1.4722109096513849
0   1.2715125375210679
0   1.1074238711158444
0   1.9055783208484809
0   1.5512368054575565
0   2.4666690949433967
0   1.2695472821740306
0   1.002399152705586
0   1.7506715372532824
0   2.6711955294211487
0   1.8107274142142291
0   1.6000582393911462
0   1.4957213332167911
0   3.1310507884333134
0   1.7701460991097004
0   1.920854869087492
0   1.5396465787290801
0   2.1296244590801652
0   1.7685003311361203
0   1.4794426713870066
0   1.9431912689378104
0   1.7846477374593053
0   2.3278096703475764
0   1.6531599641712296
0   1.6179179721395354
0   1.9287264679393186
0   1.9709741507060339
0   0.89479334086542051
0   1.848983052419424
0   1.9018354077893798
0   1.270246099879085
0   1.3464250705379897
0   2.1259532671434767
0   1.6887615807712786
0   1.3650736514548079
0   1.6748812033323439
0   1.8406781425720848
0   1.6525491955105149
0   2.0883653192780707
0   1.3649195913756194
0   2.4800097331246986
0   1.671359721875981
0   1.6616852172522076
0   1.3231827111081396
0   1.9924937481977185
0   1.2773749111457935
0   1.6562482686001792
0   1.5271062353338194
0   1.1182703897322444
0   1.570216104382602
0   1.2359793609642082
0   2.6720861929570181
0   1.419744443086856
0   1.6798582563878344
0   0.83246246410771252
0   1.384975141226092
0   2.4844469009141128
0   1.6054563249569975
0   1.1841875485153364
0   1.4392758686555387
0   1.0583925562528511
0   1.3147503957278071
0   1.0255153568212014
0   1.6145600449820363
0   0.61974439180063379
0   1.0480140344630298
0   1.0725363494710782
0   1.3962665183321705
0   1.0082526690312323
0   1.9589078765813799
0   1.4510673251884321
0   1.9260141102369546
0   1.0371653755144414
0   1.1893637815174962
0   1.6944531711180768
0   0.32487815965262523
0   1.0160434499469462
0   1.8140597295943284
0   1.814651213614221
0   1.1105220199081629
0   2.5538632738738247
0   1.8966661478480922
0   2.0734054395522117
0   1.4937368122950472
0   1.4949289645136881
0   1.8298950633991158
0   1.7426400573049863
0   0.99046957286957671
0   1.3987392917003041
0   1.2789714252813222
0   2.316269761466319
0   0.53425656690256673
0   1.1389773247115815
0   1.2109705742980297
0   1.8919612286987535
0   2.0177567945238737
0   1.9374577067226513
0   1.281696267864546
0   1.1634431860224961
0   1.1868558402477047
0   1.7394683027904172
0   1.7215972303971969
0   1.7322664541454138
0   1.550248443476983
0   1.953428170523865
0   1.6498856140060796
0   1.2138134551771806
0   1.8263552278742607
0   1.3720478198312513
0   2.036660103471772
0   1.5193745310783648
0   1.1359883122081418
0   2.1710834498635774
0   2.2695451925720809
0   1.7257115972573196
0   1.1533711947965033
0   1.7563442082185405
0   2.6072002523970408
0   2.39921091464389
0   0.97459646166426173
0   1.4426647249634754
0   1.493136570167017
0   1.1530535974622493
0   1.8295697770948136
0   1.7796086147109067
0   1.2134560242442938
0   1.7256155445421038
0   1.8720305644459256
0   1.8961230536221922
0   1.4583347502793975
0   1.6006421777590938
0   1.1180050017622385
0   1.4134983158014283
0   1.4435336137539256
0   1.5655329595883778
0   1.5326549482877394
0   0.69767590283001213
0   2.3453011927069669
0   2.0478105646298266
0   1.137702639898297
0   1.3163863335100587
0   1.3762122049743979
0   1.4848250695017853
0   1.6315883035111103
0   1.5559459782242739
0   1.5641365230995921
0   1.0681889867713994
0   1.9583750722758952
0   1.9277667639860256
0   0.93359568474874566
0   1.9060718182967902
0   1.3011092186811586
0   1.3317445107201646
0   1.3398891241759676
0   1.9711419848437459
0   1.6395507790130304
0   1.8722834053305268
0   2.1211770769429816
0   1.6921781806946994
0   1.0303500025278511
0   1.0555963796868455
0   1.0410729203108757
0   1.8098167375585934
0   1.9825419470614083
0   2.0038016505174885
0   1.9509604604726936
0   0.75270550514017165
0   0.39653442503036251
0   2.352032207017511
0   2.4297747625574484
0   1.5548627629375211
0   1.5570972341047522
0   2.1939656619363754
0   2.3156834799241195
0   1.0636939419538292
0   1.0805904701261362
0   0.88505452809616481
0   2.4161433854465737
0   2.3591442047452609
0   1.9294720778132057
0   1.0197052379157772
0   0.12683325375178367
0   1.0206408711151502
0   0.54553717594753648
0   1.5511549495718335
0   1.9061164731119331
0   1.0299938157921251
0   1.0126274370235249
0   1.9447341170164143
0   1.1259578926474259
0   1.3848655046477663
0   1.2894522964761959
0   1.3355803666836914
0   1.6696242187307018
0   1.5602049332157102
0   1.3131326446389624
0   1.0492579534245983
0   1.2580396702046983
0   1.131425654290676
0   0.44567219709592687
0   1.6898612080540274
0   1.0152122401734969
0   1.0320041468454033
0   0.83544778854344082
0   1.6040629530778689
0   2.1162373314223157
0   2.6913348065497118
0   1.1582449024412991
0   2.0139591565990269
0   1.9268584003283213
0   1.6067023463104508
0   0.67349372212555103
0   1.0221433480461382
0   1.5675240020192764
0   1.1672928941113647
0   1.9673930218255644
0   2.4189327241912268
0   1.6475271187756473
0   1.8568704537984138
0   1.0460156009339794
0   1.0279140182396338
0   1.7139925941100342
0   1.721642845590821
0   1.0760796629043883
0   1.8500097873023744
0   1.170388882891126
0   1.4173559166889467
0   1.206084477756687
0   1.6300161541246023
0   1.5274326949579464
0   1.7423374688487994
0   1.684130263480291
0   1.8490757500494959
0   1.2051424435971076
0   1.4087581253761499
0   1.9393200667687505
0   1.5016841498044458
0   1.9480086840706239
0   1.7396789809835198
0   1.329996124385961
0   2.8363544545374921
0   2.2897034548874902
0   1.9330490969222804
0   1.9939132226649479
0   2.790839661623286
0   1.1908767805431792
0   1.8941866844514488
0   3.2756412659497798
0   1.810459443905736
0   1.8548810883561524
0   2.6696621876464408
0   1.4697762089753224
0   1.5466583368246001
0   1.7389628946139375
0   0.76856577951019545
0   1.1543802383257706
0   2.2676253848946217
0   2.0602018343288919
0   2.0092996542928208
0   2.2021615952983526
0   1.2933469102342083
0   2.3240345630724284
0   1.9435571821451401
0   2.4039251004030513
0   1.9961080729361438
0   1.1123012448594931
0   0.57610185340087039
0   1.0218810397777112
0   3.743651055053669
0   1.0398455441111831
0   1.9072692267072222
0   0.49477995298178934
0   1.0696150328992169
0   1.0026274745861781
0   1.6068470428924768
0   1.0181680490327885
0   0.78165305461429013
0   1.5903823159345554
0   1.0660923435740011
0   1.3642907523172314
0   1.1158708658939125
0   1.688167178126041
0   0.65953495926593808
0   1.0807079293977755
0   1.8277518472067968
0   1.8115817392095384
0   1.3245812009033791
0   2.4554404510947396
0   1.8404154444038641
0   0.87500364045922296
0   1.0182062250185193
0   2.9312215429893791
0   1.4864286866121845
0   1.6476775569816833
0   1.0065555648785116
0   1.4961111149068715
0   1.0204308400361066
0   1.1233125635371604
0   1.0270837094255842
0   0.8996332954210815
0   1.0075086523301069
0   1.637801926198879
0   1.0075615028258709
0   1.3574333614008929
0   1.3565109953542123
0   1.5625777837602546
0   1.6850521126020404
0   1.2245094188736321
0   1.7113022859842726
0   1.668367158983461
0   2.1624020635012573
0   2.5750722426309034
0   1.1218961157041261
0   1.123579105116759
0   1.6074251802184052
0   1.0332361406304802
0   1.0471469161106552
0   1.3273031449389496
0   1.3227380863870377
0   1.3193033957900888
0   2.8454750174465038
0   1.8340433157502769
0   1.7790732224538579
0   1.009185434016096
0   1.0319235839621521
0   1.9827975371380457
0   1.9891253600124403
0   1.4146392800530281
0   1.692798669030827
0   1.004348378607254
0   2.8041980846974237
0   0.82120126968745466
0   0.38510510947292875
0   1.0522817336736832
0   1.7518084876425077
0   1.7263750778987315
0   1.0075514646479227
0   1.9827817522725968
0   1.1414215566487753
0   2.0663875124071893
0   1.1774412634099842
0   2.1844019484057733
0   1.5720488043516312
0   1.5264165438645758
0   2.7152480731633633
0   1.1564663021508184
0   0.90290653761177686
0   1.0095810674277741
0   1.8938163619609472
0   1.3197164587266588
0   1.9684317400305575
0   0.95484856254005446
0   1.1038211641810833
0   1.5973082490558546
0   1.063891052235497
0   1.474270136007809
0   1.2339200807255828
0   1.8051572966896412
0   1.9413867405543481
0   2.5099413661825483
0   2.2507292857610821
0   1.8636674680248722
0   1.3026600222437692
0   1.2597962623646528
0   0.65943743174811442
0   1.6923468126573806
0   0.72200580031235861
0   1.9036369976302931
0   1.4447964134206845
0   1.0044313707706092
0   1.0065960078927478
0   2.5915632187278734
0   1.715638741264716
0   1.0181913889750986
0   1.0047096781329887
0   0.84215454951420088
0   0.45907578527259685
0   1.00880991779288
0   1.9880118969784073
0   1.9637381031943297
0   1.991476754209617
0   1.001707254774683
0   1.0058631974065038
0   1.9492310468374581
0   1.921622580633418
0   1.0075117197409567
0   1.0010361647428683
0   0.086371336181256808
0   1.0690541296765337
0   0.045111140908099534
0   0.094868548746299242
0   0.71251506395815767
0   1.0634354981950307
0   1.0076991509467705
0   1.7415917311252511
0   0.49158231579478184
0   1.9068950744973896
0   2.7937576362814949
0   2.9139413296762644
0   1.8051024135292546
0   1.0387847043860849
0   1.0008862061362656
0   1.4544531945188754
0   1.0820677618522423
0   1.981412151521365
0   1.8031546623155581
0   1.0028768118642692
0   1.0212058989938788
0   1.2945658417600425
0   1.1528048166137079
0   1.0655547856224126
0   1.9111361809006087
0   0.59622067075450413
0   1.0046009502009328
0   1.005958956892504
0   1.9742666859608464
0   1.8908700128820635
0   1.1068534994924071
0   0.4194030282940967
0   1.0466298573948714
0   0.37786720976580146
0   1.0090120109922689
0   1.01010380731408
0   0.16438516182616603
0   1.0193875175787102
0   1.0600323141940486
0   0.50169803213914976
0   1.5929421617731987
0   2.4596891926215041
0   0.91507088049584162
0   1.4625230575844557
0   1.3335169437920802
0   1.4635814232383959
0   2.2974226995631253
0   1.6874098768342862
0   0.62558882985807496
0   1.9752155111122174
0   1.8809603490153846
0   1.2080490864375129
0   1.0718993114430055
0   1.1621538070192967
0   0.088958225606794561
0   0.10082205682093504
0   1.0078910993126977
0   1.0056772078090268
0   0.65107731219606446
0   1.0109148312152552
0   1.7644627593216962
0   0.96993902244593877
0   1.0391696459176767
0   1.9519322987351293
0   1.0212116730693601
0   1.2647707759858315
0   1.08451581018785
0   0.70732060124579954
0   1.629217067897184
0   1.0281845845533326
0   2.5530379252425162
0   1.8956747291034746
0   2.5625300775050586
0   1.7316198278491055
0   0.89296695639548673
0   1.0236178727979948
0   1.8526551305494592
0   1.9576487679351562
0   2.2877986661202785
0   1.5326388355023814
0   2.3986588818141583
0   1.4623227243523833
0   0.47191094539071532
0   1.4399110517704998
0   1.3755824523405689
0   1.5466739232005677
0   1.1545259648775068
0   1.3967024709317097
0   1.7366386915861258
0   1.8208071827098835
0   1.5546049002706366
0   2.941098904732717
0   1.4057434003716227
0   1.9914179772677905
0   1.3973521725958566
0   1.993661764876121
0   1.3708270979629653
0   1.1241006386666745
0   1.8991469116124011
0   0.093586850585581915
0   1.0077639224838608
0   0.58088204982123992
0   1.0079087739816628
0   0.40607172863709173
0   1.0121395706746299
0   1.1968471082401515
0   1.387560847297016
0   1.0442414721954687
0   1.8535113123628881
0   1.8769154837988142
0   1.0111201221931048
0   1.0871216861425388
0   1.0386760417979377
0   1.3185851008642964
0   1.9209887432984818
0   1.4981277775730752
0   1.0068921635559807
0   1.1731544864366821
0   1.4023414633153979
0   2.846843271519151
0   1.9594263783134154
0   1.7659008411975718
0   0.087105518987731334
0   2.879712621638141
0   0.15602481527029166
0   1.0022690617834433
0   1.0132447541039671
0   1.0031643040823737
0   0.21096013897105537
0   1.9767215541228831
0   1.0292307157952139
0   0.16870706518746514
0   1.0370797931096252
0   1.0340499764854587
0   0.53732033283576897
0   1.0263552851735001
0   1.9745744604460351
0   1.0658160367498086
0   1.2089132421205182
0   1.3288493929355452
0   1.0218012879299085
0   1.3555040822480748
0   1.0734514050436541
0   1.8651409411332001
0   1.5815785370744444
0   1.9039220129071639
0   0.68826419735076771
0   1.1434310109321344
0   2.6123797599884671
0   1.0502304539470284
0   1.1860740263880689
0   1.0507738983161152
0   1.9886240312380639
0   1.5257255458789105
0   1.7806271175526445
0   1.9828954052634931
0   1.1217599456898124
0   1.2826746922439782
0   1.8105280115039402
0   1.7625455307817277
0   2.5884592251144984
0   1.1155423986062134
0   1.9265234525821628
0   1.8094183535517505
0   1.3785315848034623
0   2.9033909113222833
0   2.0502356421797745
0   1.9796936052391261
0   2.7811961456727041
0   2.0337634082199725
0   2.9332132325561204
0   2.8162552003307431
0   3.8085884260313847

1   1.069081242418257
1   1.1340090189564742
1   1.1431385756797445
1   1.5151230573756527
1   1.0794763197668786
1   1.6135661601901372
1   1.3424453608186158
1   1.3304599758455669
1   1.1561324512530275
1   1.741468083170036
1   1.903915614761686
1   1.2709743725929536
1   1.8423486335702091
1   1.7708280156968241
1   1.0572299137668291
1   2.795863729111089
1   1.871785353906577
1   1.4375508366851133
1   1.1399957563908005
1   2.0807582466642214
1   1.7772798655887914
1   2.6879039081682659
1   1.4436948927395055
1   1.1875047518275197
1   1.8346328875020981
1   1.0365296446309216
1   1.5468732253111113
1   2.3339518849228922
1   1.613491721043129
1   2.186426569901208
1   1.0912049440251685
1   1.3771075192170872
1   1.6274314029844086
1   1.5454680762798692
1   1.0525802967193749
1   1.5639335406649
1   1.5642924820783461
1   1.7252927244965868
1   1.3521176961812844
1   1.6025888518249318
1   1.7884491031120358
1   1.1863762648832517
1   1.6448484438672897
1   1.4469647867824216
1   1.4105435747381641
1   2.6751091014406612
1   1.1533532536401412
1   1.3553265120585187
1   1.6195490746812689
1   1.5358130881643572
1   1.1577050965180489
1   1.804098941223208
1   1.7531885420136639
1   1.9193923800243518
1   1.5276242381437917
1   2.0251812179583273
1   1.9370761019013742
1   1.9287924409236297
1   2.0544902394274578
1   2.18619743463571
1   1.84670943300218
1   2.6745934525965369
1   1.7019384355434717
1   1.8395416345330973
1   2.9333425865609013
1   1.9592806715661122
1   1.9187353469185617
1   1.8814475785276072
1   1.3400349059421097
1   1.8610607660068474
1   1.8692613670917653
1   2.026615049946785
1   2.4812104864255908
1   2.5597942042682602
1   2.2489572633740798
1   1.8729732439821003
1   1.4989401452423627
1   1.5198599001136732
1   1.9905812368550944
1   1.4820134338335091
1   1.7773254263594311
1   2.725599850626292
1   2.0208080060722677
1   2.0904763541633251
1   2.1463207356240419
1   1.7827562816541556
1   1.4140659439259213
1   2.833918378591457
1   1.8763463343147757
1   2.1644085514675084
1   1.657192681470899
1   1.4118591862593617
1   1.5362111749326561
1   1.852422738398197
1   1.3307339523355886
1   2.0383072337916674
1   1.9174373970473897
1   1.7009499345914696
1   1.1277756305402371
1   1.2681592513465951
1   2.050895244787895
1   1.8371560637297248
1   2.7660899514663564
1   1.6444805619128582
1   1.98514180461618
1   1.2577727818173212
1   1.3476847337230233
1   1.2370074210055546
1   1.9414233415060438
1   1.6325934705819809
1   1.3746128309876902
1   1.7135228990392797
1   1.8817306066815922
1   1.1926340717315504
1   1.2367704298404816
1   1.1209489973399001
1   1.8679544767849863
1   2.0309515271085528
1   1.9853155273082645
1   2.2456553129195211
1   1.6811674693033734
1   2.3029157337141726
1   1.6274687851782939
1   2.3364453911811145
1   1.3074108174787431
1   1.8930662041342399
1   2.3166844699966922
1   1.3658439485469769
1   1.7251075671782381
1   1.8507129221930865
1   1.7849282248347218
1   1.8396051235121016
1   1.6507638396480617
1   1.4969333486928671
1   1.394294468841887
1   1.6896589463713441
1   1.5450507566219125
1   1.5551072994034905
1   1.7643859009240148
1   2.0479983116940308
1   1.6869224355389463
1   1.5058606957467999
1   1.7951837561718396
1   1.9355928571734133
1   2.3160971523496565
1   2.2481008070520376
1   1.8800736608082551
1   2.9195911416248843
1   1.4281601058839477
1   1.5290716342675763
1   2.4567583882948538
1   2.3925530165425197
1   1.7900742926643911
1   1.8189737832010748
1   1.724699098803621
1   1.9060373735069374
1   1.6003630828901088
1   1.4329567731501121
1   1.7366327753051762
1   1.6669491516138253
1   2.2071894921174167
1   1.7598252723394578
1   1.4188012921918138
1   1.466944829801605
1   2.3201598418533864
1   1.7462043199989856
1   2.0164155434624575
1   1.6533847691592705
1   1.7999271258792797
1   1.32442125466945
1   1.4587869614649809
1   1.3845046616382037
1   1.6637323285211156
1   1.4714040467338778
1   2.2340445857089732
1   1.50634126567518
1   2.3001214519986326
1   2.1581914009281435
1   1.7210463020086664
1   1.736918461663322
1   1.7363710445820031
1   2.2143190716047072
1   1.8323673463480192
1   1.9061900826453999
1   1.237491190515714
1   2.2173284830764763
1   2.225484050346616
1   1.0928484064059265
1   1.0683208236467114
1   3.0682254315580511
1   1.7999433286468216
1   1.524619811974897
1   2.6757223874327618
1   1.2346478099882143
1   2.4933676711500752
1   2.3996593136771676
1   1.6987386380178946
1   2.6713009137046906
1   1.8547182789642793
1   1.2775649438578864
1   1.5064781675294627
1   1.536286094537648
1   1.0966918865290571
1   1.8305451631282974
1   1.1564237142676461
1   1.4830626098919144
1   1.4798448441444632
1   1.2347631053125496
1   1.8007275951914399
1   1.2157329021656349
1   1.9827246717207303
1   1.6947059406375939
1   1.9679709000077334
1   1.8452628752113611
1   1.5175142909017252
1   1.5228966913376207
1   1.5214568611193311
1   1.4403945976343113
1   2.1169985471014003
1   1.6589438613610992
1   2.1637610509035055
1   2.0104145716916637
1   1.9824753005973399
1   1.7635924644456633
1   1.3073175613605776
1   1.55755986681829
1   1.1669904185055877
1   1.7795102665549951
1   1.9511602473348
1   2.1040129752541632
1   1.8433216927408127
1   1.3846516726868576
1   1.3546518893080834
1   1.7199612790261565
1   1.6663340781100562
1   1.4045670438828497
1   1.7340807293046465
1   1.4121480106276985
1   1.7610579384922844
1   1.4346672673384295
1   1.7916401174084311
1   2.2951691183756129
1   1.9376970013508568
1   1.8740788367944439
1   1.8677942642320926
1   1.8237671940949332
1   2.4173155773257786
1   2.2119686883560008
1   1.9290527031200164
1   1.6267878859943505
1   1.9143405162200562
1   2.2677748742081909
1   2.7911409090428441
1   2.0730683892145727
1   2.638004735056489
1   1.4707793227392629
1   3.0293048206424968
1   2.1904872657022736
1   1.921649064587645
1   2.238707412517277
1   2.0519546070822656
1   1.5704476804291936
1   2.4283402514632182
1   2.1441626348478473
1   1.4318809324552269
1   1.5275304265799452
1   1.8852935458920603
1   2.254278313958952
1   2.2712917733210669
1   2.4062648363828032
1   2.1797269630765297
1   1.727215230849418
1   3.6717476740338295
1   1.2046782939428367
1   1.1962315360580031
1   1.873020425681772
1   1.2933164663341012
1   1.1192137131306823
1   1.7835370980367218
1   1.1179462957656956
1   1.3700653606494846
1   1.6780071529432083
1   1.9017123781475944
1   1.3339893398208791
1   1.4288333594548381
1   1.9584839816726469
1   1.5272141327699309
1   2.4326894482282153
1   1.7012445947229162
1   1.831104476936892
1   1.8668536496664507
1   1.7049188246599298
1   2.8814361053061672
1   1.3602991794673132
1   1.9729123644796225
1   1.0219187183160576
1   1.0406213355125982
1   1.6523553615891986
1   1.0116963404446022
1   1.4646576158324043
1   1.0835487027621868
1   1.7339991722332506
1   1.7429705565158033
1   2.2103970976903984
1   2.3214426201357634
1   1.8844521165573336
1   2.2240589176131818
1   1.9201775915664885
1   1.9425741039869799
1   1.7121353944026678
1   1.2335363458891453
1   1.4005385608369798
1   2.3063543195867053
1   1.7494917292402659
1   1.8227721381306226
1   1.3558713612094428
1   1.5130115738173728
1   1.938774158018632
1   1.8871719443509294
1   1.87530033345914
1   1.8981415610273347
1   1.8538212794570454
1   1.1778090378698747
1   2.3748652079402737
1   1.2515751297068654
1   1.7917688056116488
1   2.0635424304209544
1   1.7848718321752002
1   1.2274138620127701
1   1.2990314868407902
1   1.5766392362718467
1   1.4926116086310175
1   3.2253688404074103
1   1.563812518494808
1   1.2708500969622207
1   2.1154318713672029
1   1.6307719648328787
1   1.4666740451400435
1   2.2458658538517824
1   1.7763027051896496
1   1.2757301331220203
1   2.611709228237145
1   2.016079992771203
1   1.3489299191064934
1   1.5114973393484354
1   1.947876462810759
1   2.1850167834476948
1   1.9756299690971568
1   1.9879053654001786
1   1.4486816384604198
1   1.5970251146846572
1   1.0713887994537656
1   1.114044028382374
1   1.6801430757220284
1   1.7977239015714646
1   2.8230184454848675
1   1.6914025097809895
1   1.0309975600967027
1   1.3754813672691368
1   1.6617896159539263
1   1.6826638828923475
1   1.8402934930880144
1   1.5603742426553717
1   1.0162718747660651
1   1.6329923827560942
1   1.9556432984098762
1   1.9301631481392136
1   1.010818116886119
1   1.0079018357518446
1   1.0654334196869371
1   1.5202879703297874
1   1.0547008228353993
1   1.5848093226995368
1   2.0855576796288813
1   2.1197639353670907
1   1.5534367859408622
1   1.5581953407567468
1   1.1978029223697371
1   1.343742125486878
1   2.5682450220406579
1   2.496908497635816
1   1.088631645713563
1   1.1927179094955027
1   1.7055543194836158
1   1.9130519212380905
1   1.7772119736453167
1   1.3558162145539643
1   1.1995254063030212
1   1.2540700837224577
1   1.8408403415488892
1   1.8690390346872507
1   1.8091874076500685
1   1.1101860703863322
1   1.04632523799008
1   1.1105784834189798
1   1.1215266938865853
1   1.1216557421281341
1   1.5699189500718638
1   1.8959991200929429
1   2.0095302458857254
1   2.0907187232608058
1   1.2825382275869592
1   2.4463458447188393
1   1.9322974671770345
1   1.4566206668861903
1   2.0250818534994499
1   1.1620212642617189
1   1.6231407267828892
1   1.4387099209960352
1   1.0155533172052882
1   1.0311611350221623
1   1.0287846036343347
1   1.956740789254571
1   1.1012090437235502
1   1.813083452637148
1   1.1407405655164622
1   2.0034182688809272
1   1.0354294123854912
1   1.303880580571678
1   1.4410152109986163
1   2.2513519690043862
1   2.2149564721292139
1   2.4001892411487642
1   2.3000843914674953
1   2.0511565904345135
1   2.3991548253955028
1   1.7036979968626293
1   1.6533926156520433
1   1.4495101043561947
1   1.6093660311134816
1   1.1836625297731453
1   1.9622397830677039
1   1.3174206957623735
1   2.8906652079124138
1   1.9153187740412569
1   2.4487500355303582
1   1.228669458848197
1   2.8188613265810525
1   1.8014913573855664
1   2.0177587099207779
1   1.7279621787622372
1   1.4652225969458368
1   1.143919371769424
1   1.9589577200574211
1   1.0323192304195685
1   1.0476635713322928
1   1.2379562239038158
1   1.209739545923703
1   1.7742322671514685
1   1.149767198831803
1   1.7190736968034894
1   1.1684356953179691
1   1.2280112311155029
1   1.9454952837171624
1   1.4632051964517245
1   1.7228015951565006
1   1.8318689539210875
1   1.9534108824038441
1   1.3706640688461085
1   2.4747547301055897
1   1.9256738916760261
1   1.8642683669272686
1   2.881048687016774
1   1.0244324338709556
1   1.0498690679978957
1   1.0235513315151696
1   1.8221101664793871
1   1.0694467642768761
1   1.2559094120652508
1   1.2118576241867349
1   1.1780835109994356
1   1.7252276047214039
1   1.1675706992967001
1   1.3018421614276714
1   1.1993631051017337
1   1.7618752579974206
1   1.3526518626756912
1   1.6910615190218912
1   1.8826063853204409
1   1.8898318088893218
1   1.1231086102912486
1   1.374956472189506
1   2.4235742928436999
1   2.1058911241157086
1   1.6053089822028701
1   1.6255081506910209
1   1.6027805958834835
1   1.6188548076459561
1   1.6520578679225544
1   1.9922836902113121
1   2.0437746827005103
1   1.37626546115364
1   2.3229962044493688
1   2.0416143033284797
1   1.9955421379573699
1   1.5993902369774027
1   2.3234487790250618
1   2.5883193854358559
1   2.029155489322954
1   2.0606914376202856
1   2.8347216991939628
1   2.9266567888723292
1   2.8007222936179823
1   3.8189225243531304

2   2.0005274594291169
2   2.0012069269088593
2   2.0022304952517724
2   2.1878310761489703
2   2.015488262516739
2   2.85160508705704
2   2.0057489140438429
2   2.1465777219473003
2   2.0060729973074616
2   2.8717153819055592
2   2.0027952964679407
2   2.8725906824305514
2   2.0054344460412237
2   2.1291923879602495
2   2.0379027875539615
2   2.0183406886896629
2   2.0408531823538052
2   2.0412389303016525
2   2.0167684709426066
2   2.8029487648748335
2   2.2046831020139335
2   2.0065513392957315
2   2.1320766149691099
2   2.9423683515712837
2   2.6627975410004097
2   2.5986879653894559
2   2.0582965471497872
2   2.4172337155465469
2   2.2616444767106136
2   2.7805909553400734
2   2.2966981312126777
2   2.1983408916427201
2   2.9392718881005941
2   2.5593758177182417
2   2.2598303512972295
2   2.2106306911737401
2   2.8770108358767312
2   2.6397917021062844
2   2.4189020213519661
2   3.0262535890066644
2   2.4444570365775617
2   2.37569636969969
2   3.0047997829027113
2   2.4070476264339358
2   2.5713352785625165
2   2.3208482722331856
2   2.1646747012532073
2   2.4528916034433323
2   2.3059312889294752
2   2.3381538682865473
2   2.2468053885518997
2   2.575949877141833
2   2.0184530637605298
2   2.0033510990961143
2   2.0129549951795975
2   2.0129000364052709
2   2.0484662497957862
2   2.183053998565982
2   2.8640104443499697
2   2.4430388453586249
2   2.4298822133779661
2   2.8706425383133083
2   2.2623341215035886
2   2.127332603417933
2   2.2621138791437154
2   2.0305294502366249
2   2.5515935477729368
2   2.2382107994750831
2   2.8617206730213751
2   2.0849608221019897
2   2.3140162157521087
2   2.9655552448172728
2   2.0831184455500678
2   2.8953877775031343
2   2.196961963900339
2   2.8983655716218117
2   2.6588005045500571
2   2.1470732730813062
2   2.077260663134767
2   2.2151450780270086
2   2.06016053527267
2   2.4851665555064004
2   2.3779374724510762
2   2.2965155409212952
2   2.2558874594933442
2   2.2754070863934182
2   2.0353454133808042
2   2.7531994616930366
2   2.289290058508568
2   2.0407792866876115
2   2.5630846078212124
2   2.0953165244821874
2   2.6549872861609898
2   2.6731615748106239
2   2.709208827274598
2   2.7053207608749248
2   2.9783042167987954
2   2.3815442069088522
2   2.5875363159005751
2   2.6973292748347411
2   2.1578155481869965
2   2.0048586658231939
2   2.0660251485860845
2   2.0820515051997583
2   2.0601737069303638
2   2.2392512716798096
2   2.1378081966536904
2   2.2101586882893343
2   2.5704672122821535
2   2.7827332768313711
2   2.0521675341707803
2   2.0080872549828275
2   2.9702968872346887
2   2.0226340127504985
2   2.0139134690734561
2   2.0096141738916198
2   2.0268137100690828
2   2.0514270455547976
2   2.3215777319271678
2   2.1896853608585682
2   2.4259933582993636
2   2.2467039970019842
2   2.1911125526315236
2   2.2577722894026606
2   2.252252731986486
2   2.8485742323194816
2   2.4537388703314615
2   3.1779509169360756
2   2.9292497965235222
2   2.2600152228944115
2   3.1880920162752777
2   2.6976748111192097
2   2.3348809088201046
2   2.4568857276504517
2   2.7169589219265329
2   2.1382057061680566
2   2.4299526831234037
2   2.3965399912357861
2   2.6610148240591269
2   2.7874793887499458
2   3.5767020534594991
2   2.0243265681070519
2   2.0042973075096735
2   2.0688536732422578
2   2.0053831319879616
2   2.4680843985457592
2   2.0697718228127449
2   2.4335162156083672
2   2.2253866274697365
2   2.1918217040291577
2   2.7340332701571608
2   2.0414148372615224
2   2.001626426645061
2   2.8959815769003638
2   2.6032261521496465
2   2.4757365362437085
2   2.1257753171276943
2   2.0062336430357903
2   2.9886958029806814
2   2.0018689845328801
2   2.0126680089029567
2   2.0091932313553476
2   2.0160433299252953
2   2.0181359714830869
2   2.0674402650476282
2   2.8219858833862141
2   2.0140690316888681
2   2.0200848084745124
2   2.2260549760329846
2   3.6768176244901598
2   2.2043032090446659
2   2.2316437773379394
2   2.7395844450934028
2   2.8015615743380393
2   2.9094915897209401
2   2.3567315328928351
2   2.1909342038910111
2   2.0304285953655565
2   2.0825661311850685
2   2.0948074044087628
2   2.9348730610652964
2   2.0006422006093389
2   2.0105753964091342
2   2.0015893023931173
2   2.0069030980148006
2   2.0029932985570511
2   2.0035930404930888
2   2.0080569508230965
2   2.1970200353860165
2   2.1716446215949854
2   2.5699421081208214
2   2.5940482107933485
2   2.1922324552530541
2   2.1612296162494045
2   2.1743292264988852
2   2.1549582928799245
2   2.0024278789577745
2   2.02176581465387
2   2.6526648727901279
2   2.7102368647399309
2   2.2782660014992784
2   2.1945980722122473
2   2.1525632788010114
2   2.170814568482696
2   2.0552216487549018
2   2.0031886121325986
2   2.2880934896536096
2   2.2372668058114913
2   2.1308113270288036
2   2.6690927083547833
2   2.8096001276510885
2   2.0033929478661272
2   2.0705654502344086
2   2.0269889704921682
2   3.1971924176462228
2   2.842667918685279
2   3.2201194187067159
2   2.7480034406922309
2   2.1624726954743916
2   2.0266644094733071
2   2.0028168257526384
2   2.0047549387409656
2   2.0012470635196613
2   2.0051516285359297
2   2.0382183751614384
2   2.0032360793214856
2   2.9637985031788272
2   2.0250167059634028
2   2.0049856075627597
2   2.9764984324480275
2   2.0036575828192738
2   2.0071288420868902
2   2.0409731592344973
2   2.0184383187163113
2   2.0404901569025062
2   2.0115975411087565
2   2.7452272774074746
2   2.0943771702365996
2   2.2834117294989853
2   2.0699478031665652
2   2.0669648128975786
2   2.19968622399103
2   2.69154977279578
2   2.1845697318633546
2   2.1314397715170021
2   2.2674146529018402
2   2.7476111620699966
2   2.26246875951544
2   2.9608484991146549
2   2.9430933743268755
2   2.8325107049621354
2   3.8379588845383887

3   3.0000415911211595
3   3.0000673490779812
3   3.0005487859847086
3   3.0016902943863069
3   3.0007711307658922
3   3.0407496618889525
3   3.0110679183715305
3   3.7918251844081476
3   3.0006657698907366
3   3.2103518734489032
3   3.8406345765102845
3   3.0018686495729536
3   3.1766727987361603
3   3.0001979915994723
3   3.0070483074005669
3   3.0005439075062368
3   3.0032677389953508
3   3.000282428975142
3   3.7795522445212892
3   3.0008687624339516
3   3.0318196246380609
3   3.1609710468110768
3   3.0052572737720427
3   3.0731065723678821
3   3.0151144377840713
3   3.0020197002266613
3   3.7599986087916708
3   3.0004137038181842
3   3.2654624594356916
3   3.0001448337352259
3   3.0048056321423746
3   3.0000738787005363
3   3.0025466396070906
3   3.0063441238836202
3   3.2943404922037076
3   3.0022740942034689
3   3.2829623528741907
3   3.4827313489196166
3   3.00803209764844
3   3.0084483074897164
3   3.0996716052599869
3   3.0124791531685169
3   3.9069660045781163
3   3.0001132055142339
3   3.0002027563515559
3   3.0003009252624326
3   3.0017534298378941
3   3.0001113222123048
3   3.000019040926897
3   3.6527128256149242
3   3.0000550054250801
3   3.4013903921556614
3   3.0000183943489107
3   3.0027848028242019
3   3.0001907887498214
3   3.0002379152871015
3   3.0000094470007408
3   3.0000344558673495
3   3.0434389307240108
3   3.0000207575428739
3   3.907785574439651
3   3.0000982635494773
3   3.0724350413160217
3   3.0000458383836111
3   3.0000577735649636
3   3.0003154103068259
3   3.0000366378345875
3   3.0000141469052664
3   3.0000192886077972
3   3.1302385141324134
3   3.0001198067433563
3   3.8952190448201423

4   4
4   4
4   4
4   4
4   4
4   4
4   3.9999999999999991
4   4
4   4

