-2   2
-2   2
-2   1.9999999999999996
-2   2
-2   2

-1   1.0163397179991325
-1   1.0082121074057795
-1   1.0511840998122433
-1   1.9487158401340801
-1   1.9669941615960163
-1   1.013511511134626
-1   1.0443348117206934
-1   1.0010143325612515
-1   1.1336464795568115
-1   1.9019590285881716
-1   1.0064999734337929
-1   1.020550218609827
-1   1.9313054162040961
-1   1.0010390528695232
-1   1.1037707251718676
-1   1.0047843690163174
-1   1.0004975390729134
-1   1.0510965229094085
-1   1.0000699187009841
-1   1.9658853204635225

0   0.034303832178199101
0   1.0000000000000004
0   0.99999999999999933
0   0.19408967873333238
0   0.99999999999999978
0   1.5593246607081084
0   0.99999999999999956
0   1.8826146912088575
0   1
0   0.99999999999999956
0   0.26929038508021885
0   0.99999999999999978
0   0.0090991473175314752
0   0.99999999999999933
0   1.9915540025853247
0   1.0000000000000011
0   1.0000000000000002
0   1.5593246607081062
0   1
0   1
0   1.0000000000000004
0   0.00406537008963892
0   0.0090991473175318083
0   0.99999999999999867
0   0.024349004877370128
0   0.99999999999999978
0   0.17499427799910416
0   1.0000000000000007
0   0.99999999999999778
0   1.9538981376749138

1   1.0163397179991316
1   1.0082121074057795
1   1.0511840998122417
1   1.9487158401340792
1   1.9669941615960149
1   1.0135115111346251
1   1.0443348117206945
1   1.0010143325612508
1   1.1336464795568146
1   1.9019590285881685
1   1.0064999734337929
1   1.0205502186098272
1   1.9313054162040966
1   1.001039052869523
1   1.1037707251718651
1   1.004784369016317
1   1.0004975390729134
1   1.0510965229094087
1   1.0000699187009845
1   1.9658853204635216

2   2
2   2
2   1.9999999999999996
2   2
2   2

