-3.5   3.5
-3.5   3.5
-3.5   3.4999999999999996
-3.5   3.5
-3.5   3.4999999999999987
-3.5   3.4999999999999996
-3.5   3.5
-3.5   3.4999999999999996

-2.5   2.5000731033896622
-2.5   2.5000949099124985
-2.5   2.5014034190703023
-2.5   2.5052681668279435
-2.5   2.5058827948560785
-2.5   2.5614865113856378
-2.5   3.4123112494221712
-2.5   2.8931768594226677
-2.5   3.1475256158026483
-2.5   2.5166419059611829
-2.5   2.5308476347419258
-2.5   2.5152511936672166
-2.5   2.5072628734165949
-2.5   2.50112478769138
-2.5   2.5007483836551088
-2.5   2.5070757459498609
-2.5   3.0701663487531885
-2.5   2.5106123304091135
-2.5   3.0991154806673951
-2.5   2.503799338739213
-2.5   2.5667351372406753
-2.5   2.6980352498929845
-2.5   2.8762329539376879
-2.5   2.7690132175388196
-2.5   2.5031378932381938
-2.5   2.5700957095256802
-2.5   2.5138948150910441
-2.5   2.5003048960257339
-2.5   2.5021451992349988
-2.5   2.5000708255779021
-2.5   3.4737032281077052
-2.5   2.5003778627415092
-2.5   2.5178964769868117
-2.5   2.5030101915793268
-2.5   2.5007225961702368
-2.5   3.4918511459969541
-2.5   2.5000231635443595
-2.5   2.5014913394157023
-2.5   2.5000820806845452
-2.5   2.5060408525569411
-2.5   2.5000314621689954
-2.5   2.5004412610536462
-2.5   2.5009273339972133
-2.5   2.5000786604554053
-2.5   2.5000710321385542
-2.5   2.6971371758920921
-2.5   3.3428839799918268
-2.5   2.5000308310058692
-2.5   2.5002840778182152
-2.5   2.5000506612665325
-2.5   2.5000421595143592
-2.5   2.50058619257076
-2.5   2.500018566967809
-2.5   2.6026862039141334
-2.5   2.5000847615799211
-2.5   3.4203197694934682

-1.5   1.5011103934333119
-1.5   1.5030452305459496
-1.5   1.6451850056200543
-1.5   1.5108138147177148
-1.5   2.3938920213611019
-1.5   1.5416996618896954
-1.5   1.5082477886152441
-1.5   2.4536003146866059
-1.5   1.5062734241742843
-1.5   2.2998031803006764
-1.5   1.7433967746839212
-1.5   1.5372347985907879
-1.5   1.51849102871497
-1.5   1.5212976428811911
-1.5   1.5487041071446157
-1.5   2.4727369100096972
-1.5   1.6240081129435406
-1.5   1.8398157922613461
-1.5   2.127984702725076
-1.5   2.0170396732248328
-1.5   1.8347026788670591
-1.5   1.8265634824254446
-1.5   1.5356437731522958
-1.5   3.3466350399395357
-1.5   1.681623138621664
-1.5   2.7054509425523312
-1.5   2.2526382468668578
-1.5   2.0218478732990297
-1.5   2.4959125025864948
-1.5   2.268731191833369
-1.5   1.717464203094643
-1.5   1.7857791872289237
-1.5   1.9546450731887766
-1.5   2.1809408594393007
-1.5   2.2331128272149514
-1.5   1.6064103922179025
-1.5   2.4281362340977406
-1.5   1.5509646265785055
-1.5   1.5316387622156884
-1.5   1.5065624505209096
-1.5   1.5180670356129324
-1.5   2.477632893406795
-1.5   1.5161370838909591
-1.5   1.5299951968066003
-1.5   2.4411544684353221
-1.5   1.5583220408709182
-1.5   2.4271314655022076
-1.5   1.5719123403543755
-1.5   1.5022563317265201
-1.5   1.5463952073835343
-1.5   1.5175498765999804
-1.5   1.9524245361088273
-1.5   1.9524461053465689
-1.5   1.6055605768576071
-1.5   1.9923438995039739
-1.5   1.9097733931954726
-1.5   2.057352542542203
-1.5   2.0471580240796308
-1.5   2.3815259267565163
-1.5   2.0644106708165584
-1.5   2.1016989645302337
-1.5   2.1712737953186418
-1.5   2.623020073408322
-1.5   2.4060428054118677
-1.5   1.8480265567041028
-1.5   1.8647789040882299
-1.5   2.1070003847205228
-1.5   2.1891111706214614
-1.5   2.0668257732693913
-1.5   2.214763705102281
-1.5   2.0486731172792529
-1.5   2.2977093347403548
-1.5   2.2490648835790741
-1.5   2.0103861815047961
-1.5   1.5056369497168842
-1.5   1.512824762801575
-1.5   1.5225622360345983
-1.5   1.5028370107379381
-1.5   1.5202818286318363
-1.5   1.5753046187269248
-1.5   2.3727282217818213
-1.5   2.193532757959646
-1.5   1.7218094636070544
-1.5   1.9012611792924869
-1.5   1.9522018268130861
-1.5   2.1907000748081029
-1.5   2.4242427517553851
-1.5   1.5117719369079339
-1.5   1.5149439364955621
-1.5   3.2319287078497467
-1.5   2.271033511651928
-1.5   1.911219676059396
-1.5   1.6013208338559468
-1.5   1.7163823128871645
-1.5   2.4303147171437725
-1.5   1.5544174967685938
-1.5   2.3063323818097601
-1.5   1.7645900723680756
-1.5   2.4326845213154842
-1.5   1.5533330413838264
-1.5   1.5170108170666108
-1.5   1.609350140815498
-1.5   2.9790960297661662
-1.5   2.3973331260509601
-1.5   1.5114415071355904
-1.5   2.2983701874489029
-1.5   1.5202736480006975
-1.5   1.5193264893973404
-1.5   2.4575475050644138
-1.5   2.0464660201314637
-1.5   1.9384946808021537
-1.5   2.111102385529307
-1.5   2.0434177998393346
-1.5   1.6009698081314516
-1.5   1.5023828592548951
-1.5   1.5091187246926152
-1.5   1.5046333390217721
-1.5   1.5052641944864673
-1.5   1.5054269054541392
-1.5   1.7516586011210813
-1.5   1.7301393133126437
-1.5   1.5406156747405175
-1.5   2.3266595354205144
-1.5   2.2815921965095978
-1.5   1.5046595359173809
-1.5   1.5445678599136974
-1.5   2.0930914028916123
-1.5   2.0654464778182939
-1.5   1.996947121057481
-1.5   2.0028070207209883
-1.5   1.5048240638248291
-1.5   1.5048898890346654
-1.5   1.5083390444337734
-1.5   1.9798861882286323
-1.5   1.9147594142745885
-1.5   1.877611439192858
-1.5   1.5129640918239851
-1.5   1.9749607025422415
-1.5   2.1071473659292654
-1.5   3.366276280669124
-1.5   2.4886088228521608
-1.5   1.5013707219972257
-1.5   1.5975589093347273
-1.5   1.5087875789046739
-1.5   1.5017862603480716
-1.5   1.5146156067144423
-1.5   1.5055208435329948
-1.5   1.5744519931127878
-1.5   1.5030389869745218
-1.5   2.4355549056289032
-1.5   1.5059029072841432
-1.5   2.4932071996506742
-1.5   1.5018417976236349
-1.5   1.5453514928777845
-1.5   1.5275045200939474
-1.5   1.501216107268259
-1.5   1.5457524942204395
-1.5   2.2831507246751888
-1.5   1.7582812979450364
-1.5   1.6563166303141714
-1.5   1.8209758885571334
-1.5   2.1507190683509991
-1.5   1.6982083658988811
-1.5   2.4631073895103857
-1.5   1.6595033571188296
-1.5   2.4710746230154434
-1.5   2.3887138887186472
-1.5   3.3934755446614098

-0.5   0.53098631102541582
-0.5   0.60692954261850551
-0.5   1.2758391985903654
-0.5   0.91965195091343421
-0.5   0.98412999470633866
-0.5   0.88006279524061282
-0.5   1.3233179779366298
-0.5   1.4244246997723291
-0.5   1.3123375070632326
-0.5   2.3567811900438067
-0.5   1.2575938617553488
-0.5   0.92808534804372766
-0.5   1.4836876677571653
-0.5   2.4363652547251164
-0.5   0.60174405869085112
-0.5   1.4806644010959347
-0.5   0.633680870801832
-0.5   1.3498832403172079
-0.5   0.54148920328669092
-0.5   2.0781688205380808
-0.5   1.4228751876909675
-0.5   1.3279068076363825
-0.5   0.5596394906016311
-0.5   0.86822311888531356
-0.5   1.1976755211167778
-0.5   1.4872931574399442
-0.5   1.2247343892406617
-0.5   1.298803834976151
-0.5   0.56780045086870401
-0.5   1.9191736803804123
-0.5   1.4327997289523062
-0.5   1.8073399646959496
-0.5   0.83041553414090874
-0.5   1.7726069698794364
-0.5   2.0587961548864002
-0.5   1.9884329542690566
-0.5   1.183661677418659
-0.5   1.6329519869021798
-0.5   2.0894142728074954
-0.5   1.5583313441041313
-0.5   2.2635957101026252
-0.5   1.4939058735783717
-0.5   1.4155350544145504
-0.5   1.9786957063428514
-0.5   1.0965248778015151
-0.5   2.8796778604467725
-0.5   2.0103593785269935
-0.5   1.7371498845710867
-0.5   1.8938149655591556
-0.5   1.7340034195091927
-0.5   1.3301030688366742
-0.5   1.6484440203724224
-0.5   1.6235870339048857
-0.5   1.5156758913242743
-0.5   1.5552656218664596
-0.5   1.5193918966456432
-0.5   1.8422098147473394
-0.5   1.4529095986854714
-0.5   1.8159978300637447
-0.5   1.0972866425466064
-0.5   2.3676518060544671
-0.5   0.65960095746436243
-0.5   1.4210033171946324
-0.5   0.95812764461587152
-0.5   0.67431306933174628
-0.5   1.2418589243098552
-0.5   0.76081490553329512
-0.5   1.4605072630910805
-0.5   1.3808003699746736
-0.5   1.692037878780976
-0.5   1.4328025619748945
-0.5   0.59402866939135501
-0.5   1.7939107823386715
-0.5   1.4226112326823475
-0.5   1.8736782446714519
-0.5   1.3777884926601474
-0.5   1.7405460926282768
-0.5   1.0829742771454041
-0.5   2.1540867915499686
-0.5   1.1410479484262301
-0.5   1.0203056165506277
-0.5   1.1361755798371134
-0.5   1.3065854295081845
-0.5   1.4841598666848617
-0.5   0.60587461309220458
-0.5   1.2138397924366278
-0.5   1.5001850240232915
-0.5   1.4999942715926717
-0.5   0.74032859764364356
-0.5   1.0163789077660395
-0.5   1.3884060278600201
-0.5   1.4549989470128548
-0.5   1.4643708048100252
-0.5   0.6688960862486899
-0.5   1.8535294532673614
-0.5   1.8882590832522088
-0.5   1.225495817527932
-0.5   2.0935517821674057
-0.5   1.5045187334463108
-0.5   1.8079026082942895
-0.5   1.7279497283058247
-0.5   1.6808214798131678
-0.5   1.8766476655361686
-0.5   1.7288996675485393
-0.5   1.572498848851319
-0.5   1.9085316758223079
-0.5   1.975684919198605
-0.5   1.663780087519827
-0.5   1.7713121359562036
-0.5   2.1816265749028019
-0.5   2.0388276073685825
-0.5   1.5093101516833336
-0.5   1.6650989883274732
-0.5   1.6452699073494266
-0.5   1.3495808122826518
-0.5   1.442491733291893
-0.5   2.0786142910384129
-0.5   2.0347087205251579
-0.5   2.2288088050887191
-0.5   1.8645630376251794
-0.5   2.1904598155188526
-0.5   0.54318347823726754
-0.5   0.57310487042811542
-0.5   1.1989334283088391
-0.5   0.9625744224694095
-0.5   1.4917539064925494
-0.5   0.54838974946444674
-0.5   0.68932747101173986
-0.5   1.4151939111623473
-0.5   1.4831596379819059
-0.5   1.4971985791122819
-0.5   1.5922967755476822
-0.5   1.4483380840013766
-0.5   1.9842732855854885
-0.5   1.2320118775494597
-0.5   1.1933188528480831
-0.5   2.426679343140747
-0.5   1.4464608439442808
-0.5   1.3838371695879623
-0.5   1.2777535984415171
-0.5   2.1170977526571466
-0.5   2.3212500614774019
-0.5   1.4888943382665853
-0.5   0.95345876247942796
-0.5   1.4858978816645674
-0.5   1.4681178521850962
-0.5   1.402837863496107
-0.5   3.0491034617299304
-0.5   1.134932216459196
-0.5   1.4849276372300442
-0.5   2.0354638121045441
-0.5   1.481230444203895
-0.5   1.4816100265664207
-0.5   0.9719777714579263
-0.5   2.0395736897890497
-0.5   0.7519395120766339
-0.5   1.4367214714263317
-0.5   1.1858569555143987
-0.5   1.057722401926261
-0.5   2.3257902168033122
-0.5   0.97723596626497655
-0.5   2.3074014387794275
-0.5   0.77143411568224018
-0.5   1.4791725182652848
-0.5   1.4483175060488029
-0.5   0.72675221939949264
-0.5   1.8863596927559549
-0.5   1.9115500013097471
-0.5   0.7662217309362902
-0.5   1.3923652934219892
-0.5   2.997639616013668
-0.5   1.6276709654101555
-0.5   1.577160872120448
-0.5   1.4898507383587833
-0.5   1.2815953004241154
-0.5   1.4015163181082346
-0.5   2.3513960938613283
-0.5   1.0817298446098753
-0.5   1.8350562220801137
-0.5   1.7707924183994002
-0.5   1.151970948855727
-0.5   1.8456792018918367
-0.5   1.7337026474818167
-0.5   0.84444177318316793
-0.5   0.83923939934347724
-0.5   1.4706670891009059
-0.5   0.53698229339281411
-0.5   0.77404770726994188
-0.5   1.4904597588873438
-0.5   1.374885442419796
-0.5   1.4951004591301185
-0.5   0.55348528251066176
-0.5   0.54255437878613599
-0.5   1.3166540744997379
-0.5   1.4566764462764756
-0.5   0.82463605078838209
-0.5   0.60181619076706694
-0.5   1.6777883357107042
-0.5   1.9320729056170487
-0.5   1.709804004648567
-0.5   2.1276920682432188
-0.5   2.1732173997321929
-0.5   1.4445827981785546
-0.5   0.57883562618168138
-0.5   0.57979188559130335
-0.5   0.61225733963903872
-0.5   1.4791308361001316
-0.5   0.52201752861009454
-0.5   0.71022054745883056
-0.5   1.5199972835303774
-0.5   1.8613455832282861
-0.5   2.2929844010483147
-0.5   1.5179025247341622
-0.5   1.5035125177876192
-0.5   1.4606864654386533
-0.5   0.8585596301909737
-0.5   1.4179754043409019
-0.5   0.97436210372360432
-0.5   0.63693884309673421
-0.5   1.2615265023330817
-0.5   0.50843258310349837
-0.5   0.51936727316665832
-0.5   0.54266485735894943
-0.5   0.56893633404019051
-0.5   1.0986347732210184
-0.5   1.0294750847604559
-0.5   1.1051155499437653
-0.5   1.8829975575921898
-0.5   2.4020005034033618
-0.5   1.7515454319309054
-0.5   2.3424027814978032
-0.5   1.6276961100938192
-0.5   2.6977885492147231
-0.5   0.82439093885283521
-0.5   1.8969775948645369
-0.5   1.5538182459694365
-0.5   0.93098153673552009
-0.5   1.4490544512192423
-0.5   1.5519082558361923
-0.5   0.9235715004064895
-0.5   1.2901298709158999
-0.5   0.57396398303208995
-0.5   1.468113335213699
-0.5   0.76838288494836937
-0.5   1.0551111709251024
-0.5   0.51962855214169368
-0.5   1.2095768542459575
-0.5   0.92666679597974233
-0.5   1.3465982455541043
-0.5   1.411677953408452
-0.5   1.4918494319254829
-0.5   2.286825141608869
-0.5   0.93950348086731572
-0.5   1.4671986844095988
-0.5   2.3765979869010967
-0.5   0.52155168965013399
-0.5   0.57212239390839414
-0.5   1.4814257213304618
-0.5   0.59971414109730414
-0.5   0.55058743279128497
-0.5   0.7405497271497179
-0.5   1.499051346930278
-0.5   1.4179248770657822
-0.5   1.406638884762142
-0.5   0.61192753294384028
-0.5   2.2666783561939918
-0.5   1.4971155542615455
-0.5   1.1750809693324122
-0.5   0.80305169569097279
-0.5   1.5026393317190254
-0.5   1.4248384108281298
-0.5   2.3925044897745207
-0.5   0.87735808367699741
-0.5   1.6232059809011714
-0.5   1.5164579255727655
-0.5   2.3818817124361327
-0.5   1.5899067393036708
-0.5   2.4736155831927529
-0.5   2.3819135241698852
-0.5   3.3814516198005422

0.5   0.53098631102540983
0.5   0.60692954261847443
0.5   1.2758391985903423
0.5   0.91965195091359608
0.5   0.98412999470640949
0.5   0.88006279524047759
0.5   1.3233179779366431
0.5   1.4244246997723351
0.5   1.3123375070631866
0.5   2.356781190043816
0.5   1.2575938617552365
0.5   0.92808534804389331
0.5   1.4836876677571669
0.5   2.4363652547251178
0.5   0.60174405869083669
0.5   1.4806644010959324
0.5   0.63368087080183377
0.5   1.349883240317187
0.5   0.54148920328668071
0.5   2.0781688205381328
0.5   1.422875187690898
0.5   1.3279068076363709
0.5   0.55963949060162532
0.5   0.86822311888532888
0.5   1.1976755211165788
0.5   1.4872931574399311
0.5   1.2247343892408351
0.5   1.2988038349761861
0.5   0.56780045086867625
0.5   1.919173680380426
0.5   1.4327997289522707
0.5   1.8073399646959372
0.5   0.83041553414104796
0.5   1.7726069698797455
0.5   2.0587961548861324
0.5   1.9884329542690438
0.5   1.1836616774185944
0.5   1.6329519869021492
0.5   2.0894142728073835
0.5   1.5583313441041384
0.5   2.2635957101026838
0.5   1.4939058735783823
0.5   1.4155350544145808
0.5   1.9786957063428727
0.5   1.0965248778015562
0.5   2.8796778604466802
0.5   2.0103593785270615
0.5   1.7371498845711306
0.5   1.8938149655590935
0.5   1.7340034195092655
0.5   1.3301030688366635
0.5   1.648444020372366
0.5   1.623587033904899
0.5   1.5156758913242951
0.5   1.5552656218662064
0.5   1.519391896645756
0.5   1.8422098147476205
0.5   1.4529095986854654
0.5   1.8159978300635919
0.5   1.0972866425466037
0.5   2.3676518060544822
0.5   0.65960095746437974
0.5   1.4210033171946108
0.5   0.95812764461585442
0.5   0.6743130693317827
0.5   1.2418589243098761
0.5   0.76081490553316189
0.5   1.4605072630911562
0.5   1.3808003699746747
0.5   1.6920378787809396
0.5   1.4328025619749174
0.5   0.59402866939131083
0.5   1.793910782338711
0.5   1.4226112326823597
0.5   1.8736782446714506
0.5   1.3777884926601283
0.5   1.740546092628295
0.5   1.0829742771454365
0.5   2.1540867915499211
0.5   1.141047948426229
0.5   1.0203056165506168
0.5   1.1361755798371562
0.5   1.3065854295081809
0.5   1.4841598666848619
0.5   0.60587461309220458
0.5   1.2138397924366189
0.5   1.5001850240232915
0.5   1.4999942715926755
0.5   0.74032859764364023
0.5   1.0163789077660439
0.5   1.3884060278600183
0.5   1.4549989470128466
0.5   1.4643708048100339
0.5   0.66889608624869146
0.5   1.8535294532673756
0.5   1.8882590832521924
0.5   1.2254958175279178
0.5   2.0935517821674199
0.5   1.5045187334463281
0.5   1.8079026082943135
0.5   1.727949728305838
0.5   1.6808214798131655
0.5   1.876647665536149
0.5   1.7288996675485548
0.5   1.5724988488512603
0.5   1.9085316758223012
0.5   1.9756849191986277
0.5   1.6637800875198172
0.5   1.771312135956248
0.5   2.1816265749027708
0.5   2.0388276073684399
0.5   1.5093101516833429
0.5   1.6650989883276313
0.5   1.6452699073494159
0.5   1.34958081228266
0.5   1.442491733291859
0.5   2.0786142910381367
0.5   2.0347087205254621
0.5   2.2288088050887467
0.5   1.864563037625163
0.5   2.1904598155188362
0.5   0.54318347823726776
0.5   0.57310487042812119
0.5   1.1989334283088087
0.5   0.96257442246944547
0.5   1.491753906492546
0.5   0.54838974946444785
0.5   0.68932747101178382
0.5   1.4151939111623204
0.5   1.4831596379819043
0.5   1.4971985791122802
0.5   1.5922967755476809
0.5   1.4483380840013813
0.5   1.9842732855854996
0.5   1.2320118775494533
0.5   1.1933188528480911
0.5   2.4266793431407452
0.5   1.4464608439442934
0.5   1.3838371695879643
0.5   1.2777535984414914
0.5   2.1170977526571595
0.5   2.3212500614774019
0.5   1.4888943382665829
0.5   0.95345876247941086
0.5   1.485897881664566
0.5   1.4681178521851141
0.5   1.4028378634961001
0.5   3.0491034617299224
0.5   1.1349322164592053
0.5   1.4849276372300437
0.5   2.0354638121045303
0.5   1.4812304442038946
0.5   1.4816100265664369
0.5   0.97197777145790143
0.5   2.0395736897890631
0.5   0.75193951207663234
0.5   1.436721471426337
0.5   1.1858569555143965
0.5   1.0577224019262714
0.5   2.3257902168033175
0.5   0.97723596626495768
0.5   2.3074014387794173
0.5   0.77143411568224063
0.5   1.4791725182652886
0.5   1.4483175060487989
0.5   0.72675221939949175
0.5   1.8863596927559723
0.5   1.9115500013097515
0.5   0.76622173093627799
0.5   1.3923652934219908
0.5   2.9976396160136556
0.5   1.6276709654101551
0.5   1.5771608721204444
0.5   1.4898507383587827
0.5   1.2815953004241343
0.5   1.4015163181082331
0.5   2.3513960938613199
0.5   1.0817298446098944
0.5   1.8350562220801221
0.5   1.7707924183993931
0.5   1.1519709488556553
0.5   1.8456792018917958
0.5   1.7337026474818691
0.5   0.84444177318315083
0.5   0.83923939934350145
0.5   1.4706670891009139
0.5   0.536982293392817
0.5   0.77404770726994521
0.5   1.4904597588873445
0.5   1.3748854424197947
0.5   1.4951004591301162
0.5   0.55348528251065354
0.5   0.54255437878616375
0.5   1.3166540744997297
0.5   1.4566764462764752
0.5   0.82463605078837166
0.5   0.60181619076707116
0.5   1.677788335710737
0.5   1.9320729056171149
0.5   1.7098040046485803
0.5   2.1276920682431544
0.5   2.1732173997321507
0.5   1.4445827981785584
0.5   0.57883562618169981
0.5   0.57979188559130979
0.5   0.61225733963902784
0.5   1.4791308361001325
0.5   0.52201752861009698
0.5   0.71022054745880236
0.5   1.5199972835293121
0.5   1.8613455832291987
0.5   2.2929844010483662
0.5   1.5179025247341444
0.5   1.503512517787573
0.5   1.460686465438664
0.5   0.85855963019097059
0.5   1.4179754043409065
0.5   0.97436210372365273
0.5   0.63693884309671533
0.5   1.26152650233304
0.5   0.50843258310349859
0.5   0.51936727316666698
0.5   0.54266485735896142
0.5   0.5689363340401925
0.5   1.0986347732209478
0.5   1.0294750847605094
0.5   1.1051155499438718
0.5   1.8829975575921214
0.5   2.4020005034033067
0.5   1.7515454319308499
0.5   2.3424027814979058
0.5   1.62769611009392
0.5   2.6977885492146481
0.5   0.82439093885297354
0.5   1.8969775948645649
0.5   1.5538182459693863
0.5   0.93098153673544748
0.5   1.449054451219234
0.5   1.5519082558362101
0.5   0.92357150040642311
0.5   1.2901298709158795
0.5   0.57396398303208529
0.5   1.4681133352137019
0.5   0.76838288494836626
0.5   1.0551111709251764
0.5   0.5196285521416848
0.5   1.2095768542458456
0.5   0.92666679597971902
0.5   1.3465982455541035
0.5   1.411677953408482
0.5   1.4918494319255085
0.5   2.2868251416088912
0.5   0.93950348086731461
0.5   1.4671986844095921
0.5   2.3765979869010718
0.5   0.52155168965013377
0.5   0.57212239390844921
0.5   1.4814257213304423
0.5   0.59971414109733567
0.5   0.55058743279128008
0.5   0.74054972714969813
0.5   1.4990513469302729
0.5   1.4179248770657518
0.5   1.4066388847621492
0.5   0.61192753294388691
0.5   2.2666783561940811
0.5   1.4971155542615395
0.5   1.1750809693322062
0.5   0.80305169569089974
0.5   1.5026393317190423
0.5   1.4248384108281829
0.5   2.3925044897747054
0.5   0.8773580836769892
0.5   1.6232059809009463
0.5   1.516457925572698
0.5   2.3818817124361655
0.5   1.5899067393036268
0.5   2.4736155831927658
0.5   2.381913524169915
0.5   3.3814516198005564

1.5   1.5011103934333123
1.5   1.5030452305459523
1.5   1.6451850056200503
1.5   1.5108138147177166
1.5   2.3938920213611055
1.5   1.5416996618896857
1.5   1.5082477886152392
1.5   2.4536003146866068
1.5   1.5062734241742861
1.5   2.2998031803006689
1.5   1.7433967746839363
1.5   1.5372347985907919
1.5   1.5184910287149687
1.5   1.5212976428811906
1.5   1.5487041071446153
1.5   2.4727369100096954
1.5   1.6240081129435562
1.5   1.8398157922613452
1.5   2.1279847027250751
1.5   2.0170396732248523
1.5   1.8347026788670457
1.5   1.8265634824254442
1.5   1.5356437731522892
1.5   3.3466350399395486
1.5   1.6816231386216005
1.5   2.7054509425523627
1.5   2.2526382468668875
1.5   2.0218478732990186
1.5   2.4959125025864397
1.5   2.2687311918334152
1.5   1.717464203094627
1.5   1.7857791872290179
1.5   1.9546450731887273
1.5   2.1809408594392679
1.5   2.2331128272149554
1.5   1.6064103922179025
1.5   2.4281362340977339
1.5   1.550964626578502
1.5   1.5316387622156924
1.5   1.5065624505209101
1.5   1.5180670356129355
1.5   2.4776328934067928
1.5   1.5161370838909582
1.5   1.5299951968066088
1.5   2.441154468435311
1.5   1.5583220408708929
1.5   2.42713146550222
1.5   1.5719123403543902
1.5   1.5022563317265205
1.5   1.5463952073835365
1.5   1.517549876599976
1.5   1.9524245361088259
1.5   1.9524461053465689
1.5   1.6055605768576684
1.5   1.9923438995039779
1.5   1.9097733931954162
1.5   2.057352542542215
1.5   2.0471580240796272
1.5   2.381525926756487
1.5   2.0644106708165655
1.5   2.1016989645302835
1.5   2.1712737953186467
1.5   2.6230200734082794
1.5   2.4060428054118406
1.5   1.848026556704121
1.5   1.8647789040882614
1.5   2.1070003847205308
1.5   2.1891111706214623
1.5   2.0668257732693971
1.5   2.2147637051020235
1.5   2.0486731172795247
1.5   2.2977093347403432
1.5   2.2490648835790625
1.5   2.0103861815048032
1.5   1.5056369497168838
1.5   1.512824762801575
1.5   1.5225622360345992
1.5   1.5028370107379372
1.5   1.5202818286318389
1.5   1.5753046187269231
1.5   2.3727282217818244
1.5   2.19353275795965
1.5   1.7218094636070549
1.5   1.9012611792924834
1.5   1.9522018268130759
1.5   2.1907000748081171
1.5   2.4242427517553851
1.5   1.5117719369079361
1.5   1.5149439364955626
1.5   3.231928707849737
1.5   2.271033511651932
1.5   1.9112196760594009
1.5   1.6013208338559473
1.5   1.7163823128871591
1.5   2.4303147171437751
1.5   1.5544174967685951
1.5   2.3063323818097525
1.5   1.7645900723680858
1.5   2.4326845213154842
1.5   1.5533330413838282
1.5   1.5170108170666117
1.5   1.6093501408154909
1.5   2.9790960297661799
1.5   2.3973331260509689
1.5   1.5114415071355842
1.5   2.298370187448894
1.5   1.520273648000698
1.5   1.5193264893973404
1.5   2.4575475050644155
1.5   2.0464660201314668
1.5   1.9384946808021652
1.5   2.1111023855292834
1.5   2.0434177998393288
1.5   1.6009698081314618
1.5   1.5023828592548947
1.5   1.5091187246926152
1.5   1.5046333390217694
1.5   1.5052641944864673
1.5   1.5054269054541396
1.5   1.7516586011210729
1.5   1.7301393133126464
1.5   1.5406156747405055
1.5   2.3266595354205086
1.5   2.2815921965096133
1.5   1.5046595359173813
1.5   1.5445678599136947
1.5   2.0930914028915941
1.5   2.0654464778182948
1.5   1.9969471210574987
1.5   2.0028070207209896
1.5   1.5048240638248327
1.5   1.5048898890346649
1.5   1.508339044433773
1.5   1.9798861882286145
1.5   1.9147594142746289
1.5   1.877611439192858
1.5   1.5129640918240073
1.5   1.9749607025422331
1.5   2.1071473659292685
1.5   3.3662762806690991
1.5   2.4886088228521577
1.5   1.5013707219972239
1.5   1.5975589093347167
1.5   1.5087875789046827
1.5   1.5017862603480734
1.5   1.5146156067144356
1.5   1.5055208435329925
1.5   1.5744519931128669
1.5   1.5030389869745213
1.5   2.4355549056288526
1.5   1.5059029072841428
1.5   2.4932071996506728
1.5   1.5018417976236336
1.5   1.5453514928777858
1.5   1.5275045200939714
1.5   1.5012161072682555
1.5   1.5457524942204475
1.5   2.283150724675338
1.5   1.7582812979448641
1.5   1.6563166303141337
1.5   1.820975888557161
1.5   2.1507190683510067
1.5   1.6982083658988767
1.5   2.4631073895103959
1.5   1.6595033571188336
1.5   2.471074623015415
1.5   2.388713888718637
1.5   3.3934755446614155

2.5   2.5000731033896635
2.5   2.5000949099124994
2.5   2.5014034190703014
2.5   2.5052681668279426
2.5   2.5058827948560776
2.5   2.5614865113856307
2.5   3.4123112494221752
2.5   2.8931768594226028
2.5   3.1475256158027065
2.5   2.5166419059611673
2.5   2.5308476347419382
2.5   2.5152511936672179
2.5   2.5072628734165963
2.5   2.5011247876913796
2.5   2.5007483836551079
2.5   2.5070757459498605
2.5   3.0701663487531889
2.5   2.5106123304091166
2.5   3.0991154806673915
2.5   2.5037993387392135
2.5   2.5667351372406704
2.5   2.6980352498929854
2.5   2.8762329539377065
2.5   2.7690132175388209
2.5   2.5031378932381951
2.5   2.570095709525662
2.5   2.5138948150910436
2.5   2.5003048960257339
2.5   2.5021451992349988
2.5   2.5000708255779021
2.5   3.4737032281077078
2.5   2.5003778627415092
2.5   2.5178964769868108
2.5   2.5030101915793268
2.5   2.5007225961702351
2.5   3.4918511459969528
2.5   2.5000231635443595
2.5   2.501491339415701
2.5   2.5000820806845461
2.5   2.506040852556942
2.5   2.5000314621689954
2.5   2.5004412610536457
2.5   2.5009273339972125
2.5   2.5000786604554048
2.5   2.5000710321385542
2.5   2.697137175892097
2.5   3.3428839799918242
2.5   2.5000308310058683
2.5   2.5002840778182147
2.5   2.5000506612665325
2.5   2.5000421595143592
2.5   2.50058619257076
2.5   2.5000185669678077
2.5   2.6026862039141347
2.5   2.500084761579922
2.5   3.4203197694934717

3.5   3.5
3.5   3.5
3.5   3.4999999999999996
3.5   3.5
3.5   3.4999999999999987
3.5   3.4999999999999996
3.5   3.5
3.5   3.4999999999999996

