0   -27.5347   0.0295188   0.113251   1.43251e-06   0.247849   0.109379   0.109379   0.247849   1.43251e-06   0.113251   0.0295188   
1   -35.3471   0.0159453   0.038218   0.0896095   0.154952   0.201275   0.201275   0.154952   0.0896095   0.038218   0.0159453   
2   -35.7518   0.0150549   0.0384332   0.092275   0.15457   0.199666   0.199666   0.15457   0.092275   0.0384332   0.0150549   
3   -35.7414   0.0212836   0.0453804   0.101813   0.146204   0.18532   0.18532   0.146204   0.101813   0.0453804   0.0212836   
4   -35.6071   0.0159921   0.0416585   0.0957423   0.153707   0.1929   0.1929   0.153707   0.0957423   0.0416585   0.0159921   
5   -35.6071   0.0159921   0.0416585   0.0957423   0.153707   0.1929   0.1929   0.153707   0.0957423   0.0416585   0.0159921   
6   -35.7414   0.0212836   0.0453804   0.101813   0.146204   0.18532   0.18532   0.146204   0.101813   0.0453804   0.0212836   
7   -35.7518   0.0150549   0.0384332   0.092275   0.15457   0.199666   0.199666   0.15457   0.092275   0.0384332   0.0150549   
8   -35.3471   0.0159453   0.038218   0.0896095   0.154952   0.201275   0.201275   0.154952   0.0896095   0.038218   0.0159453   
9   -27.5347   0.0295188   0.113251   1.43251e-06   0.247849   0.109379   0.109379   0.247849   1.43251e-06   0.113251   0.0295188   
