-3.5   3.5
-3.5   3.5
-3.5   3.5
-3.5   3.5
-3.5   3.4999999999999996
-3.5   3.4999999999999996
-3.5   3.4999999999999996
-3.5   3.5

-2.5   2.5000687845757716
-2.5   2.5000906196464796
-2.5   2.5013348285233734
-2.5   2.504979163963128
-2.5   2.5056763915512708
-2.5   2.558643028336808
-2.5   3.4167417022468909
-2.5   2.9001373130329946
-2.5   3.1420383717038685
-2.5   2.5165770243722836
-2.5   2.5283723856348406
-2.5   2.5145861085822165
-2.5   2.507017900702277
-2.5   2.5010569089282213
-2.5   2.5007095774373749
-2.5   2.5067106514662996
-2.5   3.0702780627011275
-2.5   2.5108778752953667
-2.5   3.099261405066648
-2.5   2.5036648849142691
-2.5   2.5666699611855681
-2.5   2.6981473085909538
-2.5   2.876352377071004
-2.5   2.7689485291542448
-2.5   2.5030865729653229
-2.5   2.5700482885162614
-2.5   2.5132094286538322
-2.5   2.5002908009645854
-2.5   2.5021004009759578
-2.5   2.5000670946696504
-2.5   3.4750819703349975
-2.5   2.5003558482742139
-2.5   2.5168489612818359
-2.5   2.5028674485328075
-2.5   2.5006909903828314
-2.5   3.4922678544869985
-2.5   2.5000219565447774
-2.5   2.5013870778163265
-2.5   2.5000777982202309
-2.5   2.5057524306269658
-2.5   2.5000296029622118
-2.5   2.5004198367697481
-2.5   2.5008782422925298
-2.5   2.5000748492298825
-2.5   2.500067438749038
-2.5   2.6926684450322989
-2.5   3.3466671082065105
-2.5   2.5000294789903101
-2.5   2.5002704945124954
-2.5   2.5000480645216889
-2.5   2.5000403225529992
-2.5   2.5005880208409388
-2.5   2.5000181097561742
-2.5   2.5994301896036687
-2.5   2.5000800194391788
-2.5   3.4228988295406007

-1.5   1.5010579491431133
-1.5   1.5028438232779404
-1.5   1.6401224373042766
-1.5   1.51030044524554
-1.5   2.3978558988368741
-1.5   1.5397593598754975
-1.5   1.5078130050621108
-1.5   2.4557624232193813
-1.5   1.506092498777535
-1.5   2.2934749517025397
-1.5   1.7527205611368215
-1.5   1.5352604409036781
-1.5   1.5174817645467931
-1.5   1.5201455035515865
-1.5   1.5459654161702354
-1.5   2.4742130014721608
-1.5   1.6172905158952382
-1.5   1.8406415037990924
-1.5   2.1372933815153248
-1.5   2.0243867706889382
-1.5   1.8245888777418937
-1.5   1.8240588264660982
-1.5   1.5350792826670943
-1.5   3.353217110746991
-1.5   1.6629954223041814
-1.5   2.7255031986565035
-1.5   2.2607801121589417
-1.5   2.0194833306213185
-1.5   2.4903656357024184
-1.5   2.2664484624071068
-1.5   1.7127374669594402
-1.5   1.7749805495571529
-1.5   1.9517143065383871
-1.5   2.1859718472260452
-1.5   2.2313541256920635
-1.5   1.6034445880976387
-1.5   2.4316234957910647
-1.5   1.5486250061502953
-1.5   1.5301029506993298
-1.5   1.5062991873257121
-1.5   1.517420269940946
-1.5   2.4786410850677356
-1.5   1.5155805903065951
-1.5   1.5278627645994556
-1.5   2.4434618075097929
-1.5   1.5573465380490843
-1.5   2.4299285762204672
-1.5   1.569006478370869
-1.5   1.5021562548865228
-1.5   1.5440638726405269
-1.5   1.5163643751601317
-1.5   1.9524487207420145
-1.5   1.9524561242992338
-1.5   1.5370626829289447
-1.5   1.9935283794985779
-1.5   1.9679188935684762
-1.5   2.0574300622229802
-1.5   2.0469728258111766
-1.5   2.380931257061162
-1.5   2.0652750534059265
-1.5   2.1026963140100516
-1.5   2.171288888205662
-1.5   2.6222166436617731
-1.5   2.4060833020153445
-1.5   1.8481080147018152
-1.5   1.8650346414025449
-1.5   2.1072349485596855
-1.5   2.1887069915826864
-1.5   2.0666541069639726
-1.5   2.2166495511819226
-1.5   2.0474054512698991
-1.5   2.2982530723165051
-1.5   2.2489460613097343
-1.5   2.0103893688572918
-1.5   1.5053497338966566
-1.5   1.5121611781172866
-1.5   1.521424058496561
-1.5   1.502683995367549
-1.5   1.5191879882537789
-1.5   1.5721994751271851
-1.5   2.3804868348462587
-1.5   2.2166328922546614
-1.5   1.7101778703976067
-1.5   1.8768149286691935
-1.5   1.9540600877406979
-1.5   2.1856398276253755
-1.5   2.4277894516114182
-1.5   1.5086878351781601
-1.5   1.5143659474395355
-1.5   3.2473374664408095
-1.5   2.2668924392831977
-1.5   1.8920078558463271
-1.5   1.6132652448644307
-1.5   1.7101365123057906
-1.5   2.4325956220193543
-1.5   1.5518581646082734
-1.5   2.3114503770717767
-1.5   1.7581783469231302
-1.5   2.4355278237138216
-1.5   1.551354336335816
-1.5   1.5158394883073716
-1.5   1.6001187659932148
-1.5   2.9926471752396555
-1.5   2.4047390580477144
-1.5   1.5108601320822257
-1.5   2.2824712868621417
-1.5   1.5199929448570337
-1.5   1.5185786200793774
-1.5   2.4600042148714398
-1.5   2.0533576906171351
-1.5   1.9387447431579754
-1.5   2.1110623370983368
-1.5   2.0369365032398283
-1.5   1.5978444794730793
-1.5   1.502317151750022
-1.5   1.5086980141091724
-1.5   1.5044027937948696
-1.5   1.5050621478217137
-1.5   1.5052236685656744
-1.5   1.7517427052319454
-1.5   1.7297044651107769
-1.5   1.5374499337318461
-1.5   2.3273007139995916
-1.5   2.2840891470102247
-1.5   1.5044020309911166
-1.5   1.5413980703321388
-1.5   2.1035971564125586
-1.5   2.0802749643856835
-1.5   1.9865679395792459
-1.5   1.9897656598488718
-1.5   1.5042837678805978
-1.5   1.504650824552336
-1.5   1.5079862985278605
-1.5   1.9818775684681609
-1.5   1.9132174961894508
-1.5   1.879171222806185
-1.5   1.514975697825653
-1.5   1.9728023593288979
-1.5   2.1037056624269614
-1.5   3.3704521902839621
-1.5   2.4889985462597317
-1.5   1.501348556818344
-1.5   1.5929253780935828
-1.5   1.5086268419483444
-1.5   1.5016992619663179
-1.5   1.5138992226332015
-1.5   1.5052620984794625
-1.5   1.5719906418814937
-1.5   1.5029026750052261
-1.5   2.4379715672470437
-1.5   1.5055874482583653
-1.5   2.4935488411819575
-1.5   1.5017631727002452
-1.5   1.5431852290477956
-1.5   1.5259270892617192
-1.5   1.5011335210714223
-1.5   1.5443413985730317
-1.5   2.2956392381259159
-1.5   1.7441431890361665
-1.5   1.653203604979788
-1.5   1.8460173527408283
-1.5   2.132004152115953
-1.5   1.6933737787757379
-1.5   2.4638971833696459
-1.5   1.6538601275029592
-1.5   2.4722492497130273
-1.5   2.3922023648989419
-1.5   3.3966090751227918

-0.5   0.52820851136026792
-0.5   0.60065516218004134
-0.5   1.2816357186891734
-0.5   0.91045620719477438
-0.5   0.98845239400387386
-0.5   1.3170649434127442
-0.5   0.87636279201807921
-0.5   1.4247179763694156
-0.5   1.3183538305970388
-0.5   2.3603748226683554
-0.5   1.268019706004156
-0.5   0.91310010947994291
-0.5   1.4844934432920927
-0.5   2.4393670884299556
-0.5   0.59634331920984973
-0.5   1.481794143517714
-0.5   0.62769122621408435
-0.5   1.3582329158009354
-0.5   0.53982190864168866
-0.5   2.0724093504669283
-0.5   1.4249715105477372
-0.5   1.3345172943262502
-0.5   0.55697647024053709
-0.5   0.8543462357523588
-0.5   1.4878441676153877
-0.5   1.2098427047488529
-0.5   1.2072779564455713
-0.5   1.3032858902646571
-0.5   0.56441951074925045
-0.5   1.9388357393057585
-0.5   1.4344248094676202
-0.5   1.7898339003600481
-0.5   0.8147411565513869
-0.5   1.7731869747573716
-0.5   2.0555559015619158
-0.5   1.9938317033365913
-0.5   1.192951991493038
-0.5   1.623449122842104
-0.5   2.0848118473167063
-0.5   1.556540282099141
-0.5   2.2973674382252205
-0.5   1.4872698833351357
-0.5   1.4180425256060989
-0.5   1.9822020978022561
-0.5   1.0756410439199893
-0.5   2.8935861270299696
-0.5   2.0071212953003807
-0.5   1.7554231256208999
-0.5   1.8948859067207375
-0.5   1.719432469941665
-0.5   1.3227862582688767
-0.5   1.6460906445374097
-0.5   1.6035278984010919
-0.5   1.5190508877767841
-0.5   1.5831044721896279
-0.5   1.4972663676174434
-0.5   1.8208041737063927
-0.5   1.4731701521609595
-0.5   1.8069178190080613
-0.5   1.0966174604600867
-0.5   2.374170245918974
-0.5   0.65448484549233132
-0.5   1.4245904996777816
-0.5   0.94661372423653489
-0.5   0.66715136004659015
-0.5   1.2476582141234913
-0.5   0.75004875138595173
-0.5   1.462857272163429
-0.5   1.3856845959084698
-0.5   1.6990775650029186
-0.5   1.4341710915679111
-0.5   0.59411362561943726
-0.5   1.786897915810902
-0.5   1.4263493557132307
-0.5   1.9030073124099274
-0.5   1.3830784739023463
-0.5   1.7040804116633841
-0.5   1.0614200471029911
-0.5   2.1678272790077568
-0.5   1.152438250869684
-0.5   1.0197577860629059
-0.5   1.1180057947779594
-0.5   1.3035872223863678
-0.5   1.4848616723143655
-0.5   0.60031428340140836
-0.5   1.2247477913694331
-0.5   0.84378867211919273
-0.5   1.5003092973993688
-0.5   1.4254249559858236
-0.5   0.99884568725005662
-0.5   1.3924163639885963
-0.5   1.4556258358110317
-0.5   1.4664429450837255
-0.5   0.66134632297313134
-0.5   1.8534960725036731
-0.5   1.8880956711580019
-0.5   1.2277243091006875
-0.5   2.0943663838273827
-0.5   1.5041522684079869
-0.5   1.8122952962497574
-0.5   1.7294320975709598
-0.5   1.6804826143188318
-0.5   1.8764825049435605
-0.5   1.730516979045547
-0.5   1.574818178314914
-0.5   1.9105642495195871
-0.5   1.9754652303820697
-0.5   1.6648006962615258
-0.5   1.7738150494273581
-0.5   2.1814865789298126
-0.5   2.0421623331091099
-0.5   1.5090712666148614
-0.5   1.663627201061129
-0.5   1.6454494908532906
-0.5   1.368894295597187
-0.5   1.4413455585483699
-0.5   2.0917367594241787
-0.5   2.0212424345550488
-0.5   2.221709679455353
-0.5   2.1908080651579276
-0.5   1.8513469625423205
-0.5   0.54108887113301019
-0.5   0.56962854547098241
-0.5   1.2076904325197115
-0.5   0.95189931381377924
-0.5   1.4921653061005442
-0.5   0.54634914551991587
-0.5   0.69271797950948555
-0.5   1.41187405111616
-0.5   1.4837626523535403
-0.5   1.4973619807355329
-0.5   1.6052886224232248
-0.5   1.452052251707675
-0.5   1.9655424587087675
-0.5   1.2201757504690354
-0.5   1.1971082447309569
-0.5   2.4270571669365317
-0.5   1.4592820082920834
-0.5   1.3788059599564297
-0.5   1.2604795309537378
-0.5   2.3263912958626825
-0.5   2.1300582529873551
-0.5   1.4906418152450736
-0.5   0.94775162623605702
-0.5   1.4859416170254234
-0.5   1.4942561227519116
-0.5   1.4052012189722838
-0.5   3.0381379989509547
-0.5   1.1404653580396726
-0.5   1.4860282529888629
-0.5   2.041329810917317
-0.5   1.466559745611864
-0.5   1.46979885293262
-0.5   0.9761918414523838
-0.5   2.0415088748252979
-0.5   0.74103002632444914
-0.5   1.4400215438094965
-0.5   1.1848454741260288
-0.5   1.0497350948527111
-0.5   2.3245086657520022
-0.5   0.99283347262692923
-0.5   2.3094746200309242
-0.5   0.76475009704934904
-0.5   1.4799549862995502
-0.5   1.4493298070514156
-0.5   0.72040142615589797
-0.5   1.8957841471160193
-0.5   1.9219217445087069
-0.5   0.77172615229035313
-0.5   1.3950112000490229
-0.5   2.9943635437217337
-0.5   1.6158908539230876
-0.5   1.591441406097506
-0.5   1.4881053048061996
-0.5   1.2494353210407882
-0.5   1.4046777400121437
-0.5   2.3544243923819708
-0.5   1.0526522614816289
-0.5   1.8611087510778566
-0.5   1.7794059542590834
-0.5   1.1182971816363045
-0.5   1.8606045986556738
-0.5   1.733448368243355
-0.5   0.84122454819971382
-0.5   0.83306894534853293
-0.5   1.4716849877043103
-0.5   0.53481646249016901
-0.5   0.76809544803127827
-0.5   1.4907490258164
-0.5   1.3773603802985945
-0.5   1.4953646103405589
-0.5   0.55098180039443778
-0.5   0.54043258076363809
-0.5   1.3205950952760921
-0.5   1.4594010997777793
-0.5   0.81826047644290201
-0.5   0.59620457090077017
-0.5   1.6698781388946102
-0.5   1.9316770775861385
-0.5   1.7168861442010823
-0.5   2.1296851974357929
-0.5   2.1760896335218827
-0.5   1.4463449435836633
-0.5   0.5751355697139382
-0.5   0.57666131899581874
-0.5   0.60796586096819238
-0.5   1.4798664520650404
-0.5   0.52076524650655731
-0.5   0.70041051677270971
-0.5   1.5212274405729787
-0.5   1.8630601356217387
-0.5   2.3040518664722796
-0.5   1.5198932051653702
-0.5   1.5026724621454117
-0.5   1.4613904880878075
-0.5   0.84563093393608457
-0.5   1.4197046610607704
-0.5   0.97257041353682427
-0.5   0.63162867789113641
-0.5   1.2586058216845415
-0.5   0.50801338169720078
-0.5   0.5184304183554922
-0.5   0.53983116884220506
-0.5   0.56266096477000627
-0.5   1.0710506898223293
-0.5   1.0154374838413041
-0.5   1.1286444556900015
-0.5   1.8897821204803296
-0.5   2.4059134369357862
-0.5   1.7580380783652529
-0.5   2.336060151035888
-0.5   1.6303139525274708
-0.5   2.7245007772980676
-0.5   0.79897215884395156
-0.5   1.8857521599477076
-0.5   1.5402392883801195
-0.5   0.96355202422042896
-0.5   1.4506982253820648
-0.5   1.5438244105618142
-0.5   0.91852602504313552
-0.5   1.2838330490781278
-0.5   0.57143691868283342
-0.5   1.4697357699254685
-0.5   0.75849995266100012
-0.5   1.0607627285278851
-0.5   0.51926450212751285
-0.5   1.1988486837480945
-0.5   0.92670795711165765
-0.5   1.3533700742727233
-0.5   1.4152830251074831
-0.5   1.4922104845961126
-0.5   2.2896384617295236
-0.5   0.92504908364427019
-0.5   1.4679703783281652
-0.5   2.3811210911750225
-0.5   0.52049694754287645
-0.5   0.56870666957202953
-0.5   1.4822025034173629
-0.5   0.59452388950356472
-0.5   0.54871928130042447
-0.5   0.72966894637435264
-0.5   1.4990107105990738
-0.5   1.4220873575958763
-0.5   1.4122079687561595
-0.5   0.60597786692217026
-0.5   2.281384255496556
-0.5   1.4978526606858245
-0.5   1.1442731944208746
-0.5   0.79557931617591793
-0.5   1.5029897257424758
-0.5   1.4269936798649496
-0.5   2.3992876341342417
-0.5   0.86839962889557309
-0.5   1.6148922053624597
-0.5   1.5158555572829289
-0.5   2.3862592508086982
-0.5   1.5886985585125575
-0.5   2.4747280621632282
-0.5   2.3846522471861653
-0.5   3.3848810135366785

0.5   0.52820851136025126
0.5   0.6006551621800702
0.5   1.2816357186891931
0.5   0.91045620719480258
0.5   0.98845239400388096
0.5   1.3170649434127668
0.5   0.87636279201801148
0.5   1.4247179763694224
0.5   1.318353830596992
0.5   2.3603748226683634
0.5   1.2680197060039975
0.5   0.91310010948013476
0.5   1.4844934432920915
0.5   2.4393670884299525
0.5   0.59634331920987371
0.5   1.4817941435177062
0.5   0.62769122621409945
0.5   1.3582329158009834
0.5   0.53982190864169555
0.5   2.0724093504669776
0.5   1.4249715105476199
0.5   1.3345172943262427
0.5   0.55697647024054064
0.5   0.8543462357523639
0.5   1.4878441676153895
0.5   1.209842704748892
0.5   1.207277956445459
0.5   1.3032858902647118
0.5   0.56441951074925933
0.5   1.9388357393058064
0.5   1.4344248094674965
0.5   1.7898339003600205
0.5   0.81474115655155144
0.5   1.7731869747574707
0.5   2.0555559015618217
0.5   1.9938317033368071
0.5   1.1929519914927198
0.5   1.6234491228421395
0.5   2.0848118473165673
0.5   1.5565402820991348
0.5   2.2973674382252964
0.5   1.4872698833351594
0.5   1.4180425256061058
0.5   1.9822020978022428
0.5   1.0756410439199897
0.5   2.8935861270299692
0.5   2.0071212953004376
0.5   1.7554231256209749
0.5   1.8948859067206651
0.5   1.7194324699415295
0.5   1.3227862582688499
0.5   1.6460906445374088
0.5   1.6035278984011812
0.5   1.5190508877767881
0.5   1.5831044721895773
0.5   1.4972663676174451
0.5   1.8208041737064367
0.5   1.4731701521607832
0.5   1.8069178190081692
0.5   1.0966174604601138
0.5   2.3741702459189904
0.5   0.65448484549233843
0.5   1.4245904996778054
0.5   0.94661372423651535
0.5   0.6671513600465484
0.5   1.2476582141234911
0.5   0.75004875138611049
0.5   1.4628572721633253
0.5   1.3856845959084827
0.5   1.6990775650028489
0.5   1.4341710915678969
0.5   0.59411362561944903
0.5   1.7868979158109526
0.5   1.4263493557132363
0.5   1.9030073124099989
0.5   1.3830784739023307
0.5   1.7040804116632975
0.5   1.0614200471030102
0.5   2.1678272790077662
0.5   1.1524382508696913
0.5   1.0197577860629186
0.5   1.1180057947779418
0.5   1.3035872223863711
0.5   1.4848616723143644
0.5   0.60031428340140813
0.5   1.2247477913694005
0.5   0.8437886721295913
0.5   1.5003092973993724
0.5   1.4254249559785672
0.5   0.9988456872500846
0.5   1.3924163639885854
0.5   1.4556258358110243
0.5   1.4664429450837213
0.5   0.66134632297312534
0.5   1.8534960725036829
0.5   1.888095671158009
0.5   1.2277243091006693
0.5   2.0943663838273463
0.5   1.5041522684079678
0.5   1.8122952962497387
0.5   1.7294320975709967
0.5   1.6804826143188158
0.5   1.8764825049435609
0.5   1.7305169790455155
0.5   1.5748181783149229
0.5   1.9105642495195796
0.5   1.9754652303821274
0.5   1.6648006962614854
0.5   1.7738150494273826
0.5   2.1814865789298556
0.5   2.0421623331091721
0.5   1.5090712666148578
0.5   1.6636272010610327
0.5   1.6454494908532911
0.5   1.3688942955971586
0.5   1.4413455585483073
0.5   2.0917367594236436
0.5   2.0212424345555631
0.5   2.2217096794554352
0.5   2.1908080651579387
0.5   1.8513469625423227
0.5   0.5410888711330113
0.5   0.56962854547098241
0.5   1.2076904325197089
0.5   0.9518993138137819
0.5   1.4921653061005482
0.5   0.54634914551992186
0.5   0.69271797950940384
0.5   1.4118740511162076
0.5   1.4837626523535368
0.5   1.4973619807355332
0.5   1.6052886224232652
0.5   1.4520522517076717
0.5   1.9655424587087293
0.5   1.2201757504690254
0.5   1.1971082447309562
0.5   2.4270571669365339
0.5   1.4592820082920752
0.5   1.3788059599564302
0.5   1.2604795309537444
0.5   2.3263912958626891
0.5   2.1300582529873529
0.5   1.4906418152450851
0.5   0.94775162623604747
0.5   1.4859416170254232
0.5   1.4942561227519122
0.5   1.405201218972284
0.5   3.0381379989509361
0.5   1.1404653580397182
0.5   1.4860282529888647
0.5   2.0413298109172917
0.5   1.466559745611878
0.5   1.469798852932654
0.5   0.97619184145235183
0.5   2.0415088748252992
0.5   0.7410300263244427
0.5   1.4400215438095008
0.5   1.1848454741260366
0.5   1.0497350948527124
0.5   2.3245086657519995
0.5   0.99283347262692789
0.5   2.3094746200309229
0.5   0.76475009704935237
0.5   1.4799549862995536
0.5   1.4493298070514158
0.5   0.72040142615588576
0.5   1.8957841471160157
0.5   1.9219217445087091
0.5   0.77172615229035646
0.5   1.3950112000490289
0.5   2.9943635437217262
0.5   1.6158908539230823
0.5   1.5914414060975002
0.5   1.4881053048062012
0.5   1.24943532104081
0.5   1.4046777400121442
0.5   2.354424392381965
0.5   1.0526522614818732
0.5   1.8611087510778361
0.5   1.7794059542589284
0.5   1.1182971816363343
0.5   1.8606045986556614
0.5   1.7334483682433581
0.5   0.84122454819971115
0.5   0.83306894534851583
0.5   1.4716849877043245
0.5   0.53481646249016412
0.5   0.76809544803133289
0.5   1.4907490258164002
0.5   1.3773603802985557
0.5   1.4953646103405545
0.5   0.55098180039442979
0.5   0.5404325807636523
0.5   1.3205950952760619
0.5   1.4594010997777715
0.5   0.8182604764429291
0.5   0.59620457090079237
0.5   1.6698781388946293
0.5   1.9316770775860892
0.5   1.7168861442010241
0.5   2.129685197435836
0.5   2.1760896335219151
0.5   1.4463449435836608
0.5   0.57513556971394197
0.5   0.57666131899584827
0.5   0.60796586096817062
0.5   1.4798664520650442
0.5   0.52076524650655953
0.5   0.70041051677263155
0.5   1.5212274405742123
0.5   1.8630601356206835
0.5   2.304051866472296
0.5   1.5198932051653591
0.5   1.502672462145378
0.5   1.4613904880878152
0.5   0.84563093393619937
0.5   1.4197046610607442
0.5   0.97257041353670393
0.5   0.63162867789111932
0.5   1.258605821684629
0.5   0.50801338169719923
0.5   0.51843041835550174
0.5   0.53983116884221105
0.5   0.56266096477000693
0.5   1.0710506898223522
0.5   1.0154374838411175
0.5   1.1286444556899839
0.5   1.8897821204804552
0.5   2.4059134369357702
0.5   1.7580380783651601
0.5   2.3360601510357215
0.5   1.630313952527553
0.5   2.7245007772982381
0.5   0.79897215884402173
0.5   1.8857521599477169
0.5   1.5402392883801186
0.5   0.96355202422049402
0.5   1.4506982253819782
0.5   1.5438244105617827
0.5   0.91852602504314151
0.5   1.2838330490780949
0.5   0.5714369186828363
0.5   1.4697357699254849
0.5   0.75849995266096548
0.5   1.0607627285279453
0.5   0.51926450212753128
0.5   1.1988486837481118
0.5   0.92670795711167342
0.5   1.3533700742727039
0.5   1.4152830251075084
0.5   1.4922104845961031
0.5   2.2896384617294392
0.5   0.92504908364422622
0.5   1.4679703783282052
0.5   2.3811210911750376
0.5   0.52049694754287334
0.5   0.56870666957209792
0.5   1.4822025034173278
0.5   0.59452388950359314
0.5   0.54871928130039183
0.5   0.72966894637445945
0.5   1.499010710599074
0.5   1.4220873575958293
0.5   1.4122079687561873
0.5   0.60597786692199995
0.5   2.2813842554967283
0.5   1.4978526606858855
0.5   1.1442731944205922
0.5   0.79557931617592281
0.5   1.5029897257424554
0.5   1.4269936798648655
0.5   2.399287634134307
0.5   0.86839962889554068
0.5   1.6148922053624717
0.5   1.5158555572829608
0.5   2.3862592508086613
0.5   1.588698558512585
0.5   2.4747280621632277
0.5   2.3846522471861742
0.5   3.3848810135366469

1.5   1.5010579491431133
1.5   1.5028438232779422
1.5   1.640122437304278
1.5   1.5103004452455404
1.5   2.3978558988368674
1.5   1.5397593598754931
1.5   1.5078130050621139
1.5   2.4557624232193858
1.5   1.5060924987775328
1.5   2.2934749517024549
1.5   1.7527205611369241
1.5   1.5352604409036767
1.5   1.517481764546794
1.5   1.5201455035515856
1.5   1.5459654161702368
1.5   2.4742130014721679
1.5   1.6172905158952471
1.5   1.8406415037990853
1.5   2.1372933815153199
1.5   2.0243867706890071
1.5   1.8245888777418315
1.5   1.8240588264660871
1.5   1.5350792826671
1.5   3.353217110746991
1.5   1.6629954223040957
1.5   2.7255031986565861
1.5   2.260780112158931
1.5   2.0194833306212971
1.5   2.4903656357024149
1.5   2.2664484624071242
1.5   1.7127374669594571
1.5   1.7749805495571684
1.5   1.9517143065383897
1.5   2.1859718472260288
1.5   2.2313541256920368
1.5   1.6034445880976502
1.5   2.4316234957910656
1.5   1.5486250061502971
1.5   1.5301029506993338
1.5   1.5062991873257139
1.5   1.5174202699409518
1.5   2.4786410850677321
1.5   1.515580590306596
1.5   1.5278627645994671
1.5   2.443461807509792
1.5   1.5573465380490776
1.5   2.429928576220465
1.5   1.5690064783708695
1.5   1.5021562548865233
1.5   1.5440638726405247
1.5   1.5163643751601334
1.5   1.9524487207420145
1.5   1.9524561242992311
1.5   1.5370626829288985
1.5   1.9935283794985779
1.5   1.9679188935685166
1.5   2.0574300622229895
1.5   2.0469728258111659
1.5   2.3809312570611372
1.5   2.0652750534059123
1.5   2.1026963140100405
1.5   2.1712888882056616
1.5   2.6222166436617886
1.5   2.4060833020153778
1.5   1.8481080147018067
1.5   1.8650346414025432
1.5   2.1072349485596891
1.5   2.1887069915826554
1.5   2.066654106963981
1.5   2.2166495511816766
1.5   2.0474054512701483
1.5   2.2982530723165397
1.5   2.2489460613097254
1.5   2.0103893688572949
1.5   1.5053497338966566
1.5   1.512161178117287
1.5   1.5214240584965601
1.5   1.5026839953675477
1.5   1.519187988253778
1.5   1.5721994751271824
1.5   2.380486834846264
1.5   2.2166328922546863
1.5   1.7101778703975978
1.5   1.8768149286691709
1.5   1.9540600877407019
1.5   2.1856398276253737
1.5   2.4277894516114129
1.5   1.5086878351781676
1.5   1.5143659474395359
1.5   3.2473374664408134
1.5   2.2668924392831973
1.5   1.8920078558463183
1.5   1.6132652448644258
1.5   1.7101365123057963
1.5   2.4325956220193592
1.5   1.5518581646082725
1.5   2.3114503770717643
1.5   1.7581783469231445
1.5   2.4355278237138211
1.5   1.5513543363358164
1.5   1.5158394883073698
1.5   1.6001187659932059
1.5   2.9926471752396631
1.5   2.4047390580477255
1.5   1.5108601320822239
1.5   2.2824712868621417
1.5   1.5199929448570333
1.5   1.5185786200793756
1.5   2.4600042148714394
1.5   2.0533576906171254
1.5   1.938744743157963
1.5   2.1110623370983488
1.5   2.0369365032398408
1.5   1.5978444794730811
1.5   1.5023171517500225
1.5   1.508698014109171
1.5   1.5044027937948692
1.5   1.5050621478217137
1.5   1.5052236685656748
1.5   1.7517427052319499
1.5   1.7297044651107925
1.5   1.5374499337318368
1.5   2.3273007139995738
1.5   2.2840891470102256
1.5   1.5044020309911148
1.5   1.5413980703321486
1.5   2.1035971564125191
1.5   2.0802749643856076
1.5   1.986567939579293
1.5   1.9897656598489535
1.5   1.5042837678806
1.5   1.5046508245523382
1.5   1.5079862985278583
1.5   1.9818775684681658
1.5   1.9132174961894068
1.5   1.8791712228061828
1.5   1.5149756978256605
1.5   1.9728023593289143
1.5   2.103705662426949
1.5   3.3704521902839839
1.5   2.4889985462597384
1.5   1.5013485568183462
1.5   1.5929253780935784
1.5   1.5086268419483422
1.5   1.5016992619663201
1.5   1.513899222633198
1.5   1.5052620984794611
1.5   1.5719906418815697
1.5   1.5029026750052266
1.5   2.4379715672469833
1.5   1.5055874482583658
1.5   2.4935488411819522
1.5   1.5017631727002461
1.5   1.5431852290478112
1.5   1.5259270892616987
1.5   1.5011335210714152
1.5   1.5443413985730379
1.5   2.2956392381259656
1.5   1.7441431890361017
1.5   1.6532036049796628
1.5   1.8460173527409256
1.5   2.1320041521160005
1.5   1.6933737787757432
1.5   2.4638971833696313
1.5   1.6538601275029348
1.5   2.4722492497130419
1.5   2.3922023648989597
1.5   3.3966090751228042

2.5   2.5000687845757721
2.5   2.5000906196464796
2.5   2.5013348285233752
2.5   2.5049791639631276
2.5   2.5056763915512703
2.5   2.558643028336824
2.5   3.416741702246874
2.5   2.9001373130329977
2.5   3.1420383717038698
2.5   2.5165770243722765
2.5   2.5283723856348499
2.5   2.5145861085822117
2.5   2.5070179007022779
2.5   2.5010569089282217
2.5   2.5007095774373749
2.5   2.5067106514662996
2.5   3.0702780627011355
2.5   2.5108778752953631
2.5   3.0992614050666458
2.5   2.5036648849142691
2.5   2.5666699611855601
2.5   2.698147308590956
2.5   2.8763523770709991
2.5   2.7689485291542471
2.5   2.5030865729653238
2.5   2.5700482885162672
2.5   2.5132094286538313
2.5   2.5002908009645846
2.5   2.5021004009759573
2.5   2.5000670946696499
2.5   3.4750819703349962
2.5   2.500355848274213
2.5   2.516848961281835
2.5   2.502867448532808
2.5   2.5006909903828314
2.5   3.4922678544870012
2.5   2.5000219565447774
2.5   2.5013870778163265
2.5   2.5000777982202309
2.5   2.5057524306269658
2.5   2.5000296029622131
2.5   2.5004198367697494
2.5   2.5008782422925306
2.5   2.5000748492298834
2.5   2.500067438749038
2.5   2.6926684450322957
2.5   3.3466671082065158
2.5   2.500029478990311
2.5   2.5002704945124949
2.5   2.5000480645216898
2.5   2.5000403225529992
2.5   2.5005880208409379
2.5   2.5000181097561738
2.5   2.5994301896036434
2.5   2.5000800194391779
2.5   3.4228988295406189

3.5   3.5
3.5   3.5
3.5   3.5
3.5   3.5
3.5   3.4999999999999996
3.5   3.4999999999999996
3.5   3.4999999999999996
3.5   3.5

