0   -27.4347   0.0295263   0.11326   1.44492e-06   0.24784   0.109372   0.109372   0.24784   1.44492e-06   0.11326   0.0295263   
1   -35.2083   0.0159517   0.0382304   0.08962   0.154945   0.201252   0.201252   0.154945   0.08962   0.0382304   0.0159517   
2   -35.6065   0.0150708   0.0384647   0.0922959   0.154561   0.199607   0.199607   0.154561   0.0922959   0.0384647   0.0150708   
3   -35.5938   0.021302   0.0454023   0.101815   0.146187   0.185295   0.185295   0.146187   0.101815   0.0454023   0.021302   
4   -35.4594   0.0158615   0.0414073   0.0954931   0.153845   0.193393   0.193393   0.153845   0.0954931   0.0414073   0.0158615   
5   -35.4594   0.0158615   0.0414073   0.0954931   0.153845   0.193393   0.193393   0.153845   0.0954931   0.0414073   0.0158615   
6   -35.5938   0.021302   0.0454023   0.101815   0.146187   0.185295   0.185295   0.146187   0.101815   0.0454023   0.021302   
7   -35.6065   0.0150708   0.0384647   0.0922959   0.154561   0.199607   0.199607   0.154561   0.0922959   0.0384647   0.0150708   
8   -35.2083   0.0159517   0.0382304   0.08962   0.154945   0.201252   0.201252   0.154945   0.08962   0.0382304   0.0159517   
9   -27.4347   0.0295263   0.11326   1.44492e-06   0.24784   0.109372   0.109372   0.24784   1.44492e-06   0.11326   0.0295263   
