-3   3
-3   3.0000000000000004
-3   3.0000000000000004
-3   3
-3   3.0000000000000009
-3   3.0000000000000004
-3   2.9999999999999996

-2   2.0000230984103302
-2   2.0018101627346763
-2   2.0024310248330224
-2   2.0052333923837087
-2   2.0136986754464896
-2   2.9470866582803872
-2   2.0032788605528729
-2   2.059309902093307
-2   2.926371349561653
-2   2.0807889476546881
-2   2.00626757287186
-2   2.0406168061409411
-2   2.0019759481408466
-2   2.3652037567935458
-2   2.0005947541486733
-2   2.0003751256990645
-2   2.1549434377060019
-2   2.5463157129321514
-2   2.0174033018004423
-2   2.0009575244802331
-2   2.9404757405586515
-2   2.0422051634214053
-2   2.0007267741234331
-2   2.0284888711714237
-2   2.0000008911520522
-2   2.9915791921124848
-2   2.0001165247306565
-2   2.0025236708477783
-2   2.0000575486989658
-2   2.000235346767925
-2   2.0069700342706334
-2   2.0002101915586037
-2   2.9282080417413883
-2   2.0001033221610922
-2   2.0904673996245777
-2   2.000014389190671
-2   2.0002937802840006
-2   2.0013689189407291
-2   2.0000126025413931
-2   2.088267665103444
-2   2.0000789008077877
-2   2.9341475197749811

-1   1.0069549831003717
-1   1.083083387533718
-1   1.0088098939914885
-1   1.942322179241434
-1   1.0118755475563137
-1   1.9828164444870304
-1   1.0158695970773606
-1   1.0841877369068678
-1   1.9461439077853124
-1   1.0341750886635175
-1   1.1113310026486607
-1   1.5492960246111185
-1   1.9227232381681856
-1   1.5672791039229046
-1   2.1119255454691683
-1   2.1579359647592078
-1   1.4449848991626324
-1   1.1782674007632841
-1   1.4353256536669126
-1   1.6952345727256821
-1   2.46863124477396
-1   1.6686494907209579
-1   1.2235765683304975
-1   1.9951070092335903
-1   1.8799005475350969
-1   1.7385429523653637
-1   1.1432252389731841
-1   1.0355075647542158
-1   1.0035027443612374
-1   1.99850788089286
-1   1.0591052223559518
-1   1.4949113064888699
-1   1.5110648392804689
-1   1.681018544357856
-1   1.7844458729656063
-1   1.9094183529254058
-1   1.5270531426321425
-1   1.3523161361490186
-1   1.5216806801389167
-1   1.6424711625009718
-1   1.7181120615862602
-1   1.2972804126443962
-1   1.752379900148465
-1   1.8903686958477053
-1   1.0193107921003135
-1   1.1126511978420774
-1   1.6416594133053333
-1   1.4973326046845312
-1   1.0481028316786654
-1   1.9261486701881712
-1   2.9294200222079674
-1   1.0331974592668938
-1   1.9811196007173324
-1   1.4035745232863219
-1   1.5445272799569176
-1   1.7895175982029023
-1   1.5661535270782516
-1   1.7671682372425614
-1   1.9701364466983451
-1   1.3253341932802927
-1   2.388625655511408
-1   1.0028213336933898
-1   1.0535438852096894
-1   1.5769968660911333
-1   1.5442736536520845
-1   1.0059900500784742
-1   1.9681378290275227
-1   1.0042937782825152
-1   1.0235992893222721
-1   1.6508162835170381
-1   1.2430816714159634
-1   1.7743526224806145
-1   1.232049193988608
-1   1.0992534428368188
-1   1.2911338812881161
-1   1.9766195582187853
-1   1.9802396995122487
-1   1.0419359892492954
-1   1.0098261172523744
-1   1.1048754876943048
-1   2.2635348076490187
-1   1.7383293411368386
-1   1.0024920782668543
-1   2.1948163647579979
-1   1.3501549321268971
-1   1.8236629814510414
-1   1.017159935330465
-1   1.0063801232420722
-1   1.002937217008844
-1   1.0087433653229356
-1   1.994585575436409
-1   1.0281723849086386
-1   1.0097852874741573
-1   1.9748356983513613
-1   1.0252888219414082
-1   1.0177658568953312
-1   1.0720367010199803
-1   1.7700418074528423
-1   1.289876853644742
-1   1.1940937153782909
-1   1.9391108017876117
-1   1.1394141811672041
-1   1.9859868076285774
-1   1.9282333613970324
-1   2.922170179676205

0   0.017615529100632354
0   1.002644733401358
0   0.40949909207595625
0   1.0030455996024958
0   1.0022297249712309
0   1.8764021970797997
0   1.0014895263073536
0   1.9911677944009982
0   1.0026866757318924
0   0.4892292788803605
0   0.035321267741348361
0   1.002011457559753
0   1.0246837969155571
0   1.8501046139684512
0   0.029972061300217567
0   1.0062854945601749
0   1.2915588917045824
0   1.9869608536457659
0   1.3134073468624481
0   1.6645863191624435
0   1.2511933180896109
0   2.3971636918003649
0   1.0040155890363627
0   1.9521651490292671
0   1.3659552812584781
0   1.3661310458550331
0   2.1141135382803045
0   1.1245837109156831
0   1.3061279632721881
0   0.57914648285945525
0   1.0378741164052134
0   2.0166417444329712
0   1.7579434342965836
0   1.940890046266031
0   0.37419168661839519
0   1.0001202666303501
0   0.086492313963371426
0   1.0020799090334915
0   1.0193242912628468
0   1.9114307758249232
0   1.0018885575746692
0   1.3020794084866609
0   1.3021163430498544
0   0.33235081088626428
0   1.0114704044854901
0   0.84622096189921092
0   1.0005957560163494
0   1.1580456485844046
0   0.98641173700251494
0   2.0287838107428922
0   1.9515583876986633
0   1.0021714452484516
0   1.2324010134363768
0   1.5056700871868469
0   1.2031200674528284
0   1.6341253534399511
0   1.4876691518636282
0   1.8735313780665908
0   1.4152051442000839
0   1.0058003954593664
0   0.077779187620866885
0   1.9843406998244522
0   1.0075344960416517
0   1.0553713705930028
0   1.0453233889436244
0   1.9872548156312138
0   1.0013579339202514
0   0.7041225229937127
0   2.9462737370769956
0   1.7598673960379063
0   1.0003831547358122
0   1.9860755227933438
0   1.9903603829465553
0   1.0161442373603811
0   0.021791751082902211
0   1.304207226261682
0   1.3039496037604272
0   0.067925131330878408
0   1.0002979199696072
0   2.7915731867252953
0   1.3027105757731412
0   1.1199212455550434
0   1.9992761337551688
0   1.0028210163871092
0   1.000113571408886
0   1.0000418509115532
0   1.9963403393139174
0   0.0062397095254579371
0   1.0022458364677866
0   0.3251546495844152
0   1.0008043120933232
0   0.11628207192764428
0   1.0012421244310832
0   0.13535238788049619
0   1.9124459351397101
0   1.9564853938879709
0   1.0001688134035156
0   1.000267182745316
0   1.0042411524685015
0   1.9874038447105931
0   1.9804489023946004
0   1.0308239052709107
0   1.0001721986553844
0   0.1436898777900486
0   0.072490959627529161
0   1.0179927709679988
0   2.6377185613020036
0   1.526869717513649
0   0.091130812946537909
0   1.0004635456368922
0   0.97704165591899361
0   1.0005365510949296
0   1.9733997830592562
0   1.6112981011839143
0   0.071158980549518414
0   0.019562814806064477
0   1.0002015641645368
0   1.0064456436969031
0   1.0006921728374789
0   1.003828035900197
0   0.94296064007338498
0   0.066789879381349282
0   1.000052401166591
0   1.004833316317471
0   1.6081567037043589
0   1.9770924758925781
0   0.019097683601247639
0   1.0001504469255429
0   0.22311511460932087
0   1.0000409651828299
0   1.0087553373077551
0   1.9994530740013028
0   1.0384705926161601
0   0.36978819498807303
0   1.000014973167999
0   1.9189270596990857
0   1.1340684804986207
0   1.9945802554910594
0   1.9306535527502531
0   2.9157063489428947

1   1.0069549831003703
1   1.0830833875337234
1   1.0088098939914891
1   1.9423221792414354
1   1.0118755475563135
1   1.982816444487034
1   1.015869597077355
1   1.0841877369068567
1   1.9461439077853231
1   1.0341750886635175
1   1.11133100264865
1   1.5492960246110741
1   1.9227232381681882
1   1.5672791039229392
1   2.1119255454691914
1   2.157935964759182
1   1.4449848991626408
1   1.1782674007632852
1   1.4353256536669059
1   1.6952345727256608
1   2.468631244773988
1   1.6686494907209641
1   1.2235765683305255
1   1.995107009233557
1   1.879900547535081
1   1.7385429523653748
1   1.1432252389731856
1   1.0355075647542125
1   1.003502744361237
1   1.9985078808928565
1   1.0591052223559525
1   1.4949113064888742
1   1.5110648392804684
1   1.6810185443578658
1   1.784445872965609
1   1.909418352925405
1   1.5270531426321519
1   1.3523161361489744
1   1.5216806801389171
1   1.6424711625009736
1   1.7181120615862828
1   1.2972804126443938
1   1.7523799001484619
1   1.8903686958477026
1   1.0193107921003135
1   1.1126511978420766
1   1.641659413305339
1   1.4973326046845246
1   1.0481028316786678
1   1.9261486701881712
1   2.9294200222079665
1   1.0331974592668944
1   1.9811196007173328
1   1.4035745232863148
1   1.5445272799569105
1   1.7895175982029063
1   1.5661535270782578
1   1.7671682372425606
1   1.9701364466983562
1   1.3253341932802913
1   2.3886256555113969
1   1.0028213336933891
1   1.0535438852096928
1   1.5769968660911373
1   1.5442736536520774
1   1.0059900500784735
1   1.96813782902752
1   1.0042937782825128
1   1.0235992893222714
1   1.6508162835170102
1   1.2430816714158923
1   1.7743526224806647
1   1.2320491939886482
1   1.0992534428368246
1   1.2911338812881081
1   1.9766195582187849
1   1.9802396995122473
1   1.0419359892492994
1   1.0098261172523779
1   1.1048754876942739
1   2.2635348076490902
1   1.7383293411368359
1   1.002492078266854
1   2.1948163647579295
1   1.350154932126902
1   1.8236629814510565
1   1.0171599353304601
1   1.0063801232420728
1   1.0029372170088449
1   1.0087433653229274
1   1.9945855754364099
1   1.0281723849086488
1   1.0097852874741462
1   1.9748356983513538
1   1.0252888219414091
1   1.0177658568953307
1   1.0720367010200889
1   1.7700418074526683
1   1.289876853644861
1   1.1940937153782869
1   1.9391108017876042
1   1.1394141811671661
1   1.9859868076286014
1   1.9282333613970373
1   2.9221701796762036

2   2.0000230984103315
2   2.0018101627346763
2   2.0024310248330228
2   2.0052333923837118
2   2.0136986754464892
2   2.9470866582803859
2   2.0032788605528702
2   2.059309902093307
2   2.9263713495616561
2   2.0807889476546881
2   2.0062675728718595
2   2.0406168061409415
2   2.001975948140847
2   2.3652037567935404
2   2.0005947541486733
2   2.0003751256990649
2   2.1549434377060726
2   2.5463157129320955
2   2.0174033018004418
2   2.0009575244802336
2   2.9404757405586515
2   2.0422051634214071
2   2.0007267741234331
2   2.0284888711714233
2   2.0000008911520526
2   2.991579192112487
2   2.0001165247306565
2   2.0025236708477783
2   2.0000575486989658
2   2.0002353467679255
2   2.0069700342706351
2   2.0002101915586037
2   2.9282080417413794
2   2.0001033221610909
2   2.0904673996245862
2   2.0000143891906719
2   2.0002937802840006
2   2.0013689189407287
2   2.0000126025413945
2   2.0882676651034489
2   2.0000789008077877
2   2.9341475197749762

3   3
3   3.0000000000000004
3   3.0000000000000004
3   3
3   3.0000000000000009
3   3.0000000000000004
3   2.9999999999999996

