-1.5   1.4999999999999998
-1.5   1.5
-1.5   1.5
-1.5   1.5

-0.5   0.50636752072289259
-0.5   0.50000000000000022
-0.5   1.4989207543529395
-0.5   0.50000000000000022
-0.5   1.4962818976502541
-0.5   0.50199633001890698
-0.5   1.5000000000000009
-0.5   0.5
-0.5   0.50104095737784959
-0.5   0.50909454855546343
-0.5   0.50000000000000022
-0.5   1.4955067939050883

0.5   0.50636752072289237
0.5   0.5
0.5   1.4989207543529393
0.5   0.50000000000000022
0.5   1.4962818976502534
0.5   0.50199633001890676
0.5   1.4999999999999991
0.5   0.5
0.5   0.50104095737784959
0.5   0.50909454855546366
0.5   0.5
0.5   1.4955067939050892

1.5   1.4999999999999998
1.5   1.5
1.5   1.5
1.5   1.5

