-4   4
-4   4
-4   4
-4   4
-4   4
-4   4
-4   4.0000000000000009
-4   3.9999999999999991
-4   4

-3   3.0000273903035115
-3   3.0000428567759507
-3   3.0003872765751947
-3   3.0011441072588689
-3   3.0001349369261607
-3   3.0250227747898109
-3   3.0081467447566181
-3   3.8553070099837896
-3   3.0004708664825492
-3   3.1524467893689572
-3   3.8637350778803832
-3   3.1543588462432623
-3   3.0012147446467519
-3   3.0001447073663905
-3   3.0052286579392784
-3   3.0003756952974387
-3   3.0022273849599199
-3   3.0001783126981705
-3   3.7974689819851255
-3   3.000638803148151
-3   3.024729384273642
-3   3.1696502789151833
-3   3.0037256770175818
-3   3.0512108012981711
-3   3.0097499142902335
-3   3.0016912749652107
-3   3.7653137006535129
-3   3.0002922226760673
-3   3.2671009663740205
-3   3.0001009250699986
-3   3.0032772263864205
-3   3.0000511987195306
-3   3.0018000126250954
-3   3.0034539877566351
-3   3.3008818066208465
-3   3.0024263086763647
-3   3.1836802549146208
-3   3.5748853803320095
-3   3.0056179362269675
-3   3.0060190001049123
-3   3.0742494133834533
-3   3.0091439595153728
-3   3.9318329833976282
-3   3.0000774260052259
-3   3.0001455660739529
-3   3.0002061257671837
-3   3.0012210310292597
-3   3.0000834632600726
-3   3.000012529061268
-3   3.7475373003279602
-3   3.0000385558622704
-3   3.2992607016416895
-3   3.0000122776578313
-3   3.001973899656309
-3   3.0001301250516104
-3   3.0001638879278461
-3   3.0000058654651949
-3   3.0000241640774976
-3   3.032094049403423
-3   3.0000129073876352
-3   3.9291371330791343
-3   3.0000695175064469
-3   3.0573700841785327
-3   3.0000311776138027
-3   3.0000395200763803
-3   3.000205816314081
-3   3.0000275684718485
-3   3.0000336133292462
-3   3.0000171902226707
-3   3.1061905320523784
-3   3.0000769269064702
-3   3.9150817802660551

-2   2.0003305244782488
-2   2.0005506659891688
-2   2.0012420477064436
-2   2.1540911118506285
-2   2.0107095940601432
-2   2.8805892263230626
-2   2.0036349217278042
-2   2.1213187789926615
-2   2.0044690533297049
-2   2.8974445165999723
-2   2.0015618806329987
-2   2.8763488572002984
-2   2.003857886465906
-2   2.1372657737942999
-2   2.024702413937618
-2   2.0123192635665332
-2   2.0201450354014634
-2   2.0236490220652588
-2   2.0165055621985633
-2   2.8608128155676611
-2   2.1565941601129492
-2   2.0042226819293565
-2   2.1001773376419419
-2   2.957184069385296
-2   2.7064104702705785
-2   2.6939832189803838
-2   2.0357300963823404
-2   2.3309997562158999
-2   2.249541421869135
-2   2.5528314482574381
-2   2.5812102402153614
-2   2.1254380399987225
-2   3.0417423376092234
-2   2.5894512406195611
-2   2.2852163549270044
-2   2.1489674483073649
-2   2.8664817838147925
-2   2.519480457492286
-2   2.3332268531677434
-2   3.1851425773527855
-2   2.3691156743021735
-2   2.5312791707839795
-2   3.0470503553505544
-2   2.3499836338820441
-2   2.4278683146084923
-2   2.3266828671913902
-2   2.2108901756711754
-2   2.5728532286161063
-2   2.2479030153767812
-2   2.1646885230714097
-2   2.4298785137559635
-2   2.4496562878477257
-2   2.0132911727584242
-2   2.0023018525085621
-2   2.0092737213849068
-2   2.0087640913056712
-2   2.0515938040584776
-2   2.123911635186337
-2   2.9059738542639035
-2   2.5493505234636236
-2   2.3885190438504096
-2   2.9481868409031549
-2   2.1147730610435009
-2   2.0832031299381688
-2   2.1554713268670826
-2   2.0249847415609339
-2   2.2973596804326823
-2   2.52985156605734
-2   2.0605193531043189
-2   2.9895256728467468
-2   2.371064415314065
-2   2.0822590115070021
-2   3.1853976376490256
-2   2.6394482187858608
-2   2.9010292786067029
-2   2.1572880357600361
-2   2.6888385568347908
-2   2.0534508430297893
-2   2.0953929660640145
-2   2.0937612194386799
-2   2.0794999991256153
-2   2.6723335664747934
-2   2.3310586840233825
-2   2.2818649467635419
-2   2.2541808961193399
-2   2.2062149542165468
-2   2.0538683582398622
-2   2.7559549492272168
-2   2.3879752082623837
-2   2.0217935936502727
-2   2.4906348654909691
-2   2.0722145495504329
-2   2.6679635649015077
-2   2.6820900588422063
-2   2.7090238257579795
-2   2.7049923923497157
-2   2.983400209120274
-2   2.3799872755606164
-2   2.6504390990402493
-2   2.6999704022404676
-2   2.0770096363547212
-2   2.0032305821345644
-2   2.0346931529852181
-2   2.0366294530346467
-2   2.0774112835196235
-2   2.2666048435754895
-2   2.1388183441711841
-2   2.2871507414738228
-2   2.5081026279683645
-2   2.8061877613705244
-2   2.0363121673366531
-2   2.0063541567133432
-2   2.9805755488057017
-2   2.0163721440876783
-2   2.0088121451965306
-2   2.0050595993564873
-2   2.0160977643092108
-2   2.0327832509486994
-2   2.0790148884021162
-2   2.1910364070749018
-2   2.50731117203375
-2   2.3386726505198538
-2   2.1545368615975353
-2   2.3602111064522036
-2   2.150118991220856
-2   2.7743934596344189
-2   2.6058893858940579
-2   3.2474257638996953
-2   2.864323849565499
-2   2.2886354341512871
-2   3.2257486038816956
-2   2.6887204529203657
-2   2.2930990111007308
-2   2.3355772481823762
-2   2.7022147411528499
-2   2.2913432266791296
-2   2.4118992151598846
-2   2.3406205797572261
-2   2.7129052694012059
-2   2.6441302032538609
-2   3.7137369474315109
-2   2.018862777386099
-2   2.0029688079858219
-2   2.0410981488216504
-2   2.003312244281231
-2   2.4605157961191035
-2   2.4918728509213111
-2   2.0581930013974596
-2   2.2107912533154042
-2   2.1404834529485846
-2   2.7697548814615867
-2   2.0257269921081775
-2   2.0010445650911604
-2   2.9181173425067444
-2   2.6460628513260249
-2   2.4313449369216458
-2   2.1009698179238376
-2   2.0047408837228247
-2   2.991648125036491
-2   2.0092661566819201
-2   2.0011710736284196
-2   2.0057932001462904
-2   2.0093254666179354
-2   2.0125453473763089
-2   2.0463366734750839
-2   2.8804262779482861
-2   2.0087347243324682
-2   2.018359366263963
-2   2.1567899909945116
-2   3.7748830667941187
-2   2.1853069127034099
-2   2.2153643455980037
-2   2.7104908610692888
-2   2.8219099821444389
-2   2.9276823754219854
-2   2.368840864603015
-2   2.0920076223774253
-2   2.0303652251308968
-2   2.0781682423247361
-2   2.0695195425443642
-2   2.9530586735985804
-2   2.0004623465501314
-2   2.0061044804897352
-2   2.0010976825513942
-2   2.0047862684943567
-2   2.0020763982663183
-2   2.0024208497090608
-2   2.0054816760503358
-2   2.2007656135553013
-2   2.1687744790370775
-2   2.6421689988386881
-2   2.6595472347271727
-2   2.2160462900141344
-2   2.2140088115705017
-2   2.0481958842182704
-2   2.0403152875926063
-2   2.0016412616400476
-2   2.0145631837089986
-2   2.5846231923821259
-2   2.7536773376140244
-2   2.3908734188507172
-2   2.1802561589464875
-2   2.1149750550969744
-2   2.1351231490720033
-2   2.0031293962012566
-2   2.0510312766961776
-2   2.2407289781594555
-2   2.2307084936691983
-2   2.1403788013575502
-2   2.6948759474565245
-2   2.8160763704371963
-2   2.0016070828437389
-2   2.0463505459663982
-2   2.0178793250235114
-2   3.3427932175505459
-2   2.8685834045893448
-2   3.0811847596363169
-2   2.7677888841223939
-2   2.1213386099451359
-2   2.0443254741247281
-2   2.0023556165933143
-2   2.0033105858171569
-2   2.0008468325681381
-2   2.0036780152851397
-2   2.0260180655556557
-2   2.0021544973037932
-2   2.9753258990646536
-2   2.0169577813886774
-2   2.0034246439834189
-2   2.9841086683205296
-2   2.0025850230670312
-2   2.0053107473366794
-2   2.0272675998831979
-2   2.0111179778113151
-2   2.0244769996364038
-2   2.0104732203043656
-2   2.8371118719189559
-2   2.0814647730574798
-2   2.1828121132582958
-2   2.0573090136992107
-2   2.057341377881801
-2   2.3889788016214433
-2   2.5566890632905155
-2   2.1577414497467213
-2   2.1650183299160441
-2   2.2170009640824371
-2   2.7714509006516201
-2   2.969083762498637
-2   2.1838568005222667
-2   2.9566707178527927
-2   2.8626753362578374
-2   3.8694795254782806

-1   1.0336933778218491
-1   1.0899594741495024
-1   1.1344869725393767
-1   1.6106500549146161
-1   1.0609038563305788
-1   1.4826249102892108
-1   1.3683018120214907
-1   1.1311482814354281
-1   1.3621779298223224
-1   1.7335842556438292
-1   1.9127559338266029
-1   1.2309325043253942
-1   1.8701962243674752
-1   1.8008214474595614
-1   2.8277680601124211
-1   1.0374650457642389
-1   1.9254531379498228
-1   1.2991411530888684
-1   1.1147129289825339
-1   2.0677035558886145
-1   1.8445868347927363
-1   2.7681605009504633
-1   1.3151614570908243
-1   1.1338433239035381
-1   1.8893010120639331
-1   1.0244154169909843
-1   1.4259736685172746
-1   2.5360960844430553
-1   1.7051943298593373
-1   2.0948540418734156
-1   1.0602564598778865
-1   1.3607030105621047
-1   1.4106959445239295
-1   1.6663146938476938
-1   1.1572643856489295
-1   1.7902570309943906
-1   1.4120478450729534
-1   1.4793205042575499
-1   1.3790349924634739
-1   1.6392729888063986
-1   1.7834265183099194
-1   1.2424392343413271
-1   1.6294345080854007
-1   1.3549955251700343
-1   1.3888723664625955
-1   2.7287378211575861
-1   1.1292282525743602
-1   1.265674110331787
-1   1.727882656480618
-1   1.4003646439001205
-1   1.110789184544545
-1   1.8509911279342295
-1   1.7886502475810535
-1   1.9220406437493875
-1   1.9064015987044054
-1   1.3168222728859398
-1   2.0088713821310122
-1   2.1236013891225283
-1   2.083364522914926
-1   2.2906714459552568
-1   2.6157524491827067
-1   1.8242377525096543
-1   1.5440579742536733
-1   1.9046004077854235
-1   2.925688040498839
-1   2.2821747304862878
-1   1.83925101025465
-1   1.7712814316323038
-1   1.5845372872703796
-1   1.9201827619109744
-1   2.2831674697568887
-1   1.8095961129863678
-1   2.2089523019287189
-1   2.5743429410462633
-1   2.0919228059745394
-1   1.5815198665980366
-1   1.7232596983446036
-1   1.6080603714194384
-1   1.8755529451911963
-1   1.6524558148003261
-1   1.7480675867881352
-1   2.6874351786509441
-1   2.0331760250524744
-1   2.2218350184384787
-1   2.1086493398391157
-1   1.8516464503182899
-1   1.4053264187077246
-1   2.7817244921253441
-1   1.8422083792576847
-1   2.1895842939376249
-1   1.6073266337264753
-1   1.4008181934157893
-1   1.5820461127944978
-1   1.7950256353323026
-1   1.2812865817432073
-1   2.3051302882245248
-1   1.8943443661886512
-1   1.556798099767482
-1   1.0822998266559745
-1   1.9732644688828849
-1   1.271270328475028
-1   1.7141148612370283
-1   2.8059331990737268
-1   1.7365060172082711
-1   1.9894070673770954
-1   1.1679005353427103
-1   1.3419452559121576
-1   1.1708491619854984
-1   1.9273112096087628
-1   1.2273552213473333
-1   1.7694867421550047
-1   1.7928299213997132
-1   1.9058553597881662
-1   1.1875247292564204
-1   1.1094076789311547
-1   1.082938531246372
-1   1.9076179711638264
-1   2.1271521599279604
-1   1.9254575827620335
-1   2.2374657702903282
-1   2.1720111945127734
-1   1.6752371705194973
-1   1.5669845185340563
-1   2.4048116559162729
-1   1.5208414173362175
-1   2.5534916304731761
-1   1.4360238997544157
-1   1.2641547462307443
-1   1.7979661636970206
-1   1.8660007786360313
-1   1.7807747904979521
-1   1.6783269729291845
-1   1.7577161598961215
-1   1.5530359368011291
-1   1.4687217338699214
-1   1.721178993786316
-1   1.3662003287157776
-1   1.4717531850225634
-1   1.8224699000116775
-1   2.0730507836749834
-1   1.6930268607795771
-1   1.5948752507638773
-1   1.8035146313836106
-1   2.0063391299324067
-1   1.8817231192351613
-1   2.4998226490375735
-1   2.1558058984751152
-1   2.8110104498060795
-1   1.5344040452119807
-1   1.4462724946606755
-1   2.6247839389623322
-1   2.4328445001132466
-1   1.6858373457444449
-1   1.7097207407421959
-1   1.666835040878377
-1   1.9797873940872601
-1   1.504603348175543
-1   1.5286347888643159
-1   1.672315986360462
-1   1.6539863520301847
-1   2.2878139366014487
-1   1.6359228218161439
-1   1.4399841410200591
-1   1.4456417863768047
-1   2.4463664850533191
-1   1.699693424929162
-1   2.1485091506479246
-1   1.2231550138540217
-1   1.5265220444117893
-1   1.7170000510606709
-1   1.4283182173514706
-1   1.36362022491366
-1   1.6207145181183531
-1   1.3100925370729075
-1   2.3530203657588538
-1   1.5721515731791516
-1   2.2627310120888962
-1   2.1193259551889758
-1   1.8052109683070769
-1   2.207598407007219
-1   1.8625371231369359
-1   1.9480090304520763
-1   1.1623721362630151
-1   1.7406698997553778
-1   1.7381173448648002
-1   1.0763022665814317
-1   2.2047920481338923
-1   2.2157566801575448
-1   1.069323652186267
-1   3.0861596090254455
-1   1.7959186369862579
-1   1.5246227261097856
-1   2.6820482542831954
-1   1.2295467435093643
-1   2.556832249501634
-1   1.6120578094248623
-1   2.3529888217811612
-1   2.7328626975619734
-1   1.90850051904133
-1   1.1752574183380624
-1   1.4475973036300189
-1   1.6203680185740192
-1   1.0692716763364178
-1   1.9085410787145363
-1   1.0779042736459334
-1   1.6206131272637458
-1   1.2830938977049231
-1   1.2555731974483046
-1   1.6362815648826468
-1   1.2215971609749816
-1   1.9715394515308717
-1   1.725559008036992
-1   2.0224608136157629
-1   1.8674767604786826
-1   1.3330760859227346
-1   1.5124174961114853
-1   1.7589641549314532
-1   1.4058517754704456
-1   2.2362334797701768
-1   1.5553028489087435
-1   2.1795144818907506
-1   1.8663649859786289
-1   2.0026438627715923
-1   1.9876281148067672
-1   1.264579264427206
-1   1.3317322997746486
-1   1.2337981986284448
-1   1.8453851244260946
-1   2.0346139806571628
-1   2.067955770434172
-1   1.862035257159147
-1   1.2565704482366105
-1   1.199195916371306
-1   1.6985664072827333
-1   1.7052771127064887
-1   1.4451144165079006
-1   1.6990129110854326
-1   1.5801479787232
-1   1.5836131246017224
-1   1.3675227517405852
-1   1.8631325989340386
-1   1.8863447636330317
-1   2.1547389258114813
-1   2.0655094494865653
-1   1.7712190591009387
-1   1.8409772150954198
-1   2.4175566041828715
-1   1.967032205540991
-1   2.184824358591031
-1   1.6277418772245591
-1   2.29310910910556
-1   2.4652717234040673
-1   2.4215445548655712
-1   1.920845079042929
-1   2.6536727958344821
-1   1.5851266849668639
-1   3.2223810155673278
-1   2.1762732787072432
-1   1.737938926703698
-1   2.4346507936920183
-1   1.704823286464717
-1   1.5220309708955608
-1   2.1934236939611926
-1   2.3310654238194952
-1   1.563299709080753
-1   1.5541203715010399
-1   1.7612751819218539
-1   2.3271273843434344
-1   2.4929935849643807
-1   2.0644619935443935
-1   2.3876040923681283
-1   1.5928381474046391
-1   3.7781930861025117
-1   1.1030231351822171
-1   1.9277694771137948
-1   1.1276648332444577
-1   1.2275132682030854
-1   1.0746194804941389
-1   1.7728588149762152
-1   1.1364152527219149
-1   1.3299407493871631
-1   1.7186846164244494
-1   1.9207437774087919
-1   1.2414554862671425
-1   1.3678148189031756
-1   2.0248869765890403
-1   1.5510526680847523
-1   2.5676041756944987
-1   1.5388564981026023
-1   1.722946209536107
-1   1.9353373877163613
-1   1.7583758008166663
-1   2.9076316127230961
-1   1.285951448120719
-1   1.9799514809163381
-1   1.0152856540299453
-1   1.0309026969435138
-1   1.6746304304656392
-1   1.0077426327105952
-1   1.4406086128483464
-1   1.0540846237613881
-1   1.7639558305449983
-1   1.7808577171933555
-1   2.2400909690196955
-1   2.3989016039657716
-1   1.8855821503134407
-1   2.12657823403317
-1   1.6107090531989625
-1   1.9666972631197304
-1   1.9689328579598189
-1   1.1818367380012142
-1   1.4570260575484884
-1   2.2788478951086444
-1   1.8295812597910119
-1   1.9270045007173979
-1   1.2012308924270376
-1   1.3633982726463756
-1   1.7922434744387936
-1   1.8845315324131486
-1   1.8337222787379863
-1   2.0341113825614179
-1   1.8943358646197082
-1   1.1464847305812729
-1   2.4607710459193486
-1   1.1697662187171967
-1   1.8240599250987302
-1   2.0641078434845599
-1   1.8202439509516948
-1   1.1672679790014755
-1   1.2269156904127623
-1   1.4591945332603973
-1   1.4622790159532471
-1   3.5372091943870609
-1   1.2386911911536393
-1   1.6206977053202101
-1   1.5114272894288461
-1   1.4429696166061763
-1   2.2549450323887701
-1   1.3108991448762957
-1   1.6214143878376954
-1   1.9648350378154089
-1   2.6914478290067674
-1   2.1589170932477679
-1   1.6021671986145467
-1   1.3220559015607225
-1   2.0449680256980685
-1   1.9757026100724153
-1   1.8897662739831751
-1   1.9925839377520091
-1   1.3453838139811605
-1   1.6397161833891278
-1   1.0585153035193482
-1   1.1119264551818573
-1   1.5758238301714238
-1   1.8183142666916696
-1   2.8529982967252425
-1   1.7251540943216925
-1   1.0222320993586229
-1   1.3447519658947791
-1   1.7713790480992042
-1   1.8347803319955331
-1   1.7639955125627651
-1   1.3742854256187516
-1   1.011692954245546
-1   1.6038849220808746
-1   1.9209880948485631
-1   1.9767922214048483
-1   1.0071202404076975
-1   1.0051937477127768
-1   1.0435329191136973
-1   1.4353632988842204
-1   1.0349345331241762
-1   1.6569756130707978
-1   2.2219116140958026
-1   2.1513602369672671
-1   1.4447864368712593
-1   1.404129232977732
-1   1.2455345357911063
-1   1.3218049903634672
-1   2.5371513773719903
-1   2.6261389787803608
-1   1.0649649705405726
-1   1.1586029252325176
-1   1.7296860465610333
-1   1.7888848392128076
-1   1.9107376557920741
-1   1.2900279712953782
-1   1.1899006144286028
-1   1.2380098667682922
-1   1.8284437833301266
-1   1.874634092377482
-1   1.8553281674678135
-1   1.0721220077523093
-1   1.0324538478352845
-1   1.0858041283256767
-1   1.0637897791593025
-1   1.0367563320265334
-1   1.5566487945807976
-1   1.9580892299504762
-1   2.2037656649709909
-1   2.2036401393594236
-1   1.4929598582279482
-1   2.2819926600385609
-1   1.8551957913932258
-1   1.4514342029233542
-1   1.9352194632119559
-1   1.1711969262419899
-1   1.5746861905998251
-1   1.3917625921490844
-1   1.0107009105782478
-1   1.0165551267050066
-1   1.0197856061353756
-1   1.988405555386985
-1   1.0398332886595207
-1   1.826689241134162
-1   1.0741795011551794
-1   1.9799939232122457
-1   1.0347360802312138
-1   1.1617067437170616
-1   1.399559411011394
-1   2.4230054834456656
-1   2.2553548794824634
-1   2.4270415658248465
-1   2.6479533248485132
-1   1.696833000721691
-1   1.7012693954050593
-1   2.0711791601879637
-1   1.9847841218070896
-1   1.4806273729905692
-1   1.5335666793455212
-1   1.3137501479655425
-1   1.9815344274884574
-1   1.2528747160179989
-1   2.0530782147962383
-1   2.8734703688237015
-1   2.4077995258743297
-1   1.2438000188048288
-1   2.8175673734185533
-1   1.8344220650065646
-1   1.8813617526145254
-1   1.7213020460917274
-1   1.4040430641402095
-1   1.1073820647297841
-1   1.9657240862066954
-1   1.0217318477997899
-1   1.0295737777739371
-1   1.2264913306142908
-1   1.1992508583226786
-1   1.8034532068951066
-1   1.7492374278308209
-1   1.1449606494463109
-1   1.1235932681026461
-1   1.1433171907449331
-1   1.9652861162827882
-1   1.5745353451929751
-1   1.6160698510721323
-1   1.8214939531416721
-1   1.9728955127365375
-1   1.3417443971303604
-1   2.4782782319098953
-1   1.9499077453356359
-1   1.861476756067634
-1   2.9110434003151462
-1   1.0166795714828669
-1   1.0350454735716523
-1   1.0141493749712929
-1   1.8873630911521424
-1   1.0431492180175994
-1   1.1651648970916479
-1   1.1720431700379002
-1   1.1064025797943597
-1   1.8025001562853173
-1   1.1915482037152874
-1   1.230640289527027
-1   1.1203280418123005
-1   1.8356987954395265
-1   1.2348855687354847
-1   1.7811818706719356
-1   1.9327524925576141
-1   1.9199957458332171
-1   1.215038411300305
-1   1.168002869156942
-1   2.664227292704648
-1   1.7447722876568772
-1   1.9144393749550499
-1   1.2229490626047899
-1   1.7696174226039649
-1   1.7152913163068657
-1   1.408835411598881
-1   1.9923384081239162
-1   2.2976684069888456
-1   2.1295858660383598
-1   1.3332140145564486
-1   2.0533880868469447
-1   1.9931777347905584
-1   1.4320915123256737
-1   2.4945717557543658
-1   2.4685257378023917
-1   2.0230320817398444
-1   2.8718379706860127
-1   2.0504352104090797
-1   2.943930615190768
-1   2.8314616961946486
-1   3.8520391212141343

0   0.04035061264337958
0   1.0028609209609489
0   0.7692874248791588
0   1.0506351096568047
0   1.0032078675735936
0   1.0964563558547353
0   1.0176408290039534
0   0.19108773446199578
0   1.5669175184966222
0   1.0510802977920175
0   1.0037519070905092
0   1.99640080819449
0   0.63175928002138937
0   1.02976461666284
0   1.0045933923361801
0   1.2926825559799517
0   1.6571865409955819
0   1.9547205026887364
0   1.7678766414147362
0   2.788495150321987
0   1.0021228023727045
0   1.6009934250248885
0   1.0038855247905958
0   1.0983978470774178
0   1.1326619822600339
0   1.8688334546863201
0   1.8709565896932974
0   2.7720396143694166
0   0.62970224558104482
0   1.1038346682267013
0   1.2345924443429057
0   1.784529198811363
0   0.34529491877120433
0   1.1165503684441394
0   1.0028054998795162
0   0.72687495953150938
0   2.6610490781900942
0   0.08081299244281992
0   1.8649491374481992
0   1.6172186285524441
0   1.4392147932231747
0   1.0027465591718243
0   0.80878700844560569
0   1.9427695571445907
0   1.1140772575142017
0   1.0028547983571872
0   1.9921986449936346
0   1.1335169675153873
0   0.30087485569332728
0   1.66752968076054
0   1.3715528621713826
0   1.0127597486910034
0   1.8878309053638316
0   1.9341611062509649
0   1.0445057723043412
0   1.0548536102234372
0   1.4992914479816686
0   0.36615113149492862
0   1.020472765725962
0   1.0810233061674883
0   2.3793034307387915
0   1.1702289573783022
0   1.4189103504328453
0   1.0370699923745652
0   1.0317603991164592
0   1.5014850754856499
0   1.1668574613347875
0   1.8093373399195283
0   2.2297483673642597
0   1.1966736817671693
0   1.3828193992377007
0   1.0415195272475419
0   0.95442695463292604
0   1.8376196792821826
0   1.6248360396151194
0   2.6853241534338146
0   1.7666745826068477
0   1.0918347901235976
0   1.0672293990553563
0   2.2111702121478443
0   2.3150263783849181
0   1.684029558649335
0   1.6144265584230162
0   3.2755571408443922
0   1.8440188551752068
0   1.9467288810837289
0   1.2857010727097615
0   1.9997378078337333
0   1.5319072203898947
0   2.3412855605893705
0   1.5146882677000595
0   1.4337104614989014
0   2.0681167080529699
0   1.8388952010748771
0   1.7203308274685765
0   1.6791169404346351
0   2.0704549236332892
0   0.72228951042380474
0   2.1599849252599186
0   1.2640481842436579
0   1.9706095798734085
0   1.2381596553781646
0   1.7819110393291644
0   2.2651856259785208
0   1.3677443212789213
0   1.7696563885352927
0   1.5516979619278155
0   1.6460857267568887
0   2.3332853875787642
0   1.6227801351596183
0   1.7889424097276403
0   1.6634920860339033
0   1.4851927808359489
0   1.9035896798692602
0   1.9889664991810223
0   1.212098409211156
0   1.518990697693376
0   1.6385785728419378
0   1.1004535270646854
0   1.1799163750228014
0   1.7116274769923723
0   2.5839876537327027
0   1.3792483438674792
0   1.723497378661496
0   0.6534009366561131
0   1.2208822444588627
0   2.6535393676398811
0   1.4499837293705458
0   1.1235627383205817
0   1.5238062033551509
0   1.2764118732970584
0   1.0144918649091641
0   1.2650741510199839
0   1.4235934901397336
0   0.50453907348588944
0   1.0366292428854444
0   1.051750639370429
0   1.5833955192353857
0   1.0067644038646757
0   1.9693900013375285
0   1.3479746760000495
0   1.9509371098357566
0   1.024869183401343
0   1.1441360094844977
0   1.6249157220180575
0   0.23612696693243018
0   1.0078456425761217
0   1.8710955664880831
0   1.8714764627670357
0   2.5125582513036946
0   1.6206456840607704
0   1.9233837760935337
0   0.93246485128064638
0   2.0917232339595162
0   1.5065305227654475
0   1.8468426946163823
0   1.8723495401987478
0   0.7422020806126266
0   2.2868787420978278
0   0.62069053148022113
0   1.5486877344057488
0   1.2546477242261005
0   1.1050380215316333
0   1.1316081814957553
0   1.8279691044858186
0   1.9660880735575144
0   1.9032484203181013
0   1.1816923545629274
0   1.2197950953974155
0   1.1338094089013533
0   1.4615897234569371
0   1.5879473906904908
0   1.7429245352954563
0   2.1868553004987206
0   1.7145893048731908
0   1.6285257425461461
0   1.1806728751794227
0   1.8944345906777666
0   2.1495093106991843
0   1.3725100934524563
0   1.2939091417397885
0   1.0281469332258313
0   2.3937389570689933
0   2.4481433644832356
0   1.2023388392151404
0   1.7847453630577723
0   1.9242984535494418
0   2.6974649113231677
0   2.1141861537338489
0   1.0231245012601435
0   1.4843531110560684
0   1.5814191545763476
0   1.0994465746272026
0   1.5971940703899437
0   1.7577720976316078
0   1.1755171426757365
0   1.6681199104580671
0   1.8798787348313315
0   2.005111637384422
0   1.4434958799794502
0   1.6529133216465586
0   1.1795664971638611
0   1.5315157417562624
0   1.2533781938437858
0   1.4092191300227728
0   1.6244162740245338
0   0.50112161043676307
0   2.305862331554799
0   2.0266811932760622
0   1.115862845793991
0   1.2481353940540376
0   1.4907604172959554
0   1.4260747925167392
0   1.5633831707967456
0   1.0680678038520648
0   2.0816229224644918
0   1.9590612436823438
0   0.82333425100583502
0   1.8970309824897771
0   1.2130558138328058
0   1.5537543038467208
0   1.5600648097129937
0   1.4020566211844527
0   1.3443558656811303
0   1.9351747331733811
0   1.6645723264178311
0   1.9139891075452469
0   2.1051811274092644
0   1.7337924520850985
0   1.0118483483156893
0   1.0373119371668864
0   1.0272956396438011
0   1.1299423795462802
0   1.9851375031883731
0   2.009790542888267
0   1.9602957732904773
0   1.5204084695175029
0   0.29177912533145711
0   2.3569565221023714
0   2.437182986206929
0   1.5559035203457223
0   1.5562264865966329
0   2.2269994483977089
0   2.3303436364933101
0   1.0553180050443258
0   2.4087466672967488
0   2.3633283182561344
0   1.055113650514292
0   0.88349831220343611
0   1.9513069623383674
0   1.0154858758873802
0   0.094041678072251389
0   1.0152412620325799
0   0.63084778525364738
0   1.4687762990927331
0   1.9425428146069046
0   1.0220710856978301
0   1.008137920325721
0   1.9677703605376853
0   1.088336730798618
0   1.9043931310233586
0   1.3393349321619417
0   1.318080433988714
0   1.2199982787155501
0   1.0282262946061229
0   1.3050134491893004
0   1.3057742863331865
0   1.2867547119463913
0   0.74328728598121341
0   1.2748084243773143
0   1.010852247865123
0   1.4829394171821808
0   1.0518414281040118
0   1.6168145729052457
0   0.87334738461529748
0   2.1885947167135336
0   2.6725918750433455
0   1.078823967974416
0   1.9661225797989541
0   1.945853995682933
0   1.4329129069523023
0   0.61079555210368452
0   1.0149230912086404
0   1.7550023882097046
0   1.1801553117817281
0   1.9775048879531796
0   2.5302847965785729
0   1.4687283270846185
0   1.8731552369899824
0   1.0139762480054089
0   1.0212834909834858
0   1.0062359254702111
0   1.5104662472784978
0   1.7130874069966633
0   1.9529984624002164
0   1.4132575971350323
0   1.667034465284059
0   1.0526923998622266
0   1.1507631183076841
0   1.5824735573709359
0   1.8012304346847112
0   1.1019305679946831
0   1.8480299132902078
0   1.7216945037728588
0   1.3951206016215996
0   1.923236950988485
0   1.661770389623443
0   1.8811632874991751
0   1.8586972904210777
0   2.6385204351105185
0   1.1354527613236931
0   2.2792671512309419
0   2.2500167973458369
0   1.9552022298983518
0   2.8471476286299744
0   1.2089414971711492
0   3.2571656273483889
0   1.9726580623521284
0   1.9252803425286076
0   2.7805418274312124
0   1.6458799015328665
0   1.8536183731957507
0   1.3767873851782246
0   1.5062484925757231
0   0.56129330609651573
0   1.0782388420349283
0   2.3446631200754084
0   1.9622674022236231
0   1.9674038013431732
0   2.0882142435340834
0   1.2986274558954638
0   2.5249494792320744
0   1.9725693615186706
0   2.4268714301654226
0   1.9405757571756701
0   1.0857287890164149
0   0.47886843381832067
0   3.8267746247317458
0   1.0174367308474743
0   1.0263253884964489
0   1.9265936585458885
0   0.3733989424094537
0   1.0470116962343625
0   1.0016473246667921
0   1.8457223892609442
0   1.0150731104643955
0   0.28420526317405281
0   1.3991241323167831
0   1.0485586449670403
0   1.4413624830924532
0   1.8063076678774563
0   1.0845097788065401
0   0.5279168781308694
0   1.0647327483999649
0   1.8840168956772443
0   2.0642119580470917
0   1.3573627097052663
0   2.2577811013745213
0   1.8048161359114583
0   1.0128294230296309
0   0.80673070090228749
0   1.4918144269466351
0   2.9493228979269723
0   1.6898612945641998
0   1.0048164011289984
0   1.5835977138377664
0   0.99807268232941548
0   1.0149112114073313
0   1.0203127012589464
0   0.88112407548405036
0   1.0049128154705054
0   1.6475901524147432
0   1.0049673330481619
0   1.101391772171354
0   1.4230857994698867
0   1.4136777887337024
0   1.7427504762844648
0   1.7452504186529016
0   1.7699836938584044
0   1.675745813169117
0   2.0678078255909611
0   2.5201551179822173
0   1.6128352141635429
0   1.0047310655010975
0   1.0277617685204528
0   1.0029147483941399
0   1.0541312507138638
0   1.3284887396322345
0   2.8387590483839298
0   1.6393039675634045
0   1.3175200612845692
0   1.5568022918868385
0   1.7808457932757968
0   1.0058044036515064
0   1.0166921373326581
0   1.9820484111841714
0   1.9929425274526547
0   1.4000861188846869
0   1.7510811001384821
0   1.0026029305028183
0   2.8292485151719995
0   0.71122503882844001
0   0.30140910364644458
0   1.032224328176266
0   1.7629081810969556
0   1.5522537049423395
0   1.0044219104534284
0   1.9897823448959482
0   1.0734896375272782
0   1.7711077549380865
0   0.83060913309670092
0   3.2097419894286698
0   1.5247589590269395
0   1.5470713847945978
0   1.1438442634102339
0   2.2175635400397162
0   1.3495701878038076
0   1.0933051587258775
0   1.0396907042912067
0   1.3938034653458782
0   0.84743437655653464
0   2.5742635941589529
0   1.150943105513337
0   1.0180858416741845
0   1.4946948761266059
0   1.3927053096519941
0   1.3406217314130977
0   1.7124396384663774
0   1.7829129486762838
0   2.4664458489797489
0   2.0866041406448592
0   2.1868429832079128
0   1.2006948898736338
0   1.2835920061844688
0   0.61866025120704182
0   0.64171138619796997
0   1.6423688276828323
0   1.9930337551235402
0   1.3656819456787672
0   1.0064854736835818
0   1.0054391275166288
0   2.6315507459464866
0   1.7584983184141718
0   1.0119031654618775
0   1.0031733106201453
0   0.74253133340103195
0   0.41056216883476171
0   1.0049300356708633
0   1.9855856072359592
0   1.9739584976199791
0   1.9951693874913699
0   1.0011323531161793
0   1.0040883904842961
0   1.9773142389849165
0   1.9155559998090399
0   1.0052146169676206
0   1.0007805219885459
0   0.059256672729361193
0   1.046057674668857
0   0.032004427611776243
0   0.064754407088602028
0   0.57056962946689982
0   1.0418661523887158
0   1.0053522546197389
0   1.812809454579829
0   0.34917893161987201
0   1.938100994882296
0   2.9415910591605599
0   2.8658221105006221
0   1.8765780878350484
0   1.0314772612574616
0   1.0008233937210633
0   1.1470000186834537
0   1.9908670266993118
0   1.9503822915752602
0   1.0066279342947932
0   1.061348058945641
0   1.0013539419697806
0   1.3932103819634061
0   1.0986802422723367
0   1.0413418480646466
0   1.928755582889444
0   0.53409436321946413
0   1.0028962058932402
0   1.0031649033645271
0   1.9796928150677915
0   1.9288193278733474
0   1.0755265939119831
0   0.33564886038640396
0   1.0320930437418938
0   0.26823525144659988
0   1.0061554689872472
0   1.0095095964911727
0   0.092690530942553084
0   1.0117964675178635
0   0.91710716522017766
0   0.24184069683219089
0   1.409378936955729
0   0.32588792322489035
0   2.5451173145959642
0   1.5913087355525111
0   1.7634559468276216
0   1.8129227967094348
0   2.1987922090877992
0   1.6313673585500807
0   0.41097658776543455
0   1.9822290861638789
0   1.9697312854239697
0   1.1564246964293097
0   1.0451252207723267
0   1.1142526228558773
0   0.065488561341249363
0   0.074434240684694952
0   1.005154389723167
0   1.0042061379898206
0   0.6074159524864331
0   1.0054724160313089
0   1.7897449828476555
0   1.023000470537204
0   0.93934102223824079
0   1.0111470397119644
0   1.9635309707996647
0   1.2189330917890517
0   1.6338221695397372
0   1.0489825166842386
0   0.60518934237236666
0   1.0076792877505656
0   2.69333721154615
0   1.9282162629935264
0   2.7509921642769708
0   1.7954091430468382
0   0.84404406222637784
0   1.021669817859963
0   1.8680563668913712
0   1.8514844501446985
0   1.3679750694198187
0   1.3557469544850593
0   1.9956801608073871
0   2.5787822290142328
0   0.52613952914119055
0   1.7213454063515745
0   1.6021712352698301
0   1.2160726415362506
0   0.51263427329217448
0   1.2774914764950711
0   2.05654778294344
0   1.9451348061329505
0   3.0605381511443519
0   1.5167750946411052
0   1.4190414546524508
0   1.9698054601653276
0   1.9950331322170918
0   1.1101074384798537
0   1.3316480407188989
0   1.0922420480215733
0   1.9266097126567905
0   0.062668478266476146
0   1.0053473849812185
0   1.0055904858436886
0   0.29678908591299336
0   0.50450704809856228
0   1.0067509299185797
0   1.0050906701698907
0   1.1553068743269832
0   1.6598319458512556
0   1.8730256428417791
0   1.6606878729256342
0   1.0079496391212868
0   1.156937092010174
0   1.0271731411575822
0   1.9079161666192181
0   1.5941519410100393
0   1.1624370366947254
0   1.0064042866715002
0   1.1450951230766728
0   1.4194444892613327
0   2.8523782331729453
0   1.9657936477734066
0   1.8200345160853528
0   0.065166909689688524
0   2.9077676680825588
0   0.11539231421420793
0   1.0011669409510349
0   1.0089102837821116
0   1.0021631934556052
0   0.15216323945500065
0   1.9845163100597567
0   1.0185949552657212
0   0.12327474246729719
0   1.0231325287044946
0   1.0212034280933984
0   0.39757300198747081
0   1.0133620558963445
0   1.9829569952117074
0   1.040193384139968
0   1.1623792299805253
0   1.0155315414291879
0   1.8396020211894069
0   0.60961346115218484
0   1.0552109372097329
0   1.9213156989487308
0   1.7514716351519821
0   1.9389167473655724
0   0.49597567950053512
0   1.1118574734076101
0   2.7418304125828659
0   1.0233893535143983
0   0.91230113456530249
0   1.9926684722671499
0   1.0431616489245732
0   1.3772301504746953
0   1.8738017007622836
0   1.9895790275495293
0   1.088340055730658
0   1.7728261911595968
0   2.1415053282518959
0   1.1046278661336748
0   2.3124863962292546
0   1.0782346823582736
0   1.9467490589226304
0   1.8528760759203795
0   1.3338564328300424
0   2.928348708937893
0   2.0399647691456968
0   1.9843148314238022
0   2.8324799326919958
0   2.0319223557939101
0   2.949475143588411
0   2.8380604827283538
0   3.8444065969754142

1   1.0336933778218591
1   1.0899594741495044
1   1.1344869725393636
1   1.61065005491449
1   1.0609038563305728
1   1.4826249102891504
1   1.3683018120215069
1   1.1311482814353677
1   1.3621779298225241
1   1.7335842556439065
1   1.9127559338266038
1   1.2309325043253692
1   1.8701962243674819
1   1.8008214474595641
1   2.8277680601124069
1   1.0374650457642196
1   1.9254531379499165
1   1.2991411530887702
1   1.1147129289825444
1   2.0677035558885608
1   1.844586834792715
1   2.7681605009504699
1   1.3151614570908294
1   1.1338433239035437
1   1.8893010120639522
1   1.024415416990992
1   1.4259736685169537
1   2.5360960844430291
1   1.7051943298596774
1   2.0948540418734924
1   1.0602564598777979
1   1.3607030105619773
1   1.4106959445239724
1   1.6663146938475664
1   1.1572643856490021
1   1.7902570309944217
1   1.4120478450730347
1   1.4793205042575339
1   1.3790349924633942
1   1.639272988806419
1   1.7834265183099332
1   1.2424392343416202
1   1.6294345080852524
1   1.3549955251700476
1   1.3888723664624634
1   2.7287378211576319
1   1.1292282525743396
1   1.2656741103318108
1   1.7278826564805252
1   1.4003646439001609
1   1.110789184544513
1   1.8509911279342255
1   1.7886502475810802
1   1.9220406437494351
1   1.906401598704718
1   1.3168222728857946
1   2.0088713821307036
1   2.1236013891226304
1   2.0833645229149278
1   2.2906714459556325
1   2.6157524491824766
1   1.8242377525096733
1   1.5440579742535276
1   1.9046004077853533
1   2.9256880404988888
1   2.282174730486104
1   1.8392510102547655
1   1.7712814316323748
1   1.5845372872705581
1   1.9201827619106333
1   2.2831674697568531
1   1.8095961129862284
1   2.2089523019289601
1   2.5743429410462415
1   2.09192280597463
1   1.5815198665979255
1   1.7232596983447053
1   1.6080603714194539
1   1.8755529451913246
1   1.6524558148001431
1   1.7480675867881637
1   2.6874351786509112
1   2.0331760250524376
1   2.2218350184384184
1   2.1086493398389399
1   1.8516464503182806
1   1.4053264187079098
1   2.7817244921255369
1   1.8422083792575079
1   2.1895842939377466
1   1.6073266337263772
1   1.4008181934159203
1   1.5820461127945058
1   1.7950256353323266
1   1.2812865817431478
1   2.3051302882243796
1   1.8943443661887152
1   1.5567980997675721
1   1.0822998266558435
1   1.9732644688829386
1   1.2712703284750064
1   1.714114861236983
1   2.8059331990737468
1   1.7365060172082738
1   1.9894070673771163
1   1.1679005353427279
1   1.3419452559122083
1   1.1708491619855106
1   1.9273112096087615
1   1.2273552213464887
1   1.7694867421556313
1   1.7928299213997376
1   1.905855359788156
1   1.1875247292564326
1   1.1094076789310972
1   1.082938531246425
1   1.9076179711638126
1   2.1271521599279541
1   1.9254575827621045
1   2.2374657702904326
1   2.1720111945126703
1   1.6752371705192788
1   1.5669845185341851
1   2.4048116559163111
1   1.5208414173361398
1   2.5534916304731903
1   1.4360238997544255
1   1.2641547462307594
1   1.7979661636970112
1   1.8660007786360207
1   1.7807747904979756
1   1.6783269729291681
1   1.7577161598961126
1   1.5530359368011202
1   1.4687217338699148
1   1.721178993786328
1   1.366200328715804
1   1.4717531850225385
1   1.8224699000116891
1   2.0730507836749821
1   1.6930268607795722
1   1.5948752507638848
1   1.8035146313836314
1   2.0063391299324378
1   1.8817231192350317
1   2.4998226490375788
1   2.1558058984751924
1   2.8110104498060884
1   1.53440404521199
1   1.4462724946606844
1   2.6247839389623713
1   2.4328445001131875
1   1.6858373457444267
1   1.7097207407422159
1   1.6668350408783628
1   1.9797873940872788
1   1.5046033481755372
1   1.5286347888643714
1   1.6723159863604278
1   1.6539863520301892
1   2.2878139366015615
1   1.6359228218159583
1   1.4399841410200764
1   1.4456417863768092
1   2.4463664850533062
1   1.6996934249291593
1   2.1485091506479379
1   1.2231550138540135
1   1.5265220444117817
1   1.7170000510606913
1   1.4283182173512534
1   1.3636202249136478
1   1.6207145181185254
1   1.3100925370730605
1   2.3530203657588733
1   1.5721515731790596
1   2.2627310120888988
1   2.1193259551890198
1   1.8052109683070241
1   2.2075984070072052
1   1.8625371231368884
1   1.948009030452067
1   1.1623721362630617
1   1.7406698997553613
1   1.7381173448647753
1   1.0763022665814237
1   2.2047920481339256
1   2.2157566801575652
1   1.0693236521862093
1   3.0861596090254202
1   1.7959186369862765
1   1.5246227261097767
1   2.6820482542831763
1   1.2295467435094745
1   2.5568322495014546
1   1.6120578094228564
1   2.3529888217814214
1   2.7328626975632191
1   1.9085005190412732
1   1.1752574183381508
1   1.447597303630116
1   1.6203680185739402
1   1.069271676336417
1   1.9085410787145247
1   1.0779042736459261
1   1.6206131272638151
1   1.2830938977048809
1   1.2555731974483544
1   1.6362815648826072
1   1.2215971609749563
1   1.9715394515308717
1   1.7255590080370036
1   2.022460813615758
1   1.8674767604786777
1   1.3330760859228195
1   1.5124174961114725
1   1.7589641549314505
1   1.4058517754703763
1   2.2362334797701671
1   1.5553028489087808
1   2.1795144818907413
1   1.8663649859786129
1   2.0026438627715839
1   1.9876281148067609
1   1.2645792644272331
1   1.3317322997747021
1   1.2337981986284281
1   1.8453851244260853
1   2.0346139806572032
1   2.0679557704341431
1   1.8620352571591443
1   1.2565704482366165
1   1.1991959163712984
1   1.6985664072827293
1   1.7052771127064852
1   1.4451144165079017
1   1.6990129110854268
1   1.580147978723291
1   1.5836131246016327
1   1.3675227517405906
1   1.8631325989340293
1   1.886344763633049
1   2.1547389258114742
1   2.0655094494865986
1   1.7712190591009511
1   1.8409772150954273
1   2.4175566041828134
1   1.9670322055409293
1   2.1848243585910598
1   1.6277418772246026
1   2.2931091091055369
1   2.4652717234040797
1   2.421544554865573
1   1.9208450790430316
1   2.6536727958344559
1   1.5851266849667764
1   3.2223810155673611
1   2.1762732787072219
1   1.7379389267037051
1   2.434650793692029
1   1.7048232864647108
1   1.5220309708956052
1   2.1934236939611247
1   2.3310654238196653
1   1.563299709080554
1   1.554120371501055
1   1.7612751819219188
1   2.3271273843434122
1   2.492993584964323
1   2.0644619935443576
1   2.387604092368131
1   1.5928381474046414
1   3.7781930861025241
1   1.1030231351822617
1   1.9277694771137956
1   1.1276648332444552
1   1.2275132682030738
1   1.0746194804941347
1   1.7728588149762112
1   1.1364152527219136
1   1.329940749387178
1   1.718684616424476
1   1.9207437774087777
1   1.2414554862671261
1   1.3678148189031776
1   2.0248869765890389
1   1.5510526680847447
1   2.5676041756945365
1   1.5388564981025348
1   1.7229462095361101
1   1.9353373877163471
1   1.758375800816673
1   2.9076316127231028
1   1.285951448120725
1   1.9799514809163417
1   1.015285654029948
1   1.0309026969435136
1   1.6746304304656254
1   1.0077426327105916
1   1.4406086128483515
1   1.0540846237613835
1   1.7639558305450032
1   1.7808577171933502
1   2.2400909690197244
1   2.3989016039657498
1   1.8855821503134904
1   2.1265782340332118
1   1.610709053198851
1   1.9666972631197099
1   1.9689328579598051
1   1.181836738001224
1   1.4570260575484382
1   2.2788478951087341
1   1.8295812597909848
1   1.927004500717389
1   1.2012308924270492
1   1.3633982726463745
1   1.7922434744387927
1   1.8845315324131406
1   1.8337222787380139
1   2.0341113825614068
1   1.8943358646197148
1   1.1464847305812766
1   2.4607710459193282
1   1.169766218717176
1   1.8240599250987559
1   2.0641078434845705
1   1.8202439509517379
1   1.1672679790014333
1   1.2269156904127376
1   1.4591945332603871
1   1.4622790159532126
1   3.5372091943871782
1   1.2386911911537128
1   1.6206977053199925
1   1.5114272894288967
1   1.4429696166061965
1   2.254945032388755
1   1.310899144876337
1   1.621414387837699
1   1.9648350378153969
1   2.6914478290066977
1   2.1589170932477164
1   1.6021671986145383
1   1.3220559015607425
1   2.0449680256981169
1   1.975702610072402
1   1.8897662739830094
1   1.9925839377520091
1   1.3453838139811451
1   1.6397161833892957
1   1.0585153035193529
1   1.1119264551819732
1   1.5758238301712839
1   1.8183142666916514
1   2.8529982967252714
1   1.7251540943217392
1   1.0222320993586178
1   1.3447519658947138
1   1.7713790480990852
1   1.834780331995522
1   1.7639955125628832
1   1.374285425618752
1   1.0116929542455557
1   1.6038849220808644
1   1.9209880948485756
1   1.9767922214048497
1   1.0071202404076958
1   1.0051937477127777
1   1.0435329191137004
1   1.4353632988842357
1   1.0349345331241819
1   1.6569756130707769
1   2.221911614095915
1   2.1513602369673022
1   1.4447864368711578
1   1.4041292329775372
1   1.2455345357911738
1   1.3218049903634226
1   2.537151377371957
1   2.6261389787804172
1   1.0649649705405091
1   1.1586029252326207
1   1.7296860465610209
1   1.7888848392128383
1   1.9107376557920088
1   1.2900279712954268
1   1.1899006144285671
1   1.2380098667682333
1   1.8284437833301395
1   1.8746340923775202
1   1.8553281674678526
1   1.0721220077522911
1   1.0324538478352889
1   1.085804128325671
1   1.0637897791593094
1   1.0367563320265396
1   1.5566487945806964
1   1.9580892299504717
1   2.2037656649711459
1   2.2036401393593743
1   1.4929598582280696
1   2.2819926600385143
1   1.8551957913932111
1   1.451434202923279
1   1.9352194632120603
1   1.1711969262419739
1   1.5746861905997607
1   1.3917625921490204
1   1.0107009105782461
1   1.0165551267049933
1   1.0197856061353756
1   1.9884055553869855
1   1.0398332886595563
1   1.8266892411341518
1   1.0741795011551665
1   1.9799939232120418
1   1.0347360802311958
1   1.1617067437173185
1   1.3995594110114593
1   2.4230054834457908
1   2.2553548794823879
1   2.4270415658246827
1   2.6479533248485394
1   1.6968330007216426
1   1.7012693954054154
1   2.0711791601879534
1   1.9847841218067366
1   1.4806273729906432
1   1.5335666793451663
1   1.3137501479661136
1   1.9815344274886311
1   1.2528747160177467
1   2.0530782147967352
1   2.8734703688233396
1   2.4077995258743101
1   1.2438000188048703
1   2.8175673734184867
1   1.8344220650065726
1   1.8813617526144357
1   1.7213020460917496
1   1.4040430641403094
1   1.1073820647297827
1   1.9657240862066994
1   1.0217318477997759
1   1.0295737777739162
1   1.226491330614335
1   1.1992508583226944
1   1.8034532068950337
1   1.7492374278320599
1   1.1449606494445146
1   1.1235932681027117
1   1.1433171907453186
1   1.9652861162825737
1   1.5745353451927437
1   1.6160698510722811
1   1.8214939531415846
1   1.9728955127365393
1   1.3417443971301761
1   2.4782782319100138
1   1.9499077453356479
1   1.861476756067816
1   2.9110434003151364
1   1.0166795714828667
1   1.0350454735716903
1   1.0141493749712875
1   1.8873630911519612
1   1.0431492180176329
1   1.1651648970918245
1   1.1720431700379548
1   1.1064025797942196
1   1.8025001562852876
1   1.1915482037154206
1   1.2306402895269479
1   1.1203280418124466
1   1.8356987954394124
1   1.2348855687353795
1   1.7811818706719151
1   1.932752492557499
1   1.9199957458334214
1   1.2150384113016979
1   1.1680028691554625
1   2.6642272927042927
1   1.7447722876574185
1   1.9144393749549238
1   1.222949062605059
1   1.7696174226037851
1   1.7152913163066801
1   1.408835411599189
1   1.9923384081238873
1   2.2976684069883282
1   2.1295858660389224
1   1.3332140145565656
1   2.0533880868470873
1   1.9931777347906405
1   1.4320915123255495
1   2.4945717557542459
1   2.468525737802393
1   2.0230320817399541
1   2.8718379706859678
1   2.0504352104091912
1   2.9439306151907312
1   2.8314616961945913
1   3.8520391212140908

2   2.0003305244782457
2   2.0005506659891665
2   2.0012420477064432
2   2.1540911118506321
2   2.0107095940601387
2   2.8805892263230444
2   2.0036349217278024
2   2.1213187789926944
2   2.0044690533297094
2   2.8974445165999501
2   2.0015618806329982
2   2.876348857200286
2   2.0038578864659056
2   2.1372657737943226
2   2.0247024139376135
2   2.0123192635665275
2   2.0201450354014296
2   2.023649022065265
2   2.0165055621985637
2   2.8608128155676806
2   2.1565941601129643
2   2.0042226819293565
2   2.1001773376419481
2   2.9571840693853031
2   2.7064104702705971
2   2.6939832189803306
2   2.0357300963823466
2   2.3309997562158515
2   2.2495414218691381
2   2.5528314482571952
2   2.5812102402158503
2   2.1254380399986821
2   3.0417423376090498
2   2.5894512406196304
2   2.2852163549269746
2   2.1489674483073875
2   2.8664817838147503
2   2.5194804574923548
2   2.3332268531677935
2   3.1851425773526945
2   2.369115674302225
2   2.5312791707840225
2   3.0470503553504957
2   2.3499836338820184
2   2.4278683146085585
2   2.3266828671914244
2   2.210890175671135
2   2.572853228616077
2   2.2479030153767305
2   2.1646885230714576
2   2.4298785137560359
2   2.4496562878476822
2   2.0132911727584251
2   2.0023018525085621
2   2.0092737213849112
2   2.0087640913056739
2   2.0515938040584616
2   2.1239116351863268
2   2.9059738542639177
2   2.5493505234636435
2   2.3885190438503936
2   2.9481868409031509
2   2.1147730610435103
2   2.0832031299381852
2   2.1554713268670853
2   2.024984741560937
2   2.2973596804326513
2   2.5298515660573333
2   2.0605193531043176
2   2.9895256728467716
2   2.3710644153140983
2   2.0822590115069732
2   3.1853976376490487
2   2.639448218785859
2   2.9010292786065093
2   2.157288035760248
2   2.6888385568347712
2   2.0534508430297858
2   2.0953929660640185
2   2.0937612194386266
2   2.079499999125662
2   2.6723335664748378
2   2.3310586840233634
2   2.2818649467635295
2   2.2541808961193386
2   2.2062149542165503
2   2.0538683582398729
2   2.7559549492272106
2   2.3879752082623185
2   2.0217935936502713
2   2.4906348654910286
2   2.0722145495504352
2   2.6679635649015085
2   2.6820900588422307
2   2.70902382575798
2   2.7049923923497179
2   2.9834002091202598
2   2.3799872755605871
2   2.650439099040264
2   2.6999704022404662
2   2.0770096363547301
2   2.0032305821345653
2   2.0346931529852199
2   2.0366294530346467
2   2.0774112835196257
2   2.2666048435754882
2   2.1388183441711863
2   2.2871507414737677
2   2.5081026279684191
2   2.8061877613705253
2   2.0363121673366571
2   2.0063541567133432
2   2.9805755488057026
2   2.0163721440876805
2   2.008812145196532
2   2.0050595993564855
2   2.0160977643092122
2   2.0327832509486998
2   2.0790148884021189
2   2.191036407074888
2   2.5073111720337371
2   2.3386726505198752
2   2.1545368615975335
2   2.3602111064522524
2   2.1501189912208307
2   2.7743934596344073
2   2.6058893858940806
2   3.247425763899642
2   2.8643238495655186
2   2.2886354341512933
2   3.225748603881712
2   2.6887204529203612
2   2.2930990111007312
2   2.3355772481823776
2   2.7022147411528574
2   2.2913432266791363
2   2.4118992151598428
2   2.3406205797572199
2   2.7129052694012388
2   2.6441302032538445
2   3.7137369474315189
2   2.0188627773861003
2   2.002968807985821
2   2.0410981488216526
2   2.0033122442812323
2   2.4605157961191102
2   2.4918728509212995
2   2.0581930013974676
2   2.210791253315405
2   2.1404834529485917
2   2.7697548814615827
2   2.0257269921081811
2   2.001044565091163
2   2.9181173425066946
2   2.6460628513260582
2   2.4313449369216085
2   2.1009698179239065
2   2.0047408837228278
2   2.9916481250364928
2   2.0092661566819232
2   2.0011710736284187
2   2.005793200146289
2   2.0093254666179341
2   2.0125453473763102
2   2.0463366734750803
2   2.8804262779482626
2   2.0087347243324678
2   2.0183593662639634
2   2.1567899909945489
2   3.7748830667941347
2   2.1853069127033682
2   2.215364345598025
2   2.71049086106926
2   2.8219099821444193
2   2.9276823754219863
2   2.3688408646030616
2   2.0920076223774275
2   2.0303652251308941
2   2.0781682423247294
2   2.069519542544358
2   2.9530586735985884
2   2.0004623465501337
2   2.0061044804897339
2   2.0010976825513938
2   2.0047862684943576
2   2.0020763982663192
2   2.0024208497090621
2   2.0054816760503287
2   2.200765613555288
2   2.1687744790370656
2   2.6421689988386867
2   2.6595472347271736
2   2.2160462900141642
2   2.2140088115705483
2   2.0481958842182264
2   2.0403152875925898
2   2.0016412616400494
2   2.0145631837090026
2   2.5846231923823457
2   2.7536773376138948
2   2.3908734188504996
2   2.1802561589466691
2   2.1149750550969633
2   2.1351231490719869
2   2.003129396201254
2   2.0510312766961709
2   2.2407289781594177
2   2.2307084936691957
2   2.1403788013575467
2   2.6948759474565658
2   2.8160763704372087
2   2.0016070828437407
2   2.0463505459664315
2   2.0178793250234968
2   3.342793217550736
2   2.8685834045893537
2   3.081184759636066
2   2.7677888841224063
2   2.1213386099450617
2   2.0443254741247978
2   2.0023556165933138
2   2.0033105858171574
2   2.0008468325681399
2   2.0036780152851419
2   2.0260180655556512
2   2.0021544973037915
2   2.9753258990646652
2   2.0169577813886752
2   2.0034246439834114
2   2.9841086683205327
2   2.0025850230670361
2   2.0053107473366798
2   2.0272675998832144
2   2.0111179778112813
2   2.0244769996364038
2   2.0104732203043949
2   2.8371118719189408
2   2.0814647730574913
2   2.1828121132583056
2   2.0573090136991987
2   2.0573413778820271
2   2.3889788016209952
2   2.5566890632907411
2   2.1577414497466854
2   2.1650183299161272
2   2.2170009640823984
2   2.7714509006515775
2   2.9690837624986299
2   2.1838568005221268
2   2.9566707178528717
2   2.8626753362578725
2   3.8694795254783045

3   3.0000273903035124
3   3.0000428567759494
3   3.0003872765751942
3   3.0011441072588689
3   3.0001349369261616
3   3.0250227747898149
3   3.0081467447566217
3   3.8553070099837807
3   3.0004708664825475
3   3.1524467893689616
3   3.8637350778803814
3   3.154358846243257
3   3.001214744646751
3   3.0001447073663901
3   3.0052286579392775
3   3.0003756952974379
3   3.0022273849599199
3   3.0001783126981705
3   3.7974689819851299
3   3.0006388031481515
3   3.0247293842736345
3   3.169650278915185
3   3.0037256770175818
3   3.0512108012981702
3   3.0097499142902331
3   3.0016912749652107
3   3.7653137006535076
3   3.0002922226760678
3   3.2671009663740245
3   3.0001009250700013
3   3.0032772263864205
3   3.0000511987195311
3   3.0018000126250954
3   3.0034539877566355
3   3.3008818066208478
3   3.0024263086763647
3   3.1836802549146248
3   3.5748853803320069
3   3.005617936226967
3   3.0060190001049132
3   3.0742494133834533
3   3.0091439595153724
3   3.9318329833976282
3   3.000077426005225
3   3.0001455660739507
3   3.0002061257671833
3   3.0012210310292597
3   3.0000834632600721
3   3.0000125290612689
3   3.7475373003279975
3   3.0000385558622709
3   3.2992607016416482
3   3.0000122776578291
3   3.001973899656309
3   3.0001301250516121
3   3.0001638879278474
3   3.0000058654651944
3   3.0000241640774976
3   3.0320940494034216
3   3.0000129073876352
3   3.9291371330791716
3   3.0000695175064465
3   3.0573700841784808
3   3.0000311776138018
3   3.0000395200763794
3   3.0002058163140792
3   3.0000275684718489
3   3.0000336133292467
3   3.0000171902226711
3   3.1061905320523673
3   3.0000769269064715
3   3.9150817802660658

4   4
4   4
4   4
4   4
4   4
4   4
4   4.0000000000000009
4   3.9999999999999991
4   4

