0   -35.1344   0.0290913   0.112737   8.13265e-07   0.248372   0.109799   0.109799   0.248372   8.13265e-07   0.112737   0.0290913   
1   -45.8957   0.0155995   0.0375376   0.0890274   0.155293   0.202543   0.202543   0.155293   0.0890274   0.0375376   0.0155995   
2   -46.7976   0.0143943   0.0370059   0.0915173   0.154832   0.202251   0.202251   0.154832   0.0915173   0.0370059   0.0143943   
3   -46.9859   0.0198376   0.0447377   0.101096   0.14821   0.186118   0.186118   0.14821   0.101096   0.0447377   0.0198376   
4   -46.9653   0.0213892   0.0493005   0.104599   0.147018   0.177693   0.177693   0.147018   0.104599   0.0493005   0.0213892   
5   -46.9653   0.0213892   0.0493005   0.104599   0.147018   0.177693   0.177693   0.147018   0.104599   0.0493005   0.0213892   
6   -46.9859   0.0198376   0.0447377   0.101096   0.14821   0.186118   0.186118   0.14821   0.101096   0.0447377   0.0198376   
7   -46.7976   0.0143943   0.0370059   0.0915173   0.154832   0.202251   0.202251   0.154832   0.0915173   0.0370059   0.0143943   
8   -45.8957   0.0155995   0.0375376   0.0890274   0.155293   0.202543   0.202543   0.155293   0.0890274   0.0375376   0.0155995   
9   -35.1344   0.0290913   0.112737   8.13265e-07   0.248372   0.109799   0.109799   0.248372   8.13265e-07   0.112737   0.0290913   
