-3.5   3.5
-3.5   3.5
-3.5   3.5
-3.5   3.5
-3.5   3.4999999999999996
-3.5   3.5
-3.5   3.5
-3.5   3.4999999999999996

-2.5   2.5001610362847786
-2.5   2.5001680863914069
-2.5   2.5026209247079092
-2.5   2.5105062449052982
-2.5   2.5089000197094267
-2.5   2.6101507213290138
-2.5   3.3324380782131136
-2.5   2.8230284380443291
-2.5   3.1960523343873133
-2.5   2.5293820191442515
-2.5   2.5648010295705799
-2.5   2.5262322216638258
-2.5   2.5106102506614958
-2.5   2.5024663519027643
-2.5   2.5014674389018663
-2.5   2.5138495540959567
-2.5   3.0683117259275692
-2.5   2.5074336969656317
-2.5   3.0948739271053354
-2.5   2.5059547774870596
-2.5   2.5676842620823805
-2.5   2.6964081511385909
-2.5   2.8745191373720411
-2.5   2.7699123267481487
-2.5   2.5039255225657255
-2.5   2.5707415605780608
-2.5   2.525898406945958
-2.5   2.500547975828157
-2.5   2.5024949466236479
-2.5   2.5001425201362757
-2.5   3.4474873353031552
-2.5   2.5008134581729018
-2.5   2.5392201550033344
-2.5   2.5055021785108571
-2.5   2.5012489278223899
-2.5   3.4842053233030175
-2.5   2.5000455848034138
-2.5   2.503874943032947
-2.5   2.5001616808714164
-2.5   2.5109381356566178
-2.5   2.5000687899007668
-2.5   2.5008213890258193
-2.5   2.501844381459132
-2.5   2.5001462905894098
-2.5   2.5001360230978618
-2.5   2.7522585228963625
-2.5   3.2950588263411427
-2.5   2.5000536531646906
-2.5   2.5005230727515233
-2.5   2.5000984014002765
-2.5   2.5000721336104834
-2.5   2.500315804926692
-2.5   2.500022464233425
-2.5   2.6486091283830948
-2.5   2.5001754983993991
-2.5   3.3836384385202405

-1.5   1.5046844637803303
-1.5   1.5073946091068233
-1.5   1.7150588978634715
-1.5   1.519469123082946
-1.5   2.3346930506645087
-1.5   1.57360235775695
-1.5   1.5163593067812466
-1.5   2.4170355063024642
-1.5   1.5088014284581059
-1.5   2.3447426449428206
-1.5   1.6582666458072275
-1.5   1.573132508337983
-1.5   1.5385384450790278
-1.5   1.5439913023309568
-1.5   1.6008259109221399
-1.5   2.4413305206587457
-1.5   1.712314802815508
-1.5   1.8167361648173972
-1.5   2.0069350655214406
-1.5   1.9450666566006127
-1.5   1.9528381161662458
-1.5   1.8430330018982204
-1.5   1.5545231511419435
-1.5   3.2146293251965665
-1.5   1.9859155633324486
-1.5   2.0854358083910154
-1.5   2.4159122377041622
-1.5   2.162330626575085
-1.5   2.4599760178930365
-1.5   2.2998469229599774
-1.5   1.7686423144060424
-1.5   1.9576163411445178
-1.5   2.0121892165101141
-1.5   2.1323614871533008
-1.5   2.2636093593410611
-1.5   1.6473257836244803
-1.5   2.3670567385258416
-1.5   1.5902599823565682
-1.5   1.5588439445165112
-1.5   1.5109665990927623
-1.5   1.5278357617236491
-1.5   2.4600258689062127
-1.5   1.524764168902331
-1.5   1.5693627948625082
-1.5   2.4055051455379517
-1.5   1.5650906276278951
-1.5   2.3839616106958732
-1.5   1.6169802885038429
-1.5   1.504248982730402
-1.5   1.5871742291647912
-1.5   1.9509894472228644
-1.5   1.9515447256281435
-1.5   1.5791016388679822
-1.5   1.9737115589543239
-1.5   1.9406614010968148
-1.5   1.5315164716317144
-1.5   2.0555874066636903
-1.5   2.05031727535233
-1.5   2.390857022754926
-1.5   2.0523634444850072
-1.5   2.0859061841916771
-1.5   2.1707565749315947
-1.5   2.6327296619318221
-1.5   2.403310711798011
-1.5   1.8466898967045018
-1.5   1.8609759820325835
-1.5   2.1035076766057683
-1.5   2.1947102448463758
-1.5   2.0706986010821957
-1.5   2.1789600026314502
-1.5   2.0730949723930596
-1.5   2.2898784324957324
-1.5   2.2506617898927024
-1.5   2.0102714387452645
-1.5   1.5109680437556743
-1.5   1.5252413463673467
-1.5   1.5431356888332544
-1.5   1.5060509902020693
-1.5   1.5416459576139565
-1.5   1.6216707798803758
-1.5   2.2327954283185081
-1.5   1.9022570365259499
-1.5   1.8579108964668731
-1.5   2.1988073181943393
-1.5   1.9327730175955002
-1.5   2.3536784223314191
-1.5   2.286712105258732
-1.5   1.590949198938433
-1.5   1.5268586478215633
-1.5   2.9332171175042063
-1.5   2.2654269284815411
-1.5   2.229082317903107
-1.5   1.5232516104347247
-1.5   1.7955340741533856
-1.5   2.3966254313456732
-1.5   1.5979455803322411
-1.5   2.2399088056697107
-1.5   1.8456031578133656
-1.5   2.386106738598619
-1.5   1.5840875327655266
-1.5   1.5443857643680072
-1.5   1.8197747680910363
-1.5   2.8053658821830623
-1.5   2.2203446059919685
-1.5   1.5229299434106633
-1.5   2.4775512992858895
-1.5   1.5236768486067302
-1.5   1.531103419896346
-1.5   2.4030671097376155
-1.5   1.9727244630092948
-1.5   1.960152588840935
-1.5   2.1104418877279025
-1.5   2.1073222979603776
-1.5   1.6417124839642216
-1.5   1.5058958614352882
-1.5   1.5171025176811233
-1.5   1.508407775290554
-1.5   1.5082951383368401
-1.5   1.508444308586645
-1.5   1.7487172643590165
-1.5   1.7349678236164761
-1.5   1.5818452063732305
-1.5   2.317614281884175
-1.5   2.2488881984933466
-1.5   1.5097062349474806
-1.5   1.6298799269972819
-1.5   1.9722943120062353
-1.5   1.8592239261756713
-1.5   2.1044210067558811
-1.5   2.1383029743664443
-1.5   1.5184604328360227
-1.5   1.5092351685325078
-1.5   1.5140439614670922
-1.5   1.957354540701508
-1.5   1.9216483032044507
-1.5   1.8748100378600698
-1.5   2.0143088856783575
-1.5   2.0107283339792645
-1.5   1.6601902913166269
-1.5   3.2876349659635213
-1.5   2.48008150564648
-1.5   1.5094358802828731
-1.5   1.6706119401145547
-1.5   1.5110774300090393
-1.5   1.5033436841268633
-1.5   1.5272836558407681
-1.5   1.5099836153746931
-1.5   1.6072924795148791
-1.5   1.5053882117563631
-1.5   2.3996459468382136
-1.5   1.5118915420609631
-1.5   2.4869866942689782
-1.5   1.5030941053753795
-1.5   1.5813646439036595
-1.5   1.5562544786911263
-1.5   1.5035370398585344
-1.5   1.5652882800083083
-1.5   2.0760219676491349
-1.5   1.9777558199428009
-1.5   1.7050344612594968
-1.5   1.6630678815086974
-1.5   1.7539976498533334
-1.5   2.1940925465021288
-1.5   1.784298879565672
-1.5   2.4502696887223774
-1.5   2.4494301928175246
-1.5   2.3420063672253533
-1.5   3.3483086744894526

-0.5   0.63585153511073389
-0.5   0.72473985511408712
-0.5   1.1621002344051028
-0.5   0.94003310912314109
-0.5   1.0348199509819147
-0.5   0.93707527867109675
-0.5   1.3631375743437077
-0.5   1.4110858115131657
-0.5   1.2400355449546776
-0.5   2.3036290499928755
-0.5   1.1253506696467341
-0.5   1.1080458437819818
-0.5   1.4693051958395067
-0.5   2.384579146076665
-0.5   0.70474075007481707
-0.5   1.4586779301541111
-0.5   1.2350852416147475
-0.5   0.72944338135644538
-0.5   0.5717828538706895
-0.5   2.1333381865360943
-0.5   1.2495225044545879
-0.5   1.4125791326439285
-0.5   1.0560032709486495
-0.5   0.72059545593375263
-0.5   1.0566942780796555
-0.5   1.4768142334188843
-0.5   1.3258540076021375
-0.5   1.2606924693613824
-0.5   1.6851929805153909
-0.5   0.63536361156171917
-0.5   1.4227931630541664
-0.5   1.922699061025841
-0.5   1.1264257156669852
-0.5   1.7882401243212587
-0.5   1.8127751861475767
-0.5   2.1321562177866351
-0.5   1.0680181293671784
-0.5   1.8206996715241952
-0.5   2.0068661523466416
-0.5   1.5831328972517436
-0.5   1.6333964660856974
-0.5   1.7931627829662773
-0.5   1.3847733042511816
-0.5   1.9484212146391107
-0.5   1.4395792320408822
-0.5   2.6764002860196885
-0.5   1.9965372069981466
-0.5   1.4999898415334791
-0.5   1.4145941072476582
-0.5   1.9087950883027682
-0.5   1.8589542711656719
-0.5   1.671500561917342
-0.5   1.8583726913766547
-0.5   1.4739707104785249
-0.5   1.2944552246272771
-0.5   1.7445484318612454
-0.5   2.0178006906364665
-0.5   1.2944733483827808
-0.5   1.9076891563838494
-0.5   1.1222685957180458
-0.5   2.2431621293413695
-0.5   0.73686987735238296
-0.5   1.1370945601861466
-0.5   1.3642101022170903
-0.5   0.78201745356445551
-0.5   1.1621075505898719
-0.5   0.91773923482305464
-0.5   1.4329566036123751
-0.5   1.31973338061474
-0.5   1.6202692854981051
-0.5   1.3934864941178255
-0.5   0.60434574151781639
-0.5   1.8518873407808303
-0.5   1.5487188004129147
-0.5   1.3757268446309638
-0.5   1.3065540191227976
-0.5   2.0770298226258412
-0.5   1.5114040031684066
-0.5   1.8368676452173305
-0.5   1.0019721790269955
-0.5   1.0425122904441784
-0.5   1.361599900535986
-0.5   1.344932220586218
-0.5   1.4722116460874184
-0.5   0.70857532500428966
-0.5   1.4998581807468614
-0.5   1.5001845610428166
-0.5   1.1060796976731206
-0.5   0.98149694569231771
-0.5   1.3884769674639077
-0.5   1.340248431930237
-0.5   1.2750370585181783
-0.5   1.3851333577793974
-0.5   1.8443195135557162
-0.5   1.8724878291586906
-0.5   1.0612639521633036
-0.5   2.0684748612686175
-0.5   0.98908369497341697
-0.5   1.5089767984126863
-0.5   1.7045745458466022
-0.5   1.7079521097127972
-0.5   1.6875475993372056
-0.5   1.87628149593866
-0.5   1.7032013067819691
-0.5   1.5313332279243008
-0.5   1.8723353841428363
-0.5   1.9789207968393061
-0.5   1.6510688963341265
-0.5   1.7389465631162291
-0.5   2.1802584906290456
-0.5   1.9471575226297118
-0.5   1.7195725622045592
-0.5   1.5129355690387856
-0.5   1.6396217677444467
-0.5   1.3180181293733053
-0.5   1.4845907565339991
-0.5   2.0134041572254193
-0.5   2.0988537835623102
-0.5   2.2529074605559538
-0.5   1.9425791248973758
-0.5   2.1840367095712532
-0.5   0.58245424150139979
-0.5   0.63429779775373851
-0.5   1.1042887289359249
-0.5   1.4839502489820906
-0.5   1.0719102426811604
-0.5   0.58316628544426208
-0.5   0.68170989037795149
-0.5   1.444810455518124
-0.5   1.4767323481275487
-0.5   1.4910605836535962
-0.5   1.3976386616954055
-0.5   1.4635823853717065
-0.5   1.3783016452784997
-0.5   2.205268715796675
-0.5   1.103369186414374
-0.5   2.4011438828029679
-0.5   1.3325407924839174
-0.5   1.5271465832241171
-0.5   1.4433491312743971
-0.5   1.8931256413192599
-0.5   2.2359663096140392
-0.5   1.4266868780860191
-0.5   1.0040239605203243
-0.5   1.2829760736251108
-0.5   1.4488232592015438
-0.5   1.5083123286015145
-0.5   3.0685556290908669
-0.5   1.0818567076413781
-0.5   1.4850986837395261
-0.5   1.9228876172458298
-0.5   1.673214296296921
-0.5   1.6361594864828497
-0.5   0.90692949914576948
-0.5   2.0348846774500404
-0.5   0.92516499087284987
-0.5   1.3809741937194888
-0.5   1.1446367577986774
-0.5   1.162897557552143
-0.5   2.3167860417146926
-0.5   0.85284613522286756
-0.5   2.2819047878508294
-0.5   0.85707674386581956
-0.5   1.4675514947893469
-0.5   1.8178413154998334
-0.5   1.8103887262565608
-0.5   1.3403274051568708
-0.5   0.75937869214311027
-0.5   0.80807829594094915
-0.5   1.3700541707272105
-0.5   2.9966322282760616
-0.5   1.7579354080000322
-0.5   1.3176962670484635
-0.5   1.5084040870902919
-0.5   1.7332258712402164
-0.5   1.3594161885600058
-0.5   2.3070953280471134
-0.5   1.6084194853839677
-0.5   1.6797284933696743
-0.5   1.424296078268263
-0.5   1.3835297760257534
-0.5   1.6248099176902184
-0.5   1.6215374227069335
-0.5   1.0572118405939632
-0.5   0.9086405718107482
-0.5   1.4538449118253689
-0.5   0.57993954646362722
-0.5   0.85020593599454419
-0.5   1.4866076014503056
-0.5   1.3454761927984542
-0.5   1.4896098220182852
-0.5   0.59735088789018764
-0.5   0.58722006878935984
-0.5   1.2659230807890156
-0.5   1.4033715832412856
-0.5   0.90291099223265703
-0.5   0.70243836853773689
-0.5   1.7867459758697231
-0.5   1.9260524345743288
-0.5   1.6032967353517233
-0.5   2.1042692734453499
-0.5   2.1231258280326375
-0.5   1.4181905466592848
-0.5   0.64671136308005583
-0.5   0.63700946664621028
-0.5   0.67746037879458387
-0.5   1.4682381556563846
-0.5   0.54858418414897203
-0.5   0.87119963806341705
-0.5   1.4765025730002459
-0.5   1.8485166616986493
-0.5   2.0849105949312805
-0.5   1.5105500456582335
-0.5   1.4541239056337025
-0.5   1.0562056279344803
-0.5   1.4685776401101687
-0.5   1.4215411283460129
-0.5   1.040427722534222
-0.5   0.71798277199933591
-0.5   1.2877170944072238
-0.5   0.51738730715722192
-0.5   0.53578077857303641
-0.5   0.61323994274698301
-0.5   0.7989362798130375
-0.5   1.3696957873271884
-0.5   1.1855197578791929
-0.5   0.91810016168556485
-0.5   1.6945750459111379
-0.5   2.299512269034409
-0.5   2.3676585029344057
-0.5   1.6741509941873058
-0.5   1.579475724048867
-0.5   2.1566000702793526
-0.5   1.9139239011075966
-0.5   1.4641908298373703
-0.5   1.7506786542971473
-0.5   0.776175549155945
-0.5   1.3596490767114582
-0.5   1.6653032367829348
-0.5   1.0185799295356242
-0.5   1.3430355570527091
-0.5   0.61372103339675044
-0.5   1.4369435886254345
-0.5   0.90894241822739907
-0.5   1.013938415968616
-0.5   0.52514080161897803
-0.5   1.1247523875541841
-0.5   1.1364884952967613
-0.5   1.238976180796739
-0.5   1.3618121025806322
-0.5   1.4854601137223284
-0.5   1.1429308805642762
-0.5   2.1909989905181195
-0.5   1.5394581172706951
-0.5   2.3048204763767015
-0.5   0.54052506568483216
-0.5   0.63407688214947311
-0.5   1.4683466441791413
-0.5   0.70393885378741383
-0.5   0.57410276676102989
-0.5   0.90603805125159043
-0.5   1.4818068284891868
-0.5   1.3487492222783726
-0.5   1.3275206648560829
-0.5   0.7263618823936373
-0.5   2.049412726667478
-0.5   1.4276203751482788
-0.5   0.96239939849723677
-0.5   1.5559299699277682
-0.5   1.4779753338828041
-0.5   1.3979830781854035
-0.5   1.0324269298650273
-0.5   2.2471620027514385
-0.5   1.7896661484348639
-0.5   1.525330856707523
-0.5   2.3116648200065177
-0.5   1.6065920108195995
-0.5   2.4554350750088547
-0.5   2.3485658689192195
-0.5   3.3316546894749459

0.5   0.63585153511062509
0.5   0.72473985511406425
0.5   1.1621002344051574
0.5   0.9400331091231573
0.5   1.0348199509818532
0.5   0.93707527867117446
0.5   1.3631375743436964
0.5   1.4110858115131693
0.5   1.2400355449546836
0.5   2.3036290499928747
0.5   1.1253506696466133
0.5   1.1080458437821197
0.5   1.4693051958395014
0.5   2.3845791460766468
0.5   0.70474075007483061
0.5   1.4586779301541071
0.5   1.2350852416147828
0.5   0.7294433813564376
0.5   0.57178285387067973
0.5   2.1333381865361818
0.5   1.2495225044546263
0.5   1.4125791326437838
0.5   1.0560032709486178
0.5   0.72059545593366914
0.5   1.0566942780797639
0.5   1.476814233418883
0.5   1.3258540076020984
0.5   1.260692469361375
0.5   1.6851929805153927
0.5   0.63536361156166832
0.5   1.4227931630540196
0.5   1.9226990610258343
0.5   1.1264257156670934
0.5   1.7882401243213293
0.5   1.8127751861477073
0.5   2.1321562177865547
0.5   1.0680181293670727
0.5   1.8206996715243249
0.5   2.0068661523466242
0.5   1.5831328972517151
0.5   1.6333964660857379
0.5   1.7931627829663994
0.5   1.3847733042511423
0.5   1.9484212146390711
0.5   1.4395792320407577
0.5   2.6764002860197187
0.5   1.9965372069980911
0.5   1.4999898415334738
0.5   1.4145941072477219
0.5   1.9087950883027442
0.5   1.8589542711657097
0.5   1.6715005619173722
0.5   1.8583726913766165
0.5   1.4739707104784996
0.5   1.2944552246272631
0.5   1.7445484318610567
0.5   2.0178006906364607
0.5   1.2944733483829671
0.5   1.9076891563839062
0.5   1.1222685957180452
0.5   2.2431621293413579
0.5   0.73686987735235743
0.5   1.1370945601861473
0.5   1.3642101022170758
0.5   0.78201745356447949
0.5   1.1621075505898906
0.5   0.91773923482305886
0.5   1.4329566036123678
0.5   1.3197333806147429
0.5   1.6202692854980931
0.5   1.3934864941178224
0.5   0.60434574151780707
0.5   1.8518873407808409
0.5   1.5487188004129262
0.5   1.3757268446309636
0.5   1.306554019122788
0.5   2.0770298226258532
0.5   1.5114040031683698
0.5   1.8368676452173731
0.5   1.0019721790269711
0.5   1.0425122904442083
0.5   1.3615999005359896
0.5   1.344932220586204
0.5   1.4722116460874128
0.5   0.70857532500428766
0.5   1.4998581807468696
0.5   1.5001845610428184
0.5   1.1060796976731195
0.5   0.98149694569224377
0.5   1.3884769674638995
0.5   1.3402484319303163
0.5   1.2750370585181803
0.5   1.3851333577793712
0.5   1.8443195135557331
0.5   1.8724878291586622
0.5   1.0612639521632972
0.5   2.068474861268629
0.5   0.98908369497342274
0.5   1.5089767984126752
0.5   1.7045745458466213
0.5   1.7079521097127794
0.5   1.6875475993372064
0.5   1.8762814959386733
0.5   1.7032013067819496
0.5   1.5313332279242906
0.5   1.8723353841428527
0.5   1.9789207968393145
0.5   1.6510688963341318
0.5   1.7389465631162557
0.5   2.1802584906290567
0.5   1.9471575226305946
0.5   1.7195725622035849
0.5   1.5129355690387785
0.5   1.6396217677444573
0.5   1.31801812937329
0.5   1.4845907565340171
0.5   2.0134041572255259
0.5   2.098853783562209
0.5   2.2529074605559516
0.5   1.9425791248973732
0.5   2.1840367095712412
0.5   0.58245424150139979
0.5   0.63429779775373496
0.5   1.1042887289359398
0.5   1.4839502489820908
0.5   1.0719102426811502
0.5   0.58316628544426141
0.5   0.68170989037795238
0.5   1.4448104555181243
0.5   1.4767323481275456
0.5   1.4910605836535966
0.5   1.397638661695406
0.5   1.4635823853717118
0.5   1.3783016452785055
0.5   2.2052687157966759
0.5   1.1033691864143782
0.5   2.4011438828029674
0.5   1.3325407924839279
0.5   1.5271465832241207
0.5   1.443349131274404
0.5   1.8931256413192554
0.5   2.2359663096140188
0.5   1.4266868780860311
0.5   1.0040239605203378
0.5   1.2829760736251126
0.5   1.4488232592015347
0.5   1.5083123286015199
0.5   3.0685556290908549
0.5   1.0818567076413994
0.5   1.4850986837395059
0.5   1.9228876172458382
0.5   1.6732142962969414
0.5   1.6361594864828559
0.5   0.90692949914572796
0.5   2.0348846774500529
0.5   0.92516499087284876
0.5   1.3809741937194873
0.5   1.1446367577986745
0.5   1.1628975575521479
0.5   2.3167860417146873
0.5   0.85284613522288844
0.5   2.2819047878508272
0.5   0.85707674386581667
0.5   1.4675514947893498
0.5   1.8178413154998312
0.5   1.810388726256555
0.5   1.3403274051568712
0.5   0.75937869214311249
0.5   0.80807829594095115
0.5   1.3700541707272098
0.5   2.9966322282760656
0.5   1.7579354080000371
0.5   1.3176962670484633
0.5   1.5084040870902928
0.5   1.7332258712402195
0.5   1.3594161885600053
0.5   2.3070953280471085
0.5   1.6084194853839633
0.5   1.6797284933696246
0.5   1.4242960782683312
0.5   1.3835297760257446
0.5   1.6248099176902047
0.5   1.6215374227068144
0.5   1.0572118405941409
0.5   0.90864057181073754
0.5   1.4538449118253711
0.5   0.57993954646362478
0.5   0.85020593599450001
0.5   1.4866076014503096
0.5   1.3454761927984857
0.5   1.4896098220182914
0.5   0.59735088789018675
0.5   0.58722006878931055
0.5   1.2659230807890258
0.5   1.4033715832412883
0.5   0.90291099223268789
0.5   0.70243836853773778
0.5   1.7867459758697506
0.5   1.9260524345743937
0.5   1.6032967353517193
0.5   2.1042692734452833
0.5   2.1231258280326228
0.5   1.4181905466592875
0.5   0.64671136308001631
0.5   0.63700946664622227
0.5   0.67746037879457277
0.5   1.4682381556563981
0.5   0.54858418414898291
0.5   0.87119963806339262
0.5   1.4765025730004062
0.5   1.8485166616985254
0.5   2.084910594931332
0.5   1.5105500456582828
0.5   1.4541239056337041
0.5   1.0562056279343661
0.5   1.4685776401101438
0.5   1.421541128345986
0.5   1.0404277225342569
0.5   0.71798277199933502
0.5   1.287717094407212
0.5   0.51738730715722481
0.5   0.53578077857300666
0.5   0.61323994274692017
0.5   0.79893627981296378
0.5   1.369695787327176
0.5   1.1855197578791332
0.5   0.9181001616856852
0.5   1.6945750459112396
0.5   2.2995122690344263
0.5   2.3676585029344603
0.5   1.6741509941872872
0.5   1.5794757240488435
0.5   2.156600070279187
0.5   1.9139239011076623
0.5   1.4641908298375279
0.5   1.7506786542970914
0.5   0.7761755491559883
0.5   1.3596490767115326
0.5   1.6653032367828673
0.5   1.0185799295355338
0.5   1.3430355570526964
0.5   0.61372103339674244
0.5   1.436943588625478
0.5   0.90894241822734978
0.5   1.0139384159686935
0.5   0.52514080161899934
0.5   1.1247523875542929
0.5   1.136488495296516
0.5   1.238976180796681
0.5   1.3618121025805934
0.5   1.4854601137223271
0.5   1.1429308805643126
0.5   2.1909989905181364
0.5   1.5394581172707187
0.5   2.3048204763767357
0.5   0.54052506568484371
0.5   0.63407688214940494
0.5   1.4683466441791757
0.5   0.70393885378759902
0.5   0.57410276676090977
0.5   0.90603805125160597
0.5   1.4818068284891912
0.5   1.3487492222783515
0.5   1.3275206648560336
0.5   0.7263618823937128
0.5   2.0494127266676023
0.5   1.4276203751479568
0.5   0.96239939849753364
0.5   1.5559299699275968
0.5   1.477975333882827
0.5   1.3979830781854632
0.5   1.0324269298649604
0.5   2.2471620027524439
0.5   1.7896661484336449
0.5   1.5253308567075861
0.5   2.3116648200065129
0.5   1.6065920108195768
0.5   2.4554350750088356
0.5   2.3485658689192204
0.5   3.3316546894749779

1.5   1.5046844637803298
1.5   1.5073946091068211
1.5   1.7150588978634871
1.5   1.5194691230829469
1.5   2.3346930506645052
1.5   1.5736023577569722
1.5   1.5163593067812466
1.5   2.4170355063024589
1.5   1.5088014284581037
1.5   2.3447426449427957
1.5   1.6582666458072559
1.5   1.5731325083379817
1.5   1.538538445079026
1.5   1.5439913023309608
1.5   1.6008259109221439
1.5   2.4413305206587461
1.5   1.7123148028155093
1.5   1.8167361648173963
1.5   2.0069350655214433
1.5   1.945066656600563
1.5   1.9528381161662969
1.5   1.8430330018982151
1.5   1.5545231511419382
1.5   3.2146293251965559
1.5   1.9859155633324637
1.5   2.0854358083910207
1.5   2.4159122377041866
1.5   2.1623306265750699
1.5   2.459976017893013
1.5   2.2998469229599663
1.5   1.7686423144060806
1.5   1.9576163411444933
1.5   2.0121892165101065
1.5   2.1323614871532834
1.5   2.263609359341066
1.5   1.6473257836244835
1.5   2.3670567385258585
1.5   1.5902599823565677
1.5   1.5588439445165161
1.5   1.5109665990927628
1.5   1.5278357617236518
1.5   2.4600258689062136
1.5   1.5247641689023332
1.5   1.5693627948625055
1.5   2.4055051455379468
1.5   1.5650906276279168
1.5   2.3839616106958608
1.5   1.616980288503846
1.5   1.5042489827304029
1.5   1.5871742291647895
1.5   1.9509894472228653
1.5   1.9515447256281431
1.5   1.5791016388679924
1.5   1.9737115589543168
1.5   1.9406614010967984
1.5   1.5315164716317171
1.5   2.0555874066636983
1.5   2.0503172753523371
1.5   2.3908570227549331
1.5   2.0523634444849983
1.5   2.0859061841916766
1.5   2.1707565749316031
1.5   2.6327296619318306
1.5   2.4033107117979964
1.5   1.8466898967045013
1.5   1.8609759820325742
1.5   2.1035076766057657
1.5   2.194710244846406
1.5   2.0706986010821189
1.5   2.1789600026314599
1.5   2.0730949723931031
1.5   2.2898784324957027
1.5   2.2506617898927113
1.5   2.0102714387452689
1.5   1.5109680437556743
1.5   1.5252413463673489
1.5   1.5431356888332544
1.5   1.5060509902020693
1.5   1.5416459576139538
1.5   1.6216707798803713
1.5   2.2327954283185076
1.5   1.9022570365259539
1.5   1.8579108964668563
1.5   2.198807318194353
1.5   1.9327730175954922
1.5   2.353678422331416
1.5   2.2867121052587369
1.5   1.5909491989384401
1.5   1.5268586478215638
1.5   2.9332171175042059
1.5   2.2654269284815385
1.5   2.2290823179031096
1.5   1.5232516104347242
1.5   1.7955340741533883
1.5   2.3966254313456665
1.5   1.5979455803322393
1.5   2.2399088056697187
1.5   1.8456031578133545
1.5   2.3861067385986163
1.5   1.5840875327655302
1.5   1.544385764368009
1.5   1.8197747680910421
1.5   2.8053658821830592
1.5   2.2203446059919671
1.5   1.5229299434106642
1.5   2.4775512992858912
1.5   1.5236768486067311
1.5   1.5311034198963465
1.5   2.4030671097376204
1.5   1.9727244630093126
1.5   1.9601525888409626
1.5   2.1104418877278635
1.5   2.1073222979603559
1.5   1.6417124839642288
1.5   1.5058958614352878
1.5   1.5171025176811268
1.5   1.5084077752905523
1.5   1.5082951383368384
1.5   1.5084443085866468
1.5   1.7487172643590214
1.5   1.7349678236164841
1.5   1.581845206373238
1.5   2.3176142818841678
1.5   2.24888819849334
1.5   1.5097062349474824
1.5   1.6298799269972797
1.5   1.9722943120061873
1.5   1.8592239261756274
1.5   2.1044210067559206
1.5   2.1383029743664843
1.5   1.5184604328360347
1.5   1.5092351685325074
1.5   1.5140439614670913
1.5   1.9573545407014898
1.5   1.9216483032044334
1.5   1.8748100378601
1.5   2.0143088856783851
1.5   2.0107283339793645
1.5   1.6601902913165367
1.5   3.2876349659635169
1.5   2.4800815056464889
1.5   1.5094358802828731
1.5   1.6706119401145259
1.5   1.5110774300090277
1.5   1.5033436841268659
1.5   1.527283655840773
1.5   1.5099836153746935
1.5   1.6072924795148502
1.5   1.5053882117563653
1.5   2.3996459468382332
1.5   1.5118915420609693
1.5   2.4869866942689742
1.5   1.503094105375375
1.5   1.5813646439036604
1.5   1.5562544786911281
1.5   1.5035370398585397
1.5   1.5652882800083061
1.5   2.076021967649083
1.5   1.9777558199428511
1.5   1.7050344612594808
1.5   1.6630678815087094
1.5   1.7539976498533316
1.5   2.1940925465021177
1.5   1.7842988795656458
1.5   2.4502696887223827
1.5   2.4494301928175672
1.5   2.3420063672253497
1.5   3.3483086744894432

2.5   2.5001610362847777
2.5   2.5001680863914078
2.5   2.5026209247079092
2.5   2.5105062449052968
2.5   2.5089000197094289
2.5   2.6101507213290165
2.5   3.3324380782131113
2.5   2.8230284380442945
2.5   3.196052334387343
2.5   2.5293820191442404
2.5   2.5648010295705954
2.5   2.5262322216638262
2.5   2.5106102506614958
2.5   2.5024663519027639
2.5   2.5014674389018663
2.5   2.5138495540959567
2.5   3.0683117259275741
2.5   2.5074336969656335
2.5   3.0948739271053243
2.5   2.5059547774870583
2.5   2.5676842620823823
2.5   2.6964081511385993
2.5   2.8745191373720274
2.5   2.7699123267481554
2.5   2.5039255225657189
2.5   2.5707415605780697
2.5   2.5258984069459576
2.5   2.5005479758281579
2.5   2.502494946623647
2.5   2.5001425201362748
2.5   3.447487335303153
2.5   2.5008134581729022
2.5   2.5392201550033371
2.5   2.505502178510858
2.5   2.5012489278223904
2.5   3.4842053233030179
2.5   2.5000455848034151
2.5   2.5038749430329466
2.5   2.500161680871416
2.5   2.5109381356566192
2.5   2.5000687899007685
2.5   2.5008213890258202
2.5   2.5018443814591316
2.5   2.5001462905894098
2.5   2.5001360230978604
2.5   2.7522585228963647
2.5   3.2950588263411396
2.5   2.5000536531646897
2.5   2.5005230727515229
2.5   2.5000984014002761
2.5   2.5000721336104839
2.5   2.5003158049266911
2.5   2.5000224642334268
2.5   2.6486091283830837
2.5   2.5001754983993991
2.5   3.383638438520248

3.5   3.5
3.5   3.5
3.5   3.5
3.5   3.5
3.5   3.4999999999999996
3.5   3.5
3.5   3.5
3.5   3.4999999999999996

