-1.5   1.5
-1.5   1.5
-1.5   1.5
-1.5   1.5

-0.5   0.5076795996713499
-0.5   0.50000000000000022
-0.5   1.4987123963384987
-0.5   0.50000000000000044
-0.5   1.4955175709079647
-0.5   0.50238012786556241
-0.5   1.5000000000000004
-0.5   0.49999999999999989
-0.5   0.50124494935243624
-0.5   0.51097133844195874
-0.5   0.5
-0.5   1.4945725829941394

0.5   0.50767959967135057
0.5   0.49999999999999989
0.5   1.4987123963384972
0.5   0.49999999999999978
0.5   1.4955175709079649
0.5   0.50238012786556263
0.5   1.5000000000000004
0.5   0.5
0.5   0.50124494935243624
0.5   0.51097133844195874
0.5   0.50000000000000022
0.5   1.4945725829941394

1.5   1.5
1.5   1.5
1.5   1.5
1.5   1.5

