0   -43.363   0.0516257   0.0292015   0.0859588   0.17408   0.0176675   0.282932   0.0176675   0.17408   0.0859588   0.0292015   0.0516257   
1   -55.7355   0.0111043   0.0269536   0.0660617   0.122811   0.173859   0.19842   0.173859   0.122811   0.0660617   0.0269536   0.0111043   
2   -57.0267   0.00950782   0.0243887   0.0643704   0.123741   0.176009   0.203966   0.176009   0.123741   0.0643704   0.0243887   0.00950782   
3   -57.3189   0.013193   0.0335573   0.0758829   0.124568   0.162767   0.180064   0.162767   0.124568   0.0758829   0.0335573   0.013193   
4   -57.3219   0.0151024   0.0349038   0.0815751   0.120697   0.163506   0.16843   0.163506   0.120697   0.0815751   0.0349038   0.0151024   
5   -57.2979   0.0177623   0.0382642   0.0867449   0.117964   0.159449   0.159632   0.159449   0.117964   0.0867449   0.0382642   0.0177623   
6   -57.3219   0.0151024   0.0349038   0.0815751   0.120697   0.163506   0.16843   0.163506   0.120697   0.0815751   0.0349038   0.0151024   
7   -57.3189   0.013193   0.0335573   0.0758829   0.124568   0.162767   0.180064   0.162767   0.124568   0.0758829   0.0335573   0.013193   
8   -57.0267   0.00950782   0.0243887   0.0643704   0.123741   0.176009   0.203966   0.176009   0.123741   0.0643704   0.0243887   0.00950782   
9   -55.7355   0.0111043   0.0269536   0.0660617   0.122811   0.173859   0.19842   0.173859   0.122811   0.0660617   0.0269536   0.0111043   
10   -43.363   0.0516257   0.0292015   0.0859588   0.17408   0.0176675   0.282932   0.0176675   0.17408   0.0859588   0.0292015   0.0516257   
