-4   4
-4   4
-4   4
-4   4
-4   4
-4   4
-4   4
-4   4
-4   4

-3   3.0000327626330701
-3   3.0000520049010273
-3   3.0004504267862946
-3   3.0013536670815126
-3   3.0003177416069851
-3   3.030727884154055
-3   3.0093145671926096
-3   3.8303320931897238
-3   3.0005442553338546
-3   3.176014843064888
-3   3.8539340414030345
-3   3.163996370824369
-3   3.0014611758748924
-3   3.000165606381112
-3   3.0059547225139167
-3   3.000440701220525
-3   3.002627178719143
-3   3.0002172316060594
-3   3.7899778195778895
-3   3.0007309283238253
-3   3.0285942315175385
-3   3.1657227233123919
-3   3.0043237552461028
-3   3.0598523554352863
-3   3.0117755562405883
-3   3.001833191075912
-3   3.7633235555908318
-3   3.0003398417433771
-3   3.2664327528270012
-3   3.0001179834007754
-3   3.0038649299113471
-3   3.0000599755241519
-3   3.0020919178938232
-3   3.0044547562788657
-3   3.2978240160385797
-3   3.0024817233529606
-3   3.2274991948153238
-3   3.5352332304387666
-3   3.0065524826280612
-3   3.0069722168929611
-3   3.084571376920199
-3   3.0104757367100055
-3   3.9218538749678959
-3   3.0000911828894101
-3   3.0001681063827172
-3   3.0002426660194801
-3   3.0014278855060419
-3   3.0000946102731403
-3   3.00001496889992
-3   3.7075623908140667
-3   3.0000449936118616
-3   3.3429727816839474
-3   3.0000146065381395
-3   3.0022909837308229
-3   3.0001534514057631
-3   3.0001924994573996
-3   3.0000071432597704
-3   3.0000281758862717
-3   3.036641557739812
-3   3.0000158354369897
-3   3.9204577985636568
-3   3.0000807628776935
-3   3.0635881024674361
-3   3.0000368112974907
-3   3.0000465519822428
-3   3.0002470608707363
-3   3.0000312640893503
-3   3.0000078435721087
-3   3.0000182355881151
-3   3.1162993755602524
-3   3.0000931198650345
-3   3.9067782619791336

-2   2.0003994185760905
-2   2.0007413832410532
-2   2.0015925666586125
-2   2.1684297834362503
-2   2.0125741229788501
-2   2.868477267864074
-2   2.0044209545135123
-2   2.1321144161014347
-2   2.0051176726949658
-2   2.8867704155696687
-2   2.0019882439397456
-2   2.8752817559636275
-2   2.0044742593892177
-2   2.1337193095595213
-2   2.0296837699757027
-2   2.0145905498171155
-2   2.0271499057237783
-2   2.0300744455001403
-2   2.0169864323460747
-2   2.8386429856380939
-2   2.1762022613774885
-2   2.0050762108391824
-2   2.1134594725235543
-2   2.9511911098681907
-2   2.6877743295105687
-2   2.653787202274946
-2   2.043821751559558
-2   2.3681316084628152
-2   2.2562005099852485
-2   2.6670172314562164
-2   2.4435425228710304
-2   2.1473555672726046
-2   3.0100488029091044
-2   2.5924876336381879
-2   2.1890959382203676
-2   2.2447482457079477
-2   2.8681748554702495
-2   2.5728974607004891
-2   2.3712414970447546
-2   3.1176552103556943
-2   2.4937953717828951
-2   2.3717745569397723
-2   3.0326507242643848
-2   2.3764613724346857
-2   2.4861983929482356
-2   2.3243657906150728
-2   2.1862367622302825
-2   2.534586977246077
-2   2.2740591506256949
-2   2.2289978189849036
-2   2.3493645466202246
-2   2.5062689354032299
-2   2.0152167196823054
-2   2.0027034801188259
-2   2.0106895034221344
-2   2.0103599033638435
-2   2.0495922664188351
-2   2.1467088966707952
-2   2.8918900612819796
-2   2.5077924253662656
-2   2.4051855333625807
-2   2.924347316913674
-2   2.1629870468231132
-2   2.09960318121087
-2   2.2046263085338937
-2   2.0280960357473092
-2   2.5394707656202447
-2   2.2720857193356419
-2   2.9371827181466705
-2   2.0723340505428958
-2   2.3478925035306246
-2   2.0780637148538679
-2   3.0718723089154252
-2   2.778007101014619
-2   2.7533483632025764
-2   2.3456444182194383
-2   2.6772582342543969
-2   2.0622731372131997
-2   2.1142500870006447
-2   2.1456232593199163
-2   2.0651526552988608
-2   2.5976583971631397
-2   2.3566848667052454
-2   2.3000919663977561
-2   2.2561856556992796
-2   2.2218596261789862
-2   2.0448059826229139
-2   2.7562305518935957
-2   2.3376199257785224
-2   2.0284444788968785
-2   2.5300242387674592
-2   2.0812734734378906
-2   2.6631719574534323
-2   2.6786635057735357
-2   2.7091586855654666
-2   2.7051653667604358
-2   2.981364770756985
-2   2.3806249267722226
-2   2.6302238378662897
-2   2.6990207863982305
-2   2.1038198976138682
-2   2.0038374251167577
-2   2.0505550844837135
-2   2.0477260022773121
-2   2.0746254832240298
-2   2.2558905790200954
-2   2.1377917397053929
-2   2.2538575852207745
-2   2.5361786719739237
-2   2.7965258622670937
-2   2.0424602006251638
-2   2.0070410777119934
-2   2.9767184278905638
-2   2.018864670045597
-2   2.0107191896919185
-2   2.0067066281177284
-2   2.0199050713766127
-2   2.0395947378926156
-2   2.2426810387624569
-2   2.1089358961988771
-2   2.4899900175777265
-2   2.3060505170989236
-2   2.1690904890450482
-2   2.2767714210371088
-2   2.231419653725851
-2   2.8073091331084066
-2   2.5431617125915036
-2   3.2198145449873361
-2   2.8926552575720037
-2   2.2738975727894108
-2   3.2116431041432931
-2   2.6947170699977687
-2   2.3086292204466119
-2   2.389574169648907
-2   2.7110047200431175
-2   2.2207308992280765
-2   2.41691284917228
-2   2.3654173070181068
-2   2.6907561375766695
-2   2.7036477817984581
-2   3.6602147018907631
-2   2.0211840947591013
-2   2.003471555105286
-2   2.0510244508394626
-2   2.0040688924117784
-2   2.4642341367903446
-2   2.0631561551831989
-2   2.4679882818133438
-2   2.21782114134548
-2   2.1611779663798565
-2   2.7545289307283642
-2   2.0316946014583799
-2   2.0012623983568014
-2   2.9088994850779182
-2   2.6265840481029312
-2   2.4517624356483934
-2   2.1114587181510482
-2   2.005347284196858
-2   2.9904741469494489
-2   2.0106070010813935
-2   2.0014267881591516
-2   2.0070443682570525
-2   2.0117128312822428
-2   2.014694733765531
-2   2.0546174702794793
-2   2.8573832596320083
-2   2.0107164143267502
-2   2.0192668934481972
-2   2.1847177606926476
-2   3.7360357968161084
-2   2.1938888875503757
-2   2.2227749281429703
-2   2.7213790563690274
-2   2.8131592809393564
-2   2.920293425106161
-2   2.3686844258124919
-2   2.1272395984227912
-2   2.0305246742197438
-2   2.0796434320551711
-2   2.0796627423640968
-2   2.9459571527725417
-2   2.0005312355156426
-2   2.0076774854534452
-2   2.0012856886272417
-2   2.0056073786619368
-2   2.0024311741746277
-2   2.0028695329266575
-2   2.0063599463086921
-2   2.1992535088437379
-2   2.1700505354730777
-2   2.6123937955673409
-2   2.6321463748025229
-2   2.2212914609912109
-2   2.2060869832781846
-2   2.0873660791393851
-2   2.0727189418748542
-2   2.0019417873164396
-2   2.0173279188710622
-2   2.6143295926461922
-2   2.7341595528088485
-2   2.3434948937370752
-2   2.1881531673563961
-2   2.1304604913320242
-2   2.1499903601119126
-2   2.0034493570920326
-2   2.0543264542431503
-2   2.2675050763482041
-2   2.2330757376574502
-2   2.125209238936042
-2   2.6859342508253627
-2   2.8135282688542693
-2   2.0021604266705735
-2   2.0548127622646559
-2   2.0204197664089572
-2   3.280117778388179
-2   2.858604461001927
-2   3.1440043568616267
-2   2.7594730411796737
-2   2.1395616728146005
-2   2.0362498735142029
-2   2.002554049851113
-2   2.0038713288356118
-2   2.0009987369899007
-2   2.0042618660852143
-2   2.0307425957467351
-2   2.0025652578219151
-2   2.9708706578301274
-2   2.0200511180407914
-2   2.0040265147017076
-2   2.9811920020795646
-2   2.0030068937840637
-2   2.0060485968860107
-2   2.0324882981029542
-2   2.0139059092994058
-2   2.0303880768658087
-2   2.0108940464003449
-2   2.8018433350598295
-2   2.0874833494307317
-2   2.2222018803066881
-2   2.0626883806963354
-2   2.0610707804640063
-2   2.2967319701909292
-2   2.6281960339487158
-2   2.1690157365423812
-2   2.1449847202759305
-2   2.2371327887903711
-2   2.769708118677142
-2   2.9658497499255132
-2   2.2127807512612634
-2   2.9512654985913045
-2   2.8499152274942827
-2   3.8565256694083248

-1   1.045964554293044
-1   1.1073965622692898
-1   1.1401065254951155
-1   1.5714443409143
-1   1.0684199727210995
-1   1.5319886364008561
-1   1.3505760214056852
-1   1.3563417685045001
-1   1.1396381693138562
-1   1.7475783859746845
-1   1.9103089440187198
-1   1.2416978660413771
-1   1.8600947110399724
-1   1.787767850369633
-1   1.0447109784965767
-1   2.8145704398000149
-1   1.9060295576749171
-1   1.353719352330464
-1   1.1239937376151958
-1   2.0742513790600077
-1   1.817624648026209
-1   2.7362985557582227
-1   1.3660671078678386
-1   1.1550297001887468
-1   1.8682424047526878
-1   1.0287490556683272
-1   1.4821871578729291
-1   2.4610660020730091
-1   1.6623305882266868
-1   2.126316411743685
-1   1.0672272401725882
-1   1.3661325049217246
-1   1.671469564599656
-1   1.4693398645742961
-1   1.0907363005148893
-1   1.7158899050163079
-1   1.4773925468143079
-1   1.5679580024998807
-1   1.366460231535404
-1   1.6227561907199819
-1   1.7875487394570988
-1   1.2170596656174657
-1   1.6542007529242504
-1   1.3943293712966902
-1   1.376857568125192
-1   2.7071089240871835
-1   1.1378997500857078
-1   1.3000045265398521
-1   1.6865394069431847
-1   1.4566005774214064
-1   1.1294753183170561
-1   1.8304150608924941
-1   1.7704977535577338
-1   1.9251151288097819
-1   1.3962534661969768
-1   1.9532011465996963
-1   1.9778334278086032
-1   2.0606804424519227
-1   2.0661018580166726
-1   2.2211734466269397
-1   2.6648625834097279
-1   1.8350577550780627
-1   1.6002626571343601
-1   1.8774531538402215
-1   3.0156823365483967
-1   2.0488627710353153
-1   1.8654319906056722
-1   1.8283398550074907
-1   1.483166251141588
-1   1.8663184393900716
-1   2.2273810509787797
-1   1.7516393174967684
-1   2.3469079491808533
-1   2.5788534571725759
-1   2.2037452423682331
-1   1.5129014425344809
-1   1.7794886673042005
-1   1.5702127213719153
-1   1.9565464906313088
-1   1.5525688566854594
-1   1.7560158388893989
-1   2.7098359780720913
-1   2.033252402744032
-1   2.1528213788791675
-1   2.1352269697769963
-1   1.820367087679887
-1   1.3880446636277628
-1   2.8068771019445622
-1   1.8582536704220334
-1   2.1815769761999397
-1   1.6327784999952857
-1   1.4068192478622479
-1   1.5563276551115259
-1   1.8213988261481489
-1   1.3037492386474745
-1   2.1931283836853939
-1   1.8995803753371203
-1   1.6200036032958791
-1   1.1015456034775739
-1   2.0092560898840182
-1   1.2691399555752065
-1   1.7667504279432764
-1   2.7907908371784469
-1   1.6984059575504631
-1   1.9892098597965568
-1   1.1988770297768585
-1   1.3470605108432567
-1   1.1962977348900505
-1   1.934337194714673
-1   1.4299472338507466
-1   1.5923987788934917
-1   1.7629475363847504
-1   1.8955173937477192
-1   1.2080084003136389
-1   1.139178942273994
-1   1.0974089113925949
-1   1.8909642411254128
-1   2.0853100626772738
-1   1.9504130796418364
-1   2.2412721266146596
-1   2.2291557230787604
-1   1.6791813471378858
-1   1.5828296540274929
-1   2.3821982291417663
-1   1.4241298414106287
-1   2.590740902793383
-1   1.4580524857790167
-1   1.2895671027058278
-1   1.782728647732617
-1   1.8548943511054961
-1   1.7890785466800336
-1   1.7621454120755389
-1   1.6992050977708515
-1   1.5451010052340766
-1   1.4212656970714157
-1   1.7101314458520549
-1   1.4312451788096059
-1   1.5135464238792289
-1   1.8024491779947849
-1   2.0646587150464271
-1   1.6667030543785799
-1   1.5450590243852607
-1   1.8070637248394217
-1   1.9700285147786909
-1   2.4202388207496108
-1   1.9630497143525494
-1   2.1446234279087553
-1   2.8695435389911461
-1   1.5253606035666172
-1   1.4331348139123326
-1   2.5527133735638832
-1   2.4339738585297552
-1   1.7254890932131848
-1   1.7288625934336515
-1   1.6981571237864208
-1   1.9520580613926537
-1   1.5452310704806722
-1   1.4723689821670107
-1   1.7159710838372217
-1   1.6616080444461034
-1   2.2499176413479454
-1   1.6898236213427156
-1   1.4305478862718077
-1   1.4546382718839768
-1   2.3962778912687677
-1   1.7167653677060399
-1   2.1550669177668191
-1   1.4180329326724304
-1   1.5706958473050157
-1   1.5564086516277276
-1   1.4402373104619119
-1   1.3661383051993266
-1   1.6340633384834526
-1   1.3763154183437496
-1   2.3082424230310243
-1   1.5470440984046179
-1   2.280312119895481
-1   2.1386474246410123
-1   1.7609205123224658
-1   2.2155153548896247
-1   1.8549168150329205
-1   1.8272500361415873
-1   1.7351390475298336
-1   1.8463444514708236
-1   1.1914207568553217
-1   1.1113313691654096
-1   2.2146482255084168
-1   2.2029115143133717
-1   1.0607444645995538
-1   3.0791718425215517
-1   1.7973833127014953
-1   1.5244097677239958
-1   2.6795501514253703
-1   1.2310293582247844
-1   2.5325913705181136
-1   2.3719332174312351
-1   1.5842262121307975
-1   2.7500583989781862
-1   1.8892492307740816
-1   1.2119645772891525
-1   1.4722534047023914
-1   1.5870725554189682
-1   1.0799243405812595
-1   1.8800012126197649
-1   1.104862499171837
-1   1.5653117045258838
-1   1.36321452767845
-1   1.2445501183456813
-1   1.7100021762416899
-1   1.2186938247209591
-1   1.9769795002605997
-1   1.7133001457544554
-1   1.9991130132869386
-1   1.8587498118906147
-1   1.3289035296103335
-1   1.7301994056618235
-1   1.5158484362653071
-1   1.4163983051266762
-1   2.1809048606181722
-1   1.6130511439111577
-1   2.1819349758166084
-1   1.9170439216767678
-1   2.005877755727421
-1   1.9148975595313122
-1   1.2775237384467979
-1   1.403463713504941
-1   1.2020772532946213
-1   1.8203863240865905
-1   2.0012194036604121
-1   2.0832276043809492
-1   1.8537567821347118
-1   1.3076060631129542
-1   1.2356173398636017
-1   1.7093287373976525
-1   1.712091842542157
-1   1.4255754752564846
-1   1.7151679519461642
-1   1.4927304955273553
-1   1.6755584878101604
-1   1.3904290704038398
-1   1.8109121742150789
-1   1.9228115298152759
-1   2.2494551882100695
-1   1.9513982725850809
-1   1.8212997708339866
-1   1.8334473340541924
-1   2.4162388300965607
-1   2.0964932357453709
-1   2.0664379068727068
-1   1.6346220723272049
-1   1.9545630606509095
-1   2.7542548346531484
-1   2.3606016551702638
-1   2.0234366048123622
-1   2.6344643043909897
-1   1.4718382745742149
-1   3.1571889608922845
-1   2.1823039419054542
-1   1.8140425270573619
-1   2.3899535640144682
-1   1.8186657919543689
-1   1.5349244717770723
-1   2.2871821421713734
-1   2.2780670547426647
-1   1.4897730307325245
-1   1.5419904415414627
-1   1.8115406490159391
-1   2.2941790876892085
-1   2.4001779071098284
-1   2.1479956662057496
-1   2.365090058855793
-1   1.6518967805644627
-1   3.7406851876356164
-1   1.1334761473152897
-1   1.909210019109628
-1   1.1531052544950144
-1   1.2463219519901867
-1   1.0925440107338957
-1   1.7785160590978371
-1   1.1305935510299663
-1   1.3471080084351101
-1   1.6874164129476705
-1   1.9237804125185325
-1   1.2793944886467226
-1   1.3946938780777938
-1   1.9984029182014433
-1   1.5404587367484894
-1   2.5137834765450728
-1   1.6063453001360757
-1   1.7694410445224613
-1   1.906557282160394
-1   1.7357800875606721
-1   2.8972765779873257
-1   1.3174160233833296
-1   1.977145137754825
-1   1.0178156761225521
-1   1.0348506139050722
-1   1.6646899027081261
-1   1.0092303133862806
-1   1.4514676116385981
-1   1.0651121100876519
-1   1.7504489474714249
-1   1.7635380952729691
-1   2.2270853638098727
-1   2.3669239132619864
-1   1.8950769101924148
-1   2.168471644011575
-1   1.6761461626270964
-1   1.9213464792616404
-1   1.9604043306618579
-1   1.2021508394541218
-1   1.420265516491942
-1   2.304653297141781
-1   1.8117661514306582
-1   1.9208495232935321
-1   1.2161107462630529
-1   1.3980796121805967
-1   1.8064714112310631
-1   1.87820249448637
-1   1.8605983715115553
-1   2.0233771743158124
-1   1.8779021834443479
-1   1.1597627699326778
-1   2.4261508289002762
-1   1.2015405777900794
-1   1.8087954519442744
-1   2.0692994393897903
-1   1.811557411448284
-1   1.1857588460755641
-1   1.1903233350461382
-1   1.5071598797378294
-1   1.5244221720800035
-1   3.4339303115092226
-1   1.6050839401958092
-1   1.2552729544614749
-1   1.8280512896411372
-1   1.496919081354501
-1   1.9047537021460004
-1   1.8989740839629796
-1   1.2864692219170308
-1   1.8883501662020512
-1   2.0893156970012554
-1   2.6631577314952022
-1   1.5530470075594462
-1   1.3336972435770074
-1   2.0097342621776311
-1   2.0307075877007983
-1   1.9798799724245484
-1   1.992155833202681
-1   1.387067107903043
-1   1.6089745613001769
-1   1.0639817501569406
-1   1.1156590578017058
-1   1.6170842068659659
-1   1.8094824104349789
-1   2.8409422662132777
-1   1.7103801323198642
-1   1.0256661104044189
-1   1.358547627344417
-1   1.7199420322796262
-1   1.775507594767828
-1   1.801365383444304
-1   1.4509633744749817
-1   1.0128854710649675
-1   1.6175058458087879
-1   1.9335175899391377
-1   1.9592099704337533
-1   1.0085184464149248
-1   1.0062104822589348
-1   1.0518979775177255
-1   1.4716587718155427
-1   1.0420750606342057
-1   1.6232024446237205
-1   2.1847848172311273
-1   2.1261196882338975
-1   1.4913208379930083
-1   1.4794052404573381
-1   1.2127500069132038
-1   1.3269577238329406
-1   2.5228494680707763
-1   2.6038819767223109
-1   1.0716243204473617
-1   1.1698164147410339
-1   1.720368818931187
-1   1.9161140796579499
-1   1.7802132682101712
-1   1.3198952996890421
-1   1.19318190525316
-1   1.2443099698877409
-1   1.8319715224854844
-1   1.8726186038488963
-1   1.8357838404821956
-1   1.0866126542738406
-1   1.0379057264515501
-1   1.0959719195409354
-1   1.0822158941379616
-1   1.054849090698776
-1   1.5801782322420705
-1   1.9361859207817607
-1   2.1171659986207856
-1   2.1594854600562687
-1   1.3919696740735323
-1   2.3666952006388051
-1   1.8961088251569955
-1   1.4417138487813383
-1   1.9704511329285568
-1   1.166036228310267
-1   1.5961235225457235
-1   1.4126591411068652
-1   1.0125446881502269
-1   1.0214108272326323
-1   1.023146744804879
-1   1.9855900212711264
-1   1.0490607714420539
-1   1.8212543557074539
-1   1.0961305958765777
-1   1.9843711683983138
-1   1.0350927903009062
-1   1.2075811207133931
-1   1.4164572000387048
-1   2.3651588779773371
-1   2.2417362618484442
-1   2.4291062271417063
-1   2.6024111027705179
-1   1.7507182296426804
-1   2.0227642907913146
-1   2.0657176863676572
-1   1.6607487524952602
-1   1.4603547377909745
-1   1.5643731620968802
-1   1.2471174717820777
-1   1.973420679356932
-1   1.275211103083614
-1   2.4675358256421038
-1   2.4802698454364704
-1   2.4294236147191226
-1   1.2361443233358573
-1   2.8192319288889753
-1   1.8206705124601297
-1   1.9376860455548059
-1   1.7247016785584846
-1   1.430209420764003
-1   1.1217435891966998
-1   1.9628426117102049
-1   1.0257351260294576
-1   1.0363894691088258
-1   1.2317749880365636
-1   1.2045222589424713
-1   1.7916723384694713
-1   1.5435053221683845
-1   1.3816381804748765
-1   1.1413055023622416
-1   1.1749635549597215
-1   1.9579719043951385
-1   1.5129396569267852
-1   1.6785143919860537
-1   1.8235496962613764
-1   1.9659268220342532
-1   1.354469012835873
-1   2.4764571644500437
-1   1.940579198517606
-1   1.8620935338954467
-1   2.8991346269658247
-1   1.0196526241225794
-1   1.0407693545480212
-1   1.0175371146261032
-1   1.8626527571424023
-1   1.0524231312065924
-1   1.2000766276754524
-1   1.1893058698914594
-1   1.134738632855282
-1   1.7716551478951299
-1   1.182659278554606
-1   1.265876351007361
-1   1.1452688550107488
-1   1.8122448923497956
-1   1.2756117613922586
-1   1.7448697914293065
-1   1.91513580111241
-1   1.9094409617722294
-1   1.1490097468267717
-1   1.2821134814888546
-1   2.5710303174653411
-1   1.8917146561091132
-1   1.8317272417573687
-1   1.3517896131631679
-1   1.701331904745746
-1   1.6734195383988189
-1   1.5119124092569254
-1   1.992098013585363
-1   2.168691060732292
-1   1.3526160005676489
-1   2.2423150663781821
-1   2.0547909708216783
-1   1.9938615617933757
-1   1.4925974635753947
-1   2.411794263145679
-1   2.5328456611609775
-1   2.0255719394373335
-1   2.856731085780611
-1   2.0538771665854383
-1   2.9369104402973254
-1   2.818385507369336
-1   3.8383319293000309

0   0.05084349680707434
0   1.0041543749315025
0   0.83516166276464676
0   1.0611503944018923
0   1.0038467261752022
0   0.96539636706045684
0   1.0217380333867436
0   0.21908826042625962
0   1.643107290023512
0   1.0504203701949784
0   1.0045559058971958
0   1.9953711772451146
0   0.65680210697338293
0   1.0309379935549301
0   1.0055441506440286
0   1.3145006052443819
0   1.6248463585296982
0   1.946696999766552
0   1.7653476526963816
0   2.7681910419243585
0   1.0024900051602874
0   1.5398820989356334
0   1.0048699769356093
0   1.2018028198984689
0   1.1418585617688706
0   1.8391996269987776
0   1.8475902183221149
0   2.7445688697698931
0   0.72735405605340864
0   1.11557338881871
0   1.2565717333960307
0   1.7537781877681295
0   0.3797154500056954
0   1.13785288946221
0   1.0038279377203987
0   0.76810687754539453
0   2.6385919018334021
0   0.09202690357422183
0   1.8510475700486122
0   1.6056125147861691
0   1.4488999545895371
0   1.0033495979608065
0   0.81508064318414863
0   1.9337299958820644
0   1.131544359541522
0   1.0034315133234499
0   1.9900132406780608
0   1.1705152417649056
0   0.34990626814058279
0   1.6554848772575035
0   1.3875102661728831
0   1.0142819675356607
0   1.803594351158071
0   1.9210107378051746
0   1.0564603168185538
0   1.4947263403183617
0   1.1979138000602276
0   1.0277232876054709
0   0.42619472939772307
0   1.0920818539112518
0   2.3347010738050753
0   1.4903344221534907
0   1.0762631174435502
0   1.0463653132569075
0   1.0290392606005339
0   1.4731312923312769
0   1.1924723438508564
0   1.8001084058161787
0   2.1557545312677862
0   1.237687927856195
0   1.4229047552483167
0   1.0630118815411598
0   1.1070772597921474
0   1.8705181975187486
0   1.5975380616294963
0   2.6099925395938519
0   1.1306396100278495
0   1.0440924421351907
0   1.7576568145844877
0   2.4451434016967815
0   2.0825229863714441
0   1.6505335019133778
0   1.5682845033032788
0   3.2054842230056684
0   1.8227184447549418
0   1.9360609984324917
0   1.3945416072252035
0   2.0664165865488053
0   1.6126056161753235
0   1.4214609700644607
0   2.3411808272149925
0   2.0176103540817554
0   1.5797914217868572
0   1.8373861916356473
0   1.8283568642288262
0   1.6458047529001254
0   2.0450412173170163
0   0.79939421930379173
0   2.0156853080233845
0   1.9511052488304386
0   1.257313002365237
0   1.2799484101563754
0   1.7432824413686521
0   2.212977042795738
0   1.3678740653216712
0   1.8011355263625033
0   1.6202735071759267
0   1.65009227619682
0   2.2210459008409105
0   1.5369009606236896
0   2.0512110727818862
0   1.6625292033772272
0   1.560372252744302
0   1.7144900207772076
0   1.9942203634500384
0   1.2334231741724757
0   1.5253001690046211
0   1.6495096425658073
0   1.1076864873592289
0   1.2028752097578128
0   1.6116733711539792
0   2.6493963721225544
0   1.4007012986871887
0   1.7055218259333769
0   0.72373188108679787
0   1.2829629716501396
0   2.5895730182147467
0   1.5422253908237442
0   1.1453102506781363
0   1.4808991862235299
0   1.1584964714645549
0   1.0189241282654715
0   1.2859646369710529
0   1.5113604747957861
0   0.55224545535485059
0   1.0412353843207178
0   1.0598720160804544
0   1.5109720592196929
0   1.007387266687523
0   1.9653531222559861
0   1.3852394032489994
0   1.9414848445192971
0   1.0295691701577088
0   1.1632798600549825
0   1.6554681839104703
0   0.27129783286959686
0   1.0102304270185665
0   1.8454469109294793
0   1.849234596655593
0   2.531969171938659
0   1.4106053140419792
0   1.9128574169014754
0   1.2047505999362293
0   2.0923376161873937
0   1.492564400604687
0   1.8384899684569884
0   1.816174961916726
0   0.85290098009809556
0   2.3040870549184103
0   1.4647934616843221
0   1.2724287433807473
0   0.57656025979798087
0   1.1142629001153133
0   1.1605825531200744
0   1.8681508114542167
0   1.9892465698123778
0   1.9237555464754807
0   1.2271987752834228
0   1.1850938474877559
0   1.1486344981148049
0   1.6722213654040621
0   1.5731336054218694
0   1.6430069144033252
0   1.7227429223095734
0   2.1010704057381031
0   1.6439118828410937
0   1.1920302220849137
0   1.8675193439499052
0   1.3719805272862713
0   2.1003183938934242
0   1.3883227463974404
0   1.0734186884371428
0   2.2971941087713725
0   2.3756319390770471
0   1.1796849237963845
0   1.7603728851036493
0   1.8358775968185128
0   2.6627394709799899
0   2.2662556957589728
0   0.99952404088879043
0   1.4793907493350362
0   1.5382416269910761
0   1.1213443562636105
0   1.7991022410089528
0   1.6676866500288892
0   1.1907153389490193
0   1.6930686072917269
0   1.8766222238224919
0   1.9541178629972769
0   1.4495079091264205
0   1.6267764287446043
0   1.1560425162181642
0   1.4812518479179992
0   1.3381260745388537
0   1.4752883835208053
0   1.5806775337084553
0   0.57846903851268316
0   2.325944826208437
0   2.0345745759170137
0   1.125308538921491
0   1.2780060047276722
0   1.4397763250353155
0   1.4554021974850651
0   1.5991153776029514
0   1.0620573096070698
0   2.0248768024895858
0   1.9488546658750723
0   1.559704104318917
0   1.5581492347098886
0   0.87594628669640806
0   1.9055491240586067
0   1.2485226884331428
0   1.3669682396339651
0   1.3370292282614631
0   1.9546544284497887
0   1.6530286373028718
0   1.8968920417427269
0   2.1133990320546134
0   1.7166824938159584
0   1.0175863019412317
0   1.0430957078712804
0   1.0325294034754082
0   1.5877454932160484
0   1.9845736191800922
0   2.0079902846302944
0   1.956619597051974
0   1.0631380456809805
0   0.33131690906367606
0   2.3550248248989303
0   2.435280931472624
0   1.5554750816223883
0   1.5561562945641558
0   2.2136520760928278
0   2.3247946328782323
0   1.0586669891391391
0   2.4117832507952652
0   2.3617057523773437
0   1.064628827391898
0   0.8844371634621333
0   1.9428455745673032
0   1.0172597773679974
0   0.10696697511347908
0   1.0174130187731616
0   0.57138280397113128
0   1.5151676598475126
0   1.9294802251049092
0   1.0252269117689101
0   1.0097080069928583
0   1.9599721238024324
0   1.1015397846910893
0   1.3594863421230909
0   1.8531628573200534
0   1.325988911893395
0   1.2547524688359633
0   1.0392347041497803
0   1.3073830310871126
0   1.3871226630943387
0   1.270436578905956
0   1.2014289684049477
0   0.48768783254318337
0   1.6329606077060812
0   1.0053839765473678
0   1.0390649582878717
0   0.83661121851425246
0   1.6106284116950063
0   2.1602741300938915
0   2.6898464549875176
0   1.1132365333204763
0   1.9871283018915706
0   1.9382244323361912
0   1.5035974102412313
0   0.63700638208642313
0   1.0176643210166179
0   1.6700104128436997
0   1.0231666528236547
0   1.973632196961566
0   2.5666905581867385
0   1.5557403914676557
0   1.8658959140139992
0   1.019504514028337
0   1.0237951536300014
0   1.4846240392971048
0   1.6713193634520898
0   1.3195392202653906
0   1.9253716743495928
0   1.2377951372813876
0   1.6538205158782975
0   1.0661657034994885
0   1.2488782077498826
0   1.5967130921710049
0   1.7739192443078431
0   1.3481669376819219
0   1.8460322078716422
0   1.5408387243376884
0   1.4042561610502333
0   1.9323152548868761
0   1.5967117327947546
0   1.9094897697945963
0   1.8062374627643805
0   1.2185549165001519
0   2.7297511891179065
0   2.290098508781568
0   2.1115385378979274
0   1.985961030351131
0   2.8202584406195239
0   1.2050209669282381
0   3.274280081673123
0   1.8873082047775034
0   1.9135949237961833
0   2.7424527283736597
0   1.7332554511545526
0   1.8270686883065368
0   1.4360449139131681
0   1.4879762157520691
0   0.60995707193445781
0   1.1030880604772264
0   2.3187296707093754
0   2.0036260080410977
0   1.9843656621805978
0   2.1288148447042521
0   1.2964409070143463
0   2.4448875589231225
0   1.9609270049291347
0   2.4178359869645565
0   1.9577281491866572
0   1.0964646867880383
0   0.51908194982970279
0   1.0192843466883554
0   3.796429796514504
0   1.0314863897736268
0   1.9192729648180746
0   0.42207000923921545
0   1.0556749745762901
0   1.001973981898765
0   1.7874135807485625
0   1.0164726256551293
0   0.42848051493822736
0   1.4929882775066139
0   1.0555568994809192
0   1.3913945405757306
0   1.763692344495269
0   1.0969588750101948
0   0.58316183321683046
0   1.0713793719024434
0   1.8623053072368947
0   1.9487813536280472
0   1.339795685313347
0   2.3535949762395107
0   1.822166440906642
0   1.0149005382870326
0   0.83756935911702346
0   1.489570584507627
0   2.9421270860826367
0   1.6711812468534668
0   1.005450573516294
0   1.5451952659414392
0   1.0543672390843974
0   1.017103992602105
0   1.0230359138870044
0   0.88912161499334785
0   1.0058894782708057
0   1.6432768256128822
0   1.0059282303449935
0   1.3893360640827894
0   1.3848716063247422
0   1.1883184511862286
0   1.7179945444235951
0   1.6398448696010486
0   1.7450096290598842
0   1.676561378749565
0   2.1128548786033994
0   2.5474068358933475
0   1.0552086721650629
0   1.6113266594647295
0   1.0691720560061626
0   1.0075030300800423
0   1.0482335597835448
0   1.3245784236948039
0   2.8427676950346568
0   1.3265361632837906
0   1.3249670779443634
0   1.8377058776517909
0   1.7801243724380709
0   1.0070574058304462
0   1.0224365914206277
0   1.9825509439273308
0   1.9915215291299715
0   1.4046857845322094
0   1.7263319864731113
0   1.0032355833683573
0   2.8192805367972524
0   0.75895676863746098
0   0.33478501184675258
0   1.0395758978199905
0   1.7568297883556254
0   1.6241117953864577
0   1.0054871351004162
0   1.987428286876717
0   1.0960042656797173
0   1.8711736769144363
0   0.98390021061494437
0   2.8784780545315138
0   1.5568943779702824
0   1.5575531717764077
0   1.1444604670598504
0   2.3988313781202488
0   1.1736323356943275
0   1.0450878806537172
0   1.0746176750903438
0   1.420090407004589
0   2.5168838812788046
0   0.89800829724670095
0   1.1423830367852033
0   1.0198457642737722
0   1.5416719876283969
0   1.423436174859166
0   1.2380769141145571
0   1.8346906682323527
0   1.7853185249705543
0   2.5097271610028193
0   1.9843286782963223
0   2.2172196657214673
0   1.2399938983360228
0   1.2724511497973447
0   0.58438484001298985
0   0.67698340600510964
0   1.6646100112698496
0   1.982278979858271
0   1.399270236738948
0   1.0055430993942249
0   1.0059469308102444
0   2.6142790762286454
0   1.7396447307737835
0   1.0142812239418388
0   1.0037608420108557
0   0.78611584300823756
0   0.42906977539298319
0   1.0062890202500598
0   1.9874575458455852
0   1.9698694373049372
0   1.9938752688532064
0   1.0013499534249901
0   1.0047782793078057
0   1.967331824602228
0   1.9162539058582158
0   1.0061051302474271
0   1.0008736907176203
0   0.069672792456038413
0   1.0548638106408119
0   0.036987582976243938
0   0.076448627950657211
0   0.63059450479647317
0   1.0500267388798818
0   1.0062637815615565
0   1.7840363953735134
0   0.40596898191245945
0   1.9263457233667172
0   2.9310671355169111
0   2.8393597641527757
0   1.8497416091596368
0   1.0326044899677045
0   1.0008144822748208
0   1.2855500610441626
0   1.0644940171121473
0   1.9876287020256602
0   1.9048402223104461
0   1.0050998000842979
0   1.0137899370582975
0   1.3281402434182557
0   1.1192556156564089
0   1.0507390662574725
0   1.9207804690234509
0   0.56013673129052943
0   1.003498742687315
0   1.0040774027597548
0   1.9776361752925324
0   1.9145380861912629
0   1.0880918957445993
0   0.37062195336441539
0   1.0377204692801418
0   0.31150715256014727
0   1.0072385093212646
0   1.0098575811440982
0   0.1172580157762132
0   1.0145372629538181
0   0.98397423596049172
0   0.33963865460062614
0   1.4955619310647994
0   0.47600273145635341
0   2.5072684354825672
0   1.5364780991979425
0   1.6680135196562267
0   1.6597131269432137
0   2.2474586011933653
0   1.6601772868127584
0   0.46873493964500079
0   1.9794948265235925
0   1.9486196833427005
0   1.1772040563560331
0   1.0549684621196518
0   1.1330425702288149
0   0.074789222742254635
0   0.084978092449491394
0   1.0061724290671807
0   1.0047826182241724
0   0.62686361255010814
0   1.0073450302751976
0   1.7788795449608457
0   0.9514548210631113
0   1.0287878603253036
0   1.0145552973378964
0   1.9586094183753335
0   1.2382896916050241
0   1.0617644107341975
0   1.6314813837379418
0   0.64908530558561428
0   1.0070873579303177
0   2.6414367413709057
0   1.9155419244372576
0   2.6828374341452537
0   1.7679855075681461
0   0.86680947080695936
0   1.022870570635001
0   1.860343888930879
0   1.8502070820094123
0   1.4357815053439213
0   2.1611100960613694
0   1.3729739627290343
0   2.5371361727009836
0   0.49949489928592361
0   1.5694307501885212
0   1.5840285651738153
0   1.3156720616319617
0   0.65836327102822256
0   1.3307062556494893
0   1.9601652670915293
0   1.9152661391712766
0   3.0180890420129622
0   1.5364750013126418
0   1.4134428415653781
0   1.9808102865906978
0   1.9945401561564218
0   1.2290426025494916
0   1.3488070547003754
0   1.10522690644752
0   1.9161288271800379
0   0.074031547220536509
0   1.0062621079589227
0   1.0065014593250761
0   0.53735680420796395
0   0.33808849007418151
0   1.0086491091662833
0   1.0226280097645286
0   1.1749617738313318
0   1.5085821547904454
0   1.8642336831408031
0   1.789038468074017
0   1.0090765229523637
0   1.1250001709745099
0   1.0318240742532601
0   1.917071123332037
0   1.4776009667618588
0   1.317633957741444
0   1.0064047173507071
0   1.1570258759997649
0   1.4121729787462221
0   2.8502085553267542
0   1.9631219189343874
0   1.797778259172834
0   0.073833354442379706
0   2.8966067091982399
0   0.13155360341232991
0   1.0015524903928692
0   1.0105472951130028
0   1.0025442832144535
0   0.17550071604729989
0   1.9815604954193167
0   1.0225058304244246
0   0.14131841158111602
0   1.0283640360900195
0   1.0259612789356474
0   0.45315099532863545
0   1.0176821633656932
0   1.9797459651022811
0   1.049729136882996
0   1.1817633495464317
0   1.0180012343900697
0   1.6742459247660793
0   0.91847451538155922
0   1.0627816415370508
0   1.9013906661227296
0   1.6873115474486622
0   1.9256656839373818
0   0.57104365221747044
0   1.1259204936547302
0   2.6918962904098223
0   1.031471967903576
0   1.0259378562134589
0   1.0479719260178417
0   1.9912573120975967
0   1.437897473759175
0   1.8442790458450475
0   1.9870184888881726
0   1.1012560434991006
0   1.5419001785441284
0   1.9734945088570446
0   1.4398928352521747
0   2.4620716177508255
0   1.0918379968100429
0   1.938674008314166
0   1.8348282640427849
0   1.3523377708568114
0   2.9184197963156877
0   2.0442718187474429
0   1.9824020454893874
0   2.8117032586315842
0   2.0325026622651654
0   2.9429223809423957
0   2.8284161958127991
0   3.8296758057425331

1   1.0459645542930416
1   1.1073965622693431
1   1.1401065254951339
1   1.5714443409143208
1   1.0684199727211028
1   1.5319886364008348
1   1.3505760214056637
1   1.3563417685044545
1   1.1396381693139377
1   1.7475783859749212
1   1.9103089440186798
1   1.2416978660410287
1   1.860094711040003
1   1.7877678503696806
1   1.0447109784965622
1   2.8145704397999931
1   1.9060295576749264
1   1.3537193523304532
1   1.1239937376151916
1   2.0742513790599726
1   1.8176246480261979
1   2.7362985557582946
1   1.366067107867774
1   1.1550297001887304
1   1.8682424047526744
1   1.0287490556683077
1   1.4821871578728576
1   2.4610660020730069
1   1.662330588226693
1   2.1263164117438507
1   1.0672272401725691
1   1.3661325049215993
1   1.6714695645996818
1   1.4693398645742393
1   1.0907363005149213
1   1.7158899050162382
1   1.4773925468143343
1   1.5679580024999336
1   1.3664602315354575
1   1.6227561907200068
1   1.7875487394570553
1   1.2170596656175485
1   1.6542007529242309
1   1.3943293712966287
1   1.3768575681251953
1   2.707108924087219
1   1.1378997500857044
1   1.3000045265398581
1   1.6865394069431541
1   1.4566005774213717
1   1.1294753183170716
1   1.8304150608925105
1   1.7704977535577409
1   1.925115128809781
1   1.3962534661970096
1   1.9532011465999637
1   1.9778334278082466
1   2.060680442451905
1   2.0661018580167383
1   2.2211734466267372
1   2.6648625834099415
1   1.8350577550779987
1   1.600262657134182
1   1.8774531538402557
1   3.0156823365481569
1   2.0488627710358434
1   1.8654319906055608
1   1.8283398550075458
1   1.4831662511416308
1   1.8663184393905645
1   2.2273810509790115
1   1.7516393174965805
1   2.3469079491804501
1   2.5788534571724977
1   2.2037452423682158
1   1.5129014425344534
1   1.7794886673040597
1   1.5702127213720223
1   1.9565464906312751
1   1.5525688566852627
1   1.7560158388895597
1   2.7098359780721708
1   2.0332524027439622
1   2.1528213788791608
1   2.1352269697770412
1   1.8203670876801468
1   1.3880446636276658
1   2.8068771019443863
1   1.8582536704219823
1   2.1815769762000214
1   1.6327784999949979
1   1.4068192478623265
1   1.5563276551116605
1   1.8213988261481848
1   1.3037492386474245
1   2.1931283836853521
1   1.8995803753371838
1   1.6200036032960781
1   1.1015456034774636
1   2.009256089884019
1   1.2691399555752634
1   1.7667504279433088
1   2.7907908371784482
1   1.6984059575503845
1   1.989209859796492
1   1.1988770297768114
1   1.3470605108433189
1   1.1962977348901001
1   1.9343371947146824
1   1.4299472338502086
1   1.5923987788940197
1   1.7629475363847384
1   1.8955173937477703
1   1.2080084003135867
1   1.1391789422740088
1   1.0974089113926244
1   1.8909642411254048
1   2.0853100626772489
1   1.9504130796418977
1   2.2412721266146858
1   2.2291557230787382
1   1.6791813471379546
1   1.5828296540274818
1   2.3821982291416801
1   1.4241298414106196
1   2.590740902793375
1   1.4580524857790254
1   1.2895671027059006
1   1.7827286477325441
1   1.8548943511054818
1   1.789078546680043
1   1.7621454120755242
1   1.6992050977708697
1   1.5451010052341325
1   1.421265697071376
1   1.7101314458520585
1   1.4312451788096054
1   1.5135464238792258
1   1.8024491779947596
1   2.0646587150464315
1   1.6667030543785613
1   1.5450590243852593
1   1.8070637248393617
1   1.970028514778654
1   2.4202388207495487
1   1.9630497143529237
1   2.1446234279084719
1   2.8695435389912651
1   1.5253606035665248
1   1.4331348139123299
1   2.5527133735639098
1   2.4339738585297455
1   1.725489093213175
1   1.728862593433699
1   1.698157123786399
1   1.9520580613926559
1   1.5452310704806695
1   1.4723689821671528
1   1.7159710838369726
1   1.6616080444460954
1   2.2499176413477122
1   1.6898236213431166
1   1.4305478862717835
1   1.4546382718839934
1   2.3962778912687757
1   1.7167653677060093
1   2.1550669177669191
1   1.4180329326720984
1   1.5706958473049766
1   1.5564086516280149
1   1.4402373104619408
1   1.366138305199355
1   1.6340633384834402
1   1.3763154183437059
1   2.308242423031023
1   1.5470440984046503
1   2.2803121198954903
1   2.138647424640999
1   1.7609205123224676
1   2.2155153548896158
1   1.8549168150329716
1   1.8272500361414044
1   1.7351390475298381
1   1.8463444514710061
1   1.1914207568552455
1   1.1113313691652471
1   2.2146482255084083
1   2.2029115143134499
1   1.0607444645995365
1   3.0791718425215509
1   1.7973833127014909
1   1.5244097677239852
1   2.6795501514253437
1   1.2310293582247667
1   2.5325913705181575
1   2.3719332174312169
1   1.5842262121309121
1   2.7500583989781293
1   1.8892492307740927
1   1.2119645772891596
1   1.4722534047022817
1   1.587072555419073
1   1.0799243405812595
1   1.880001212619741
1   1.1048624991718674
1   1.5653117045258385
1   1.3632145276784828
1   1.2445501183456515
1   1.7100021762416975
1   1.2186938247209542
1   1.976979500260601
1   1.7133001457545038
1   1.9991130132868888
1   1.8587498118906378
1   1.328903529610344
1   1.7301994056618053
1   1.5158484362653173
1   1.4163983051265918
1   2.1809048606181838
1   1.6130511439111617
1   2.1819349758166555
1   1.917043921676771
1   2.0058777557274152
1   1.9148975595312754
1   1.2775237384467826
1   1.4034637135050292
1   1.202077253294592
1   1.8203863240865896
1   2.001219403660353
1   2.0832276043809936
1   1.8537567821347247
1   1.3076060631129536
1   1.2356173398635923
1   1.7093287373976453
1   1.7120918425421578
1   1.4255754752564642
1   1.7151679519461913
1   1.4927304955273546
1   1.675558487810167
1   1.3904290704038527
1   1.81091217421509
1   1.9228115298152479
1   2.2494551882100353
1   1.951398272585092
1   1.8212997708339809
1   1.8334473340542092
1   2.4162388300966127
1   2.0964932357454038
1   2.0664379068726708
1   1.6346220723272142
1   1.9545630606509667
1   2.7542548346530635
1   2.3606016551702989
1   2.0234366048123102
1   2.6344643043910212
1   1.4718382745742633
1   3.1571889608922734
1   2.1823039419054004
1   1.8140425270573299
1   2.389953564014506
1   1.8186657919543805
1   1.5349244717771273
1   2.2871821421713561
1   2.2780670547425639
1   1.4897730307326762
1   1.5419904415414805
1   1.8115406490159081
1   2.2941790876891854
1   2.4001779071098408
1   2.147995666205857
1   2.3650900588557029
1   1.6518967805644516
1   3.7406851876356058
1   1.1334761473153314
1   1.9092100191096324
1   1.1531052544949971
1   1.2463219519901885
1   1.0925440107338931
1   1.778516059097826
1   1.1305935510299661
1   1.3471080084351166
1   1.6874164129476763
1   1.9237804125185396
1   1.2793944886467277
1   1.3946938780777862
1   1.9984029182014322
1   1.5404587367484983
1   2.5137834765450537
1   1.6063453001360783
1   1.769441044522488
1   1.9065572821603625
1   1.7357800875606775
1   2.8972765779873231
1   1.3174160233833658
1   1.9771451377548308
1   1.0178156761225541
1   1.0348506139050762
1   1.6646899027081337
1   1.0092303133862852
1   1.4514676116385901
1   1.0651121100876471
1   1.7504489474714102
1   1.7635380952729527
1   2.2270853638099068
1   2.3669239132620135
1   1.8950769101923459
1   2.168471644011551
1   1.6761461626270928
1   1.9213464792616981
1   1.9604043306618593
1   1.2021508394541294
1   1.4202655164919313
1   2.3046532971417943
1   1.8117661514305765
1   1.9208495232935299
1   1.2161107462630472
1   1.3980796121806347
1   1.8064714112310765
1   1.8782024944863696
1   1.8605983715115539
1   2.0233771743158138
1   1.8779021834443701
1   1.1597627699326805
1   2.4261508289002913
1   1.2015405777900532
1   1.8087954519443437
1   2.0692994393898032
1   1.8115574114483164
1   1.1857588460754549
1   1.19032333504606
1   1.5071598797378205
1   1.5244221720799715
1   3.433930311509291
1   1.6050839401956889
1   1.2552729544614705
1   1.8280512896412211
1   1.4969190813544984
1   1.9047537021459022
1   1.8989740839629863
1   1.2864692219170528
1   1.8883501662019957
1   2.0893156970011826
1   2.6631577314952444
1   1.5530470075596492
1   1.3336972435769736
1   2.0097342621775383
1   2.0307075877007943
1   1.9798799724245884
1   1.992155833202669
1   1.3870671079030685
1   1.6089745613001512
1   1.0639817501569553
1   1.1156590578018284
1   1.6170842068658686
1   1.8094824104349754
1   2.8409422662132928
1   1.7103801323198837
1   1.0256661104044194
1   1.358547627344393
1   1.7199420322794925
1   1.7755075947678089
1   1.80136538344449
1   1.4509633744750241
1   1.012885471064974
1   1.6175058458087266
1   1.9335175899391772
1   1.9592099704337151
1   1.0085184464149251
1   1.0062104822589357
1   1.0518979775177304
1   1.4716587718155809
1   1.0420750606342053
1   1.6232024446236735
1   2.184784817231157
1   2.1261196882339162
1   1.4913208379929144
1   1.479405240457107
1   1.2127500069134354
1   1.3269577238329751
1   2.5228494680707656
1   2.6038819767223096
1   1.0716243204472868
1   1.1698164147411843
1   1.7203688189312389
1   1.9161140796578664
1   1.7802132682102041
1   1.3198952996890685
1   1.1931819052531609
1   1.2443099698877458
1   1.8319715224854374
1   1.8726186038488821
1   1.835783840482228
1   1.0866126542738359
1   1.0379057264515374
1   1.0959719195409434
1   1.082215894137972
1   1.054849090698794
1   1.5801782322420435
1   1.9361859207817744
1   2.1171659986208891
1   2.1594854600561151
1   1.3919696740735836
1   2.3666952006386834
1   1.8961088251570741
1   1.4417138487814267
1   1.9704511329285133
1   1.1660362283101819
1   1.5961235225458394
1   1.4126591411068732
1   1.0125446881502278
1   1.021410827232649
1   1.0231467448048774
1   1.9855900212711615
1   1.0490607714420095
1   1.821254355707437
1   1.096130595876573
1   1.9843711683984
1   1.0350927903009266
1   1.2075811207133911
1   1.4164572000385216
1   2.3651588779774757
1   2.2417362618483456
1   2.4291062271415735
1   2.6024111027704757
1   1.7507182296435855
1   2.0227642907911281
1   2.065717686367095
1   1.6607487524954312
1   1.4603547377908777
1   1.5643731620967056
1   1.2471174717823874
1   1.9734206793570084
1   1.2752111030834155
1   2.4675358256419084
1   2.4802698454368395
1   2.4294236147191564
1   1.2361443233358245
1   2.8192319288890095
1   1.8206705124602482
1   1.9376860455546097
1   1.7247016785583984
1   1.4302094207640412
1   1.1217435891967384
1   1.9628426117102014
1   1.0257351260294507
1   1.0363894691087645
1   1.2317749880366804
1   1.2045222589424258
1   1.7916723384693922
1   1.5435053221734631
1   1.3816381804693705
1   1.1413055023621681
1   1.174963554959666
1   1.9579719043952202
1   1.5129396569269402
1   1.6785143919859142
1   1.823549696261427
1   1.9659268220342447
1   1.3544690128359909
1   2.47645716444999
1   1.9405791985176313
1   1.8620935338953961
1   2.8991346269657816
1   1.0196526241225699
1   1.0407693545479919
1   1.0175371146261127
1   1.8626527571425489
1   1.0524231312065497
1   1.200076627675277
1   1.1893058698915175
1   1.1347386328552782
1   1.7716551478952058
1   1.1826592785547982
1   1.2658763510072253
1   1.145268855011095
1   1.8122448923495225
1   1.2756117613924594
1   1.7448697914290352
1   1.9151358011123056
1   1.9094409617722783
1   1.1490097468271585
1   1.2821134814885493
1   2.5710303174651115
1   1.8917146561094227
1   1.8317272417576573
1   1.3517896131626712
1   1.7013319047459006
1   1.6734195383987931
1   1.5119124092568663
1   1.9920980135852489
1   2.1686910607318031
1   1.3526160005676862
1   2.2423150663787306
1   2.0547909708217214
1   1.9938615617933499
1   1.4925974635753361
1   2.4117942631461995
1   2.5328456611605024
1   2.0255719394374641
1   2.8567310857805746
1   2.0538771665855275
1   2.9369104402973116
1   2.8183855073692894
1   3.8383319292999865

2   2.0003994185760918
2   2.0007413832410514
2   2.001592566658613
2   2.1684297834362467
2   2.0125741229788514
2   2.8684772678640713
2   2.0044209545135181
2   2.1321144161014467
2   2.0051176726949729
2   2.8867704155696576
2   2.0019882439397514
2   2.8752817559636283
2   2.0044742593892173
2   2.1337193095595142
2   2.0296837699757
2   2.0145905498171151
2   2.0271499057237716
2   2.0300744455001429
2   2.0169864323460689
2   2.8386429856381281
2   2.176202261377449
2   2.0050762108391829
2   2.1134594725235596
2   2.9511911098681898
2   2.6877743295105758
2   2.6537872022748998
2   2.0438217515595714
2   2.3681316084628121
2   2.2562005099852569
2   2.6670172314561538
2   2.4435425228711991
2   2.1473555672725717
2   3.0100488029090364
2   2.5924876336382194
2   2.1890959382203565
2   2.2447482457079095
2   2.8681748554703246
2   2.5728974607004704
2   2.3712414970447173
2   3.1176552103557085
2   2.4937953717829004
2   2.3717745569397235
2   3.0326507242643697
2   2.3764613724346768
2   2.486198392948328
2   2.3243657906150648
2   2.1862367622302981
2   2.5345869772460743
2   2.2740591506256536
2   2.2289978189849102
2   2.3493645466200914
2   2.5062689354033902
2   2.0152167196823032
2   2.002703480118825
2   2.0106895034221339
2   2.0103599033638462
2   2.0495922664188915
2   2.1467088966707824
2   2.8918900612819356
2   2.5077924253663015
2   2.4051855333625443
2   2.9243473169136514
2   2.1629870468231394
2   2.0996031812108775
2   2.2046263085339137
2   2.0280960357473017
2   2.539470765620258
2   2.2720857193356347
2   2.9371827181466572
2   2.0723340505429011
2   2.3478925035306166
2   2.0780637148538696
2   3.0718723089155784
2   2.778007101014544
2   2.7533483632021851
2   2.3456444182197789
2   2.6772582342543778
2   2.0622731372131966
2   2.1142500870006549
2   2.1456232593199269
2   2.0651526552988684
2   2.5976583971631335
2   2.3566848667052565
2   2.3000919663977419
2   2.2561856556992637
2   2.2218596261789778
2   2.044805982622917
2   2.7562305518936179
2   2.3376199257785069
2   2.0284444788968647
2   2.5300242387674854
2   2.0812734734378915
2   2.6631719574534247
2   2.678663505773569
2   2.7091586855654732
2   2.7051653667603404
2   2.9813647707570152
2   2.380624926772223
2   2.6302238378663239
2   2.6990207863982292
2   2.1038198976138642
2   2.0038374251167577
2   2.0505550844837188
2   2.0477260022773152
2   2.0746254832240281
2   2.2558905790200949
2   2.1377917397053863
2   2.2538575852206062
2   2.5361786719740764
2   2.7965258622671008
2   2.042460200625166
2   2.007041077711992
2   2.9767184278905616
2   2.0188646700455966
2   2.010719189691919
2   2.0067066281177324
2   2.0199050713766145
2   2.0395947378926178
2   2.2426810387624196
2   2.1089358961988873
2   2.4899900175777185
2   2.3060505170989685
2   2.1690904890450473
2   2.2767714210371262
2   2.2314196537258275
2   2.8073091331084257
2   2.5431617125914827
2   3.2198145449873157
2   2.8926552575720281
2   2.2738975727894166
2   3.2116431041432905
2   2.6947170699977674
2   2.3086292204466132
2   2.3895741696488919
2   2.7110047200431255
2   2.2207308992281116
2   2.4169128491722853
2   2.3654173070180691
2   2.6907561375766584
2   2.7036477817984719
2   3.6602147018907631
2   2.0211840947591
2   2.003471555105286
2   2.0510244508394626
2   2.004068892411778
2   2.4642341367903455
2   2.0631561551831972
2   2.4679882818133376
2   2.2178211413454818
2   2.16117796637986
2   2.7545289307283634
2   2.0316946014583865
2   2.0012623983568001
2   2.9088994850779573
2   2.6265840481029508
2   2.451762435648376
2   2.1114587181510047
2   2.0053472841968563
2   2.9904741469494445
2   2.0106070010813983
2   2.0014267881591512
2   2.0070443682570551
2   2.011712831282245
2   2.014694733765531
2   2.0546174702794766
2   2.8573832596319981
2   2.0107164143267471
2   2.0192668934481968
2   2.1847177606926644
2   3.7360357968161582
2   2.1938888875503255
2   2.2227749281429734
2   2.7213790563690012
2   2.8131592809393484
2   2.9202934251061672
2   2.368684425812507
2   2.1272395984227948
2   2.030524674219742
2   2.0796434320551618
2   2.0796627423640941
2   2.9459571527725479
2   2.0005312355156413
2   2.0076774854534447
2   2.0012856886272412
2   2.0056073786619382
2   2.002431174174629
2   2.002869532926661
2   2.0063599463086907
2   2.1992535088437268
2   2.1700505354730648
2   2.612393795567344
2   2.6321463748024807
2   2.2212914609912704
2   2.2060869832782704
2   2.0873660791393562
2   2.072718941874796
2   2.0019417873164387
2   2.0173279188710596
2   2.6143295926464512
2   2.7341595528091518
2   2.3434948937367857
2   2.1881531673560484
2   2.1304604913320278
2   2.1499903601118917
2   2.003449357092034
2   2.0543264542431499
2   2.2675050763481703
2   2.2330757376574524
2   2.1252092389360451
2   2.6859342508254
2   2.8135282688542835
2   2.0021604266705677
2   2.0548127622646568
2   2.0204197664089447
2   3.2801177783880622
2   2.8586044610019621
2   3.1440043568616964
2   2.7594730411797057
2   2.1395616728144837
2   2.0362498735142758
2   2.0025540498511138
2   2.0038713288356078
2   2.0009987369898985
2   2.004261866085213
2   2.0307425957467262
2   2.0025652578219164
2   2.9708706578301349
2   2.0200511180407945
2   2.0040265147016938
2   2.9811920020795584
2   2.0030068937840628
2   2.0060485968860071
2   2.032488298102979
2   2.0139059092993716
2   2.0303880768658318
2   2.0108940464003737
2   2.801843335059762
2   2.0874833494306717
2   2.2222018803067338
2   2.0626883806963261
2   2.0610707804641253
2   2.2967319701906868
2   2.6281960339488806
2   2.169015736542391
2   2.1449847202756813
2   2.2371327887903485
2   2.7697081186773373
2   2.9658497499255123
2   2.2127807512613087
2   2.9512654985912996
2   2.8499152274943023
2   3.8565256694083061

3   3.0000327626330696
3   3.0000520049010255
3   3.0004504267862941
3   3.0013536670815122
3   3.0003177416069864
3   3.0307278841540644
3   3.0093145671926127
3   3.8303320931897309
3   3.0005442553338542
3   3.1760148430648734
3   3.8539340414030381
3   3.1639963708243641
3   3.001461175874891
3   3.0001656063811128
3   3.0059547225139158
3   3.0004407012205254
3   3.0026271787191448
3   3.0002172316060598
3   3.7899778195779126
3   3.0007309283238262
3   3.0285942315175198
3   3.1657227233123892
3   3.0043237552461033
3   3.0598523554352841
3   3.0117755562405892
3   3.0018331910759128
3   3.7633235555908353
3   3.0003398417433771
3   3.2664327528269967
3   3.0001179834007798
3   3.003864929911348
3   3.0000599755241528
3   3.0020919178938241
3   3.0044547562788644
3   3.297824016038577
3   3.0024817233529606
3   3.2274991948153113
3   3.5352332304387808
3   3.0065524826280612
3   3.0069722168929607
3   3.0845713769201959
3   3.0104757367100059
3   3.9218538749679004
3   3.0000911828894106
3   3.0001681063827177
3   3.0002426660194801
3   3.0014278855060428
3   3.0000946102731416
3   3.0000149688999223
3   3.7075623908140924
3   3.0000449936118616
3   3.3429727816839181
3   3.0000146065381377
3   3.0022909837308216
3   3.0001534514057639
3   3.0001924994574001
3   3.0000071432597708
3   3.0000281758862717
3   3.0366415577398169
3   3.0000158354369897
3   3.9204577985636648
3   3.0000807628776949
3   3.0635881024674219
3   3.0000368112974911
3   3.0000465519822428
3   3.0002470608707386
3   3.0000312640893512
3   3.0000078435721078
3   3.0000182355881146
3   3.116299375560255
3   3.0000931198650322
3   3.9067782619791256

4   4
4   4
4   4
4   4
4   4
4   4
4   4
4   4
4   4

