-4   4
-4   4
-4   4
-4   4
-4   4
-4   4
-4   3.9999999999999991
-4   4
-4   4

-3   3.0000298961103105
-3   3.0000471040872316
-3   3.0004170717245793
-3   3.0012423214281907
-3   3.0002030613591546
-3   3.0276560772068177
-3   3.0087020194744998
-3   3.8435013575213208
-3   3.0005050975845085
-3   3.1637091420428574
-3   3.8589661601623426
-3   3.1590787652097894
-3   3.0013295237278976
-3   3.0001545845328517
-3   3.0055738105284009
-3   3.0004062483975407
-3   3.0024148839084295
-3   3.0001963775401128
-3   3.7938447740556347
-3   3.0006826399802016
-3   3.0267642403217598
-3   3.1676940255772892
-3   3.004007779170248
-3   3.0552981071405449
-3   3.0106936276399554
-3   3.0017606576482816
-3   3.7643897760930098
-3   3.0003147058559558
-3   3.2667805770555836
-3   3.000108955494099
-3   3.0035529000582057
-3   3.0000553252678399
-3   3.0019377439000805
-3   3.0039063909755792
-3   3.2992714414351729
-3   3.0024697730800352
-3   3.2052721829279367
-3   3.5556002038357617
-3   3.0060574757828133
-3   3.0064692037978769
-3   3.0791822481721889
-3   3.0097769899385911
-3   3.9270828644652687
-3   3.0000838795169691
-3   3.0001562311787264
-3   3.0002232798300157
-3   3.0013184121981813
-3   3.0000887678682981
-3   3.0000136640580739
-3   3.7282187477415478
-3   3.0000415931728166
-3   3.3205060462961411
-3   3.0000133661928046
-3   3.0021235276737412
-3   3.0001410668481672
-3   3.0001773325529615
-3   3.0000064502290726
-3   3.000026054875736
-3   3.0342584310716187
-3   3.0000142654945456
-3   3.9249839031340681
-3   3.0000748245231752
-3   3.0603623501137052
-3   3.0000338195140173
-3   3.0000428206006733
-3   3.0002250211062012
-3   3.000029336493466
-3   3.0000194950632166
-3   3.0000177241561277
-3   3.1110870173315637
-3   3.000084469435008
-3   3.9110667252781193

-2   2.0003619668013175
-2   2.000631024645632
-2   2.0014016396681202
-2   2.1610617726327259
-2   2.0115881948347276
-2   2.8747344637976568
-2   2.0039991431359021
-2   2.126578388882383
-2   2.004778520477732
-2   2.8922967631406946
-2   2.0017544238055818
-2   2.8759286952707779
-2   2.0041491097687598
-2   2.1355040012026736
-2   2.0270234238969649
-2   2.0133794653431836
-2   2.0232826957628633
-2   2.0265918445288413
-2   2.016809247973077
-2   2.8504098023687963
-2   2.1659850170346133
-2   2.0046175055690916
-2   2.1065773312000209
-2   2.9543222024542048
-2   2.6973505723973594
-2   2.6745221494232791
-2   2.0393647180623917
-2   2.3491295781471018
-2   2.2530573213106275
-2   2.61088033079607
-2   2.5122418639539172
-2   2.1348638791077925
-2   3.0283284324902944
-2   2.5936807078803845
-2   2.2637206392465514
-2   2.1673566473032277
-2   2.8668445740154973
-2   2.5457464567705861
-2   2.3517114571056434
-2   3.1524062815555878
-2   2.3703962561391907
-2   2.5132152394548966
-2   3.0406454512224141
-2   2.363261076743628
-2   2.4557682940496419
-2   2.3254607958329645
-2   2.1980335931303472
-2   2.5568382366416618
-2   2.2608330858725005
-2   2.1939011381175635
-2   2.390588141603335
-2   2.4774962447248972
-2   2.0141905751460207
-2   2.0024900775624146
-2   2.0099418257531982
-2   2.0095104452378956
-2   2.0504966175590384
-2   2.1345847346311522
-2   2.8997097242467378
-2   2.5297449649638537
-2   2.396500526384111
-2   2.937890355845191
-2   2.1360320381859217
-2   2.090835592553943
-2   2.1796394795924123
-2   2.0265304076746977
-2   2.5347033669942034
-2   2.2853899723660023
-2   2.9644039502328337
-2   2.0664760983644928
-2   2.3599520887858829
-2   2.079532576892138
-2   3.1287917668680718
-2   2.7102019103824744
-2   2.874484590078882
-2   2.1949058582489083
-2   2.6833543753757745
-2   2.0575529201627187
-2   2.1041462332016749
-2   2.1181194685580786
-2   2.0713756204494502
-2   2.6374634775700234
-2   2.3446017967402799
-2   2.2912106297991142
-2   2.2554008301493553
-2   2.2131118158099921
-2   2.049191322713539
-2   2.7563292041756897
-2   2.3616614172280936
-2   2.024815346646617
-2   2.5117111802761518
-2   2.076516299553099
-2   2.665731770801484
-2   2.6804832298678578
-2   2.7090985644889174
-2   2.7050815637979317
-2   2.9824321459432959
-2   2.3802934665718625
-2   2.6415420573108119
-2   2.6995359457332775
-2   2.088934354684445
-2   2.0035135322216289
-2   2.0416357303340806
-2   2.0417591011133478
-2   2.0768717666880887
-2   2.2615622314095325
-2   2.1382214033175995
-2   2.2709044749873364
-2   2.5220094553697576
-2   2.8015307837068613
-2   2.0392053733858955
-2   2.0066805748878411
-2   2.9787813040068363
-2   2.0175560504108132
-2   2.0096972830274016
-2   2.0058136696871287
-2   2.0178406137196951
-2   2.0359304108784824
-2   2.091662225865849
-2   2.2150730876769398
-2   2.5008288987082192
-2   2.3242947202623427
-2   2.1613844377601454
-2   2.3029332975475203
-2   2.2066897680470174
-2   2.7903040995748194
-2   2.5760406476028628
-2   3.2345717043245212
-2   2.8779837527607484
-2   2.2810403495710561
-2   3.2193299505238495
-2   2.6920241833015073
-2   2.300313648363872
-2   2.3617314447054376
-2   2.7070195027868391
-2   2.2566594716585544
-2   2.4137208901936686
-2   2.3529034952661161
-2   2.7021699407015269
-2   2.6727883033546225
-2   3.6885326533955887
-2   2.0199864828004617
-2   2.0032034979210818
-2   2.0456444175458621
-2   2.0036609764741873
-2   2.4624232415524294
-2   2.48041074486295
-2   2.0606129186342641
-2   2.2143716965123805
-2   2.1503418827122838
-2   2.7623277965145023
-2   2.0285089562327028
-2   2.0011457991606472
-2   2.9136694279128426
-2   2.6363385145564493
-2   2.4415835124746628
-2   2.1060579220932278
-2   2.0050308963362733
-2   2.9910907069893975
-2   2.0099010375198758
-2   2.0012891079550399
-2   2.0063716276259322
-2   2.0104161433529195
-2   2.0135541220033568
-2   2.050241816797866
-2   2.8695432028844379
-2   2.0096520991357529
-2   2.0188324630086876
-2   2.1700767655034729
-2   3.7565009315308107
-2   2.1895772207113247
-2   2.2190628623194106
-2   2.7154515690943639
-2   2.8176330739580533
-2   2.9241413589382681
-2   2.3694268203901485
-2   2.1081603161631324
-2   2.0304686222361323
-2   2.0788498404605233
-2   2.0743467724001881
-2   2.9497056707987284
-2   2.0004946850619079
-2   2.0068212413996314
-2   2.0011858376304548
-2   2.0051725868540684
-2   2.0022432011566771
-2   2.0026309692092688
-2   2.00588621656863
-2   2.2000270140537048
-2   2.1694073541473018
-2   2.6278742235112706
-2   2.646294533487584
-2   2.2209593219764368
-2   2.2130054929980574
-2   2.0642727131574241
-2   2.0534407780808022
-2   2.001782090365237
-2   2.0158587831974564
-2   2.5992157654228873
-2   2.7440008628250863
-2   2.3679211233451154
-2   2.1844165236443738
-2   2.1224127815538281
-2   2.1423004290900853
-2   2.0033103567838717
-2   2.0528037272540192
-2   2.2563901819929848
-2   2.2318133941731642
-2   2.1296340320075782
-2   2.6908820936156959
-2   2.8148673061777245
-2   2.0018495437869368
-2   2.0502310648178539
-2   2.0189995621678736
-2   3.3120877930272394
-2   2.8638133053412202
-2   3.1124587373103516
-2   2.7637626144458238
-2   2.1302944026299571
-2   2.040344467716662
-2   2.0024524890356821
-2   2.0035745024557063
-2   2.0009177961725775
-2   2.0039546148691496
-2   2.0282384174003063
-2   2.002346361352032
-2   2.9732331702024184
-2   2.0184077708692119
-2   2.0037072506349185
-2   2.9827421812941757
-2   2.0027843982443678
-2   2.0056631346052671
-2   2.029707549655829
-2   2.0124172823272009
-2   2.0272058190937106
-2   2.0106738783298184
-2   2.8206227750143715
-2   2.0844757186251077
-2   2.2013391748977269
-2   2.0599304841078907
-2   2.0590937761081043
-2   2.3422240799859995
-2   2.5939540063900717
-2   2.1631819882032284
-2   2.1538619616435271
-2   2.2266361933845613
-2   2.7723515412084452
-2   2.9675558643125117
-2   2.1972055411721994
-2   2.9541086629849724
-2   2.8564785828668309
-2   3.8632521662895734

-1   1.0392095325586714
-1   1.0982016598135178
-1   1.1375423051651448
-1   1.5918337971192642
-1   1.0644982926161601
-1   1.5056898547407012
-1   1.3580667083844296
-1   1.1346853624545574
-1   1.3603758052979396
-1   1.7426795364267913
-1   1.9118526668720142
-1   1.2351649956045272
-1   1.865613098085023
-1   1.7943881978851199
-1   1.0408218917979164
-1   2.8214020019103088
-1   1.9165514945455437
-1   1.3249238173532691
-1   1.1187454526426734
-1   2.071200980417772
-1   1.8317820827165754
-1   2.7530366518752194
-1   1.33925918068088
-1   1.1438715073043091
-1   1.8794359533073122
-1   1.0264213476852648
-1   1.4541876492794577
-1   2.5014459962557738
-1   1.683626146660151
-1   2.1087505893476224
-1   1.0631594082120595
-1   1.3634266877277736
-1   1.4391485438446046
-1   1.6746212803726737
-1   1.1182906980798304
-1   1.758314305468835
-1   1.4437077014019251
-1   1.5186821248360949
-1   1.3727778284218608
-1   1.6310551879001727
-1   1.7858193757816245
-1   1.2300745241447339
-1   1.6441791527658176
-1   1.3654177545479029
-1   1.3884975205862511
-1   2.7183669661402958
-1   1.1332154042670279
-1   1.2818148898093533
-1   1.7085004632485683
-1   1.4274068202824735
-1   1.1196484023750395
-1   1.8409498034173799
-1   1.7791331807814728
-1   1.9244824077283038
-1   1.9282632303451193
-1   1.3535005920186753
-1   1.9944775315539727
-1   2.0962864169732307
-1   2.0734863817218061
-1   2.2494248939779817
-1   2.6466880199965037
-1   1.829761981459824
-1   1.5699075892346586
-1   1.891556509883654
-1   3.0004974095129238
-1   2.132819926713946
-1   1.8504670333255322
-1   1.8007193567258937
-1   1.5431138747667039
-1   1.8869484977759021
-1   2.2602953280714293
-1   1.773260956686832
-1   2.2769314495749282
-1   2.5789821553890309
-1   2.1562517225165516
-1   1.5400751539005548
-1   1.7452108533131163
-1   1.5930749096976182
-1   1.9153054366221243
-1   1.6055357063075588
-1   1.7508913753910091
-1   2.6994764416619779
-1   2.0343058785902062
-1   2.1859341254188096
-1   2.1248161202833749
-1   1.83632782531516
-1   1.3914376762868732
-1   2.7943517057873835
-1   1.8503182801986542
-1   2.186163493648809
-1   1.6203896797508959
-1   1.4038243069299392
-1   1.5685356528708252
-1   1.8082894907891012
-1   1.292453218264493
-1   2.2512546684499406
-1   1.8961760264348166
-1   1.5876262870346696
-1   1.0912079048888053
-1   1.9911040036909768
-1   1.2702964486115575
-1   1.739811156287542
-1   2.7989298174108361
-1   1.7181619316492593
-1   1.9895448285463884
-1   1.182062475931243
-1   1.3445547420915092
-1   1.1828041784934504
-1   1.930948071359099
-1   1.3197332677006604
-1   1.6925937431049269
-1   1.7788881552380231
-1   1.9008178967832632
-1   1.1974328933657223
-1   1.1229908760684244
-1   1.0897183241950201
-1   1.8995845916195235
-1   2.1065408914567199
-1   1.9374778643927009
-1   2.2394343758809367
-1   2.2000421889776431
-1   1.6774370660588476
-1   1.5728425640218173
-1   2.3949650747088493
-1   1.4728878256307063
-1   2.5728904934760854
-1   1.447425988626402
-1   1.2750490951505979
-1   1.7915980741664628
-1   1.8601260381821354
-1   1.7858542116138159
-1   1.7220104059336263
-1   1.7273023398688907
-1   1.5572356274939216
-1   1.4382137539905939
-1   1.7161600509791
-1   1.3951400992331415
-1   1.4933321450847732
-1   1.8135414925413453
-1   2.0690359736885133
-1   1.6758123399378424
-1   1.5680036746654573
-1   1.8065968595147832
-1   1.9877348256519145
-1   1.914693966985646
-1   2.4620131801172107
-1   2.1609256843250115
-1   2.8411167891518869
-1   1.5285479166249871
-1   1.4391678308237592
-1   2.5891961230355149
-1   2.435569980371465
-1   1.7042056848330986
-1   1.7158300869029799
-1   1.6834985835426837
-1   1.9669783736956803
-1   1.5244485364513154
-1   1.4981556365501596
-1   1.6962427465654231
-1   1.6581015956777967
-1   2.26969354047089
-1   1.6618923807024819
-1   1.4353029656643503
-1   1.4500227948501687
-1   2.4226612992760153
-1   1.7075397267749244
-1   2.1551323892259822
-1   1.2569173832223992
-1   1.5438678717905865
-1   1.6925631503227576
-1   1.4338531076353511
-1   1.3635603456406751
-1   1.6263319252450192
-1   1.3417718489113
-1   2.3321896257141668
-1   1.5604678707272348
-1   2.2716216489834151
-1   2.1292450597536097
-1   1.7821618516418427
-1   2.2124411942643332
-1   1.8591279519741373
-1   1.9447682799136561
-1   1.1866481106027555
-1   1.7299281312161172
-1   1.7332331647700046
-1   1.0865185665565598
-1   2.2116434712164903
-1   2.2134869926461884
-1   1.0615318567712242
-1   3.0828627411816387
-1   1.7965918037489579
-1   1.5244821430033126
-1   2.6808648298249134
-1   1.2301382933590757
-1   2.5454800843398773
-1   2.3620364367177862
-1   1.5909278931045554
-1   2.7462683851764482
-1   1.899679922533267
-1   1.1920703047840464
-1   1.4595457805104357
-1   1.6045441030652992
-1   1.0743165031125352
-1   1.8955079566326964
-1   1.0899232118186786
-1   1.5941878683409287
-1   1.3210049596519959
-1   1.2502185955302896
-1   1.6727086681794665
-1   1.2203156908027
-1   1.9742837937425635
-1   1.7197977379226344
-1   2.0110502568573261
-1   1.8633482500539102
-1   1.3301582719300202
-1   1.5140235392757022
-1   1.7450237936381492
-1   1.4102397594412437
-1   2.2086953386041159
-1   1.5855022172190245
-1   2.1821852953151941
-1   1.8871536415868015
-1   2.0041830990166805
-1   1.959980272511209
-1   1.2701701231775995
-1   1.3617093595433112
-1   1.2183202732008165
-1   1.8338039013051657
-1   2.0186864486176934
-1   2.075460764977449
-1   1.857982734139429
-1   1.280716524520229
-1   1.2161342957872217
-1   1.7042359911429004
-1   1.7090013565804609
-1   1.4349836930650528
-1   1.7071379185143583
-1   1.535095796732894
-1   1.631356727870128
-1   1.3777189018828093
-1   1.8315737811916755
-1   1.9093548083618423
-1   2.2075057476230899
-1   2.0044031933913424
-1   1.7969635239925505
-1   1.837267935689094
-1   2.4166481636903114
-1   2.031955164401571
-1   2.1284579020267835
-1   1.6320584696925313
-1   2.0525585374049573
-1   2.675835321601904
-1   2.3927760621239456
-1   1.9886784550962249
-1   2.6423565680636991
-1   1.505934838463709
-1   3.193576566380131
-1   2.1790981622479086
-1   1.7748502257360572
-1   2.4181793458499286
-1   1.7553159030135368
-1   1.5270383931821923
-1   2.2373184812076792
-1   2.3114287322576526
-1   1.5231277249184787
-1   1.5480148854632447
-1   1.7846523414804518
-1   2.3108154909631198
-1   2.4485276858208249
-1   2.0952422587286197
-1   2.3859143124329938
-1   1.6218778316010063
-1   3.760896728778766
-1   1.1163641431995448
-1   1.9194210790262591
-1   1.1395394550516407
-1   1.2350702719166626
-1   1.0830185522934377
-1   1.7759148170573318
-1   1.1341120734055201
-1   1.3383248640606
-1   1.7020988115292446
-1   1.9232180625852227
-1   1.2596065351524026
-1   1.381067301305855
-1   2.012356917781688
-1   1.5458082116969902
-1   2.5420783446647643
-1   1.5713203323657807
-1   1.7454133301744115
-1   1.9216546737454809
-1   1.7474169347244466
-1   2.9027167406295611
-1   1.30122121374648
-1   1.9786179114172877
-1   1.016471308530067
-1   1.0327903205138032
-1   1.6696941263923559
-1   1.0084358184707909
-1   1.4460233438160954
-1   1.0592139501039182
-1   1.757224298543604
-1   1.7721566130324788
-1   2.2336778581972516
-1   2.3835088222726775
-1   1.8913472821750106
-1   2.1471695422653125
-1   1.6349499748279115
-1   1.9511434058455266
-1   1.9651447135631828
-1   1.1914557639198491
-1   1.4365990877316777
-1   2.2934863657778304
-1   1.8223149217692618
-1   1.9244408803879072
-1   1.2077691922768687
-1   1.3776425093683806
-1   1.7952755645659084
-1   1.8817199480659275
-1   1.8468554547877902
-1   2.0324743351192338
-1   1.8864924583781053
-1   1.1529421702139484
-1   2.4441855660999541
-1   1.1847099196321125
-1   1.8164782946369811
-1   2.0672172748813002
-1   1.8165552996732255
-1   1.1758381963721172
-1   1.2122975206309969
-1   1.4831906835426467
-1   1.487963720072581
-1   3.4903347210810938
-1   1.2470330016429156
-1   1.6169432532991252
-1   1.6406783710114548
-1   1.466350449363425
-1   2.1146775806237432
-1   1.7045885106913987
-1   1.2979653873688248
-1   1.9594365620946919
-1   2.1402834893553098
-1   2.6783372935923908
-1   1.5759334386990025
-1   1.3277727763982818
-1   2.0288118635140107
-1   1.9912136140315253
-1   1.9487168767425067
-1   1.9926843340822078
-1   1.3651306292455259
-1   1.6222440678903163
-1   1.0611716949663428
-1   1.1143651538647412
-1   1.5952894907939736
-1   1.8139948181495975
-1   2.8472424859237715
-1   1.7178810863494154
-1   1.0238539871031835
-1   1.3516069984376229
-1   1.7456786421392483
-1   1.807349547593684
-1   1.782908373329092
-1   1.4105534926581633
-1   1.0120910554103995
-1   1.6108053461802436
-1   1.9262079766713063
-1   1.9691001307204332
-1   1.0077722995294311
-1   1.0056668364149153
-1   1.0474459100380462
-1   1.4530786152369191
-1   1.0382288721249906
-1   1.6403081761857412
-1   2.2046840981750448
-1   2.1395694050833334
-1   1.4677830974696893
-1   1.4437747297474874
-1   1.2260881290589771
-1   1.3232554951979627
-1   2.5306003097080425
-1   2.6156381612758093
-1   1.0676870691998723
-1   1.1635397507310075
-1   1.7253950848663999
-1   1.8394554938108798
-1   1.8604815404312842
-1   1.3048000395426538
-1   1.1913565537754569
-1   1.2410101287324093
-1   1.8298256661433134
-1   1.8737247491698339
-1   1.845884184480449
-1   1.0788914039674731
-1   1.035030535759184
-1   1.0906846585317234
-1   1.0719807483595303
-1   1.0440630099328658
-1   1.5702131104063821
-1   1.9480122608253461
-1   2.1609528677061216
-1   2.1829484719654033
-1   1.441600650111909
-1   2.3259434891213289
-1   1.8764863828769078
-1   1.444662357906308
-1   1.9518285424062847
-1   1.1684347255729572
-1   1.585305563054094
-1   1.4021101966823972
-1   1.0115633688188277
-1   1.0187303370301071
-1   1.0213553243985793
-1   1.9872200281888452
-1   1.0439771618542129
-1   1.8240463086797325
-1   1.084009091857326
-1   1.9814621354460398
-1   1.0349578018449821
-1   1.1822106598541342
-1   1.4080326167074151
-1   2.3963672677399348
-1   2.2491877957049526
-1   2.4290661434125989
-1   2.630886318174174
-1   1.7070283656931924
-1   1.9592143722561461
-1   2.0784818662707698
-1   1.7331571631804996
-1   1.4682237298684124
-1   1.546334214601893
-1   1.2793447508050768
-1   1.9775381540954178
-1   1.2628291948282615
-1   2.2535979063768212
-1   2.6969915455294142
-1   2.4190645033987099
-1   1.2398376636143646
-1   2.8185059483655142
-1   1.8278342915111341
-1   1.9084653784873491
-1   1.7229908466253798
-1   1.4168094461622516
-1   1.1141714389037769
-1   1.9643216349517818
-1   1.0236003870646626
-1   1.0327406986110788
-1   1.2291376160796628
-1   1.2019658422839459
-1   1.7978174737154107
-1   1.6876445223704053
-1   1.2192652173323737
-1   1.1319834304890835
-1   1.1579921518322456
-1   1.9619090949765017
-1   1.5417613838235433
-1   1.6499054214259377
-1   1.8221769290146983
-1   1.9697111227163653
-1   1.3480208362857513
-1   2.4773259670105316
-1   1.9455392711809054
-1   1.8616683618863954
-1   2.9053884180502445
-1   1.0180732625145323
-1   1.0377365974766897
-1   1.0157045074002704
-1   1.8758621793998405
-1   1.0474040881441842
-1   1.1814992100076336
-1   1.1804372325861201
-1   1.1196577901543423
-1   1.787872441090963
-1   1.1875855301002605
-1   1.2477979281182341
-1   1.1317605709760221
-1   1.825382640897204
-1   1.2533487112348214
-1   1.7639228575854022
-1   1.9247563749180987
-1   1.9151623337556996
-1   1.1797125650471196
-1   1.2273803456435577
-1   2.6210465008126347
-1   1.814272349106115
-1   1.8821004299507567
-1   1.2767711462265985
-1   1.7377026372758397
-1   1.694862900799746
-1   1.4580245345229539
-1   1.992140854016347
-1   2.231071546894396
-1   1.3429079293164095
-1   2.19068605705827
-1   2.05487021394817
-1   1.9934548217674681
-1   1.4599072323280358
-1   2.4526081161008157
-1   2.5022681198728103
-1   2.0242594820223383
-1   2.86460977750956
-1   2.0519687659143289
-1   2.9405733868585462
-1   2.8250941203390805
-1   3.8454330163051402

0   0.044730124324828147
0   1.0032835747919162
0   0.80237867424246168
0   1.0557694925815688
0   1.0035058522575799
0   1.0323213696918982
0   1.019551552226571
0   0.20441798745673911
0   1.6058051323476019
0   1.0509536422377859
0   1.0041244873068909
0   1.9959279185179946
0   0.64351562459546829
0   1.0304172119201409
0   1.0050348279914407
0   1.3030571765068468
0   1.6417244450861781
0   1.9509567710992757
0   1.7663047330761072
0   2.7788066685404686
0   1.0022933328953274
0   1.5713671095236625
0   1.0043320945588197
0   1.1492062223202304
0   1.1371545891460544
0   1.8550693851359696
0   1.8599696680463507
0   2.7588542029385548
0   0.67623638721099733
0   1.1094942217349046
0   1.2454299608138262
0   1.76998259591389
0   0.36191694005746089
0   1.1265524860838219
0   1.0032496684472894
0   0.74703075883464454
0   2.6502210566660742
0   0.085906457092192134
0   1.8583248875799274
0   1.6114947403030375
0   1.4440865949942916
0   1.0030249738351271
0   0.81214548370525019
0   1.9385238247305976
0   1.122358344337558
0   1.0031257704845178
0   1.9912135157287936
0   1.1505403747762455
0   0.32387560055437459
0   1.6588687826152482
0   1.3807473426065489
0   1.013476022226578
0   1.8490172132548293
0   1.9279783318266874
0   1.0499531083519811
0   1.1269967566611523
0   1.4970087585556051
0   1.0235620436947712
0   0.39474591292362016
0   1.0870094503496086
0   2.3577283777136442
0   1.3286269403744808
0   1.2654142395359878
0   1.0411699630349498
0   1.0303366154603661
0   1.4875900091854144
0   1.1790591617873523
0   1.8042238214480397
0   2.1938383755778803
0   1.2158811570662578
0   1.4027591258288536
0   1.0511790484928534
0   1.0299223283833747
0   1.8540031334819731
0   1.6142561037020879
0   2.6516638558102712
0   1.0665734592772556
0   1.0936764001452728
0   1.7619711887960312
0   2.3268900344819645
0   2.2055801314894876
0   1.6680246753272225
0   1.5918345917773062
0   3.2406641595147665
0   1.8355800355903624
0   1.9416079663386254
0   1.3376313248107197
0   2.0337648663980974
0   1.5685313929829978
0   1.4415665280076027
0   2.3424152707992874
0   2.0450268011970585
0   1.5283512464550641
0   1.8765128955502641
0   1.7384860552757835
0   1.6612140228789936
0   2.0613331572553015
0   0.76059206518485323
0   2.0887409320272838
0   1.2592129324923149
0   1.9631590691692162
0   1.2578299997808908
0   1.7633941428879187
0   2.2409650569514357
0   1.3681331447982235
0   1.7850508574381867
0   1.588944378119673
0   1.6480012068852865
0   2.2768586392986432
0   1.5836197294602576
0   1.9068624197304911
0   1.6622152178951883
0   1.5216078291393758
0   1.8241793784983407
0   1.9931509324055665
0   1.2199307053474597
0   1.522412386675466
0   1.6445700014433888
0   1.1039705000288031
0   1.1909214004191258
0   1.6539480094204242
0   2.6226806111455354
0   1.3901588605191459
0   1.714846893385364
0   0.68678667176671104
0   1.2496321194947544
0   2.6237731321553333
0   1.500758873593905
0   1.1335831637890126
0   1.5017971085905049
0   1.2140315399462882
0   1.0165467445602461
0   1.2751994578667216
0   1.4675658150539532
0   0.52755023379534283
0   1.038831095502381
0   1.0555826975905291
0   1.5493727964114847
0   1.0070662317095789
0   1.967490746233818
0   1.3648065577494306
0   1.9465246491269661
0   1.0270687824544815
0   1.1534146600054838
0   1.6400290742664105
0   0.25280763284835206
0   1.0088469359487642
0   1.8582927377954142
0   1.860984404850905
0   2.5223811316115641
0   1.5238736346269306
0   1.918396804324606
0   1.0673393126991186
0   2.0935642295753958
0   1.4979825691051072
0   1.8427953900073746
0   1.8447841416004027
0   0.79672626128150426
0   2.2961009383439048
0   0.59862255614263504
0   1.5030549811034031
0   1.2654353753281882
0   1.1075837365447483
0   1.1449793650021398
0   1.8505627103195272
0   1.977525523373584
0   1.9148504224118938
0   1.2038958578827921
0   1.2014298505409982
0   1.1397828762013607
0   1.5145423008092349
0   1.6330183422272166
0   1.6914221318755049
0   1.7186759526084203
0   2.1483667460793576
0   1.6370822654981563
0   1.1857144222699767
0   1.8817782579122428
0   1.3722563685926434
0   2.1252356318862136
0   1.3391471946046625
0   1.0500238914535944
0   2.3465246629061149
0   2.4136323121098622
0   1.1909712198857976
0   1.7729636039916055
0   1.8766456949205508
0   2.6811708628537905
0   2.1956356719422008
0   1.0113104118243885
0   1.4802056958569123
0   1.5633543557580545
0   1.1099918331038721
0   1.6299524824503391
0   1.7802266173584136
0   1.182700754990925
0   1.6804399087263246
0   1.8780565976602843
0   1.9794228998231609
0   1.4464393726736806
0   1.6395211894166501
0   1.1688178477010107
0   1.5070664285825521
0   1.2953472207756105
0   1.4411721451647199
0   1.6022070562002626
0   0.5376842725095432
0   2.3163134039035338
0   2.0303414860639006
0   1.1204843805551172
0   1.2628161399429019
0   1.4653506456668604
0   1.440989123730436
0   1.5820895448498415
0   1.0648498703999045
0   2.0533108723221516
0   1.9544993409104849
0   0.84547719744778105
0   1.8990265501400532
0   1.5620875014655837
0   1.5636455336996447
0   1.2301943592075133
0   1.3799465457906126
0   1.3397887706969833
0   1.9454394233253369
0   1.6587939079544061
0   1.9058036172879858
0   2.1093526513812262
0   1.7255326826440118
0   1.014339467983002
0   1.0399382134185724
0   1.0297524133965608
0   1.3866137880600957
0   1.984979987182784
0   2.0090205382602675
0   1.9585523949138044
0   1.2913777560269484
0   0.31008017449588077
0   2.3560444170599855
0   2.4364407150243159
0   1.5556975006200706
0   1.556158002349294
0   2.2206191517728127
0   2.3277451328184653
0   1.0569145291471169
0   2.4102056130694351
0   2.3625651744644824
0   1.0595463674206815
0   0.88398918012283767
0   1.9473265627546574
0   1.0163430577427039
0   0.10016768345602567
0   1.0162759808534321
0   0.59521790185074308
0   1.4950877042109618
0   1.9365491721603911
0   1.0235695203811623
0   1.0088589128810648
0   1.9642348045673899
0   1.0944804330495452
0   1.8845839791840615
0   1.3494384128658525
0   1.322040556569291
0   1.236808659207725
0   1.0339206851098117
0   1.3056252690851742
0   1.3485741615433533
0   1.2780704011716262
0   1.2372101883374864
0   0.58494015800890287
0   1.0069003862433912
0   1.5743912582124282
0   1.0435766280018659
0   0.85043501261498222
0   1.6136037545126087
0   2.1752044809915527
0   2.6838570149439569
0   1.0957894657638101
0   1.9764921683830865
0   1.9422212909540328
0   1.4664550333942687
0   0.62348543344906382
0   1.0162047453657435
0   1.7138383408299132
0   1.0633409914953345
0   1.9756894653821857
0   2.5707015386714698
0   1.5120299844113898
0   1.86955596993768
0   1.0161846153821301
0   1.0224623088215501
0   1.2316487141504113
0   1.6103701586388275
0   1.5506324155237912
0   1.9414958751853231
0   1.3070811465042036
0   1.6613417693978807
0   1.0566383948066107
0   1.1967211494136727
0   1.5908299504945509
0   1.7875487637571772
0   1.1893963155766338
0   1.8464639044171016
0   1.6649451927021497
0   1.4000917685364349
0   1.9282206060144871
0   1.6314347655082577
0   1.8942259907060492
0   1.8327969631665861
0   2.6812727638373337
0   1.1759528596112376
0   2.2858457758582853
0   2.1855587374131287
0   1.9725786315155229
0   2.8335307846965896
0   1.2077463561550321
0   3.2655557039163896
0   1.9306291117960162
0   1.9198580499001343
0   2.7631585880209446
0   1.6882167892236004
0   1.8415197440949793
0   1.4038967755533267
0   1.4968607087140897
0   0.58357816179513278
0   1.0890110516199978
0   2.3335298324293987
0   1.9823838412971222
0   1.9754577057006508
0   2.1061473495772725
0   1.2975694941265856
0   2.4870453419972285
0   1.9670407459977479
0   2.4226273671265082
0   1.9479042087678922
0   1.0908528470882666
0   0.49826877684361348
0   3.8127824684534879
0   1.0183282321864804
0   1.028739442989256
0   1.9231512201667549
0   0.39658301499473747
0   1.051070534917832
0   1.0017934648502775
0   1.8225487691405196
0   1.0157677611445712
0   0.34309564331210651
0   1.4473275816679014
0   1.051884617973506
0   1.4141650520970412
0   1.7867190096059526
0   1.0904120769437415
0   0.55467197969968796
0   1.0679402895447065
0   1.8738262816808593
0   2.0066232090889051
0   1.3481247375166865
0   2.3067534807363912
0   1.8137319198485273
0   1.0138024082874149
0   0.82209833089776363
0   1.4907265945392434
0   2.9459065826884849
0   1.6806278949337963
0   1.0051078291216855
0   1.5647116790880524
0   1.0260514376652823
0   1.0159515334761129
0   1.021610627970442
0   0.88505155961463911
0   1.0053675976749639
0   1.6454573543380349
0   1.0054131433217555
0   1.4054117970219528
0   1.3987278409085702
0   1.1330414616792126
0   1.7306719856100177
0   1.7022389837091971
0   1.7577921488517281
0   1.6770006462373446
0   2.0908301205276647
0   2.5341294848126248
0   1.0295138139744375
0   1.6122086494067029
0   1.0479898251237556
0   1.0045607029763455
0   1.0506366460602876
0   1.3266076761322392
0   2.8409816965076371
0   1.3540810692783514
0   1.3214161928447166
0   1.8166124401301809
0   1.7805007531082175
0   1.0063847944583115
0   1.0193732640355568
0   1.9823439047204263
0   1.99228304887533
0   1.4020460496713973
0   1.7390510562469337
0   1.0028938107852072
0   2.8244988587633948
0   0.73464684899484611
0   0.31728739208966339
0   1.0356184007275713
0   1.7598236441201198
0   1.5868747134590513
0   1.0049041278254633
0   1.9887163605406597
0   1.0835597664651042
0   1.8145617790897384
0   0.90506191408534109
0   3.0654962053172792
0   1.5428633299794305
0   1.5565484084054506
0   1.1424318317699218
0   2.2970820724086476
0   1.267398363270539
0   1.0674404985190644
0   1.0563458780846078
0   1.3799393681043644
0   0.87286527632647304
0   2.5630894166122915
0   1.1487173114798885
0   1.0138919953611205
0   1.5180349831205859
0   1.4068939316461828
0   1.2786116467502968
0   1.7773662710097216
0   1.7835720773486585
0   2.492846213620092
0   2.0359591788147799
0   2.2016863854854343
0   1.2198453103457934
0   1.2779817930340009
0   0.59888367079366422
0   0.65910547296158062
0   1.6534032679749719
0   1.9893296259025721
0   1.3820094186973335
0   1.0060091504122299
0   1.0056876072450547
0   2.6230795870239718
0   1.7492165097983561
0   1.0130119639853823
0   1.0034483921825532
0   0.76398563575898515
0   0.41900401785512398
0   1.0055475743398081
0   1.9867118543017095
0   1.9720161817837853
0   1.9945814011086282
0   1.0012338829234368
0   1.0044132059187434
0   1.9728333958201092
0   1.9155281664759549
0   1.0056335340714477
0   1.0008238429042586
0   0.064142375469933066
0   1.050180445497843
0   0.034331985010585875
0   0.070254578331722217
0   0.59969328233373265
0   1.0456728962929791
0   1.0057813306478134
0   1.7990905857426083
0   0.37613353664839333
0   1.9326235002542744
0   2.9366697992020554
0   2.8536472052374595
0   1.8641047073189965
0   1.0316995906817679
0   1.0008132931608957
0   1.2110472168237998
0   1.0598491605573415
0   1.9894121349016061
0   1.935596331202742
0   1.0059248386537538
0   1.0102142577241284
0   1.3564307614376248
0   1.1082642632643831
0   1.0457430335137519
0   1.9248121337754172
0   0.54674040823522851
0   1.0031702625126986
0   1.0035728512334279
0   1.9787364028340235
0   1.9221727292701321
0   1.0814942446236058
0   0.35254857859362476
0   1.0347387704097553
0   0.28871162174648113
0   1.0066607645327175
0   1.0096973704229824
0   0.10379581397449245
0   1.0130560122151804
0   0.95063441885819122
0   0.28692607665174363
0   1.4519807112030525
0   0.3866847085300108
0   2.5264319078611774
0   1.564676305476679
0   1.7250275943960638
0   1.7383560818859785
0   2.2237992256333157
0   1.6462713182002182
0   0.43513493049196394
0   1.9809390854792102
0   1.9612287749188679
0   1.1663244195161568
0   1.0496742039124536
0   1.1231253102696086
0   0.069900775482793387
0   0.079448489137750045
0   1.0056274165262853
0   1.0044793073807099
0   0.61705481758528213
0   1.0063171107786899
0   1.7844285316610553
0   1.0256494838633943
0   0.94510869193795899
0   1.0126796357734329
0   1.9611465914276049
0   1.2283279114704226
0   1.632681431390163
0   1.0548338645056183
0   0.62651123700503808
0   1.0075656393720018
0   2.6686367252917402
0   1.9222589930655403
0   2.7197539352720521
0   1.782251584657141
0   0.85551589390852611
0   1.0223244675593088
0   1.8640973250727688
0   1.846118927009107
0   1.4003966740788829
0   1.8374892617709073
0   1.6638457624535179
0   2.5613166973532633
0   0.51250122014610167
0   1.6396931778285313
0   1.6040987738185781
0   1.2586704910678823
0   0.55980325560498456
0   1.3037670133438417
0   2.0143713177037612
0   1.933033191800936
0   3.0415289440468158
0   1.5270526127581392
0   1.4163183542272753
0   1.9755140454256832
0   1.9948080649966298
0   1.1673018728306801
0   1.3400977135492347
0   1.098457221288766
0   1.9216929444851751
0   0.067936730323919559
0   1.0057752961454913
0   1.0060207303776114
0   0.31618524618563193
0   0.52057668165070181
0   1.0076145679049555
0   1.0074229903933922
0   1.170760632460998
0   1.5800501682767534
0   1.8686677813908332
0   1.7304828042104932
0   1.0084607788715736
0   1.1412596375645994
0   1.0293921672776689
0   1.9132398336773098
0   1.5385720543783181
0   1.2393802867097081
0   1.006361719511353
0   1.1509000908012958
0   1.4158909971630247
0   2.8513510906056081
0   1.9645001757477107
0   1.8093445502447705
0   0.069274654353406295
0   2.9024615095653785
0   0.12306639605810998
0   1.0013416749148505
0   1.0096740250907008
0   1.002341487837777
0   0.16323087111922185
0   1.9831358184692269
0   1.0204038654250709
0   0.13183708173550812
0   1.0255624081191004
0   1.0234060933813229
0   0.4239707914224059
0   1.0152615265950986
0   1.981453514627078
0   1.0446050170940888
0   1.1717473846522615
0   1.0166989662690262
0   1.7731485075462547
0   0.74663746453269209
0   1.0588476116669379
0   1.9122228188817276
0   1.7217761865882983
0   1.9327395280272466
0   0.53139645175814398
0   1.1187212185016109
0   2.7184259221603919
0   1.0268937394838604
0   0.96685294892982876
0   1.0456928790537867
0   1.9920253373096011
0   1.4061923307888353
0   1.8607709850616039
0   1.9883857452859699
0   1.0944236214613985
0   1.6728929457040032
0   2.0548683811130442
0   1.2625539804291475
0   2.3920273266043561
0   1.0845110149822994
0   1.9429125931488356
0   1.8441844553502675
0   1.3428053055916584
0   2.9236347728130849
0   2.042048468138479
0   1.983394200292202
0   2.8225525071780475
0   2.0321724423626533
0   2.9463491313354093
0   2.8332983084144012
0   3.8373226388456221

1   1.0392095325586264
1   1.0982016598134914
1   1.1375423051651865
1   1.5918337971191932
1   1.0644982926160664
1   1.5056898547408331
1   1.3580667083844846
1   1.1346853624544135
1   1.3603758052979544
1   1.7426795364268135
1   1.9118526668719626
1   1.235164995604678
1   1.8656130980850159
1   1.7943881978851364
1   1.0408218917979193
1   2.8214020019103012
1   1.9165514945454505
1   1.3249238173534839
1   1.1187454526427212
1   2.0712009804176974
1   1.8317820827165052
1   2.7530366518752758
1   1.3392591806808467
1   1.1438715073042949
1   1.8794359533072851
1   1.0264213476852753
1   1.4541876492792771
1   2.5014459962558484
1   1.683626146660183
1   2.1087505893476188
1   1.0631594082122211
1   1.3634266877277303
1   1.439148543844565
1   1.6746212803727163
1   1.1182906980797889
1   1.7583143054688946
1   1.4437077014019049
1   1.5186821248360118
1   1.3727778284218757
1   1.6310551879001514
1   1.7858193757816405
1   1.2300745241447175
1   1.6441791527659251
1   1.3654177545479309
1   1.3884975205861727
1   2.7183669661401928
1   1.133215404267029
1   1.2818148898094044
1   1.7085004632485652
1   1.4274068202825414
1   1.1196484023750222
1   1.8409498034173977
1   1.7791331807814852
1   1.924482407728314
1   1.9282632303449545
1   1.353500592018785
1   1.9944775315541379
1   2.0962864169731454
1   2.0734863817219216
1   2.2494248939785479
1   2.646688019995977
1   1.8297619814596859
1   1.5699075892346315
1   1.8915565098835709
1   3.000497409512962
1   2.132819926713986
1   1.8504670333256308
1   1.8007193567258817
1   1.5431138747671338
1   1.8869484977758719
1   2.260295328071634
1   1.773260956686499
1   2.2769314495746396
1   2.5789821553889491
1   2.156251722516719
1   1.5400751539003359
1   1.7452108533132682
1   1.5930749096974943
1   1.9153054366220261
1   1.6055357063077853
1   1.7508913753910691
1   2.6994764416620707
1   2.0343058785901702
1   2.1859341254184432
1   2.1248161202832856
1   1.8363278253153013
1   1.3914376762869924
1   2.7943517057873946
1   1.8503182801987395
1   2.1861634936488752
1   1.6203896797507382
1   1.4038243069299183
1   1.5685356528708527
1   1.8082894907891673
1   1.2924532182645041
1   2.2512546684501276
1   1.8961760264348326
1   1.5876262870344706
1   1.091207904888758
1   1.9911040036910208
1   1.2702964486115624
1   1.7398111562874461
1   2.7989298174108401
1   1.7181619316493211
1   1.9895448285464035
1   1.1820624759312612
1   1.3445547420914841
1   1.1828041784933447
1   1.9309480713590843
1   1.3197332677024303
1   1.692593743103513
1   1.7788881552380267
1   1.9008178967832463
1   1.1974328933657439
1   1.122990876068426
1   1.0897183241949917
1   1.8995845916194809
1   2.1065408914567647
1   1.9374778643928678
1   2.2394343758810433
1   2.2000421889774944
1   1.6774370660589417
1   1.5728425640217512
1   2.3949650747087112
1   1.4728878256306976
1   2.5728904934760974
1   1.4474259886263703
1   1.2750490951506206
1   1.7915980741664668
1   1.8601260381821443
1   1.7858542116138421
1   1.7220104059336818
1   1.7273023398688272
1   1.5572356274940464
1   1.4382137539906232
1   1.7161600509791195
1   1.3951400992329694
1   1.4933321450847665
1   1.8135414925413458
1   2.0690359736885298
1   1.6758123399378348
1   1.5680036746654999
1   1.8065968595147153
1   1.9877348256519389
1   1.914693966985499
1   2.462013180117272
1   2.1609256843250844
1   2.8411167891518661
1   1.5285479166248526
1   1.4391678308237381
1   2.5891961230355744
1   2.4355699803714836
1   1.7042056848331018
1   1.7158300869030136
1   1.6834985835426792
1   1.9669783736956492
1   1.5244485364512665
1   1.4981556365502762
1   1.6962427465653267
1   1.6581015956778411
1   2.2696935404709468
1   1.6618923807024402
1   1.4353029656643486
1   1.4500227948501685
1   2.4226612992759722
1   1.7075397267749652
1   2.1551323892259959
1   1.2569173832225216
1   1.5438678717905789
1   1.6925631503226639
1   1.4338531076353702
1   1.3635603456407144
1   1.6263319252450015
1   1.3417718489112505
1   2.3321896257141783
1   1.5604678707272539
1   2.2716216489833911
1   2.1292450597536168
1   1.7821618516418276
1   2.2124411942643261
1   1.8591279519741617
1   1.9447682799136619
1   1.186648110602744
1   1.7299281312161168
1   1.7332331647700228
1   1.0865185665565136
1   2.2116434712164947
1   2.2134869926462009
1   1.0615318567712073
1   3.0828627411816618
1   1.7965918037489534
1   1.5244821430033166
1   2.6808648298248645
1   1.2301382933590572
1   2.5454800843396073
1   2.3620364367180904
1   1.5909278931048574
1   2.7462683851762684
1   1.8996799225332275
1   1.1920703047841097
1   1.4595457805104648
1   1.6045441030652703
1   1.0743165031125379
1   1.8955079566326982
1   1.0899232118186757
1   1.5941878683409394
1   1.3210049596520523
1   1.2502185955302116
1   1.672708668179467
1   1.2203156908026858
1   1.9742837937425568
1   1.7197977379226139
1   2.0110502568573323
1   1.8633482500538947
1   1.3301582719300038
1   1.514023539275708
1   1.7450237936381718
1   1.4102397594413136
1   2.2086953386039943
1   1.5855022172191684
1   2.1821852953151626
1   1.8871536415868313
1   2.0041830990166867
1   1.9599802725111903
1   1.2701701231776148
1   1.3617093595432905
1   1.2183202732008165
1   1.8338039013051608
1   2.018686448617681
1   2.0754607649774774
1   1.8579827341394308
1   1.2807165245202259
1   1.2161342957872203
1   1.7042359911428937
1   1.7090013565804583
1   1.4349836930650617
1   1.7071379185143472
1   1.5350957967328469
1   1.6313567278701724
1   1.3777189018828071
1   1.8315737811916732
1   1.9093548083618623
1   2.2075057476231397
1   2.0044031933913424
1   1.796963523992531
1   1.8372679356891068
1   2.4166481636902981
1   2.0319551644014999
1   2.1284579020268075
1   1.6320584696926024
1   2.0525585374049804
1   2.6758353216018058
1   2.3927760621239318
1   1.9886784550962173
1   2.6423565680636663
1   1.5059348384637397
1   3.1935765663802052
1   2.1790981622479064
1   1.7748502257360577
1   2.418179345849953
1   1.7553159030135141
1   1.52703839318223
1   2.2373184812075255
1   2.3114287322578169
1   1.5231277249184063
1   1.5480148854632652
1   1.7846523414804092
1   2.3108154909631109
1   2.4485276858208569
1   2.0952422587284945
1   2.3859143124330866
1   1.62187783160104
1   3.7608967287787447
1   1.1163641431996028
1   1.9194210790262556
1   1.1395394550516473
1   1.2350702719166637
1   1.0830185522934324
1   1.7759148170573296
1   1.1341120734055155
1   1.3383248640605918
1   1.7020988115292619
1   1.923218062585216
1   1.2596065351524031
1   1.3810673013058616
1   2.0123569177816871
1   1.5458082116969831
1   2.5420783446647817
1   1.571320332365747
1   1.7454133301744177
1   1.9216546737454805
1   1.7474169347244506
1   2.9027167406295584
1   1.3012212137464974
1   1.9786179114172837
1   1.0164713085300658
1   1.0327903205138025
1   1.6696941263923595
1   1.0084358184707924
1   1.4460233438160979
1   1.0592139501039213
1   1.7572242985435889
1   1.7721566130324491
1   2.2336778581972787
1   2.3835088222727077
1   1.8913472821750239
1   2.1471695422653232
1   1.6349499748278595
1   1.9511434058455439
1   1.9651447135631739
1   1.1914557639198371
1   1.4365990877317243
1   2.2934863657778237
1   1.8223149217692254
1   1.9244408803879129
1   1.2077691922768783
1   1.3776425093683675
1   1.7952755645659209
1   1.8817199480659186
1   1.8468554547878187
1   2.0324743351192263
1   1.8864924583781111
1   1.1529421702139537
1   2.4441855660999479
1   1.1847099196320896
1   1.8164782946369979
1   2.0672172748813185
1   1.8165552996732237
1   1.1758381963720845
1   1.2122975206309712
1   1.4831906835426654
1   1.4879637200725642
1   3.4903347210810289
1   1.247033001642921
1   1.6169432532991714
1   1.6406783710116803
1   1.4663504493634205
1   2.1146775806236104
1   1.7045885106915217
1   1.2979653873688664
1   1.9594365620947052
1   2.1402834893551783
1   2.6783372935923628
1   1.5759334386990536
1   1.3277727763982559
1   2.0288118635139889
1   1.9912136140315111
1   1.9487168767426386
1   1.99268433408219
1   1.3651306292455649
1   1.6222440678901529
1   1.0611716949663434
1   1.1143651538649264
1   1.5952894907938009
1   1.8139948181495917
1   2.8472424859237986
1   1.7178810863494287
1   1.0238539871031838
1   1.3516069984376111
1   1.7456786421391626
1   1.8073495475936934
1   1.7829083733291475
1   1.4105534926581398
1   1.0120910554104139
1   1.6108053461802641
1   1.9262079766713303
1   1.969100130720407
1   1.0077722995294314
1   1.0056668364149155
1   1.0474459100380509
1   1.4530786152369137
1   1.0382288721249644
1   1.6403081761857492
1   2.2046840981750342
1   2.1395694050833098
1   1.4677830974696937
1   1.4437747297473136
1   1.2260881290593029
1   1.3232554951977613
1   2.5306003097081673
1   2.6156381612757591
1   1.0676870691999065
1   1.1635397507310374
1   1.7253950848663675
1   1.839455493810771
1   1.860481540431389
1   1.3048000395426609
1   1.1913565537754232
1   1.241010128732331
1   1.8298256661433898
1   1.8737247491698419
1   1.8458841844804463
1   1.07889140396747
1   1.0350305357591738
1   1.0906846585317369
1   1.0719807483595276
1   1.0440630099329049
1   1.5702131104062151
1   1.948012260825339
1   2.1609528677061629
1   2.182948471965461
1   1.4416006501120868
1   2.3259434891213728
1   1.8764863828767937
1   1.4446623579060629
1   1.9518285424062745
1   1.1684347255730627
1   1.5853055630541033
1   1.402110196682431
1   1.0115633688188308
1   1.0187303370301184
1   1.021355324398572
1   1.987220028188843
1   1.0439771618542517
1   1.8240463086797378
1   1.0840090918573722
1   1.9814621354462423
1   1.0349578018449315
1   1.1822106598538273
1   1.4080326167075283
1   2.3963672677397838
1   2.2491877957050335
1   2.4290661434126992
1   2.6308863181740758
1   1.7070283656931666
1   1.9592143722556878
1   2.0784818662707711
1   1.7331571631809863
1   1.4682237298684306
1   1.5463342146020143
1   1.2793447508049387
1   1.9775381540954262
1   1.2628291948282173
1   2.2535979063729661
1   2.6969915455328493
1   2.4190645033986917
1   1.2398376636144324
1   2.8185059483655768
1   1.8278342915113148
1   1.9084653784872412
1   1.7229908466252186
1   1.4168094461620759
1   1.1141714389037536
1   1.9643216349517987
1   1.0236003870646788
1   1.0327406986110508
1   1.2291376160796506
1   1.2019658422839183
1   1.7978174737153152
1   1.687644522367211
1   1.2192652173362888
1   1.1319834304891789
1   1.1579921518323462
1   1.9619090949765794
1   1.5417613838240554
1   1.6499054214255442
1   1.8221769290145553
1   1.9697111227163648
1   1.3480208362856847
1   2.4773259670105938
1   1.9455392711808956
1   1.8616683618864456
1   2.9053884180502312
1   1.0180732625145115
1   1.0377365974766648
1   1.015704507400262
1   1.8758621793998329
1   1.0474040881442244
1   1.181499210007708
1   1.1804372325861121
1   1.1196577901543536
1   1.7878724410910767
1   1.1875855301001381
1   1.2477979281180669
1   1.1317605709760343
1   1.8253826408972857
1   1.2533487112347812
1   1.7639228575854577
1   1.9247563749178944
1   1.9151623337559336
1   1.1797125650464588
1   1.2273803456440833
1   2.6210465008127772
1   1.8142723491058081
1   1.88210042995129
1   1.2767711462256439
1   1.7377026372757736
1   1.6948629007998894
1   1.4580245345230691
1   1.9921408540163652
1   2.23107154689446
1   1.3429079293163413
1   2.1906860570582767
1   2.0548702139481492
1   1.993454821767433
1   1.4599072323278015
1   2.4526081160996664
1   2.5022681198740226
1   2.024259482022539
1   2.8646097775095773
1   2.0519687659143666
1   2.9405733868585844
1   2.8250941203390556
1   3.8454330163051065

2   2.0003619668013197
2   2.0006310246456342
2   2.0014016396681176
2   2.1610617726327654
2   2.0115881948347303
2   2.8747344637976275
2   2.003999143135903
2   2.1265783888823555
2   2.004778520477736
2   2.8922967631407164
2   2.0017544238055804
2   2.875928695270785
2   2.0041491097687616
2   2.1355040012026643
2   2.027023423896968
2   2.0133794653431862
2   2.0232826957628398
2   2.0265918445288329
2   2.0168092479730788
2   2.850409802368798
2   2.1659850170346298
2   2.0046175055690933
2   2.1065773312000253
2   2.9543222024541911
2   2.6973505723973705
2   2.6745221494231681
2   2.0393647180623931
2   2.3491295781472901
2   2.2530573213106293
2   2.6108803307961677
2   2.5122418639537178
2   2.1348638791077659
2   3.0283284324904187
2   2.5936807078803721
2   2.2637206392465892
2   2.1673566473031705
2   2.8668445740154866
2   2.5457464567705941
2   2.3517114571056394
2   3.1524062815556384
2   2.3703962561392129
2   2.5132152394548783
2   3.0406454512224337
2   2.3632610767436639
2   2.4557682940495411
2   2.325460795832921
2   2.1980335931303627
2   2.5568382366416844
2   2.260833085872445
2   2.1939011381175328
2   2.3905881416034052
2   2.4774962447248612
2   2.0141905751460216
2   2.0024900775624142
2   2.0099418257532013
2   2.0095104452378978
2   2.0504966175590478
2   2.1345847346311082
2   2.899709724246736
2   2.5297449649639003
2   2.3965005263841048
2   2.9378903558451723
2   2.1360320381859368
2   2.0908355925539381
2   2.1796394795924083
2   2.0265304076746866
2   2.5347033669942052
2   2.2853899723660249
2   2.9644039502327719
2   2.066476098364483
2   2.35995208878589
2   2.0795325768921495
2   3.1287917668682423
2   2.7102019103822075
2   2.8744845900791414
2   2.1949058582487293
2   2.683354375375758
2   2.0575529201627187
2   2.1041462332016865
2   2.1181194685580538
2   2.0713756204494609
2   2.637463477570047
2   2.3446017967402866
2   2.291210629799096
2   2.2554008301493371
2   2.2131118158099885
2   2.0491913227135337
2   2.7563292041757133
2   2.3616614172281332
2   2.024815346646613
2   2.5117111802761238
2   2.0765162995531004
2   2.6657317708014867
2   2.6804832298678303
2   2.7090985644889303
2   2.7050815637979486
2   2.9824321459433381
2   2.3802934665718931
2   2.6415420573107404
2   2.6995359457332686
2   2.0889343546844605
2   2.0035135322216289
2   2.0416357303340775
2   2.0417591011133562
2   2.0768717666880918
2   2.2615622314095258
2   2.1382214033175955
2   2.2709044749874949
2   2.5220094553696102
2   2.8015307837068608
2   2.0392053733859012
2   2.0066805748878451
2   2.9787813040068327
2   2.0175560504108132
2   2.0096972830274011
2   2.0058136696871336
2   2.0178406137196947
2   2.0359304108784784
2   2.0916622258658513
2   2.2150730876769851
2   2.5008288987082188
2   2.3242947202623019
2   2.1613844377601588
2   2.3029332975475878
2   2.2066897680469459
2   2.7903040995748278
2   2.5760406476028552
2   3.2345717043244986
2   2.8779837527607803
2   2.2810403495710547
2   3.2193299505238464
2   2.6920241833014966
2   2.3003136483638542
2   2.3617314447054376
2   2.7070195027868276
2   2.2566594716585562
2   2.4137208901936811
2   2.3529034952661223
2   2.70216994070153
2   2.6727883033546274
2   3.6885326533955753
2   2.0199864828004603
2   2.0032034979210809
2   2.0456444175458652
2   2.0036609764741886
2   2.4624232415524383
2   2.4804107448629447
2   2.0606129186342677
2   2.2143716965123712
2   2.150341882712278
2   2.7623277965145099
2   2.0285089562327081
2   2.0011457991606476
2   2.9136694279128292
2   2.6363385145564679
2   2.4415835124746508
2   2.1060579220932523
2   2.0050308963362728
2   2.9910907069893984
2   2.0099010375198794
2   2.0012891079550394
2   2.0063716276259331
2   2.0104161433529186
2   2.0135541220033559
2   2.0502418167978607
2   2.8695432028844623
2   2.0096520991357538
2   2.0188324630086827
2   2.1700767655034472
2   3.756500931530856
2   2.1895772207113304
2   2.2190628623193995
2   2.7154515690943106
2   2.8176330739580582
2   2.9241413589382628
2   2.3694268203901387
2   2.1081603161631497
2   2.0304686222361288
2   2.0788498404605167
2   2.0743467724001947
2   2.9497056707987244
2   2.0004946850619088
2   2.0068212413996278
2   2.0011858376304534
2   2.0051725868540657
2   2.0022432011566749
2   2.0026309692092692
2   2.005886216568634
2   2.2000270140537066
2   2.1694073541473258
2   2.6278742235112764
2   2.6462945334875667
2   2.2209593219763906
2   2.2130054929980258
2   2.0642727131574565
2   2.0534407780808386
2   2.0017820903652388
2   2.0158587831974586
2   2.5992157654231485
2   2.7440008628251498
2   2.3679211233448449
2   2.18441652364432
2   2.122412781553813
2   2.142300429090056
2   2.0033103567838655
2   2.0528037272539832
2   2.2563901819930581
2   2.2318133941731575
2   2.1296340320075573
2   2.6908820936156825
2   2.814867306177733
2   2.0018495437869404
2   2.0502310648179098
2   2.0189995621678536
2   3.3120877930273327
2   2.86381330534123
2   3.112458737310229
2   2.7637626144457981
2   2.130294402629926
2   2.0403444677166895
2   2.0024524890356785
2   2.003574502455709
2   2.0009177961725793
2   2.0039546148691483
2   2.0282384174003201
2   2.0023463613520307
2   2.9732331702024086
2   2.0184077708692323
2   2.0037072506349149
2   2.9827421812941473
2   2.0027843982443674
2   2.005663134605264
2   2.0297075496558201
2   2.0124172823271902
2   2.027205819093687
2   2.0106738783298144
2   2.8206227750144373
2   2.0844757186251206
2   2.2013391748976332
2   2.0599304841078974
2   2.0590937761079435
2   2.3422240799859773
2   2.5939540063902382
2   2.1631819882032088
2   2.1538619616434413
2   2.2266361933845249
2   2.7723515412085336
2   2.9675558643124953
2   2.1972055411721088
2   2.9541086629850639
2   2.8564785828668722
2   3.863252166289576

3   3.0000298961103127
3   3.0000471040872334
3   3.0004170717245784
3   3.0012423214281911
3   3.000203061359155
3   3.0276560772068124
3   3.008702019474502
3   3.8435013575213306
3   3.0005050975845076
3   3.1637091420428489
3   3.8589661601623453
3   3.1590787652097854
3   3.0013295237278985
3   3.0001545845328508
3   3.0055738105284027
3   3.0004062483975407
3   3.0024148839084295
3   3.0001963775401128
3   3.7938447740556338
3   3.0006826399802011
3   3.0267642403217487
3   3.1676940255772918
3   3.0040077791702475
3   3.0552981071405494
3   3.0106936276399558
3   3.0017606576482816
3   3.7643897760930027
3   3.0003147058559558
3   3.2667805770555973
3   3.0001089554940927
3   3.0035529000582049
3   3.0000553252678399
3   3.0019377439000792
3   3.0039063909755792
3   3.2992714414351751
3   3.0024697730800352
3   3.2052721829279309
3   3.5556002038357617
3   3.0060574757828133
3   3.006469203797876
3   3.0791822481721858
3   3.0097769899385911
3   3.9270828644652731
3   3.0000838795169673
3   3.0001562311787255
3   3.0002232798300152
3   3.0013184121981809
3   3.0000887678682981
3   3.0000136640580743
3   3.7282187477415452
3   3.0000415931728162
3   3.3205060462961433
3   3.0000133661928041
3   3.0021235276737426
3   3.0001410668481672
3   3.0001773325529619
3   3.0000064502290731
3   3.0000260548757369
3   3.0342584310716139
3   3.0000142654945479
3   3.9249839031340628
3   3.0000748245231761
3   3.0603623501137238
3   3.0000338195140177
3   3.0000428206006742
3   3.0002250211062025
3   3.0000293364934674
3   3.0000194950632166
3   3.0000177241561272
3   3.1110870173315504
3   3.0000844694350084
3   3.9110667252781282

4   4
4   4
4   4
4   4
4   4
4   4
4   3.9999999999999991
4   4
4   4

