0   -33.2345   0.0291772   0.112841   9.23623e-07   0.248267   0.109714   0.109714   0.248267   9.23623e-07   0.112841   0.0291772   
1   -43.2585   0.0156663   0.0376704   0.0891409   0.155227   0.202295   0.202295   0.155227   0.0891409   0.0376704   0.0156663   
2   -44.0354   0.0144949   0.037242   0.0916117   0.154814   0.201838   0.201838   0.154814   0.0916117   0.037242   0.0144949   
3   -44.1707   0.0201664   0.0447755   0.101317   0.147685   0.186057   0.186057   0.147685   0.101317   0.0447755   0.0201664   
4   -44.1148   0.0209588   0.0488993   0.103967   0.147635   0.178539   0.178539   0.147635   0.103967   0.0488993   0.0209588   
5   -44.1148   0.0209588   0.0488993   0.103967   0.147635   0.178539   0.178539   0.147635   0.103967   0.0488993   0.0209588   
6   -44.1707   0.0201664   0.0447755   0.101317   0.147685   0.186057   0.186057   0.147685   0.101317   0.0447755   0.0201664   
7   -44.0354   0.0144949   0.037242   0.0916117   0.154814   0.201838   0.201838   0.154814   0.0916117   0.037242   0.0144949   
8   -43.2585   0.0156663   0.0376704   0.0891409   0.155227   0.202295   0.202295   0.155227   0.0891409   0.0376704   0.0156663   
9   -33.2345   0.0291772   0.112841   9.23623e-07   0.248267   0.109714   0.109714   0.248267   9.23623e-07   0.112841   0.0291772   
