-4   3.9999999999999991
-4   4.0000000000000009
-4   4
-4   4
-4   4.0000000000000009
-4   4.0000000000000009
-4   3.9999999999999991
-4   4
-4   4.0000000000000009

-3   3.000026927097327
-3   3.0000420756134121
-3   3.0003817003263777
-3   3.0011258593179639
-3   3.000127057052048
-3   3.0245397678726924
-3   3.008041952577774
-3   3.8575202597167664
-3   3.0004645317811343
-3   3.1503117070015896
-3   3.864659142215916
-3   3.1534376804731976
-3   3.0011935610150857
-3   3.0001428546892717
-3   3.0051635183510115
-3   3.0003700002419151
-3   3.0021925197942969
-3   3.0001749919885752
-3   3.7981664689065919
-3   3.0006305235980708
-3   3.0243023042869983
-3   3.1700389552608388
-3   3.0036728908242232
-3   3.0504441880343469
-3   3.0095757387494251
-3   3.0016777759476385
-3   3.7654835072637525
-3   3.000288012102851
-3   3.2671620360422491
-3   3.0000994257552978
-3   3.0032259570077771
-3   3.0000504292889452
-3   3.0017742334068811
-3   3.0033730877820131
-3   3.3012349700446126
-3   3.0024149107393732
-3   3.1794381130347769
-3   3.5786056269479101
-3   3.0055359385294653
-3   3.0059346585773414
-3   3.0733135976303347
-3   3.0090245292668523
-3   3.9327303587604048
-3   3.0000762255923652
-3   3.0001435638645821
-3   3.0002029326694273
-3   3.0012028493693466
-3   3.0000824609263175
-3   3.0000123197641293
-3   3.7512407544572861
-3   3.0000379875559697
-3   3.2951619101465028
-3   3.0000120759993791
-3   3.0019458893278301
-3   3.0001280900750409
-3   3.0001613827531139
-3   3.0000057594573191
-3   3.0000238106195001
-3   3.0316851394976023
-3   3.0000126579478525
-3   3.9299266159010253
-3   3.0000685239827329
-3   3.0567977061491343
-3   3.0000306864249584
-3   3.0000389058416621
-3   3.000202272559946
-3   3.0000272326877702
-3   3.0000365495413757
-3   3.0000170816841796
-3   3.1052471636698997
-3   3.0000755353263249
-3   3.9158539472806506

-2   2.0003248289125346
-2   2.0005374226482284
-2   2.001213325916309
-2   2.1527430168793873
-2   2.0105454389212132
-2   2.8817146959697886
-2   2.0035680846587649
-2   2.1202991156200115
-2   2.0044104590469498
-2   2.8984317092914997
-2   2.0015275176484963
-2   2.8764081574175373
-2   2.003803264520529
-2   2.1376167894180336
-2   2.0242738956232831
-2   2.0121229560238008
-2   2.0195899649566043
-2   2.0231171036638464
-2   2.0164322844607923
-2   2.8627503954367333
-2   2.1548076230171218
-2   2.0041502488907272
-2   2.0989528594391502
-2   2.9577266731173757
-2   2.7081555216165896
-2   2.6977259604095107
-2   2.0351019549388796
-2   2.32747897007981
-2   2.2488001652647847
-2   2.5412258022647021
-2   2.5947898288778029
-2   2.1238265032048322
-2   3.0439194880086409
-2   2.5880480733373257
-2   2.2897966514352648
-2   2.1456349068607765
-2   2.8665062182217684
-2   2.5143498892517728
-2   2.3296801864638974
-2   3.191451243049936
-2   2.3688686646775214
-2   2.5347138827992639
-2   3.0481656999515265
-2   2.3473280721099736
-2   2.4225690548634993
-2   2.3269477540563099
-2   2.2135709944431579
-2   2.5753847827334759
-2   2.2453634866912071
-2   2.1594881456980337
-2   2.4374719068877706
-2   2.4442288259573837
-2   2.0131240949120635
-2   2.0022668662924734
-2   2.0091486073012983
-2   2.0086256859843705
-2   2.0518339191460653
-2   2.1219327269948578
-2   2.9070687819258731
-2   2.5530214746344746
-2   2.3869962567376848
-2   2.9499402191308546
-2   2.1110764817698331
-2   2.0817935119421644
-2   2.1508080440473991
-2   2.0246835182497449
-2   2.2995461020128976
-2   2.5288680308362341
-2   2.0593300359065227
-2   2.9943189684828058
-2   2.3731794172236214
-2   2.08292483670605
-2   3.1959084253477918
-2   2.6258569696625762
-2   2.9046059114409077
-2   2.1521113140927781
-2   2.6898738481692086
-2   2.0526936208669246
-2   2.0937784052601791
-2   2.0893396406616191
-2   2.08130581995208
-2   2.6787066141331932
-2   2.3282134227936049
-2   2.2799855881584588
-2   2.2538879392686564
-2   2.2049928099188989
-2   2.0548407561701127
-2   2.7558320149954616
-2   2.3935002068656108
-2   2.0212504893516239
-2   2.4860896584057715
-2   2.0714020965681335
-2   2.6683766712658952
-2   2.6823888691586006
-2   2.7090074866908496
-2   2.7049741483861944
-2   2.9835830254939122
-2   2.3799288180635099
-2   2.6519849231683734
-2   2.7000489699772965
-2   2.0749147350688877
-2   2.0031782293124647
-2   2.0335018176293715
-2   2.0356948049726666
-2   2.0773543407421631
-2   2.2675455468457626
-2   2.138953303510664
-2   2.2902999695351798
-2   2.5053611704508394
-2   2.807081567549679
-2   2.0357721473842778
-2   2.0062924918304148
-2   2.980906268941665
-2   2.0161489311469265
-2   2.0086494640267656
-2   2.0049232324895012
-2   2.015781549783803
-2   2.0322066337028466
-2   2.0768861419617415
-2   2.1866433384507427
-2   2.5082321189074115
-2   2.3411168995177847
-2   2.1532683879339269
-2   2.3778869156901266
-2   2.1319640721707338
-2   2.7713620635492386
-2   2.6115052302222286
-2   3.2497459080222906
-2   2.8617477396988891
-2   2.2901946402377957
-2   3.2268779531421337
-2   2.6879960982133473
-2   2.2917691307031642
-2   2.3306028809840313
-2   2.7011590679511381
-2   2.2980619678834895
-2   2.4116988347407609
-2   2.3381904088258798
-2   2.7149687204143031
-2   2.6386485110478142
-2   3.7184394949666677
-2   2.0186469285439412
-2   2.002925364747925
-2   2.0402734532193088
-2   2.0032485958368409
-2   2.4601239612552139
-2   2.4940596739059964
-2   2.0577235128120885
-2   2.2100617723924638
-2   2.1386202540370327
-2   2.7711988835573087
-2   2.0252137910983197
-2   2.001025925087649
-2   2.9189704198206035
-2   2.6480017787462184
-2   2.4292928844939299
-2   2.0999883917318356
-2   2.0046858001132164
-2   2.991753191794412
-2   2.0091468278448881
-2   2.0011494894855382
-2   2.0056872467994431
-2   2.0091281886776087
-2   2.0123575617002856
-2   2.0456068797706175
-2   2.8824626303059184
-2   2.0085666160483155
-2   2.0182611037652132
-2   2.1542849384127902
-2   3.7783306824546576
-2   2.1844590671085915
-2   2.2146273094283813
-2   2.709610530535254
-2   2.8227433349772837
-2   2.9283567586134795
-2   2.3686038941498686
-2   2.0890746440765118
-2   2.0303393945077644
-2   2.0780378195252038
-2   2.0686078097408949
-2   2.9536870793018384
-2   2.0004563192851204
-2   2.0059751409563322
-2   2.0010812819023487
-2   2.0047141899139516
-2   2.0020452956583599
-2   2.0023818422408564
-2   2.0054073403796928
-2   2.2009104642123583
-2   2.1686490418451663
-2   2.6448920641411515
-2   2.66209596212755
-2   2.2146897248306212
-2   2.2136762145431423
-2   2.0456439544362741
-2   2.0382414149732191
-2   2.0016150744238463
-2   2.0143225373775269
-2   2.581766305348383
-2   2.7555887759455548
-2   2.395296688378004
-2   2.1793827332380102
-2   2.1135565212988507
-2   2.1337456141491953
-2   2.0030912017332465
-2   2.0506595974432416
-2   2.2367450276148344
-2   2.2305021251570798
-2   2.1435604645961543
-2   2.6955726936445457
-2   2.8163045639055539
-2   2.0015650097802511
-2   2.0456427576448699
-2   2.0176805644628031
-2   3.3487894424077935
-2   2.8694946439801989
-2   3.0749717390092193
-2   2.768564212800936
-2   2.1195935361996812
-2   2.0450981579846359
-2   2.0023367981664313
-2   2.0032613232323939
-2   2.0008336886216149
-2   2.0036260354060746
-2   2.0256044199291057
-2   2.0021189743648997
-2   2.9757155951681398
-2   2.0166883263365873
-2   2.0033720256202399
-2   2.9843624720428577
-2   2.0025476514578844
-2   2.005243955609127
-2   2.0268156722680115
-2   2.010878462820787
-2   2.0239785800663084
-2   2.0104345968445747
-2   2.840162774121235
-2   2.0808654741619019
-2   2.1793638440116374
-2   2.0568005118076926
-2   2.0570152684590521
-2   2.3983678564264532
-2   2.5489801855590786
-2   2.1567002728033979
-2   2.1675497377375978
-2   2.2151633664860642
-2   2.7708501783973496
-2   2.9693700840801225
-2   2.1814174979617236
-2   2.9571520255891821
-2   2.8638727880085839
-2   3.8706698338184662

-1   1.0327162466779445
-1   1.0884163214353519
-1   1.1338309712458532
-1   1.6142388698366297
-1   1.0602208148025143
-1   1.4783390493781501
-1   1.3706881177065053
-1   1.1306360468310366
-1   1.3623468280246394
-1   1.7312567226652238
-1   1.9128593948892587
-1   1.2303168585739286
-1   1.8710093215259254
-1   1.8020872612206862
-1   2.8289902037917241
-1   1.0368478994264587
-1   1.9270663861157669
-1   1.2943140304748924
-1   1.1140926556376862
-1   2.0669243040685785
-1   1.8469972506637871
-1   2.7710107473839019
-1   1.3106380009719609
-1   1.1319602386653063
-1   1.8911314968717976
-1   1.0240461015840305
-1   1.4203352008563135
-1   2.5424225224826444
-1   1.7095063459124109
-1   2.092491776500562
-1   1.0597579528749121
-1   1.3600806235468634
-1   1.4052437876081743
-1   1.6629643160978924
-1   1.1668104322648367
-1   1.795640277001501
-1   1.4059705941524725
-1   1.4724499393957593
-1   1.3802758440139071
-1   1.6409054905864258
-1   1.7828739207058226
-1   1.2448029736451542
-1   1.6261898428727748
-1   1.3530141702014775
-1   1.3894018500919803
-1   2.7307181125352389
-1   1.1285005850113004
-1   1.2626577117596289
-1   1.7314902498996396
-1   1.3952047983561668
-1   1.1091241245813384
-1   1.8529329482835211
-1   1.7906594921474106
-1   1.9213310155421062
-1   1.9024022125572553
-1   1.3101390419381242
-1   2.0114851836007515
-1   2.1280850485437206
-1   2.085732462004775
-1   2.3007975695896055
-1   2.6076928193066835
-1   1.8231069465415919
-1   1.5393238186722833
-1   1.9070818492282742
-1   2.9001382349249951
-1   2.3229818746942157
-1   1.837400434173901
-1   1.7652620001082582
-1   1.5914487742206296
-1   1.9270062579115423
-1   2.286869677949547
-1   1.8178950687737436
-1   2.1961283688676376
-1   2.5728381062681036
-1   2.0771016131559827
-1   1.591500827751362
-1   1.7204854134564611
-1   1.6100734511242458
-1   1.8684121829172096
-1   1.6605501670103386
-1   1.7477759357487441
-1   2.6848571911733279
-1   2.0327017660346596
-1   2.2292769167844986
-1   2.1045393193218445
-1   1.854597744015535
-1   1.4095389128307612
-1   2.7792169703311069
-1   1.8405684553618946
-1   2.1901498363127692
-1   1.6046599535922974
-1   1.4002419600427969
-1   1.5848607786015667
-1   1.7923495831246039
-1   1.2790752432538959
-1   2.3153914440101109
-1   1.8941284958685549
-1   1.5508411664582105
-1   1.0806899899317495
-1   1.969768653179635
-1   1.2714616005311576
-1   1.7091185378466611
-1   2.8072033902660491
-1   1.7400134480247957
-1   1.9893362118754903
-1   1.1653232715135462
-1   1.3414437066783225
-1   1.1686200998518694
-1   1.9265543227539812
-1   1.2122004664666366
-1   1.7816007540554142
-1   1.7954121913420003
-1   1.9068315161285425
-1   1.1856171856942457
-1   1.1069579255840138
-1   1.0816781177596009
-1   1.9091538538942623
-1   2.1312078313649265
-1   1.9231602142177007
-1   2.237052749389024
-1   2.1665338199421469
-1   1.6747471259771731
-1   1.5662529899877939
-1   2.4064724223695158
-1   1.5303098067535239
-1   2.5495136808732579
-1   1.4336102466322587
-1   1.2622648297156542
-1   1.7990874347034094
-1   1.8672100779794119
-1   1.7795949133935629
-1   1.6692955509175817
-1   1.7638974964287697
-1   1.5505978022290203
-1   1.4758977890944862
-1   1.7220790555668719
-1   1.3613097258017717
-1   1.4673650672962328
-1   1.8240357608347684
-1   2.073786233175126
-1   1.697351025856868
-1   1.6006834551751949
-1   1.8026060734103644
-1   2.0100331101755802
-1   1.8762484606441232
-1   2.5068045237182015
-1   2.1531376350365559
-1   2.804908902466293
-1   1.5364013258075002
-1   1.4477602482614045
-1   2.6315141816027721
-1   2.4318521498319661
-1   1.6824958311565879
-1   1.7091503894626587
-1   1.6632742042786033
-1   1.9821081658933313
-1   1.500729416070206
-1   1.5352140506217835
-1   1.667130378517967
-1   1.6530972055339066
-1   2.2911667623587477
-1   1.6309995311530798
-1   1.4409136765720021
-1   1.4447903292197846
-1   2.4508129917704857
-1   1.6982677397192769
-1   2.1468308417382302
-1   1.2197333848657104
-1   1.5236030881852445
-1   1.7192955666227538
-1   1.4273124626757627
-1   1.36393463932361
-1   1.6198133323377952
-1   1.3040876329052276
-1   2.3568619081087525
-1   1.5743012478340752
-1   2.2609304955434282
-1   2.117289426363798
-1   1.8099943028419712
-1   2.2064368002480399
-1   1.8631391632679044
-1   1.9487868499191974
-1   1.1597668731649795
-1   1.741255005978668
-1   1.7388299523919453
-1   1.0747316707663945
-1   2.2023370210687787
-1   2.2159732870102729
-1   1.0727796827621527
-1   3.0867770914273134
-1   1.7957962604537583
-1   1.5246578409059062
-1   2.6822707946901136
-1   1.2294614077613617
-1   2.5589405063080171
-1   1.6170633838113333
-1   2.351273917775579
-1   2.7296238313183112
-1   1.9101022772847434
-1   1.1722076913957378
-1   1.4452909191294991
-1   1.6233584656050426
-1   1.0683213025169578
-1   1.9108861560941834
-1   1.07579409058321
-1   1.6256393719358546
-1   1.2760422285101707
-1   1.2565516514692316
-1   1.6291274731661245
-1   1.2217924444201518
-1   1.9709882251390529
-1   1.7266254230302271
-1   2.0246833042613193
-1   1.8682526146561691
-1   1.3337257989472238
-1   1.5121192774240928
-1   1.7617461619393993
-1   1.4051659634294096
-1   2.2416605861075585
-1   1.5490547416501528
-1   2.1786838348199451
-1   1.8640721705390773
-1   2.0023537343240929
-1   1.9905458252302402
-1   1.2636295455943258
-1   1.3270656625734039
-1   1.2367108042382431
-1   1.8474992945405564
-1   2.0376356576107288
-1   2.0664800279921804
-1   1.8628224144053926
-1   1.2520502287772213
-1   1.1960600527091267
-1   1.6973340822311016
-1   1.7044767532158387
-1   1.4472629913497386
-1   1.6973741314528294
-1   1.5893102963571217
-1   1.5737729955752027
-1   1.3657424297677783
-1   1.869919312616918
-1   1.8813161918701313
-1   2.1435915245985435
-1   2.077899799361389
-1   1.7659534256971376
-1   1.8417072772642897
-1   2.417795521938046
-1   1.9546290404295337
-1   2.1949485401098783
-1   1.6267531648473197
-1   2.3414516212940897
-1   2.4189334698819658
-1   2.4269254378908829
-1   2.6562021459333507
-1   1.8998049758130988
-1   1.609594299605368
-1   3.2273324638374512
-1   2.1757588899665037
-1   1.7307954895288762
-1   2.4369173758151259
-1   1.6958769370999134
-1   1.5213125250679065
-1   2.1853084117852806
-1   2.3333649191544072
-1   1.5722495360413666
-1   1.5553533264931607
-1   1.7570711063651676
-1   2.3303363050164418
-1   2.5014020566672723
-1   2.0599476705376203
-1   2.3866101894160288
-1   1.5871554276971609
-1   3.7813681353471749
-1   1.1006982442449345
-1   1.9292569375062092
-1   1.1254623048287118
-1   1.2263967675185929
-1   1.0730736751640884
-1   1.7721827771683034
-1   1.1367339615126715
-1   1.3283087729525904
-1   1.7220324530817228
-1   1.9201912873470359
-1   1.2380128424561196
-1   1.3652102000145065
-1   2.0272325452075064
-1   1.5520889896861516
-1   2.5724031189517489
-1   1.5326608984237295
-1   1.7186564660888441
-1   1.9378907554773761
-1   1.7604890176911536
-1   2.9085587046036476
-1   1.2830047958165642
-1   1.9802030503528552
-1   1.0150651482064563
-1   1.0305442990154061
-1   1.6756099227283685
-1   1.007614581430146
-1   1.4395292544847562
-1   1.0531389659729868
-1   1.7652970081928832
-1   1.7826096064277492
-1   2.2413535934075846
-1   2.4018460825069168
-1   1.8842700372905226
-1   2.1225322832660547
-1   1.6071575740197401
-1   1.9687334605271101
-1   1.9695998485013697
-1   1.1800271653261807
-1   1.4615582776317468
-1   2.2755699845304056
-1   1.8307680280869061
-1   1.9274631673339595
-1   1.2000369915717077
-1   1.3610573816641296
-1   1.7920102154536672
-1   1.885059993491812
-1   1.8311227073158056
-1   2.0341011689264974
-1   1.8958208018282443
-1   1.1452345876908872
-1   2.4639371934858647
-1   1.1669798586516185
-1   1.8255516968719849
-1   2.0634138145639644
-1   1.8208832252641538
-1   1.1656741627309897
-1   1.2290649911022766
-1   1.4542367240167831
-1   1.4584060064567403
-1   3.545702875838197
-1   1.2370286656117992
-1   1.6205151337026233
-1   1.492831995012138
-1   1.4389711638403384
-1   2.2761889279253364
-1   1.3136252590142663
-1   1.6178877574576984
-1   1.9665630991163949
-1   2.6938551739037191
-1   2.1521200401306668
-1   1.6079051645335696
-1   1.3209368623081179
-1   2.0478915527378327
-1   1.9745721595647856
-1   1.8755683232713376
-1   1.9924938588246226
-1   1.3416920042139431
-1   1.6436290259963529
-1   1.058001868351699
-1   1.1113146669890535
-1   1.5721856785614965
-1   1.819156642262342
-1   2.8540908433602366
-1   1.726581928688304
-1   1.0219281448527981
-1   1.343391995352291
-1   1.7764539930050143
-1   1.8397558386479109
-1   1.7602194810160796
-1   1.3675449841909157
-1   1.0116727587300767
-1   1.6024639090774913
-1   1.9201886840437492
-1   1.9780765474831123
-1   1.0069997243120374
-1   1.0051065088814839
-1   1.042807515487761
-1   1.4319185739718083
-1   1.0343313735969253
-1   1.6602330302038175
-1   2.2250890016408964
-1   2.1535374235216063
-1   1.4401904211262178
-1   1.3955375408491426
-1   1.2502901952035856
-1   1.3218175216036441
-1   2.5383405845223392
-1   2.6281104215885107
-1   1.0645457429808309
-1   1.1577600059021891
-1   1.7304554522661491
-1   1.7861726985980702
-1   1.9134904643972042
-1   1.2871272961258962
-1   1.1896490863171152
-1   1.2374418183358209
-1   1.8282481982551242
-1   1.8747938359666407
-1   1.8571370568539169
-1   1.0708690264643725
-1   1.0319708039931574
-1   1.0848734293383619
-1   1.0623443268992427
-1   1.0355718128354485
-1   1.5535992841761526
-1   1.9599312642337807
-1   2.2121923864693369
-1   2.2074658669008804
-1   1.5033923540693133
-1   2.272890230256289
-1   1.8507852687962032
-1   1.4531605232943474
-1   1.9321190465266467
-1   1.1717900554248761
-1   1.5725836136625642
-1   1.3897180993450982
-1   1.0105408712013073
-1   1.0161691639593267
-1   1.0194944037468796
-1   1.9886112130813314
-1   1.0390808128646394
-1   1.8272066089124426
-1   1.0724347372761966
-1   1.9798226415832869
-1   1.034680840621484
-1   1.158066710512154
-1   1.3978593209615455
-1   2.427914195205088
-1   2.2564637608295284
-1   2.426475328976951
-1   2.6506130916850914
-1   1.6952996691215696
-1   1.6510325177927911
-1   2.069289319490681
-1   2.0269091785961071
-1   1.4840821250498171
-1   1.5322694098920198
-1   1.320783739048899
-1   1.9823368049336096
-1   1.2511528885519694
-1   2.0161451853095707
-1   2.9035800856540708
-1   2.4054547204633905
-1   1.2446214880486473
-1   2.8173674619253664
-1   1.8356677419606102
-1   1.8761765254991256
-1   1.7209760231712457
-1   1.4015622623928257
-1   1.1061084392579195
-1   1.9659957167473778
-1   1.0213860258050274
-1   1.0289915672087797
-1   1.2259620553671164
-1   1.1986922240082951
-1   1.8045261008740989
-1   1.756818503441921
-1   1.1359079832316148
-1   1.1220158246630298
-1   1.1406234378940727
-1   1.9659030493148086
-1   1.5814813085603125
-1   1.608747366841786
-1   1.8214134341716375
-1   1.9734711157650571
-1   1.3405093082694344
-1   2.4784773316142434
-1   1.9507183890847011
-1   1.8614639343408186
-1   2.9121098090142796
-1   1.0164205063605418
-1   1.034543483163378
-1   1.0138666433150849
-1   1.8894814299782317
-1   1.0423740711676597
-1   1.1621400497868937
-1   1.1704233333407486
-1   1.103962376624853
-1   1.8052498973630895
-1   1.1922282583311914
-1   1.2273505173677788
-1   1.1182344813374916
-1   1.8374924965758939
-1   1.2315666874775606
-1   1.7844321295476182
-1   1.934186782493077
-1   1.9208761258498694
-1   1.2208476687910634
-1   1.157360431777855
-1   2.6720970201319405
-1   1.7318123584224794
-1   1.9193785479639103
-1   1.2141340528566371
-1   1.7754406806299063
-1   1.7192464923331836
-1   1.3996208165120461
-1   1.9923911392412981
-1   2.3113081292581237
-1   2.116379417732869
-1   1.3312857610178033
-1   2.0529663938744385
-1   1.99313592464117
-1   1.4270190770140312
-1   2.5030096080198221
-1   2.4614938532902833
-1   2.022795916232218
-1   2.8732113263268633
-1   2.0501658018368865
-1   2.9445681240332591
-1   2.8326964326653781
-1   3.8533052789827007

0   0.039612593021095654
0   1.0028077782942737
0   0.76268420694740535
0   1.0496529889091299
0   1.0031527946114567
0   1.1088948783016239
0   1.0172884727721585
0   0.18856899988262188
0   1.5590054742349673
0   1.0510621660481465
0   1.0036835011616785
0   1.9964866767005947
0   0.62957026024893992
0   1.0296222940211066
0   1.0045121800852701
0   1.2907221184664488
0   1.6601217191322037
0   1.9554207758580273
0   1.7682548594695757
0   2.7903326269590458
0   1.0020913293257256
0   1.6066899361856168
0   1.0038051511313988
0   1.0884607364959431
0   1.1317881059218595
0   1.8713636898683568
0   1.8730042513549661
0   2.7745537578329778
0   0.62090623498270014
0   1.1027498340460309
0   1.2324675529966584
0   1.787259789168703
0   0.34210234955548169
0   1.1146888140183815
0   1.0027292808435297
0   0.72294804570366678
0   2.6631319604390025
0   0.079902172779747316
0   1.8662029339595878
0   1.6183446703387885
0   1.4382268349873746
0   1.0026956193777397
0   0.80807190658259742
0   1.9435610816230615
0   1.1125194231437396
0   1.002804375379633
0   1.9923744450836258
0   1.1304232840436934
0   0.29659479240352626
0   1.6697905540075486
0   1.3694675851723876
0   1.0126251444023058
0   1.894847089951583
0   1.935311849156192
0   1.0435223126844564
0   1.0403657763958434
0   1.4997462538159478
0   0.36075074808081209
0   1.0199543936593407
0   1.0797609088028239
0   2.3834611774798415
0   1.1400968806622029
0   1.4452198377946432
0   1.0363555205420774
0   1.0320528357966414
0   1.5042099074783177
0   1.1645530868070644
0   1.8104447555517247
0   2.2366795025797868
0   1.1931144267878322
0   1.3788550246481333
0   1.0397893296845646
0   0.93986519418320236
0   1.8344019216953096
0   1.6260403694427468
0   2.6912317961388843
0   1.7676453615567991
0   1.0972051657420752
0   1.0630579739564006
0   2.1892155771816229
0   2.3346199191058261
0   1.6870761046123746
0   1.6189951367596076
0   3.2823453853727256
0   1.8452225933474464
0   1.9477039594137948
0   1.2760221541584202
0   1.9929153445391155
0   1.5252919158761822
0   2.3407731561772525
0   1.5341694595764959
0   1.4101557074147333
0   2.0721512035475902
0   1.8230048462272568
0   1.7247278594622242
0   1.6829656932226209
0   2.0714825707537168
0   0.71469889648228957
0   2.1739959476269437
0   1.265297876064686
0   1.9716015825663176
0   1.2344812815933504
0   1.7854210539317346
0   2.2696315498236155
0   1.3675892881461562
0   1.7666811597752865
0   1.5434870975322217
0   1.6457586993415894
0   2.3446623503223032
0   1.6299423182992965
0   1.7682708018094582
0   1.6639153892147833
0   1.4781983464973301
0   1.9165086829397802
0   1.9874268810041316
0   1.2116815301386881
0   1.5182599465852191
0   1.6372717482600239
0   1.0997730305336646
0   1.1778217539413292
0   1.7250347846718563
0   2.5746819654299085
0   1.3770618798495762
0   1.7251530884816955
0   0.64709537442969123
0   1.2156289087723597
0   2.6590234183344101
0   1.4387559338234794
0   1.1216999406388954
0   1.5282930931563175
0   1.28954046885235
0   1.0141493305341243
0   1.2631213191242108
0   1.4147969912188911
0   0.50012310181716724
0   1.0362110493118459
0   1.0510332489683116
0   1.5897314482276852
0   1.0067061820590586
0   1.9697448472434789
0   1.3450085415947177
0   1.9517535291913299
0   1.024461155696673
0   1.1423491768761664
0   1.6219254211343208
0   0.23298675904207111
0   1.0076823097835699
0   1.8736543482441448
0   1.8734389601278316
0   2.5105668930072182
0   1.6378078056043495
0   1.9243220836218362
0   0.90648960917135324
0   2.0910123457705185
0   1.5085978989061104
0   1.8476059181893052
0   1.8777452419710801
0   0.73155167368366536
0   2.284906944177624
0   0.62499838481923509
0   1.5586715626686178
0   1.2516680409007874
0   1.1054289926589005
0   1.1291627621570359
0   1.8228957097129106
0   1.963841642880122
0   1.9005401277292706
0   1.1774373425319267
0   1.2236257105982291
0   1.1329118037977339
0   1.4517129636695507
0   1.5783507110482686
0   1.7533982039748826
0   2.1935870794039163
0   1.7137716039448114
0   1.6266369509223328
0   1.1797976734785665
0   1.8967808750707613
0   2.1543010568318097
0   1.3725516093946404
0   1.285360523564012
0   1.0239487600714257
0   2.4029207293078119
0   2.4546455928879021
0   1.2046183493049432
0   1.7870160819589205
0   1.9346742953056921
0   2.7004959800564641
0   2.0965362965245578
0   1.0254601359991324
0   1.4855462756807074
0   1.5842867397823945
0   1.0974222157089208
0   1.5911992683707084
0   1.7528581914613013
0   1.1741767896704625
0   1.6656814883679796
0   1.8803212233746684
0   2.0102760113552911
0   1.4429135282581564
0   1.6556466834720842
0   1.1814758808653034
0   1.5362466354637485
0   1.2450881711345942
0   1.4030899809447905
0   1.6289272033959836
0   0.49426500753478375
0   2.303681024818109
0   2.0260095030887153
0   1.1149626856833881
0   1.2452603773510633
0   1.495829687537622
0   1.423061693230695
0   1.559454674262132
0   1.068748899549389
0   2.0872500420402593
0   1.9598707088319958
0   0.8190745949186149
0   1.8964446730031903
0   1.2097390575905957
0   1.3698373739189782
0   1.5580330129072273
0   1.5854002314992663
0   1.3471092275915231
0   1.9330107619080934
0   1.6657261938883283
0   1.9155432722551247
0   2.1043392548350459
0   1.7353827943383999
0   1.0114223538348994
0   1.0368332889501017
0   1.0268379852168497
0   1.0774963260489734
0   1.985138714118849
0   2.0099193910281512
0   1.960624379196096
0   1.5602900538605939
0   0.28844833270236891
0   2.3571273426692079
0   2.4372900452214852
0   1.5559429121437707
0   1.5562448129684072
0   2.2282117614765764
0   2.3308269919134488
0   1.0550153404797071
0   2.4084679965490077
0   2.3634706209974379
0   1.0542939791285006
0   0.88339718086952046
0   1.9520495595573846
0   1.0153213815573836
0   0.092888508928251401
0   1.015045577121682
0   0.63978654414978453
0   1.4624448571789974
0   1.9436325931970977
0   1.0217887192642245
0   1.0080062275566055
0   1.9684068260634908
0   1.0871967267482769
0   1.9074940828681397
0   1.3372991229850966
0   1.3172805068713123
0   1.2168359075066522
0   1.0270622936051459
0   1.3050244335427397
0   1.2956393629052296
0   1.2885984103870651
0   0.78050173956412827
0   1.2824786031666831
0   1.0118901144904895
0   1.4605620367820482
0   1.054453545565011
0   1.6174861956445765
0   0.87906476388100163
0   2.1911106016649118
0   2.6694646386928524
0   1.0754789392893476
0   1.9640773616009497
0   1.9465405132352567
0   1.4266257697105373
0   0.6083499167360773
0   1.0146854465098103
0   1.7627532850213878
0   1.2101447802749254
0   1.9778424382820634
0   2.5175415493256903
0   1.4603304735658673
0   1.8738673297385415
0   1.0136173351503763
0   1.0210634212907401
0   0.97535263052146681
0   1.4856735515797916
0   1.7324220787138347
0   1.9548931769509612
0   1.4381060985118463
0   1.6678896710297941
0   1.0521445361181163
0   1.142150409887845
0   1.5807964908774186
0   1.8039621807813995
0   1.0910349519338645
0   1.8484910016534748
0   1.7277858208342902
0   1.3940504304453134
0   1.9221193820401448
0   1.6672883736839204
0   1.8788625957645939
0   1.8637997780859603
0   2.6307513275905889
0   1.1275951626041059
0   2.2776924936536331
0   2.2617388631007183
0   1.9513453635994411
0   2.8498867966614205
0   1.2090179526498956
0   3.2558192066888409
0   1.9804829743245538
0   1.9262753447316197
0   2.7836999989191842
0   1.6377173279026427
0   1.8558473338741468
0   1.3718538577127417
0   1.5081750356027173
0   0.55715318050327878
0   1.0764232496964561
0   2.3464620755347902
0   1.9583663440019348
0   1.9658932773178184
0   2.0851902053623297
0   1.2988317894116654
0   2.5320561864202826
0   1.9736092202649291
0   2.4276571983084474
0   1.9393589321422895
0   1.0847576864745987
0   0.47514312212869614
0   3.8293317977934063
0   1.0172656849875508
0   1.025877881845213
0   1.9272386174160219
0   0.36901289033390172
0   1.0462578389330375
0   1.0016214423187284
0   1.8493848105797692
0   1.0149359842495829
0   0.27484756134030774
0   1.3892133614764253
0   1.0479312475778721
0   1.4472119286361451
0   1.8098762901180883
0   0.52276256053511383
0   1.0833994395827287
0   1.0641173036236362
0   1.8859126860353235
0   2.0756577865700709
0   1.3593084645642561
0   2.2477653630006578
0   1.8029754363473476
0   1.0126480687530832
0   0.80367119228022221
0   1.4920248069925064
0   2.9499667600612356
0   1.6916819169589621
0   1.0047634503210856
0   1.5872960312511886
0   0.99252247005938088
0   1.0147153450752249
0   1.0200670789004025
0   0.88035385370093544
0   1.0048288879845151
0   1.6480114994129145
0   1.0048853073126902
0   1.0966807806800096
0   1.4268062432151443
0   1.4167893559812701
0   1.7450956799963477
0   1.7525920053401944
0   1.7723639844069217
0   1.6752979203210199
0   2.0630711634941421
0   2.5172896560971503
0   1.6129360954355105
0   0.999875347673292
0   1.0238346324858254
0   1.0026890983060432
0   1.0549626039649656
0   1.3288448669698414
0   2.8382591789989253
0   1.7102695675802937
0   1.3167251443694448
0   1.4804784083791762
0   1.7809113882800176
0   1.0056979030988431
0   1.0161955957254931
0   1.9819769433484811
0   1.9930638207202445
0   1.3997661358388551
0   1.7534073748412302
0   1.0025499710618913
0   2.8301491686361335
0   0.70664403459488367
0   0.29840776757656717
0   1.0316035585908794
0   1.7635219055558617
0   1.5456144990730092
0   1.0043353041495051
0   1.9899741095338319
0   1.071706025090631
0   1.763790991101188
0   0.81635640195728953
0   3.2344914830949851
0   1.5206972950016837
0   1.5440044527349577
0   1.1447937756063278
0   2.2040512054344461
0   1.364685792984937
0   1.0988316135957101
0   1.0370215630279185
0   1.3995516058961717
0   0.8423410325461711
0   2.5741158569505544
0   1.1510636226245894
0   1.0202904732437335
0   1.4900898221110117
0   1.3901427501359567
0   1.3553630462449895
0   1.6985729427046667
0   1.7828269560034116
0   2.4600809444550693
0   2.0964775442861452
0   2.1839897278312939
0   1.1969214484609867
0   1.2847201403798882
0   0.62293916710994623
0   0.63828900720026005
0   1.6401812977321311
0   1.993549211026354
0   1.3625240265184169
0   1.0065825217048974
0   1.0053908614752427
0   2.6332082443703118
0   1.7603184982813938
0   1.0116983050314021
0   1.0031222522026264
0   0.73831958895782668
0   0.40908845769158464
0   1.0048189934604985
0   1.9853071723773512
0   1.9743243948051434
0   1.9952750945384379
0   1.001113576123934
0   1.0040277397598971
0   1.978102402674156
0   1.9156394943756676
0   1.005136463446654
0   1.0007724933981483
0   0.058347917801309213
0   1.0452927258730271
0   0.031573591598183737
0   0.063728967621508481
0   0.56495035549423256
0   1.0411623489259321
0   1.0052721525929222
0   1.8154046297301525
0   0.34410469690575141
0   1.9391127416568232
0   2.9425035118928009
0   2.8680330893599519
0   1.8788739564277495
0   1.0315063546160983
0   1.0008264984353663
0   1.1363371024782227
0   1.9911250202620203
0   1.9509640758548579
0   1.0067531399250877
0   1.0582146635133571
0   1.0032596040999917
0   1.4014934699124766
0   1.096914167759822
0   1.0405268873664597
0   1.9295302206386484
0   0.531645631942953
0   1.002846913026838
0   1.0030926240200093
0   1.97986852130777
0   1.9300448707608444
0   1.0744030699515092
0   0.33240161394469125
0   1.0315997947053575
0   1.0060620680293224
0   0.26439166131508152
0   1.0094692824670581
0   0.090702123709655358
0   1.0115671566033015
0   0.91041143661786417
0   0.23366649180065757
0   1.4011011409300289
0   0.31607362367047964
0   2.5487928751938824
0   1.5964479676866059
0   1.7696721156632327
0   1.8272756828760479
0   2.1936463201279985
0   1.6282909630259224
0   0.40696039666104222
0   1.9824706356024446
0   1.9710876840762483
0   1.1545525835130888
0   1.0442923097246224
0   1.1125908919606016
0   0.064657553144151225
0   0.073487593234507487
0   1.0050672277832755
0   1.004154658637312
0   0.60550866676148174
0   1.0053218641932127
0   1.7907821381201403
0   1.0225204825265077
0   0.93824755002440341
0   1.0108743366196113
0   1.9639896177776284
0   1.2171185483120524
0   1.6340468462173314
0   1.0479229022555194
0   0.6010615679786846
0   1.0076549140778119
0   2.697999384353416
0   1.9293251758098595
0   2.7566542158475458
0   1.7979023727651229
0   0.84173206838559
0   1.0215282472738665
0   1.8688662075974274
0   1.8530508458945616
0   1.3618376016360292
0   1.3212235443655953
0   2.0012110146038364
0   0.52893077031344093
0   2.5819787678273274
0   1.7390314201317842
0   1.6008586322172387
0   1.2088788098537793
0   0.50606817891900868
0   1.2723282420548334
0   2.063929126135267
0   1.947095567476302
0   3.0638451992022953
0   1.5146285938131361
0   1.4195700567419112
0   1.9686190707309548
0   1.9950736687638591
0   1.0991875720404767
0   1.3299884746900428
0   1.0910608334708063
0   1.9275256707825288
0   0.061698906403750309
0   1.0052679317899984
0   1.0055099035291863
0   0.29316584034786342
0   0.50137417095970793
0   1.0065954867263056
0   1.004943146824161
0   1.1520150948532357
0   1.6759843265098429
0   1.8738858643942184
0   1.6460536786624034
0   1.0078583060356601
0   1.15995764261312
0   1.0267529267751578
0   1.9066556191314747
0   1.6045536088842556
0   1.1473591458068222
0   1.0064226457115772
0   1.1439709973854608
0   1.420137974880034
0   2.8525715064988306
0   1.9660427769978996
0   1.8220743870598213
0   0.064393817886849614
0   2.9087699164308205
0   0.11394574193663609
0   1.0011356526825594
0   1.0087689961338648
0   1.0021301099552544
0   0.15008056224224331
0   1.9847719104142496
0   1.0182633206685647
0   0.12166203392515884
0   1.0226856995866571
0   1.0207995567525341
0   0.39259460489359088
0   1.01303555818299
0   1.9832359943735933
0   1.0393859428259986
0   1.1605785917743665
0   1.0153127312003905
0   1.849776274088883
0   0.58649747596662372
0   1.0545180158616527
0   1.9229583481361887
0   1.7568963867432177
0   1.940057305722648
0   0.48934286796411086
0   1.1105312920274126
0   2.74617517374304
0   1.0227875731321188
0   0.90192006298724992
0   1.9927847808831536
0   1.0426401216606789
0   1.3717513828493659
0   1.8760823281247134
0   1.9897987955271739
0   1.0872021969443526
0   1.7886310207572578
0   2.1592192787641493
0   1.0769799543716758
0   2.2955710604251913
0   1.0770864171457657
0   1.9474722960741651
0   1.8545386745239125
0   1.3321271528662733
0   2.9292370190254351
0   2.0395639646981429
0   1.9844908655824867
0   2.8343636523137401
0   2.0318803041728808
0   2.9500673889908029
0   2.8389980543637661
0   3.8457612012560114

1   1.0327162466779274
1   1.0884163214353539
1   1.1338309712458823
1   1.6142388698366319
1   1.0602208148026573
1   1.4783390493783282
1   1.3706881177063572
1   1.1306360468309606
1   1.3623468280243738
1   1.7312567226653184
1   1.912859394889288
1   1.2303168585738751
1   1.8710093215259347
1   1.8020872612207031
1   2.8289902037917112
1   1.0368478994264714
1   1.9270663861158681
1   1.2943140304747491
1   1.1140926556376991
1   2.0669243040685616
1   1.8469972506637928
1   2.7710107473839094
1   1.310638000971954
1   1.1319602386652892
1   1.891131496871806
1   1.024046101584031
1   1.4203352008563632
1   2.5424225224826364
1   1.7095063459123176
1   2.0924917765003661
1   1.0597579528750316
1   1.3600806235471494
1   1.4052437876082295
1   1.6629643160977223
1   1.1668104322650392
1   1.7956402770015054
1   1.4059705941524396
1   1.472449939395724
1   1.3802758440139371
1   1.6409054905864471
1   1.7828739207058386
1   1.244802973644888
1   1.6261898428728907
1   1.3530141702014702
1   1.3894018500920733
1   2.7307181125352336
1   1.1285005850112877
1   1.2626577117593469
1   1.7314902498998359
1   1.3952047983562688
1   1.1091241245813321
1   1.8529329482834558
1   1.7906594921474226
1   1.9213310155421195
1   1.9024022125576456
1   1.3101390419382948
1   2.011485183600358
1   2.1280850485436491
1   2.0857324620046684
1   2.3007975695903915
1   2.607692819305973
1   1.8231069465416776
1   1.5393238186722842
1   1.907081849228176
1   2.9001382349241043
1   2.3229818746952811
1   1.8374004341739547
1   1.7652620001083799
1   1.5914487742208672
1   1.9270062579117915
1   2.2868696779493765
1   1.8178950687737281
1   2.1961283688673245
1   2.5728381062679677
1   2.0771016131559552
1   1.5915008277515024
1   1.7204854134567125
1   1.610073451124411
1   1.8684121829169711
1   1.6605501670105074
1   1.7477759357484102
1   2.6848571911731001
1   2.032701766034601
1   2.2292769167848725
1   2.1045393193221065
1   1.8545977440148387
1   1.409538912830576
1   2.7792169703315057
1   1.8405684553621953
1   2.1901498363127363
1   1.6046599535920762
1   1.4002419600426288
1   1.5848607786017657
1   1.7923495831245697
1   1.2790752432538492
1   2.3153914440102783
1   1.8941284958685771
1   1.550841166458091
1   1.0806899899317373
1   1.9697686531796204
1   1.2714616005311656
1   1.7091185378466496
1   2.8072033902660531
1   1.7400134480248042
1   1.9893362118754983
1   1.1653232715135391
1   1.3414437066783
1   1.1686200998518232
1   1.9265543227539847
1   1.2122004664679671
1   1.7816007540544492
1   1.7954121913420105
1   1.906831516128507
1   1.1856171856943067
1   1.106957925583977
1   1.0816781177595891
1   1.9091538538942636
1   2.131207831364943
1   1.9231602142176243
1   2.2370527493889978
1   2.1665338199421607
1   1.6747471259772246
1   1.5662529899877806
1   2.4064724223695388
1   1.5303098067535208
1   2.549513680873265
1   1.4336102466322578
1   1.2622648297156795
1   1.7990874347033929
1   1.8672100779794074
1   1.7795949133935647
1   1.6692955509175529
1   1.7638974964287955
1   1.550597802228951
1   1.475897789094458
1   1.7220790555668963
1   1.3613097258018967
1   1.4673650672962084
1   1.824035760834755
1   2.0737862331751362
1   1.6973510258568845
1   1.6006834551751998
1   1.8026060734103813
1   2.0100331101755411
1   1.8762484606438314
1   2.5068045237182011
1   2.153137635036849
1   2.8049089024662419
1   1.5364013258074971
1   1.4477602482613965
1   2.6315141816027849
1   2.4318521498319883
1   1.6824958311566127
1   1.7091503894626427
1   1.6632742042786144
1   1.9821081658932354
1   1.5007294160702069
1   1.5352140506218968
1   1.6671303785180429
1   1.6530972055339057
1   2.2911667623588707
1   1.6309995311528453
1   1.440913676572021
1   1.444790329219787
1   2.4508129917704147
1   1.6982677397193355
1   2.1468308417382258
1   1.2197333848656795
1   1.5236030881852534
1   1.7192955666227974
1   1.4273124626757436
1   1.3639346393235792
1   1.6198133323378223
1   1.3040876329051612
1   2.356861908108709
1   1.5743012478341187
1   2.2609304955434499
1   2.1172894263638322
1   1.8099943028419543
1   2.2064368002480723
1   1.8631391632679239
1   1.9487868499191734
1   1.1597668731649358
1   1.7412550059786653
1   1.7388299523919466
1   1.0747316707663976
1   2.2023370210688027
1   2.21597328701024
1   1.0727796827621443
1   3.0867770914272947
1   1.7957962604537716
1   1.5246578409059168
1   2.6822707946901594
1   1.2294614077614232
1   2.5589405063077111
1   1.6170633838129085
1   2.3512739177758601
1   2.7296238313172578
1   1.910102277284802
1   1.1722076913956616
1   1.4452909191294481
1   1.6233584656050897
1   1.0683213025169509
1   1.9108861560941794
1   1.0757940905832111
1   1.6256393719358941
1   1.2760422285101383
1   1.2565516514692614
1   1.6291274731660859
1   1.2217924444201491
1   1.9709882251390547
1   1.726625423030244
1   2.0246833042613295
1   1.8682526146561842
1   1.333725798947246
1   1.5121192774240657
1   1.7617461619393975
1   1.4051659634294815
1   2.2416605861075247
1   1.5490547416502034
1   2.1786838348198669
1   1.8640721705390706
1   2.0023537343240956
1   1.9905458252302366
1   1.2636295455943245
1   1.3270656625734423
1   1.2367108042382353
1   1.8474992945405577
1   2.0376356576107701
1   2.0664800279921343
1   1.8628224144053851
1   1.2520502287772297
1   1.1960600527091187
1   1.6973340822311211
1   1.7044767532158485
1   1.4472629913497315
1   1.6973741314528308
1   1.5893102963571488
1   1.5737729955751791
1   1.3657424297677752
1   1.8699193126169034
1   1.8813161918701682
1   2.1435915245985968
1   2.0778997993613406
1   1.765953425697127
1   1.8417072772642822
1   2.4177955219380269
1   1.9546290404294737
1   2.1949485401099369
1   1.6267531648473343
1   2.341451621294135
1   2.4189334698819263
1   2.4269254378908496
1   2.6562021459333569
1   1.8998049758134208
1   1.6095942996050603
1   3.227332463837445
1   2.1757588899664499
1   1.73079548952887
1   2.436917375815177
1   1.6958769370999134
1   1.5213125250679043
1   2.1853084117853907
1   2.3333649191542887
1   1.5722495360414341
1   1.5553533264931798
1   1.7570711063651441
1   2.3303363050164196
1   2.5014020566672852
1   2.0599476705376132
1   2.3866101894160368
1   1.5871554276971462
1   3.7813681353471749
1   1.1006982442449296
1   1.9292569375062065
1   1.1254623048287087
1   1.2263967675185941
1   1.0730736751640921
1   1.7721827771683141
1   1.1367339615126646
1   1.3283087729525802
1   1.7220324530816979
1   1.9201912873470621
1   1.2380128424561403
1   1.3652102000145057
1   2.0272325452074949
1   1.5520889896861543
1   2.5724031189517338
1   1.532660898423754
1   1.7186564660888348
1   1.9378907554773779
1   1.7604890176911776
1   2.9085587046036472
1   1.2830047958165367
1   1.9802030503528552
1   1.0150651482064597
1   1.030544299015407
1   1.6756099227283832
1   1.0076145814301485
1   1.4395292544847338
1   1.053138965972986
1   1.7652970081929116
1   1.7826096064277617
1   2.2413535934076023
1   2.4018460825069661
1   1.8842700372904897
1   2.1225322832659872
1   1.6071575740197486
1   1.9687334605270594
1   1.9695998485013653
1   1.1800271653261813
1   1.4615582776316318
1   2.2755699845304904
1   1.830768028086935
1   1.9274631673339546
1   1.2000369915717233
1   1.3610573816641225
1   1.792010215453665
1   1.8850599934917951
1   1.8311227073158403
1   2.0341011689264983
1   1.895820801828243
1   1.1452345876908758
1   2.4639371934858341
1   1.1669798586516413
1   1.8255516968719609
1   2.0634138145639689
1   1.8208832252641431
1   1.1656741627310059
1   1.2290649911023421
1   1.4542367240167249
1   1.4584060064567497
1   3.5457028758382556
1   1.2370286656118021
1   1.6205151337025208
1   1.4928319950122109
1   1.4389711638404474
1   2.2761889279252685
1   1.3136252590143396
1   1.6178877574579351
1   1.966563099116112
1   2.6938551739037386
1   2.1521200401306992
1   1.6079051645334985
1   1.3209368623080333
1   2.0478915527378692
1   1.9745721595647345
1   1.8755683232715437
1   1.9924938588246426
1   1.3416920042139253
1   1.6436290259962041
1   1.0580018683516883
1   1.1113146669888458
1   1.5721856785616288
1   1.81915664226235
1   2.8540908433602539
1   1.7265819286883204
1   1.0219281448527979
1   1.3433919953522719
1   1.776453993005028
1   1.8397558386478794
1   1.7602194810160325
1   1.3675449841909546
1   1.0116727587300829
1   1.6024639090775219
1   1.9201886840437714
1   1.9780765474831017
1   1.0069997243120379
1   1.0051065088814848
1   1.0428075154877363
1   1.4319185739718723
1   1.0343313735969246
1   1.6602330302037749
1   2.2250890016408391
1   2.1535374235215334
1   1.4401904211261756
1   1.395537540849028
1   1.2502901952038272
1   1.3218175216038737
1   2.5383405845222784
1   2.6281104215885174
1   1.0645457429808527
1   1.1577600059022632
1   1.730455452266102
1   1.7861726985979676
1   1.913490464397297
1   1.2871272961259239
1   1.1896490863171252
1   1.2374418183356732
1   1.8282481982551722
1   1.8747938359666079
1   1.8571370568539751
1   1.0708690264643683
1   1.0319708039931528
1   1.0848734293383742
1   1.0623443268992803
1   1.0355718128354632
1   1.5535992841758737
1   1.9599312642338167
1   2.2121923864696766
1   2.2074658669008556
1   1.5033923540698382
1   2.272890230255856
1   1.8507852687960327
1   1.4531605232943636
1   1.9321190465266818
1   1.1717900554249421
1   1.5725836136625055
1   1.3897180993450891
1   1.0105408712013102
1   1.016169163959322
1   1.0194944037468745
1   1.9886112130813274
1   1.0390808128646176
1   1.8272066089124719
1   1.072434737276196
1   1.9798226415833726
1   1.034680840621494
1   1.1580667105120834
1   1.3978593209615018
1   2.4279141952052723
1   2.2564637608294875
1   2.4264753289768102
1   2.6506130916851371
1   1.6952996691212103
1   1.6510325177938627
1   2.0692893194905411
1   2.0269091785952456
1   1.4840821250503025
1   1.532269409891819
1   1.3207837390489283
1   1.9823368049336239
1   1.251152888552064
1   2.0161451853085257
1   2.9035800856548573
1   2.4054547204633248
1   1.2446214880486484
1   2.8173674619251874
1   1.8356677419607346
1   1.8761765254993197
1   1.720976023171179
1   1.401562262392883
1   1.1061084392579201
1   1.9659957167473783
1   1.0213860258050205
1   1.0289915672087664
1   1.2259620553671837
1   1.1986922240083535
1   1.8045261008741442
1   1.7568185034414801
1   1.1359079832323196
1   1.1220158246629199
1   1.1406234378930431
1   1.9659030493153522
1   1.5814813085601562
1   1.6087473668419841
1   1.8214134341715611
1   1.9734711157650944
1   1.3405093082693449
1   2.4784773316142581
1   1.9507183890846815
1   1.8614639343409047
1   2.9121098090142752
1   1.0164205063605412
1   1.0345434831633928
1   1.0138666433150758
1   1.8894814299781353
1   1.042374071167681
1   1.1621400497870298
1   1.1704233333407519
1   1.1039623766248872
1   1.8052498973631832
1   1.1922282583310013
1   1.2273505173675818
1   1.1182344813376319
1   1.8374924965759112
1   1.231566687477641
1   1.7844321295475321
1   1.9341867824931844
1   1.9208761258497367
1   1.2208476687939318
1   1.157360431774956
1   2.6720970201319045
1   1.7318123584225944
1   1.9193785479636389
1   1.2141340528569213
1   1.7754406806300969
1   1.719246492333284
1   1.3996208165118493
1   1.9923911392412932
1   2.3113081292570561
1   2.1163794177339228
1   1.3312857610179891
1   2.0529663938744949
1   1.9931359246411655
1   1.4270190770140128
1   2.5030096080206734
1   2.4614938532893067
1   2.02279591623219
1   2.8732113263268753
1   2.0501658018369273
1   2.9445681240332262
1   2.8326964326653994
1   3.8533052789827114

2   2.0003248289125319
2   2.0005374226482266
2   2.0012133259163063
2   2.1527430168793926
2   2.0105454389212154
2   2.8817146959697797
2   2.0035680846587631
2   2.1202991156199897
2   2.0044104590469454
2   2.8984317092915179
2   2.0015275176484995
2   2.8764081574175657
2   2.003803264520529
2   2.1376167894180083
2   2.0242738956232844
2   2.0121229560237923
2   2.0195899649565545
2   2.0231171036638385
2   2.0164322844607976
2   2.8627503954368012
2   2.1548076230170867
2   2.0041502488907277
2   2.0989528594391498
2   2.9577266731173721
2   2.7081555216165856
2   2.6977259604094179
2   2.0351019549388867
2   2.3274789700799348
2   2.2488001652648189
2   2.5412258022646288
2   2.5947898288778477
2   2.123826503204794
2   3.0439194880086631
2   2.5880480733372644
2   2.2897966514353296
2   2.1456349068607881
2   2.8665062182217413
2   2.5143498892518079
2   2.3296801864638921
2   3.191451243049948
2   2.3688686646775508
2   2.5347138827992897
2   3.0481656999514839
2   2.3473280721099949
2   2.4225690548634908
2   2.326947754056238
2   2.2135709944432302
2   2.5753847827334817
2   2.2453634866911631
2   2.1594881456979991
2   2.4374719068876964
2   2.4442288259574885
2   2.0131240949120648
2   2.0022668662924734
2   2.0091486073012983
2   2.0086256859843687
2   2.0518339191460675
2   2.1219327269948804
2   2.9070687819258683
2   2.5530214746344648
2   2.3869962567376795
2   2.9499402191308493
2   2.1110764817698389
2   2.0817935119421533
2   2.1508080440474275
2   2.0246835182497391
2   2.2995461020128896
2   2.5288680308362359
2   2.0593300359065156
2   2.9943189684827729
2   2.3731794172236613
2   2.0829248367060043
2   3.1959084253478425
2   2.6258569696625766
2   2.9046059114408544
2   2.1521113140928012
2   2.689873848169213
2   2.0526936208669246
2   2.0937784052601991
2   2.0893396406615903
2   2.0813058199520507
2   2.6787066141331985
2   2.3282134227936377
2   2.2799855881584561
2   2.253887939268671
2   2.204992809918906
2   2.054840756170111
2   2.7558320149954527
2   2.3935002068656672
2   2.021250489351623
2   2.4860896584057222
2   2.0714020965681339
2   2.6683766712658969
2   2.6823888691585704
2   2.7090074866908469
2   2.7049741483861824
2   2.9835830254939686
2   2.3799288180634854
2   2.6519849231683668
2   2.7000489699772992
2   2.0749147350689032
2   2.003178229312466
2   2.0335018176293662
2   2.0356948049726675
2   2.0773543407421649
2   2.2675455468457559
2   2.1389533035106738
2   2.2902999695351989
2   2.5053611704508225
2   2.8070815675496719
2   2.0357721473842743
2   2.0062924918304139
2   2.9809062689416579
2   2.0161489311469243
2   2.0086494640267643
2   2.004923232489507
2   2.0157815497838039
2   2.0322066337028488
2   2.0768861419617415
2   2.18664333845072
2   2.5082321189074146
2   2.3411168995178153
2   2.1532683879339154
2   2.3778869156898761
2   2.1319640721710118
2   2.771362063549248
2   2.6115052302222237
2   3.2497459080222759
2   2.8617477396988953
2   2.2901946402377904
2   3.2268779531421319
2   2.6879960982133455
2   2.2917691307031571
2   2.3306028809840358
2   2.7011590679511359
2   2.2980619678835161
2   2.4116988347407498
2   2.3381904088258554
2   2.71496872041432
2   2.6386485110478
2   3.7184394949666766
2   2.0186469285439461
2   2.0029253647479242
2   2.0402734532193096
2   2.0032485958368427
2   2.4601239612552166
2   2.4940596739059941
2   2.0577235128120828
2   2.2100617723924745
2   2.1386202540370327
2   2.7711988835573074
2   2.0252137910983188
2   2.0010259250876485
2   2.918970419820571
2   2.6480017787462193
2   2.429292884493933
2   2.0999883917318818
2   2.0046858001132173
2   2.9917531917944116
2   2.0091468278448925
2   2.0011494894855399
2   2.0056872467994431
2   2.0091281886776078
2   2.0123575617002856
2   2.0456068797706148
2   2.8824626303059238
2   2.0085666160483115
2   2.0182611037652247
2   2.1542849384127889
2   3.7783306824546914
2   2.1844590671085524
2   2.2146273094284137
2   2.7096105305352265
2   2.8227433349772535
2   2.9283567586134844
2   2.368603894149901
2   2.0890746440765402
2   2.030339394507767
2   2.0780378195251736
2   2.0686078097408958
2   2.9536870793018406
2   2.0004563192851195
2   2.0059751409563331
2   2.0010812819023478
2   2.0047141899139516
2   2.002045295658359
2   2.0023818422408577
2   2.0054073403796981
2   2.2009104642123587
2   2.1686490418451485
2   2.6448920641411826
2   2.6620959621275699
2   2.2146897248305568
2   2.2136762145431277
2   2.0456439544362874
2   2.038241414973236
2   2.0016150744238463
2   2.0143225373775255
2   2.5817663053482316
2   2.7555887759454314
2   2.395296688378179
2   2.1793827332381648
2   2.1135565212988356
2   2.1337456141491931
2   2.0030912017332514
2   2.0506595974432686
2   2.2367450276147856
2   2.2305021251570816
2   2.1435604645961974
2   2.6955726936445172
2   2.8163045639055562
2   2.0015650097802582
2   2.045642757644841
2   2.0176805644628097
2   3.3487894424076883
2   2.8694946439801883
2   3.0749717390093418
2   2.7685642128009538
2   2.1195935361996203
2   2.0450981579846905
2   2.0023367981664322
2   2.0032613232323921
2   2.0008336886216127
2   2.0036260354060746
2   2.0256044199290786
2   2.0021189743649024
2   2.9757155951681669
2   2.016688326336582
2   2.0033720256202372
2   2.9843624720428616
2   2.0025476514578813
2   2.0052439556091235
2   2.0268156722680417
2   2.0108784628207972
2   2.0239785800663195
2   2.0104345968445649
2   2.8401627741211724
2   2.0808654741619108
2   2.1793638440116752
2   2.0568005118076389
2   2.0570152684589043
2   2.39836785642686
2   2.548980185558785
2   2.1567002728034059
2   2.167549737737593
2   2.215163366486085
2   2.7708501783973984
2   2.9693700840801216
2   2.181417497961621
2   2.9571520255892638
2   2.8638727880086012
2   3.8706698338184857

3   3.0000269270973243
3   3.0000420756134143
3   3.0003817003263777
3   3.0011258593179631
3   3.0001270570520475
3   3.0245397678727071
3   3.008041952577774
3   3.8575202597167655
3   3.0004645317811338
3   3.1503117070015758
3   3.8646591422159133
3   3.1534376804731976
3   3.0011935610150862
3   3.0001428546892721
3   3.0051635183510115
3   3.0003700002419147
3   3.0021925197942978
3   3.000174991988577
3   3.798166468906599
3   3.0006305235980717
3   3.0243023042869992
3   3.170038955260833
3   3.0036728908242227
3   3.0504441880343434
3   3.009575738749426
3   3.0016777759476385
3   3.765483507263748
3   3.0002880121028501
3   3.2671620360422509
3   3.0000994257553009
3   3.0032259570077762
3   3.0000504292889452
3   3.0017742334068807
3   3.003373087782014
3   3.3012349700446184
3   3.0024149107393732
3   3.1794381130347715
3   3.5786056269479092
3   3.0055359385294667
3   3.0059346585773419
3   3.0733135976303334
3   3.0090245292668514
3   3.932730358760403
3   3.0000762255923652
3   3.0001435638645817
3   3.0002029326694273
3   3.0012028493693461
3   3.0000824609263166
3   3.0000123197641297
3   3.7512407544573083
3   3.0000379875559702
3   3.2951619101464757
3   3.0000120759993791
3   3.0019458893278306
3   3.0001280900750409
3   3.0001613827531144
3   3.00000575945732
3   3.0000238106195014
3   3.0316851394976045
3   3.0000126579478521
3   3.9299266159010129
3   3.0000685239827325
3   3.056797706149148
3   3.0000306864249588
3   3.0000389058416621
3   3.0002022725599446
3   3.0000272326877702
3   3.0000365495413761
3   3.0000170816841796
3   3.1052471636699175
3   3.0000755353263266
3   3.9158539472806408

4   3.9999999999999991
4   4.0000000000000009
4   4
4   4
4   4.0000000000000009
4   4.0000000000000009
4   3.9999999999999991
4   4
4   4.0000000000000009

