-2.5   2.5
-2.5   2.5
-2.5   2.5
-2.5   2.5000000000000004
-2.5   2.4999999999999996
-2.5   2.5

-1.5   1.5014871978731241
-1.5   1.5073495206129501
-1.5   1.5283324496424187
-1.5   1.5228934632588271
-1.5   2.4207597922661814
-1.5   1.5973154869671111
-1.5   2.411212955269801
-1.5   1.5860360023697235
-1.5   1.5000890683036081
-1.5   1.5112469173335801
-1.5   1.5126893094642031
-1.5   1.5222278195065453
-1.5   1.5048591622668601
-1.5   2.2507413357521244
-1.5   1.7988871450039996
-1.5   1.9884917619445197
-1.5   2.0942676086265206
-1.5   1.5015404653443372
-1.5   1.5077297147516799
-1.5   1.5028060134032697
-1.5   1.500551982734637
-1.5   1.5752784039763679
-1.5   2.4418452633469649
-1.5   1.5000695155483692
-1.5   1.5027792872466117
-1.5   1.5023602889608578
-1.5   1.5000277111533777
-1.5   1.609616332846485
-1.5   1.5001334197615863
-1.5   2.42211687556166

-0.5   0.54941946910545836
-0.5   0.53343523642910551
-0.5   1.4668858280307167
-0.5   1.4787113225097948
-0.5   0.5462760302332772
-0.5   0.60604540156193853
-0.5   1.2260236840404448
-0.5   1.4411989998529493
-0.5   1.5472774894646562
-0.5   0.9297534622596908
-0.5   1.7657779909926989
-0.5   1.2672880727821023
-0.5   0.85353926084257314
-0.5   1.4418494167248068
-0.5   2.111050690790695
-0.5   1.4854904287425246
-0.5   1.4760646434655516
-0.5   0.62217320233377871
-0.5   0.55038952871038349
-0.5   1.4721489761897613
-0.5   0.53057147322337728
-0.5   0.56822255403872335
-0.5   1.4968614874281836
-0.5   0.94520306331252524
-0.5   1.1633567807388323
-0.5   1.4376926135742629
-0.5   1.076574075639098
-0.5   1.4570483884101673
-0.5   2.1741128574916826
-0.5   1.4826458490643686
-0.5   0.96210651517885681
-0.5   2.3838246470809299
-0.5   0.64947223597294346
-0.5   1.4811475969962007
-0.5   0.52860573969247238
-0.5   1.498146832248564
-0.5   1.4816073207181226
-0.5   0.53071640872316506
-0.5   0.6407198490082231
-0.5   1.011757941432516
-0.5   0.945770035755372
-0.5   1.157588897431362
-0.5   1.2334908380146614
-0.5   2.3293799007604066
-0.5   1.4615483812614087
-0.5   0.78284697865076991
-0.5   0.53843157785564655
-0.5   0.50400621328027428
-0.5   0.52664244799055093
-0.5   0.54006824529646424
-0.5   1.4551043093480467
-0.5   0.5751687493234674
-0.5   1.4743826554168076
-0.5   0.55580932339433575
-0.5   0.7646639446176966
-0.5   1.3953622086902588
-0.5   0.6881860184737385
-0.5   1.4961836954767194
-0.5   1.4452763835286297
-0.5   2.4183909999790751

0.5   0.54941946910546036
0.5   0.53343523642910595
0.5   1.4668858280307167
0.5   1.4787113225097963
0.5   0.54627603023327831
0.5   0.60604540156193587
0.5   1.2260236840404433
0.5   1.4411989998529511
0.5   1.5472774894646539
0.5   0.92975346225968991
0.5   1.7657779909926936
0.5   1.2672880727820988
0.5   0.85353926084257892
0.5   1.4418494167248035
0.5   2.111050690790695
0.5   1.4854904287425261
0.5   1.476064643465552
0.5   0.6221732023337827
0.5   0.55038952871038349
0.5   1.4721489761897617
0.5   0.53057147322337617
0.5   0.56822255403872401
0.5   1.4968614874281814
0.5   0.94520306331252701
0.5   1.1633567807388323
0.5   1.4376926135742623
0.5   1.0765740756390967
0.5   1.4570483884101704
0.5   2.1741128574916848
0.5   1.4826458490643721
0.5   0.96210651517885082
0.5   2.3838246470809259
0.5   0.64947223597294301
0.5   1.4811475969961989
0.5   0.52860573969247193
0.5   1.4981468322485667
0.5   1.4816073207181242
0.5   0.53071640872316017
0.5   0.64071984900822176
0.5   1.0117579414325413
0.5   0.94577003575534935
0.5   1.157588897431338
0.5   1.2334908380146783
0.5   2.3293799007604044
0.5   1.4615483812614067
0.5   0.78284697865076969
0.5   0.53843157785564411
0.5   0.50400621328027406
0.5   0.52664244799055382
0.5   0.54006824529646269
0.5   1.4551043093480414
0.5   0.57516874932346851
0.5   1.474382655416806
0.5   0.5558093233943302
0.5   0.76466394461766929
0.5   1.3953622086902799
0.5   0.68818601847372873
0.5   1.4961836954767223
0.5   1.4452763835286293
0.5   2.4183909999790778

1.5   1.5014871978731232
1.5   1.507349520612951
1.5   1.52833244964242
1.5   1.5228934632588276
1.5   2.4207597922661805
1.5   1.5973154869671125
1.5   2.411212955269801
1.5   1.5860360023697235
1.5   1.5000890683036086
1.5   1.5112469173335801
1.5   1.5126893094642027
1.5   1.5222278195065457
1.5   1.5048591622668606
1.5   2.2507413357521231
1.5   1.7988871450040018
1.5   1.9884917619445184
1.5   2.0942676086265219
1.5   1.5015404653443376
1.5   1.5077297147516817
1.5   1.5028060134032706
1.5   1.500551982734637
1.5   1.5752784039763683
1.5   2.4418452633469649
1.5   1.5000695155483692
1.5   1.5027792872466117
1.5   1.5023602889608565
1.5   1.5000277111533769
1.5   1.6096163328464841
1.5   1.5001334197615863
1.5   2.4221168755616604

2.5   2.5
2.5   2.5
2.5   2.5
2.5   2.5000000000000004
2.5   2.4999999999999996
2.5   2.5

