0   -29.9346   0.0293566   0.113057   1.17681e-06   0.248047   0.109538   0.109538   0.248047   1.17681e-06   0.113057   0.0293566   
1   -38.6782   0.01581   0.0379539   0.0893834   0.155086   0.201767   0.201767   0.155086   0.0893834   0.0379539   0.01581   
2   -39.2389   0.0147528   0.0378119   0.0918953   0.154725   0.200815   0.200815   0.154725   0.0918953   0.0378119   0.0147528   
3   -39.2867   0.0208094   0.0449965   0.101668   0.146754   0.185773   0.185773   0.146754   0.101668   0.0449965   0.0208094   
4   -39.1744   0.0190842   0.0466429   0.101083   0.150108   0.183082   0.183082   0.150108   0.101083   0.0466429   0.0190842   
5   -39.1744   0.0190842   0.0466429   0.101083   0.150108   0.183082   0.183082   0.150108   0.101083   0.0466429   0.0190842   
6   -39.2867   0.0208094   0.0449965   0.101668   0.146754   0.185773   0.185773   0.146754   0.101668   0.0449965   0.0208094   
7   -39.2389   0.0147528   0.0378119   0.0918953   0.154725   0.200815   0.200815   0.154725   0.0918953   0.0378119   0.0147528   
8   -38.6782   0.01581   0.0379539   0.0893834   0.155086   0.201767   0.201767   0.155086   0.0893834   0.0379539   0.01581   
9   -29.9346   0.0293566   0.113057   1.17681e-06   0.248047   0.109538   0.109538   0.248047   1.17681e-06   0.113057   0.0293566   
