-2.5   2.5
-2.5   2.5
-2.5   2.5
-2.5   2.5
-2.5   2.5
-2.5   2.5

-1.5   1.690674711983605
-1.5   1.757096320001279
-1.5   1.5866768608109822
-1.5   1.9174870081175626
-1.5   1.5863488790544538
-1.5   1.9649098864564118
-1.5   1.7745404831232001
-1.5   1.5665875452844769
-1.5   1.7923277481417097
-1.5   1.6812547720176685
-1.5   1.8193645571906303
-1.5   1.6175336316076958
-1.5   1.7779627273723504
-1.5   1.8514032864613759
-1.5   1.6416850501995195
-1.5   1.7907234094294369
-1.5   1.5295662695518191
-1.5   1.8214989982833947
-1.5   1.6452218665536975
-1.5   1.8321818200524347
-1.5   1.7665591041752702
-1.5   1.6261863194707553
-1.5   1.987580493500158
-1.5   1.5852504462854005
-1.5   1.7334868656566771
-1.5   1.8812381768336883
-1.5   1.5742530868784028
-1.5   1.7034130108641632
-1.5   1.6777813623933611
-1.5   1.8029742903394212

-0.5   1.2270522280089911
-0.5   1.2268317857745026
-0.5   1.2403421879739875
-0.5   1.2417905354022543
-0.5   1.2311879925028526
-0.5   1.2311160256607396
-0.5   1.232392557891691
-0.5   1.2324096560914235
-0.5   1.2279568698261514
-0.5   1.2250638204113977
-0.5   1.2269011069115532
-0.5   1.2372583368772829
-0.5   1.203920273908037
-0.5   1.2166646723753194
-0.5   1.339669549536475
-0.5   1.0757195644488635
-0.5   1.2491729988576576
-0.5   1.1940608153041778
-0.5   1.23043736422772
-0.5   1.1385051167787432
-0.5   1.1614452864551352
-0.5   1.1979914618219989
-0.5   1.3051663446295649
-0.5   1.3202963959010965
-0.5   1.1076426482436299
-0.5   1.3062340414181637
-0.5   1.2813597639044594
-0.5   1.4422598493135848
-0.5   1.0985244477432721
-0.5   1.455895967151468
-0.5   1.3379355180405605
-0.5   1.2357860777213208
-0.5   1.2229678192656954
-0.5   1.3326954403527211
-0.5   1.2036681313619964
-0.5   0.8732983335433544
-0.5   1.1121429450815705
-0.5   1.3571300004635711
-0.5   1.1737194099123187
-0.5   1.1328105792448788
-0.5   1.5390313954115706
-0.5   1.2079834290831344
-0.5   1.0493042878693215
-0.5   1.3482436756122151
-0.5   1.0403843316040016
-0.5   1.2853717852816398
-0.5   1.2653575955962246
-0.5   1.3161654204353124
-0.5   1.0184132746558741
-0.5   1.3024482854918042
-0.5   1.3176966850663878
-0.5   1.1172947793645727
-0.5   1.4495582842155574
-0.5   0.90234457243756605
-0.5   1.0251668595696577
-0.5   1.2532908246304613
-0.5   1.1812331090002963
-0.5   1.4143127174700394
-0.5   1.2277071357623914
-0.5   1.3146803621479999

0.5   1.2270522280090319
0.5   1.2268317857744633
0.5   1.2403421879739933
0.5   1.2417905354022529
0.5   1.2311879925028524
0.5   1.2311160256607403
0.5   1.2323925578916914
0.5   1.2324096560914228
0.5   1.2279568698261556
0.5   1.2250638204114015
0.5   1.2269011069115532
0.5   1.2372583368772869
0.5   1.2039202739080406
0.5   1.2166646723753167
0.5   1.339669549536475
0.5   1.0757195644488631
0.5   1.2491729988576588
0.5   1.1940608153041792
0.5   1.2304373642277102
0.5   1.1385051167787448
0.5   1.1614452864551481
0.5   1.1979914618219996
0.5   1.3051663446295652
0.5   1.3202963959010958
0.5   1.1076426482436308
0.5   1.3062340414181612
0.5   1.2813597639044563
0.5   1.4422598493135834
0.5   1.0985244477432747
0.5   1.4558959671514675
0.5   1.3379355180405597
0.5   1.2357860777213261
0.5   1.2229678192656999
0.5   1.3326954403527167
0.5   1.2036681313619955
0.5   0.87329833354335151
0.5   1.1121429450815765
0.5   1.3571300004635725
0.5   1.1737194099123047
0.5   1.1328105792448786
0.5   1.5390313954115786
0.5   1.2079834290831335
0.5   1.0493042878693235
0.5   1.348243675612216
0.5   1.0403843316040013
0.5   1.2853717852816393
0.5   1.2653575955962231
0.5   1.316165420435311
0.5   1.0184132746558714
0.5   1.3024482854918067
0.5   1.3176966850663876
0.5   1.1172947793645736
0.5   1.4495582842155583
0.5   0.90234457243756361
0.5   1.0251668595696637
0.5   1.2532908246304624
0.5   1.1812331090002928
0.5   1.4143127174700434
0.5   1.2277071357623917
0.5   1.3146803621479977

1.5   1.6906747119836045
1.5   1.757096320001279
1.5   1.5866768608109805
1.5   1.9174870081175648
1.5   1.5863488790544515
1.5   1.9649098864564141
1.5   1.7745404831231997
1.5   1.5665875452844764
1.5   1.7923277481417097
1.5   1.6812547720176689
1.5   1.8193645571906303
1.5   1.6175336316076963
1.5   1.7779627273723499
1.5   1.851403286461375
1.5   1.6416850501995204
1.5   1.7907234094294373
1.5   1.5295662695518191
1.5   1.8214989982833942
1.5   1.645221866553698
1.5   1.8321818200524347
1.5   1.7665591041752693
1.5   1.6261863194707553
1.5   1.987580493500158
1.5   1.5852504462854005
1.5   1.7334868656566766
1.5   1.8812381768336874
1.5   1.5742530868784019
1.5   1.7034130108641632
1.5   1.6777813623933628
1.5   1.8029742903394252

2.5   2.5
2.5   2.5
2.5   2.5
2.5   2.5
2.5   2.5
2.5   2.5

