-3.5   3.5
-3.5   3.5
-3.5   3.5
-3.5   3.5
-3.5   3.4999999999999996
-3.5   3.5
-3.5   3.5
-3.5   3.5

-2.5   2.500190927983716
-2.5   2.5001888032460715
-2.5   2.5029786902991082
-2.5   2.512056661275734
-2.5   2.5096091783160102
-2.5   2.6238594561433546
-2.5   3.3087219417180882
-2.5   2.8118652776638213
-2.5   3.2020580291920728
-2.5   2.5387888473166629
-2.5   2.569453396479489
-2.5   2.5292269019117093
-2.5   2.5113054845058658
-2.5   2.5029012429627708
-2.5   2.5016891612978394
-2.5   2.5159450567911561
-2.5   3.0678018040091071
-2.5   2.5068386595247207
-2.5   3.0932184281753763
-2.5   2.5065258171676197
-2.5   2.5679135270487463
-2.5   2.696016229265588
-2.5   2.8741124931757285
-2.5   2.7701175060572951
-2.5   2.5041265958083971
-2.5   2.5708838479300669
-2.5   2.5293475677950328
-2.5   2.5006174623900401
-2.5   2.5024897091802267
-2.5   2.5001657846785665
-2.5   3.4391170966381734
-2.5   2.500956076014432
-2.5   2.5464677889770986
-2.5   2.5062227216308428
-2.5   2.501393680690013
-2.5   3.4818738546917052
-2.5   2.5000525128367053
-2.5   2.5047726019616032
-2.5   2.5001862856282462
-2.5   2.5122828191815492
-2.5   2.5000812238360823
-2.5   2.5009332725285693
-2.5   2.5021287655210931
-2.5   2.5001662132330384
-2.5   2.5001555062911445
-2.5   2.7630965036515653
-2.5   3.2853522568710845
-2.5   2.5000600470886281
-2.5   2.5005928232887218
-2.5   2.5001129990189366
-2.5   2.5000800951901287
-2.5   2.5002005411291903
-2.5   2.5000225469254049
-2.5   2.6591220002909757
-2.5   2.5002040659849785
-2.5   3.3751500070835543

-1.5   1.5068651283173384
-1.5   1.5089264357239496
-1.5   1.7299375823560315
-1.5   1.5218418455783409
-1.5   2.320319034444855
-1.5   1.582051751684999
-1.5   1.5188753570547973
-1.5   2.4069206416643834
-1.5   1.5094126949202873
-1.5   2.3479813089392096
-1.5   1.6452455152857972
-1.5   1.5828985173052947
-1.5   1.5461435909631112
-1.5   1.5515182546265263
-1.5   1.6167499114275525
-1.5   2.4285209969725234
-1.5   1.7271357922643107
-1.5   1.8130746764956545
-1.5   1.9843760748500348
-1.5   1.9350432522678056
-1.5   1.9745002371930149
-1.5   1.8428660939602164
-1.5   1.5683527773179984
-1.5   3.1654045068004617
-1.5   2.0292419848843632
-1.5   2.112779686414533
-1.5   2.3683338477464235
-1.5   2.1528179973643695
-1.5   2.4256947829392295
-1.5   2.3074314766740591
-1.5   1.7776130645477304
-1.5   2.0023602579864743
-1.5   2.0310630590065637
-1.5   2.125976484907071
-1.5   2.2719594533517524
-1.5   1.6566172549775087
-1.5   2.3495471647288637
-1.5   1.6010435272801207
-1.5   1.5668490786372584
-1.5   1.5122066656128985
-1.5   1.530253905937824
-1.5   2.4548940741947045
-1.5   1.5270384086165274
-1.5   1.5799393786532931
-1.5   2.3965096647750812
-1.5   1.565768370824494
-1.5   2.3730852504145568
-1.5   1.628306063209584
-1.5   1.5050045802538028
-1.5   1.5987608019154607
-1.5   1.9507460088714428
-1.5   1.9512139412004967
-1.5   1.6918149731847767
-1.5   1.9725493631577304
-1.5   1.8403138053391896
-1.5   1.533508755109128
-1.5   2.0548374962467708
-1.5   2.0513022848753932
-1.5   2.3931777864853507
-1.5   2.0496466600052807
-1.5   2.0817283762497754
-1.5   2.1705358143703561
-1.5   2.6344614831697308
-1.5   2.4019842313320856
-1.5   1.8463222507929049
-1.5   1.8600383455706817
-1.5   2.1026409321051949
-1.5   2.1959843078635473
-1.5   2.0720641278216818
-1.5   2.167214815926279
-1.5   2.0813267905826511
-1.5   2.2880255252087229
-1.5   2.2510051890211615
-1.5   2.0102236893337264
-1.5   1.5126369150940731
-1.5   1.5291240514057365
-1.5   1.5492850044575319
-1.5   1.5071620005055895
-1.5   1.5488327666316604
-1.5   1.63227374134153
-1.5   2.1941241112393035
-1.5   1.9445468677545001
-1.5   1.7999550964708573
-1.5   2.2381510185740217
-1.5   1.9299800791763175
-1.5   2.3403472597092967
-1.5   2.3166783400931958
-1.5   1.6068681753260625
-1.5   1.5311848190052597
-1.5   2.8395581584873786
-1.5   2.2568655335934551
-1.5   2.3117934835586191
-1.5   1.5188538928906783
-1.5   1.8099346592500236
-1.5   2.3883777925545493
-1.5   1.6100714700080432
-1.5   2.2259747117717419
-1.5   1.8621449967732433
-1.5   2.3735348324657126
-1.5   1.5920462120362329
-1.5   1.5550571664817641
-1.5   1.8844202890231436
-1.5   2.768010000580047
-1.5   2.1608078965676434
-1.5   1.52663559747986
-1.5   1.5244063551160658
-1.5   2.5089738994320774
-1.5   1.5341992677286154
-1.5   2.382502473599283
-1.5   1.9602263815388326
-1.5   1.9746133478420784
-1.5   2.1101521961171983
-1.5   2.1166486079463649
-1.5   1.6493448124849013
-1.5   1.508410168018238
-1.5   1.5197582788873598
-1.5   1.509323190850965
-1.5   1.5090165200790939
-1.5   1.5091590055126183
-1.5   1.7479729583043899
-1.5   1.7358528333827672
-1.5   1.5903740584111876
-1.5   2.3153841992548645
-1.5   2.2417258429823943
-1.5   1.5113667521039393
-1.5   1.669659250933675
-1.5   1.9505393353395539
-1.5   1.8016608464361421
-1.5   2.1207388755492427
-1.5   2.1590978151077271
-1.5   1.5234987540571674
-1.5   1.5105505045251513
-1.5   1.5155310840818421
-1.5   1.9531587458686057
-1.5   1.9210463168820118
-1.5   1.876381491250501
-1.5   2.0299435909084695
-1.5   2.0698782802277069
-1.5   1.5963274571392359
-1.5   3.2615184877591656
-1.5   2.4767116947463816
-1.5   1.5160413782383046
-1.5   1.6874730291519695
-1.5   1.5116306698680191
-1.5   1.5038079483648144
-1.5   1.5309795617809967
-1.5   1.5112560147721283
-1.5   1.6140714467669519
-1.5   1.506062914095303
-1.5   2.3909613317970901
-1.5   1.5137871492492305
-1.5   2.4851013525367209
-1.5   1.5034210931123311
-1.5   1.5909823337403655
-1.5   1.5647415852167961
-1.5   1.5047036754059087
-1.5   1.569784056367503
-1.5   2.0248639990111785
-1.5   2.0285222986497402
-1.5   1.7166789440871955
-1.5   1.6533036165899464
-1.5   1.7620307045345687
-1.5   2.1654689740784447
-1.5   1.8305998176190115
-1.5   2.4468527527695336
-1.5   2.4431680760772418
-1.5   2.3320566627698307
-1.5   3.3375480652658189

-0.5   0.69353267368567151
-0.5   0.75838802372685143
-0.5   1.1136552188965854
-0.5   0.92821826403305963
-0.5   1.0555067025341827
-0.5   0.9530831182706816
-0.5   1.3643645611227389
-0.5   1.4066596568990681
-0.5   1.2275721962107717
-0.5   2.2898476695982284
-0.5   1.1006470369609243
-0.5   1.1411584153400367
-0.5   1.465077039310112
-0.5   2.3698497230615092
-0.5   0.73734407328031892
-0.5   1.4519880362657394
-0.5   1.2083832440485434
-0.5   0.75335890020533847
-0.5   0.58190164316992599
-0.5   2.1375630970800752
-0.5   1.2382427255908639
-0.5   1.4190106555061861
-0.5   1.095538128173652
-0.5   0.89117999283062432
-0.5   0.91188803727056
-0.5   1.4733356970601246
-0.5   1.3326647731752963
-0.5   1.2589106822124279
-0.5   1.6404478014885227
-0.5   0.66462502599630446
-0.5   1.4300955054661233
-0.5   1.9114082787430196
-0.5   1.2064330104049541
-0.5   1.8113187340352686
-0.5   1.7374486075088855
-0.5   2.146042287093255
-0.5   1.0514842514678948
-0.5   1.8735640138337861
-0.5   1.9532971437896647
-0.5   1.5888481046966265
-0.5   1.6668879803274224
-0.5   1.6973204921290259
-0.5   1.3758412867772414
-0.5   1.9678044281524496
-0.5   1.5392726194795014
-0.5   2.6128900074840384
-0.5   1.9597585712202443
-0.5   1.4592951134683079
-0.5   1.4314073894013803
-0.5   1.9199941478191853
-0.5   1.8683325051189459
-0.5   1.6747186002738537
-0.5   1.9007828825828894
-0.5   1.4680231146054259
-0.5   1.2673882280898938
-0.5   1.7819902544406081
-0.5   2.0321419610098976
-0.5   1.2792735190481495
-0.5   1.9236734201111143
-0.5   1.1320300511168091
-0.5   2.2029170566611009
-0.5   0.75636296779564716
-0.5   1.1850270274864705
-0.5   1.3499243007116086
-0.5   0.80777852013043661
-0.5   1.1432756552610372
-0.5   0.95333771073152995
-0.5   1.4306949578554005
-0.5   1.3088601052347393
-0.5   1.6067820958933989
-0.5   1.3785582535235159
-0.5   1.8582619441051844
-0.5   0.60852374868373693
-0.5   1.5020184139686008
-0.5   1.3665701780013837
-0.5   1.2961571935690508
-0.5   2.1143050272653028
-0.5   1.9458999162640978
-0.5   1.3731220137156639
-0.5   0.97556038845648296
-0.5   1.0539158827769604
-0.5   1.4052794710316352
-0.5   1.3524453372506877
-0.5   1.4688191854696901
-0.5   0.73972709561885375
-0.5   1.4998717270805275
-0.5   1.5004214943645673
-0.5   1.0948076597971355
-0.5   1.3540197653081123
-0.5   1.4141871782788931
-0.5   0.99045175268607455
-0.5   1.2862649400770994
-0.5   1.4086833859559069
-0.5   1.8355224570932416
-0.5   1.8498900961953586
-0.5   1.1786473181225876
-0.5   2.0541768296221585
-0.5   0.91568388234175235
-0.5   1.5097538966471267
-0.5   1.6983983798778999
-0.5   1.6602639573286044
-0.5   1.6897099657694468
-0.5   1.8752012263612987
-0.5   1.6963946465739821
-0.5   1.518981262757761
-0.5   1.8631435620868784
-0.5   1.9797128874869498
-0.5   1.6487451637164474
-0.5   1.732140262592194
-0.5   2.1787663095231711
-0.5   1.8565083417309478
-0.5   1.79938807199074
-0.5   1.5138702488110649
-0.5   1.6371929993200349
-0.5   1.3466529223673847
-0.5   1.4904962418854517
-0.5   2.0109155107714436
-0.5   2.1008722852262678
-0.5   2.2514030012125477
-0.5   1.9491014275398348
-0.5   2.182069995689937
-0.5   0.59487498247047865
-0.5   0.65225825169870522
-0.5   1.0898145814232592
-0.5   1.4813992198339796
-0.5   1.0878331307051985
-0.5   0.68892021646581925
-0.5   0.5934263603158112
-0.5   1.449274645397489
-0.5   1.4778277507636421
-0.5   1.4860761123089934
-0.5   1.3909953562168953
-0.5   1.4486232828798731
-0.5   1.4008618059379703
-0.5   2.2392856749465992
-0.5   1.0853774862306576
-0.5   2.387672266456859
-0.5   1.3217860326709194
-0.5   1.5778300104829781
-0.5   1.4660048776935708
-0.5   1.8319083599648631
-0.5   2.2120642868266542
-0.5   1.3915919901968683
-0.5   1.2663964520686128
-0.5   1.0069437617812234
-0.5   1.4892772176383688
-0.5   1.5172272792964905
-0.5   3.0545259462826215
-0.5   1.0768138302563397
-0.5   1.5361102230838446
-0.5   1.8518116040742214
-0.5   1.7122549728051806
-0.5   1.6666882698171923
-0.5   0.89175479165024552
-0.5   2.0375888388173169
-0.5   0.96942022527645633
-0.5   1.3681738031223447
-0.5   1.12701776830218
-0.5   1.1853181627646947
-0.5   2.3093483537793102
-0.5   0.84127588413086762
-0.5   2.2763225451356099
-0.5   0.87434586335692233
-0.5   1.4650022473312199
-0.5   1.792965690535135
-0.5   1.7900364941194544
-0.5   1.3290782733875277
-0.5   0.76910718660629596
-0.5   0.82967441044198753
-0.5   1.3688842682462377
-0.5   2.9853168358348059
-0.5   1.7789738756017601
-0.5   1.2814484991075876
-0.5   1.5111087779617236
-0.5   1.80855228469184
-0.5   1.3512307959850929
-0.5   2.2951049282132558
-0.5   1.5798354524362579
-0.5   1.6613945849058762
-0.5   1.4866469000514502
-0.5   1.4006921076822578
-0.5   1.5794275277208336
-0.5   1.4985802773900758
-0.5   1.2215440634796784
-0.5   0.92426617269736533
-0.5   1.4481424668073133
-0.5   0.59394608477648458
-0.5   0.86584186982119671
-0.5   1.4858261220535469
-0.5   1.3400850960185153
-0.5   1.487658673073464
-0.5   0.6101281520275188
-0.5   0.60884575862873302
-0.5   1.2509693359628995
-0.5   1.3868768383937022
-0.5   0.91854406086586771
-0.5   0.73088475975716904
-0.5   1.8077409597856406
-0.5   1.9217368694457004
-0.5   1.5804713507025023
-0.5   2.0996527171680586
-0.5   2.1081669116755455
-0.5   1.4119496207569227
-0.5   0.66783036172312671
-0.5   0.65398804616506712
-0.5   0.69381005593496403
-0.5   1.4656194366128095
-0.5   0.55821624315714646
-0.5   0.9135461496958075
-0.5   1.4625588167913606
-0.5   1.8436223905788243
-0.5   2.0198573619525555
-0.5   1.5121719418507786
-0.5   1.4332715664344862
-0.5   1.1074370843061052
-0.5   1.4723455735965427
-0.5   1.4292506679129
-0.5   1.0654007975501545
-0.5   0.7382424609544298
-0.5   1.2909412655271071
-0.5   0.52110848395835352
-0.5   0.54054011037639027
-0.5   0.6446638102585438
-0.5   0.90087505933470191
-0.5   1.4072754311348328
-0.5   1.2024199542234468
-0.5   0.97258638518220009
-0.5   1.6232048624109239
-0.5   2.2308814042473921
-0.5   2.3556373672777493
-0.5   1.6503805143292651
-0.5   1.5697785756488627
-0.5   1.9800965470985483
-0.5   1.913090567843708
-0.5   1.6455374592838643
-0.5   1.7932192249941963
-0.5   0.77025051701829406
-0.5   1.3352143209538441
-0.5   1.6897080049771773
-0.5   1.0440945882228692
-0.5   1.34935829472033
-0.5   0.62417749308401471
-0.5   1.4265486104572314
-0.5   0.94161238946739934
-0.5   1.011990920668735
-0.5   0.52666699274695605
-0.5   1.0895672955742191
-0.5   1.1869920947878028
-0.5   1.2111161087736786
-0.5   1.3531405692630065
-0.5   1.4835304205286932
-0.5   1.1874229025680771
-0.5   2.1264597897684645
-0.5   1.6100129662910332
-0.5   2.2855579399035326
-0.5   0.54622891805686691
-0.5   0.65310186106981361
-0.5   1.4646007836521524
-0.5   0.74008869992867776
-0.5   0.57664522361373338
-0.5   0.94604440491336517
-0.5   1.4629677137013517
-0.5   1.3207973876368668
-0.5   1.3294874926363334
-0.5   0.76267138439575954
-0.5   2.0073628980132265
-0.5   1.3303889399253308
-0.5   1.0884992721965583
-0.5   1.6158249376412499
-0.5   1.4620686638929763
-0.5   1.3927175916680627
-0.5   1.0832417770344469
-0.5   2.2029626563041158
-0.5   1.8355374240959401
-0.5   1.5274634103043701
-0.5   1.6108344521099016
-0.5   2.2932971687090316
-0.5   2.4505946749980647
-0.5   2.3421169520985723
-0.5   3.3197039452532189

0.5   0.69353267368548943
0.5   0.75838802372687808
0.5   1.1136552188967397
0.5   0.92821826403302277
0.5   1.0555067025341762
0.5   0.95308311827064074
0.5   1.3643645611227364
0.5   1.406659656899073
0.5   1.2275721962107831
0.5   2.2898476695982342
0.5   1.1006470369609338
0.5   1.1411584153400274
0.5   1.4650770393101138
0.5   2.3698497230615225
0.5   0.73734407328033313
0.5   1.4519880362657387
0.5   1.2083832440484896
0.5   0.75335890020534779
0.5   0.5819016431699211
0.5   2.1375630970801103
0.5   1.2382427255908621
0.5   1.4190106555061919
0.5   1.0955381281736407
0.5   0.89117999283056659
0.5   0.91188803727054091
0.5   1.4733356970601228
0.5   1.3326647731753014
0.5   1.2589106822124398
0.5   1.6404478014885617
0.5   0.66462502599623052
0.5   1.4300955054663644
0.5   1.9114082787430382
0.5   1.206433010404695
0.5   1.8113187340351549
0.5   1.7374486075088993
0.5   2.1460422870933553
0.5   1.0514842514678717
0.5   1.8735640138337915
0.5   1.9532971437897131
0.5   1.5888481046966172
0.5   1.6668879803274108
0.5   1.6973204921290002
0.5   1.3758412867773029
0.5   1.9678044281524469
0.5   1.5392726194794095
0.5   2.6128900074840353
0.5   1.9597585712202652
0.5   1.4592951134683549
0.5   1.4314073894014041
0.5   1.9199941478191316
0.5   1.8683325051189588
0.5   1.6747186002738434
0.5   1.9007828825829094
0.5   1.4680231146053584
0.5   1.2673882280898994
0.5   1.7819902544404975
0.5   2.0321419610099287
0.5   1.2792735190482094
0.5   1.9236734201111756
0.5   1.1320300511168204
0.5   2.2029170566611018
0.5   0.75636296779562473
0.5   1.1850270274864818
0.5   1.3499243007116137
0.5   0.80777852013042639
0.5   1.1432756552610435
0.5   0.95333771073163009
0.5   1.4306949578553358
0.5   1.3088601052347439
0.5   1.6067820958934167
0.5   1.3785582535235168
0.5   1.8582619441051644
0.5   0.60852374868373582
0.5   1.502018413968623
0.5   1.3665701780013333
0.5   1.2961571935690646
0.5   2.1143050272652801
0.5   1.9458999162641275
0.5   1.3731220137156368
0.5   0.97556038845650428
0.5   1.0539158827769484
0.5   1.4052794710316587
0.5   1.3524453372506897
0.5   1.4688191854696937
0.5   0.73972709561884997
0.5   1.4998717270805237
0.5   1.5004214943645713
0.5   1.0948076597971323
0.5   1.3540197653080761
0.5   1.4141871782788733
0.5   0.99045175268607166
0.5   1.2862649400771087
0.5   1.4086833859559384
0.5   1.8355224570932482
0.5   1.849890096195359
0.5   1.1786473181226202
0.5   2.0541768296221719
0.5   0.91568388234171927
0.5   1.5097538966471173
0.5   1.6983983798778914
0.5   1.6602639573285938
0.5   1.6897099657694477
0.5   1.8752012263613027
0.5   1.6963946465739892
0.5   1.5189812627577592
0.5   1.863143562086877
0.5   1.9797128874869467
0.5   1.6487451637164647
0.5   1.7321402625921869
0.5   2.178766309523148
0.5   1.8565083417318888
0.5   1.7993880719897888
0.5   1.513870248811048
0.5   1.6371929993200585
0.5   1.3466529223673795
0.5   1.4904962418854348
0.5   2.0109155107714294
0.5   2.1008722852262718
0.5   2.2514030012125388
0.5   1.9491014275398482
0.5   2.182069995689937
0.5   0.59487498247047821
0.5   0.65225825169870055
0.5   1.089814581423233
0.5   1.4813992198339809
0.5   1.0878331307052242
0.5   0.68892021646581947
0.5   0.59342636031580653
0.5   1.4492746453974932
0.5   1.4778277507636461
0.5   1.4860761123089927
0.5   1.3909953562168975
0.5   1.448623282879866
0.5   1.4008618059379678
0.5   2.2392856749466041
0.5   1.08537748623066
0.5   2.387672266456863
0.5   1.3217860326709252
0.5   1.577830010482967
0.5   1.4660048776935806
0.5   1.8319083599648729
0.5   2.2120642868266418
0.5   1.3915919901968643
0.5   1.2663964520686162
0.5   1.0069437617812169
0.5   1.4892772176383677
0.5   1.5172272792964909
0.5   3.0545259462826126
0.5   1.0768138302563566
0.5   1.5361102230838353
0.5   1.8518116040742361
0.5   1.7122549728051846
0.5   1.6666882698171892
0.5   0.89175479165025395
0.5   2.0375888388173249
0.5   0.96942022527645477
0.5   1.3681738031223443
0.5   1.1270177683021838
0.5   1.1853181627646994
0.5   2.3093483537793142
0.5   0.84127588413086807
0.5   2.2763225451356086
0.5   0.87434586335692011
0.5   1.4650022473312274
0.5   1.7929656905351341
0.5   1.7900364941194482
0.5   1.3290782733875275
0.5   0.76910718660629085
0.5   0.82967441044197665
0.5   1.3688842682462448
0.5   2.9853168358348148
0.5   1.778973875601765
0.5   1.2814484991075878
0.5   1.5111087779617236
0.5   1.8085522846918161
0.5   1.3512307959850882
0.5   2.2951049282132669
0.5   1.5798354524362388
0.5   1.6613945849059166
0.5   1.4866469000514144
0.5   1.4006921076822796
0.5   1.5794275277208167
0.5   1.4985802773900931
0.5   1.2215440634796735
0.5   0.92426617269738376
0.5   1.4481424668073006
0.5   0.59394608477647592
0.5   0.86584186982119271
0.5   1.4858261220535449
0.5   1.3400850960185129
0.5   1.4876586730734662
0.5   0.61012815202752146
0.5   0.60884575862881629
0.5   1.2509693359628486
0.5   1.3868768383937005
0.5   0.91854406086586082
0.5   0.73088475975716194
0.5   1.8077409597855563
0.5   1.9217368694457782
0.5   1.5804713507024784
0.5   2.0996527171679826
0.5   2.1081669116756387
0.5   1.4119496207569033
0.5   0.66783036172312071
0.5   0.65398804616506401
0.5   0.6938100559349869
0.5   1.4656194366128106
0.5   0.55821624315714824
0.5   0.91354614969579617
0.5   1.4625588167916519
0.5   1.8436223905786027
0.5   2.0198573619526221
0.5   1.5121719418507267
0.5   1.4332715664344509
0.5   1.1074370843060872
0.5   1.4723455735965525
0.5   1.4292506679128911
0.5   1.0654007975501882
0.5   0.73824246095440471
0.5   1.2909412655270813
0.5   0.52110848395835885
0.5   0.5405401103763765
0.5   0.64466381025856312
0.5   0.90087505933478695
0.5   1.4072754311348583
0.5   1.202419954223557
0.5   0.97258638518193274
0.5   1.62320486241078
0.5   2.2308814042475209
0.5   2.3556373672777204
0.5   1.6503805143292554
0.5   1.5697785756488467
0.5   1.9800965470983614
0.5   1.9130905678436569
0.5   1.6455374592845189
0.5   1.7932192249938184
0.5   0.7702505170183962
0.5   1.3352143209538503
0.5   1.6897080049771898
0.5   1.0440945882228583
0.5   1.3493582947203369
0.5   0.62417749308401227
0.5   1.4265486104571772
0.5   0.94161238946750836
0.5   1.0119909206687498
0.5   0.52666699274694673
0.5   1.0895672955743545
0.5   1.1869920947876835
0.5   1.2111161087736249
0.5   1.3531405692629954
0.5   1.483530420528691
0.5   1.1874229025680993
0.5   2.1264597897684125
0.5   1.6100129662910696
0.5   2.285557939903518
0.5   0.54622891805686202
0.5   0.65310186106988111
0.5   1.4646007836521437
0.5   0.74008869992861093
0.5   0.57664522361374626
0.5   0.94604440491334074
0.5   1.462967713701391
0.5   1.3207973876368335
0.5   1.3294874926363092
0.5   0.76267138439588744
0.5   2.0073628980134153
0.5   1.3303889399253426
0.5   1.0884992721964555
0.5   1.6158249376410478
0.5   1.4620686638929761
0.5   1.3927175916681187
0.5   1.0832417770344134
0.5   2.2029626563044635
0.5   1.8355374240955142
0.5   1.5274634103044034
0.5   1.6108344521099087
0.5   2.2932971687090165
0.5   2.4505946749980549
0.5   2.3421169520985816
0.5   3.3197039452532122

1.5   1.506865128317338
1.5   1.5089264357239478
1.5   1.7299375823560115
1.5   1.5218418455783427
1.5   2.3203190344448723
1.5   1.5820517516850088
1.5   1.5188753570547928
1.5   2.4069206416643687
1.5   1.5094126949202882
1.5   2.3479813089392234
1.5   1.6452455152857799
1.5   1.5828985173052939
1.5   1.5461435909631129
1.5   1.551518254626524
1.5   1.6167499114275468
1.5   2.4285209969725106
1.5   1.7271357922643173
1.5   1.8130746764956922
1.5   1.9843760748500352
1.5   1.9350432522677865
1.5   1.9745002371930007
1.5   1.8428660939602204
1.5   1.5683527773179793
1.5   3.1654045068004679
1.5   2.0292419848843215
1.5   2.1127796864145538
1.5   2.368333847746471
1.5   2.1528179973643664
1.5   2.4256947829392104
1.5   2.3074314766740449
1.5   1.7776130645477375
1.5   2.0023602579864321
1.5   2.0310630590065828
1.5   2.125976484907079
1.5   2.2719594533517724
1.5   1.6566172549775096
1.5   2.3495471647288659
1.5   1.601043527280122
1.5   1.5668490786372526
1.5   1.5122066656128985
1.5   1.5302539059378164
1.5   2.4548940741947094
1.5   1.5270384086165301
1.5   1.5799393786532971
1.5   2.3965096647750785
1.5   1.5657683708244856
1.5   2.3730852504145576
1.5   1.6283060632095858
1.5   1.5050045802538028
1.5   1.5987608019154664
1.5   1.9507460088714432
1.5   1.9512139412004954
1.5   1.6918149731848686
1.5   1.9725493631577264
1.5   1.8403138053391008
1.5   1.533508755109124
1.5   2.0548374962467735
1.5   2.0513022848753981
1.5   2.3931777864853609
1.5   2.0496466600052798
1.5   2.0817283762497683
1.5   2.1705358143703557
1.5   2.6344614831697344
1.5   2.4019842313320918
1.5   1.8463222507929018
1.5   1.8600383455706755
1.5   2.1026409321052228
1.5   2.1959843078635228
1.5   2.0720641278216587
1.5   2.1672148159261688
1.5   2.0813267905827737
1.5   2.2880255252087123
1.5   2.2510051890211704
1.5   2.0102236893337211
1.5   1.5126369150940735
1.5   1.529124051405736
1.5   1.5492850044575328
1.5   1.5071620005055895
1.5   1.5488327666316581
1.5   1.6322737413415274
1.5   2.1941241112393084
1.5   1.9445468677544979
1.5   1.7999550964708555
1.5   2.2381510185740288
1.5   1.9299800791763277
1.5   2.3403472597092816
1.5   2.3166783400931839
1.5   1.6068681753260843
1.5   1.5311848190052579
1.5   2.839558158487355
1.5   2.2568655335934604
1.5   2.3117934835586507
1.5   1.5188538928906783
1.5   1.8099346592500165
1.5   2.3883777925545489
1.5   1.6100714700080418
1.5   2.2259747117717437
1.5   1.8621449967732375
1.5   2.3735348324657171
1.5   1.5920462120362342
1.5   1.5550571664817667
1.5   1.8844202890231379
1.5   2.7680100005800425
1.5   2.1608078965676483
1.5   1.5266355974798502
1.5   1.5244063551160667
1.5   2.5089738994320903
1.5   1.5341992677286158
1.5   2.3825024735992848
1.5   1.960226381538829
1.5   1.9746133478420513
1.5   2.1101521961172178
1.5   2.1166486079463627
1.5   1.6493448124849008
1.5   1.5084101680182362
1.5   1.5197582788873616
1.5   1.5093231908509632
1.5   1.5090165200790926
1.5   1.5091590055126178
1.5   1.7479729583043762
1.5   1.7358528333827605
1.5   1.5903740584111787
1.5   2.315384199254868
1.5   2.2417258429824076
1.5   1.5113667521039389
1.5   1.6696592509336505
1.5   1.9505393353395717
1.5   1.8016608464361799
1.5   2.1207388755492169
1.5   2.1590978151077165
1.5   1.5234987540571785
1.5   1.5105505045251495
1.5   1.5155310840818434
1.5   1.9531587458686022
1.5   1.9210463168820087
1.5   1.8763814912505055
1.5   2.029943590908446
1.5   2.0698782802276607
1.5   1.5963274571392931
1.5   3.2615184877591692
1.5   2.4767116947463839
1.5   1.5160413782382958
1.5   1.6874730291519913
1.5   1.5116306698680142
1.5   1.5038079483648104
1.5   1.530979561781006
1.5   1.511256014772123
1.5   1.6140714467668014
1.5   1.5060629140953039
1.5   2.3909613317971834
1.5   1.5137871492492274
1.5   2.48510135253672
1.5   1.5034210931123333
1.5   1.5909823337403459
1.5   1.5647415852167819
1.5   1.5047036754059042
1.5   1.5697840563675047
1.5   2.0248639990112158
1.5   2.0285222986497207
1.5   1.7166789440872106
1.5   1.6533036165899375
1.5   1.7620307045345722
1.5   2.1654689740785025
1.5   1.8305998176189764
1.5   2.4468527527695381
1.5   2.4431680760772472
1.5   2.3320566627698285
1.5   3.3375480652657972

2.5   2.5001909279837156
2.5   2.5001888032460742
2.5   2.5029786902991082
2.5   2.5120566612757314
2.5   2.5096091783160084
2.5   2.6238594561433399
2.5   3.3087219417181046
2.5   2.8118652776638493
2.5   3.2020580291920497
2.5   2.5387888473166744
2.5   2.5694533964794757
2.5   2.5292269019117053
2.5   2.5113054845058693
2.5   2.5029012429627717
2.5   2.501689161297838
2.5   2.5159450567911561
2.5   3.0678018040091062
2.5   2.5068386595247234
2.5   3.0932184281753718
2.5   2.5065258171676219
2.5   2.5679135270487454
2.5   2.6960162292655934
2.5   2.8741124931757289
2.5   2.770117506057296
2.5   2.5041265958083945
2.5   2.5708838479300664
2.5   2.5293475677950328
2.5   2.500617462390041
2.5   2.5024897091802263
2.5   2.5001657846785657
2.5   3.4391170966381783
2.5   2.500956076014432
2.5   2.5464677889770959
2.5   2.5062227216308424
2.5   2.5013936806900139
2.5   3.4818738546917043
2.5   2.5000525128367044
2.5   2.5047726019616028
2.5   2.5001862856282462
2.5   2.5122828191815492
2.5   2.5000812238360823
2.5   2.5009332725285693
2.5   2.5021287655210953
2.5   2.5001662132330407
2.5   2.5001555062911449
2.5   2.7630965036515653
2.5   3.2853522568710858
2.5   2.5000600470886281
2.5   2.500592823288724
2.5   2.5001129990189352
2.5   2.5000800951901287
2.5   2.5002005411291899
2.5   2.5000225469254049
2.5   2.6591220002909743
2.5   2.5002040659849776
2.5   3.3751500070835547

3.5   3.5
3.5   3.5
3.5   3.5
3.5   3.5
3.5   3.4999999999999996
3.5   3.5
3.5   3.5
3.5   3.5

