-2   2
-2   2.0000000000000004
-2   2
-2   2
-2   1.9999999999999996

-1   1.0098837278211961
-1   1.0053376024019602
-1   1.0408665917128863
-1   1.9634482342677027
-1   1.980746511966013
-1   1.0075429547201484
-1   1.0255294213922772
-1   1.0006684196360451
-1   1.0876327003521644
-1   1.9372495594559909
-1   1.0039516596407838
-1   1.0130689708990703
-1   1.9538608303696341
-1   1.000637958891831
-1   1.0710882029220317
-1   1.0028996868653433
-1   1.0003173197023292
-1   1.0338668147866577
-1   1.0000462778027024
-1   1.9777218479251202

0   0.021099679640280478
0   1
0   0.99999999999999933
0   1
0   0.14830886495764606
0   1.5601663466953122
0   0.99999999999999756
0   1.9212560803116672
0   0.99999999999999978
0   1.0000000000000002
0   0.18441711756770374
0   0.99999999999999978
0   0.005682335012901274
0   0.99999999999999933
0   1.9946608808181008
0   1.0000000000000002
0   0.99999999999999933
0   1.5601663466953108
0   1
0   1.0000000000000002
0   0.99999999999999978
0   0.0025932357499759418
0   0.005682335012901274
0   0.99999999999999911
0   0.014773837631372078
0   0.99999999999999978
0   0.12586095521575746
0   1
0   1.0000000000000016
0   1.9687276140050636

1   1.009883727821197
1   1.00533760240196
1   1.0408665917128854
1   1.9634482342677027
1   1.9807465119660148
1   1.0075429547201491
1   1.0255294213922754
1   1.0006684196360456
1   1.0876327003521642
1   1.93724955945599
1   1.0039516596407836
1   1.0130689708990703
1   1.953860830369635
1   1.000637958891831
1   1.0710882029220323
1   1.0028996868653435
1   1.0003173197023287
1   1.0338668147866563
1   1.0000462778027022
1   1.9777218479251202

2   2
2   2.0000000000000004
2   2
2   2
2   1.9999999999999996

