-4   4.0000000000000009
-4   4
-4   4.0000000000000009
-4   4
-4   4.0000000000000009
-4   4
-4   4
-4   4
-4   4

-3   3.0000236105947211
-3   3.0000365210316038
-3   3.0003411123540271
-3   3.0009943295937958
-3   3.0001338704677778
-3   3.0210943447562202
-3   3.0072706727062037
-3   3.8736564908091404
-3   3.0004190278159788
-3   3.1345258566586094
-3   3.871720315941408
-3   3.1463293140578061
-3   3.0010422223073245
-3   3.0001293201543895
-3   3.0046838712871069
-3   3.00032876489324
-3   3.0019409125775485
-3   3.0001514045829216
-3   3.8034408403849644
-3   3.0005695249864446
-3   3.0207086599181343
-3   3.1731032698359374
-3   3.0032887003178113
-3   3.044852511649569
-3   3.0083318466832165
-3   3.0015742494752851
-3   3.7666884832946135
-3   3.0002573420464373
-3   3.2676182227768997
-3   3.0000885474049763
-3   3.0028559006173259
-3   3.0000448559890325
-3   3.001586557905056
-3   3.0028182323181709
-3   3.3046476956368043
-3   3.0023029577357785
-3   3.1463122681422724
-3   3.6066731675678394
-3   3.0049414527823726
-3   3.0053200251653607
-3   3.0663806349196312
-3   3.008145824458186
-3   3.9393423051110723
-3   3.0000675583495662
-3   3.0001289291245361
-3   3.0001798585434365
-3   3.0010709321040712
-3   3.0000750675526744
-3   3.0000108251265849
-3   3.7789793891598213
-3   3.000033853524537
-3   3.264194461909451
-3   3.0000106281081673
-3   3.001741915597774
-3   3.0001134013557276
-3   3.0001432550622962
-3   3.0000050186720935
-3   3.0000212418854355
-3   3.0286711048565622
-3   3.0000108883912802
-3   3.935796508219398
-3   3.0000612890664256
-3   3.0525050599358989
-3   3.000027142617443
-3   3.0000344685295697
-3   3.0001769575669845
-3   3.0000247414656664
-3   3.000059731778363
-3   3.0000162039942189
-3   3.0981028893052036
-3   3.0000656041516187
-3   3.9216883811230536

-2   2.0002849519696206
-2   2.0004567408811429
-2   2.0010150897338255
-2   2.142484508049622
-2   2.0093538986950432
-2   2.890211946443765
-2   2.0030942830010727
-2   2.112513722832162
-2   2.0039776473456477
-2   2.9058624681533951
-2   2.0012928107357948
-2   2.0034042294943379
-2   2.876617498460083
-2   2.1404246159915163
-2   2.0212112413015992
-2   2.0107127598101431
-2   2.0158427379964508
-2   2.0194327677473032
-2   2.0157345678492864
-2   2.8767865839874851
-2   2.1415125482298016
-2   2.0036359271096065
-2   2.0897854354607155
-2   2.9617442020794056
-2   2.7211745021167739
-2   2.7259378391973361
-2   2.031362610161354
-2   2.3005734182707469
-2   2.2424981118549061
-2   2.4516236057513683
-2   2.6979804707832136
-2   2.1132122156859201
-2   3.0562250582497406
-2   2.5712565116096346
-2   2.3293997333947134
-2   2.1224151150611439
-2   2.8676298614322828
-2   2.4749314047244138
-2   2.3032489561555858
-2   3.239154708496887
-2   2.3669672244196072
-2   2.5600371676139093
-2   3.0554182720716003
-2   2.3262032388141876
-2   2.3832320774730062
-2   2.3293027718823582
-2   2.2361693843832011
-2   2.5887703247152296
-2   2.2257235870210481
-2   2.1244619215897615
-2   2.4947950724735657
-2   2.4027643418361806
-2   2.0119141714081379
-2   2.0020143834246409
-2   2.0082366025526706
-2   2.0076301261005489
-2   2.0539759106230959
-2   2.1077210193098437
-2   2.9142715569944975
-2   2.5797982762129421
-2   2.3755620900076848
-2   2.9612243467083514
-2   2.0866762802944394
-2   2.0716969492903301
-2   2.1163841426247298
-2   2.0224017464007509
-2   2.3140203467585438
-2   2.5208316136108353
-2   2.0500252376193275
-2   3.0301801985603438
-2   2.3888701582348078
-2   2.089357223125575
-2   3.260964756116608
-2   2.5364874320637449
-2   2.9261997078605408
-2   2.1216188105573996
-2   2.6975479026246463
-2   2.0472679022243261
-2   2.0822145913605996
-2   2.0597269495609249
-2   2.0971610929603872
-2   2.7228035820676064
-2   2.3044479068720567
-2   2.2651240125838723
-2   2.2509839258556315
-2   2.1965772724736348
-2   2.0630945577202073
-2   2.754372048435842
-2   2.4405309545754292
-2   2.0175045578627024
-2   2.4459393746856231
-2   2.0654003255673401
-2   2.6713504698205073
-2   2.6845461361149963
-2   2.7088643750310792
-2   2.7048259067771587
-2   2.9849306294910316
-2   2.3794912015274416
-2   2.6621900490256154
-2   2.7005941702253029
-2   2.0608836880740751
-2   2.0028025030318615
-2   2.025806111463599
-2   2.0291759107788874
-2   2.0754454195352015
-2   2.2743716421421278
-2   2.140159901970291
-2   2.3142633859021262
-2   2.4840042309184964
-2   2.8138339251290354
-2   2.0318550490709044
-2   2.0058367281636253
-2   2.9832650960323583
-2   2.0145080046038437
-2   2.0074943828354819
-2   2.0039780809781851
-2   2.0135685946746058
-2   2.0281195884348957
-2   2.0632091655556475
-2   2.1560055919496723
-2   2.5124705631817226
-2   2.3561501385117252
-2   2.1442895862843891
-2   2.4407494457373895
-2   2.0734280925537814
-2   2.7489804040871788
-2   2.6524984781634457
-2   3.2650068569535944
-2   2.8433801706328747
-2   2.3030028138765717
-2   3.2340157399710683
-2   2.6815449399683851
-2   2.2942267635271265
-2   2.2822571094832682
-2   2.6916301000001517
-2   2.3487520738211529
-2   2.4120206672017268
-2   2.3190545060273751
-2   2.7304747910175213
-2   2.5975657873524964
-2   3.7524724817327479
-2   2.0170241953652646
-2   2.0026134806862488
-2   2.034508672925524
-2   2.0028004554616805
-2   2.4568814784366739
-2   2.5104188572209472
-2   2.0541356942513649
-2   2.2040973019180585
-2   2.1248925208612102
-2   2.7822957866415772
-2   2.0215575969867099
-2   2.000893164764749
-2   2.9253875616949632
-2   2.663409460561331
-2   2.4128642540297918
-2   2.0925501363566203
-2   2.0042768225376939
-2   2.9925255572122662
-2   2.0082727170073218
-2   2.0009970662981256
-2   2.0049373247816105
-2   2.0077548976097024
-2   2.0109998068494193
-2   2.040312468153318
-2   2.8972482283559287
-2   2.0073777979554803
-2   2.0174449819889264
-2   2.1359195334714416
-2   3.8034573373123655
-2   2.1777668573911861
-2   2.2087756122193456
-2   2.7038227133507684
-2   2.8291681863282636
-2   2.9333849494027242
-2   2.3656778076781015
-2   2.0686013023878056
-2   2.030078486881095
-2   2.07696114816707
-2   2.0618920891471557
-2   2.9582737904471688
-2   2.0004125991491342
-2   2.0050770639133391
-2   2.0009627307878
-2   2.0041917199702382
-2   2.0018199900917382
-2   2.0021009823726001
-2   2.0048748689949614
-2   2.20204650455211
-2   2.1676579244339886
-2   2.6651418498486676
-2   2.681339974476348
-2   2.2012684867533818
-2   2.2068864163189565
-2   2.0307914544318519
-2   2.0261501451542085
-2   2.0014257947529086
-2   2.0125891943584659
-2   2.5596256939838953
-2   2.7705451256235243
-2   2.4288230866713447
-2   2.1720222100231181
-2   2.1029756950912644
-2   2.123370284502113
-2   2.0027844889917947
-2   2.0476007953164137
-2   2.1871929904361673
-2   2.228986512364473
-2   2.1881007360848095
-2   2.7000801628277249
-2   2.8179907258362853
-2   2.001286512745875
-2   2.0163018095378451
-2   2.0406325136252699
-2   3.3950813230662886
-2   2.876362402017254
-2   3.0258956230902032
-2   2.7744334792349954
-2   2.1062996544597095
-2   2.0508698465110755
-2   2.0021927606030445
-2   2.002904005940815
-2   2.0007392818036465
-2   2.0032457840152182
-2   2.0226135110816128
-2   2.0018640778952927
-2   2.9785321171707926
-2   2.0147455956287952
-2   2.0029916381339694
-2   2.9861911180656415
-2   2.0022751681094895
-2   2.0047498297695947
-2   2.0235720130868096
-2   2.0091749009034157
-2   2.0204707018760284
-2   2.0101354131323328
-2   2.8619810717931093
-2   2.0761433398987772
-2   2.1545325735067258
-2   2.0529153824234969
-2   2.0546650881921056
-2   2.4722916105013346
-2   2.4858997302881867
-2   2.1489218884509587
-2   2.1918447897765683
-2   2.7609260232148296
-2   2.201384486452473
-2   2.9714571066552691
-2   2.1642131855072195
-2   2.9606655295620072
-2   2.8729793392886762
-2   3.8795931860650947

-1   1.0261289052262326
-1   1.0772067572014974
-1   1.1282177486427232
-1   1.6410611760657581
-1   1.0551427207995898
-1   1.4472450544104658
-1   1.3938621014153514
-1   1.1292987648499027
-1   1.3623036696191837
-1   1.7063854996035945
-1   1.9127348151293453
-1   1.2276205382746199
-1   1.8763889083097069
-1   1.8119744990175928
-1   2.8382162835742966
-1   1.0324508336563081
-1   1.9383061479952599
-1   1.2592122240367902
-1   1.1124078188937654
-1   2.0590602267984162
-1   1.8646424775160266
-1   2.7919653952459687
-1   1.2776079219347822
-1   1.1181954808580239
-1   1.9042887319311936
-1   1.0214034237954448
-1   1.3757583415290118
-1   2.5868767575620901
-1   1.7434641536660331
-1   2.0781744834620168
-1   1.0562950300201692
-1   1.3534652719394684
-1   1.3646939531796203
-1   1.6096635993995099
-1   1.2698546683513354
-1   1.8298558530792759
-1   1.3604493936999815
-1   1.4267079744786419
-1   1.3901004906759551
-1   1.6538116253090331
-1   1.7776286478388497
-1   1.2620872355704056
-1   1.5995601761373428
-1   1.3381862431984068
-1   1.3960278522784673
-1   2.7455787140006156
-1   1.1233543836482482
-1   1.2406687307175557
-1   1.7576148696863996
-1   1.3567398194869327
-1   1.0969547046086772
-1   1.8676159223454087
-1   1.8079347091954454
-1   1.9129532777506824
-1   1.8749287495573528
-1   1.2633815656042424
-1   2.0293382534277793
-1   2.1513873716282852
-1   2.1115576803278242
-1   2.4066046754032975
-1   2.5167741513062074
-1   1.813766894849226
-1   1.5055159387964743
-1   1.925433284497486
-1   2.5559057282678475
-1   2.7541154824497895
-1   1.8264451323853961
-1   1.7166266375241874
-1   1.6361312929134981
-1   1.9747200022696529
-1   2.3074922300612153
-1   1.8913284499181926
-1   2.1068292722737483
-1   2.553756558909861
-1   1.9375126707743116
-1   1.7165361178890559
-1   1.6878345138872834
-1   1.6167318167912224
-1   1.8230784690272244
-1   1.709982058051466
-1   1.7485459062166697
-1   2.6626763930469006
-1   2.0261745169788923
-1   2.2909791423600132
-1   2.0576160227407989
-1   1.8764849466228952
-1   1.4635568198716795
-1   2.7597231014842936
-1   1.8272752861509862
-1   2.1935494616914126
-1   1.5829822081145051
-1   1.3962903384937948
-1   1.6082057072404963
-1   1.7705673619602122
-1   1.2617204380256757
-1   2.3914543764921796
-1   1.8937844154393724
-1   1.5058240496227486
-1   1.0696073523601473
-1   1.9430767396646371
-1   1.2733495490852171
-1   1.6707881902880022
-1   2.8158652362517471
-1   1.7662451730768436
-1   1.9884028728799583
-1   1.1471142713325786
-1   1.3379581115003638
-1   1.1524508995569749
-1   1.9201451800812439
-1   1.1274376331571854
-1   1.8477343240752817
-1   1.8140074688929979
-1   1.9142714546340831
-1   1.1711760528849231
-1   1.0899994160778961
-1   1.0725761970468453
-1   1.9206008797439948
-1   2.162939534609404
-1   1.9060027900215246
-1   2.2334869434812421
-1   2.1242045312612508
-1   1.6702908879860376
-1   1.5649044054416854
-1   2.4166155030753846
-1   1.6043530467615588
-1   2.5165551338288856
-1   1.4136996626684646
-1   1.2493829880282028
-1   1.8074019028262578
-1   1.8769092437164727
-1   1.7691123194739835
-1   1.5959858575532064
-1   1.8118460777951721
-1   1.5239687773350257
-1   1.5297340301971381
-1   1.7282471316811856
-1   1.3354366898473591
-1   1.433826342185109
-1   1.8344277695597762
-1   2.0775305414391387
-1   1.741388022598243
-1   1.7919775938680758
-1   1.6515661048713866
-1   2.037077879996227
-1   1.842645706094634
-1   2.5548918232544153
-1   2.1185491125887088
-1   2.7564485105943239
-1   1.6296545467210306
-1   2.6369723133782901
-1   1.4597106185942528
-1   2.4184462926269226
-1   1.6595476479735347
-1   1.7106212147759994
-1   1.6324609222250319
-1   1.997887071027034
-1   1.4706501810437544
-1   1.5918976389616155
-1   1.6226645774771087
-1   1.6452782255357583
-1   2.3142021977679361
-1   1.5950983422705964
-1   1.4483022344987311
-1   1.4382317826387514
-1   2.483240144019311
-1   1.6882885170857573
-1   2.1320196436318377
-1   1.2009467381548877
-1   1.5028312506541401
-1   1.7314984073237527
-1   1.420423139115679
-1   1.36991611508627
-1   1.6149069635798226
-1   1.2598016694116287
-1   2.384324199802824
-1   1.5895667567173515
-1   2.2462772382650149
-1   2.1004713965732309
-1   1.8497343816042755
-1   2.1951375265139399
-1   1.8672064351743147
-1   1.9551139681869407
-1   1.1424374158096633
-1   1.7446130869425756
-1   1.7431686724389901
-1   1.0646845869238981
-1   2.0834548432493469
-1   2.2166638086796739
-1   1.2561652001549128
-1   3.0912817063555864
-1   1.79494052692892
-1   1.5250079181195968
-1   2.6839020364076482
-1   1.2291367875219152
-1   2.5741356781568032
-1   1.6583789572108163
-1   2.3385858485387083
-1   2.7022046604876548
-1   1.9213303800210531
-1   1.1508839913984334
-1   1.4277372859908783
-1   1.6454779259794141
-1   1.0613222515088734
-1   1.9270030670258871
-1   1.0617103226576197
-1   1.6631394375844746
-1   1.2259377543580254
-1   1.2627951458527553
-1   1.573799330056135
-1   1.2224465131107172
-1   1.9665750255996053
-1   1.7341760464455178
-1   2.0417908045938256
-1   1.8739468348517838
-1   1.3391888314519449
-1   1.5099725446492651
-1   1.7842354840701624
-1   1.4017388287251396
-1   2.2834728876716177
-1   1.4979696674056155
-1   2.1690876412228235
-1   1.8661484884252451
-1   2.0002216210680652
-1   1.9865360198564597
-1   1.2576035201317755
-1   1.3046364039890612
-1   1.2568818669975257
-1   1.8622521179908
-1   2.0601059555373067
-1   2.0549234698085708
-1   1.8688263074885292
-1   1.2192713023667276
-1   1.1735077156289331
-1   1.6853973174920314
-1   1.6974064308891492
-1   1.4669545788802578
-1   1.6840419203888297
-1   1.6620034235035788
-1   1.4938776859095992
-1   1.3540644316498291
-1   1.9111205529006772
-1   2.0596181665419282
-1   1.8544165335442364
-1   2.1670021504430736
-1   1.7230174780169079
-1   1.8474306770218836
-1   2.4203230218608347
-1   1.8688072783179863
-1   2.2586874278044493
-1   1.6181178488889478
-1   2.5204260500710221
-1   2.4660523950032291
-1   2.2374742708233271
-1   2.6772497663799548
-1   1.5699265579449024
-1   1.942026522782005
-1   3.2582846867377753
-1   2.1722672259149602
-1   1.6761718333437075
-1   2.4465015836921111
-1   1.6340318140274293
-1   1.5181253720471886
-1   2.1272764097494683
-1   2.3322657798404696
-1   1.6562927557667422
-1   1.5653683579837816
-1   1.7295113846149164
-1   2.3551978091449177
-1   2.5628440379192305
-1   2.035130016007217
-1   2.3704064550271426
-1   1.5432821339594098
-1   3.8040340692591368
-1   1.0851433152954819
-1   1.9394375253609626
-1   1.1095793848958349
-1   1.2216987512559621
-1   1.0622057835533547
-1   1.7658216469672423
-1   1.1377380512991797
-1   1.3157509938481406
-1   1.7477350592892367
-1   1.9163381686082932
-1   1.2125727363731609
-1   1.3449349636398127
-1   2.0442329912861519
-1   1.5602317062962827
-1   2.6074893152595524
-1   1.4864748400777941
-1   1.6868508748213107
-1   1.9560952023174076
-1   1.7764971476604363
-1   2.9153937925704256
-1   1.2606615209275227
-1   1.9820542558698722
-1   1.0134713124685009
-1   1.0278847815419714
-1   1.6833563581345437
-1   1.0066980268339221
-1   1.4309386600477918
-1   1.0463899401355603
-1   1.7759667066653444
-1   1.7967831654727031
-1   2.2512337609206203
-1   2.4239040816494204
-1   1.8726703339993613
-1   2.0909077674415952
-1   1.5878607735251511
-1   1.9773283427110853
-1   1.9741020281275889
-1   1.166735339875856
-1   1.5024684861155677
-1   2.2458089582834808
-1   1.9308159035264727
-1   1.8381340304983924
-1   1.1913135683100831
-1   1.3463991347905295
-1   1.7917369438860415
-1   1.889056886372817
-1   1.8105308429464908
-1   2.0326086461049266
-1   1.9067801883158011
-1   1.1357001156724338
-1   2.4877325108495381
-1   1.1468048570232228
-1   1.8370905097746806
-1   2.0574782487376231
-1   1.8253218273018015
-1   1.1540268718589508
-1   1.2401269738367655
-1   1.4210184337319036
-1   1.4303894888116415
-1   3.6055228632854446
-1   1.2239536294429987
-1   1.6096697123584303
-1   1.3996036379899854
-1   1.4134567880586484
-1   2.3989369156895162
-1   1.3381411837798907
-1   1.6258465915672562
-1   1.9940937657496387
-1   2.7107668798667621
-1   2.0554433045272038
-1   1.6660934836720571
-1   1.3122877276369378
-1   2.0680761960479765
-1   1.9752600426665365
-1   1.7481614665488396
-1   1.9910089062177749
-1   1.3151338757883773
-1   1.6778710173562268
-1   1.0540988967197871
-1   1.1052022868078974
-1   1.5457433046267339
-1   1.8256585732147523
-1   2.8622132842374937
-1   1.7376919462128244
-1   1.0197107938967203
-1   1.3326538090198756
-1   1.8154066262638953
-1   1.8739938245071048
-1   1.7310244467180302
-1   1.3195909574564806
-1   1.0127663634515953
-1   1.590236321581604
-1   1.9162069110731528
-1   1.985848408850845
-1   1.0061370087870134
-1   1.0044837393629598
-1   1.0375957324400193
-1   1.4054724394665825
-1   1.0300560177592395
-1   1.6852192248410218
-1   2.2478626283689134
-1   2.1690242997053515
-1   1.4023720931518602
-1   1.3166910826372333
-1   1.2996638738169932
-1   1.3262021526815133
-1   2.5466639678706176
-1   2.6425886034683397
-1   1.0625018391164618
-1   1.1526390615772284
-1   1.7355522860298778
-1   1.7758296473049811
-1   1.9239576890655519
-1   1.2647159818834035
-1   1.1880570666884391
-1   1.2332492400502213
-1   1.8274888559757754
-1   1.8758261242524696
-1   1.8706607458429407
-1   1.0618873285368777
-1   1.0284483783284137
-1   1.0779255353215145
-1   1.0525479902756893
-1   1.028252070953946
-1   1.9729650160420165
-1   1.5259813987844328
-1   2.2777134769323673
-1   2.2346952518271448
-1   1.5879625507828652
-1   2.1973453620752732
-1   1.8142782987589579
-1   1.4702572176401734
-1   1.9097171278781788
-1   1.1769854399235398
-1   1.5559891942936908
-1   1.3736721338942628
-1   1.0093878988982512
-1   1.0135432306923993
-1   1.0173940659086917
-1   1.9900138276637556
-1   1.0337375326044507
-1   1.8312741017962608
-1   1.0605503862710595
-1   1.9794184577995755
-1   1.0341166053018358
-1   1.1332066364316575
-1   1.3842713176353334
-1   2.4633961598454053
-1   2.2641500268715737
-1   2.4205977537326304
-1   2.6668007618203071
-1   1.684621130143277
-1   1.5482139602920424
-1   2.0262344643260808
-1   2.0732715951821694
-1   1.5499059611765653
-1   1.5576354193602442
-1   1.3770777880638767
-1   1.9891911096318253
-1   1.2404013903704878
-1   1.7671144139774086
-1   3.0894436633252891
-1   2.3857867724444328
-1   1.2515015230654778
-1   2.8157748144100414
-1   1.8447519822376295
-1   1.8372551727554636
-1   1.7186031418159176
-1   1.3825352936932618
-1   1.0968047723308814
-1   1.968067450226255
-1   1.0189043831814752
-1   1.0248617373250211
-1   1.2217392483278957
-1   1.1940799512405236
-1   1.8125440752178763
-1   1.7941407349286536
-1   1.0937156878767555
-1   1.1104583711640672
-1   1.1215338781265243
-1   1.9702476600562475
-1   1.6400747949015138
-1   1.5449617300313614
-1   1.821169280135114
-1   1.9774700713286255
-1   1.330863853688208
-1   2.4801548918203391
-1   1.8616332648748033
-1   1.9565505315967298
-1   2.9199585876279315
-1   1.0145514124213799
-1   1.030903018575239
-1   1.0118851185339477
-1   1.9045493228939145
-1   1.0369100993338243
-1   1.1404793617840416
-1   1.1581661775798919
-1   1.0867595892312911
-1   1.8253525861412134
-1   1.1964505290548915
-1   1.2028523140831837
-1   1.1033226894708652
-1   1.8493599244700807
-1   1.208568330378847
-1   1.8082295091182896
-1   1.9440397189927805
-1   1.9271041536331754
-1   1.2413026703929679
-1   1.1007518128575144
-1   2.7269191687157646
-1   1.6387320299920494
-1   1.9471142250575264
-1   1.1598227835830153
-1   1.8155623758048609
-1   1.7492470912230638
-1   1.3335767269898178
-1   1.9929087562835526
-1   2.4208995580387391
-1   2.0021638369524624
-1   1.3160897877232571
-1   2.0487329769718943
-1   1.9929403506670238
-1   1.3912071144568743
-1   2.5695734968838253
-1   2.4034693194647883
-1   2.021007615049534
-1   2.8834100790436179
-1   2.0483653294862849
-1   2.9492984709986749
-1   2.8421382222279159
-1   3.8628321274178328

0   0.034782577341243681
0   1.0025763031510766
0   0.710581874024939
0   1.042419066532887
0   1.002758686487442
0   1.2032400587823389
0   1.0147818303466114
0   0.17000591921595154
0   1.4948250558369314
0   1.0504743120143378
0   1.0031980120915165
0   1.9970858812025187
0   0.6137669613183494
0   1.0283886477726902
0   1.0039342568836735
0   1.6818780903785555
0   1.2762339553023292
0   1.9604804838439218
0   1.7719124374698132
0   2.8039706784649927
0   1.0018655545916071
0   1.6495047831423331
0   1.0032476601092979
0   1.0117673314001492
0   1.1250805631354319
0   1.8893205262319324
0   1.8878153644100872
0   2.7933166758517833
0   0.5561071977710923
0   1.2160411304458358
0   1.094591978597564
0   1.807224644792091
0   0.31801732791718385
0   1.1012453404606604
0   1.0022333218012733
0   0.69269989291221945
0   2.6789570809702732
0   0.073714202732959588
0   1.8754775129883106
0   1.6271344670247929
0   1.4301029673590295
0   1.0023354881884294
0   0.80191975791496062
0   1.9493010368679347
0   1.0024408173245403
0   1.101103615583348
0   1.9935781185378523
0   1.1088386065204197
0   0.26565254517490722
0   1.6925558135144398
0   1.011631884931967
0   1.3504230132410455
0   1.9427141058211119
0   1.9436052599184581
0   1.0366855623104483
0   0.92534423689483081
0   1.5033222653572729
0   0.32102656956138931
0   1.0166711525199799
0   2.415045581005419
0   1.0693820929821753
0   0.92528893615375152
0   1.6105342860370762
0   1.0316186559638123
0   1.0343677484288898
0   1.5254188418336443
0   1.1476054854540008
0   1.8199318673657463
0   2.2892615951510105
0   1.167613575313698
0   1.3474108208778341
0   1.0277709490054361
0   0.83307681598998595
0   1.809821013507285
0   1.6237246495508155
0   2.7303945176300433
0   1.7756002486265068
0   1.1437068701442916
0   1.0408283888917118
0   2.0344903025609256
0   2.4621708924878782
0   1.7098630074732242
0   1.6571811876532032
0   3.3329893597500493
0   1.9549455198179353
0   1.849654527425582
0   1.2078015463855194
0   1.940363370883309
0   1.4789791358994273
0   2.3329979082469978
0   1.6401409720654438
0   1.2817747487818696
0   2.097192631415099
0   1.7600332759808821
0   1.6865852853949224
0   1.7163561261871569
0   2.0709175406479128
0   0.65504317190049388
0   2.2824310615417023
0   1.2777717303418528
0   1.9744120134779797
0   1.2076543295273308
0   1.8112000657337037
0   2.3011215252201818
0   1.3654723103619977
0   1.7443444555635663
0   1.4680959783716281
0   1.6442291005414122
0   2.4368462773822359
0   1.6815568734681356
0   1.6316251297651236
0   1.6690090583872585
0   1.4257034138460103
0   1.9937557708070428
0   1.9517788574020174
0   1.2430065978679139
0   1.5120112011561608
0   1.6258006283698414
0   1.0945941754208799
0   1.1622352723470508
0   1.8539275879607904
0   2.4797550002191624
0   1.3599059310155515
0   1.7375936136237744
0   0.60046418981607674
0   1.1787911825896267
0   2.6980881083337866
0   1.3379980228151704
0   1.1065500298646374
0   1.3987659389606502
0   1.5645921377076797
0   1.0138364146336742
0   1.2483014610312229
0   1.344697782550335
0   0.4668257125970009
0   1.0331042629273346
0   1.0458077436258386
0   1.6355319215919799
0   1.0062641900608191
0   1.972327172188892
0   1.9576068597712681
0   1.3256144257687541
0   1.0215266409541639
0   1.1288495017049394
0   1.5983080436420436
0   1.0067194672191506
0   0.20994297645811189
0   1.8941385904441392
0   1.8877039064619692
0   2.4943295985563032
0   1.7497821519537937
0   1.9312097026952149
0   0.71742330238671359
0   2.0814203236817796
0   1.5292895923597354
0   1.8530648663455573
0   1.9196086671197419
0   0.65012124369072177
0   2.2678593035798214
0   0.65713110098005512
0   1.6462418995788326
0   1.1990391705260912
0   1.1388617860340433
0   1.1118839874536173
0   1.9464344609010231
0   1.7784842341235274
0   1.873040340759379
0   1.1461010236603657
0   1.2552338345186445
0   1.1287607236788122
0   1.3807521781688321
0   1.4972241515038669
0   1.8361776736258175
0   2.2375995211725095
0   1.7072525399187954
0   1.6097278194055784
0   1.174114280700109
0   1.9134535758927873
0   2.1920550190952617
0   1.3727146536929729
0   1.2231818467936331
0   0.9923926348035661
0   2.4731893328238499
0   2.502202193159405
0   1.2228927714509716
0   1.8042897857195697
0   2.7223711200941323
0   2.0200096232858047
0   1.9457527947443558
0   1.0435880981612577
0   1.498870163304683
0   1.5996722398677465
0   1.0821032211972077
0   1.7086786707856385
0   1.5492314984451787
0   1.1645426326000037
0   1.6463373102046699
0   1.8851144035236636
0   2.0516314173727044
0   1.4382409569653762
0   1.6778738075806459
0   1.1940110632785641
0   1.572264145136486
0   1.1800991876640292
0   1.3571676029912336
0   1.6656621538574718
0   0.44421787263292523
0   2.2852511603783001
0   2.0212554568017702
0   1.108045992672867
0   1.2229894622677124
0   1.536209653080673
0   1.3989252621473645
0   1.5260363408732243
0   1.074461113027988
0   2.1316218659329191
0   1.9653974907610836
0   0.78700464318756813
0   1.8910167255162733
0   1.4143789993708105
0   1.1842094456159726
0   1.3451162311356133
0   1.9145577852737832
0   1.5635009625179572
0   1.5638597075725014
0   1.6748937079221862
0   1.9270500366359511
0   2.0975660122971584
0   1.7474777555629637
0   1.008674240590987
0   1.0334123439572989
0   1.023528163689978
0   0.72343377295365086
0   1.9847641819441533
0   2.0107158259185249
0   1.9630449458788881
0   1.7797671298140365
0   0.2655179410186993
0   2.358371720053984
0   2.4377485521583289
0   1.5562384226629211
0   1.5564200475706524
0   2.2372310504834609
0   2.3343266248840484
0   1.0527678265792384
0   2.4063809433361465
0   2.3645007723205405
0   1.0484091968748439
0   0.88257228499381091
0   1.9574320662175859
0   1.0140846731804283
0   0.084418674445847386
0   1.0136015038446728
0   0.74232297672690883
0   1.3905646044661577
0   1.9512775136059082
0   1.0197142938236263
0   1.0070728317334232
0   1.9728271556601618
0   1.0789380460818305
0   1.926163310257706
0   1.320771251510831
0   1.310618655908339
0   1.1940574586580981
0   1.0178223885827384
0   1.3064330554887598
0   1.3043811891041261
0   1.1940628074422988
0   1.0887536858368103
0   1.3394645401274492
0   1.0225730937064108
0   1.2485275193088625
0   1.1068679497880261
0   1.6232075001998663
0   2.2095815856485155
0   2.627286291552676
0   0.9380888193421395
0   1.0491960923656984
0   1.9480123300645511
0   1.9516020159701744
0   1.3810843671469082
0   0.58980182770919254
0   1.01297596679194
0   1.8175817033597461
0   1.4725064718849898
0   1.9802796808083376
0   2.383722858336891
0   1.3986381696585473
0   1.8794628916141027
0   1.0113635352321131
0   1.0194594425586789
0   0.84175282915561556
0   1.2757931898002932
0   1.9666456013506903
0   1.8099916500114479
0   1.6257782339675932
0   1.6692037249938272
0   1.0486117040874225
0   1.0785225645092245
0   1.5684983419028504
0   1.0443073271968559
0   1.8256225254135297
0   1.8541588527696971
0   1.7470863022780967
0   1.3848105747032999
0   1.9114907287739684
0   1.7051457102698397
0   1.8642989279129205
0   1.9037094139394375
0   2.57750019891848
0   1.0674935811499005
0   2.2623237945882257
0   2.3431230341729492
0   1.917225681170295
0   2.8715649368784244
0   1.2079818665333999
0   3.2513538124746955
0   2.0330158412043913
0   1.9333101386754636
0   2.8059813105647189
0   1.5758859048445104
0   1.8720200183367792
0   1.3369878533420518
0   0.52664860283112924
0   1.5240352736267568
0   1.0651558246542217
0   2.3559186281077875
0   1.9284537051351305
0   1.9549691963696736
0   2.0675741939012582
0   1.3003951102614917
0   2.5837639852779639
0   2.4332262474232444
0   1.9812004495636462
0   1.9320026610024192
0   1.0775681054420068
0   0.4470101993551322
0   3.8473985305968466
0   1.0159775195913532
0   1.0226629730679204
0   1.9319739179714848
0   0.3366005499223309
0   1.0408265516370012
0   1.001445730658133
0   1.8713305742549622
0   1.0138678021179484
0   0.22013664197974947
0   1.3073154367639248
0   1.0433160421318253
0   1.4972833761427238
0   1.834978461171703
0   0.48373216018255627
0   1.0752619834114809
0   1.0594825051238166
0   1.8995933093455304
0   2.1657320509738907
0   1.3759229275323712
0   2.1655793394775338
0   1.7875614062271206
0   1.0113340822439911
0   0.77938618496683421
0   1.4936339671860419
0   1.705928429554513
0   2.9546990916152507
0   1.0043935862106252
0   1.6159020947669616
0   0.94873710735201566
0   1.0132782379817107
0   1.0182521305547754
0   0.87435232477163893
0   1.0042292023628279
0   1.6513261152773882
0   1.0043007696198603
0   1.0699494729819803
0   1.4586597297086976
0   1.4429570618620617
0   1.7630353141829587
0   1.8030913949009459
0   1.7909582144860563
0   1.6694840811068863
0   2.0233775662346849
0   2.4936683391742567
0   1.6135157677275105
0   0.96215658183220154
0   0.99389062067450329
0   1.0016903803388963
0   1.0632502826959689
0   1.3314240608949752
0   2.8335501029084704
0   1.837420969334731
0   1.7814005656683181
0   1.3103432325434423
0   1.3298712413745795
0   1.0049426825800225
0   1.0126263895571401
0   1.981225302181695
0   1.9939269232509513
0   1.3979499441826984
0   1.7711056827324825
0   1.0021782581313512
0   2.8368478620498361
0   0.67119307203724432
0   0.27623365491287266
0   1.0272192356535264
0   1.7682607008617288
0   1.4955371356834752
0   1.0037358957253966
0   1.991305878866573
0   1.0596016674671174
0   1.7187204932183078
0   0.71076937406557161
0   3.3953477584653848
0   1.4838584625927282
0   1.4949066676914315
0   1.1737279535188891
0   2.1194123483721783
0   1.4713650397259459
0   1.0217311527785016
0   1.1461076252270379
0   1.4610056464076981
0   0.80185558092400688
0   2.5506660922504278
0   1.1583738853500751
0   1.056011215654181
0   1.4543426446748198
0   1.3730058560365233
0   1.4964753468192287
0   1.5781021003544247
0   1.7817885579260651
0   2.3975169649163481
0   2.169978406262814
0   2.1627293467729727
0   1.166831688930912
0   1.2937748435871428
0   0.65910681642911251
0   0.61156645552646216
0   1.6228976878730981
0   1.9961962022654154
0   1.3384846916719997
0   1.007389104962984
0   1.0050228639029499
0   2.6460622723560041
0   1.774432302270089
0   1.0102327894508123
0   1.0027546723386036
0   0.70554840993577872
0   0.40033263279917919
0   1.0040521588654603
0   1.9822711682351981
0   1.9770081436477795
0   1.9960049166547136
0   1.0009790282969602
0   1.0035876456708961
0   1.9833294073117891
0   1.9170494798118152
0   1.0045699875897058
0   1.0007142968529867
0   0.05178581307283403
0   1.0397909963931113
0   0.028483928617064502
0   0.056307939438155818
0   0.52233992243648886
0   1.0361217580418933
0   1.0046910666633964
0   1.8345457445307449
0   0.30691622834315657
0   1.9463527854829392
0   2.949065193742042
0   2.8833895520607724
0   1.8952060955915786
0   1.032562184405093
0   1.0008610826677666
0   1.0841595118440939
0   1.9928700397248327
0   1.9255076599048309
0   1.0075752831865519
0   1.0152542317065305
0   1.0372207568141505
0   1.4760129131096273
0   1.0843530366491161
0   1.0347014329923925
0   1.9355251717922788
0   0.51290442140128034
0   1.0025064753351058
0   1.0026021576550601
0   1.9811091412665709
0   1.9387882375300456
0   1.0661735974666235
0   0.3079019023384566
0   1.0280282842809647
0   1.0053937502165622
0   0.23631342871633632
0   1.0091217075502728
0   0.077020262903571446
0   1.0099565992839696
0   0.85733817866533912
0   0.17730337328824819
0   1.3390482652998028
0   0.25575648988043242
0   1.6353475929499228
0   2.5774094660925329
0   1.9349727648756359
0   1.8080168973781889
0   2.1509897377648524
0   1.6028413517175149
0   0.38149460368352373
0   1.9842314413933231
0   1.9791854347234241
0   1.1407360713618877
0   1.0384006681396618
0   1.1004874809197294
0   0.058553563069719594
0   0.066514969993717199
0   1.0044450571183812
0   1.0037751644167197
0   0.59049608999114289
0   1.0042961032860485
0   1.7987887544009036
0   1.0191725883220448
0   0.93010850236062548
0   1.0090151589335163
0   1.9674462120698761
0   1.2033228253493844
0   1.6358207286099469
0   1.0405447385527899
0   0.56954362398514524
0   1.0070644862538636
0   2.7322013519300516
0   1.9373248421089651
0   2.7960990385478706
0   1.8162481134599662
0   0.82308279386689143
0   1.0203039415724089
0   1.8754701723638725
0   1.8671289680869241
0   1.3166902577768211
0   1.2033667284747185
0   0.55186737405379849
0   1.9133576695928989
0   2.6073889585201351
0   1.8935101004332857
0   1.5879286493950504
0   1.1629096291823402
0   0.46732866311701338
0   1.2322377035081262
0   2.1141399627527386
0   1.9591845000003274
0   3.0848885338607466
0   1.4965139272043313
0   1.4236377449408415
0   1.9586529423291443
0   1.9953524584252547
0   1.0176381483339121
0   1.3170649560241718
0   1.0822878641484726
0   1.9341677362237819
0   0.054777662031629704
0   1.0046947200118364
0   1.0049230274018628
0   0.26675535528686511
0   0.47722807275637202
0   1.0055212672370442
0   1.0045888480812541
0   1.1265122768215856
0   1.7932671323661333
0   1.8806078549584422
0   1.536522491234019
0   1.0072369599366042
0   1.1822476440111338
0   1.0236475177625761
0   1.8938985679517071
0   1.6789328043962555
0   1.0321658431745431
0   1.006682262417907
0   1.1353965378680722
0   1.4255099019818769
0   2.8539928310521838
0   1.9679298029648731
0   1.8373131615024834
0   0.058718592313306783
0   2.9161666390048167
0   1.0009212337678246
0   0.10331078526329063
0   1.0077556104291201
0   1.0018918569485336
0   0.13481290270627133
0   1.9866063278569341
0   1.0159122871100488
0   0.10982061806111187
0   1.0195119553574199
0   1.0179394969768878
0   0.35595992044847746
0   1.0109442927788583
0   1.9852431234915269
0   1.1469919169120084
0   1.0336889293926927
0   1.0137186502998021
0   1.9058518447631099
0   0.4443144333661031
0   1.0493629380693101
0   1.9343748985753351
0   1.7949530803348388
0   1.9482043170011005
0   0.44098870187371741
0   1.1005174417940939
0   2.7774152050853496
0   1.0188518248648
0   0.8248831151035052
0   1.9935972544158007
0   1.0384366015744297
0   1.3314139570050916
0   1.8913762103168268
0   1.9913584935306106
0   1.0789124580221121
0   1.8760796390261687
0   2.3012144573298365
0   0.90251562378543659
0   2.1513821902120847
0   1.0689588073622955
0   1.952785662502186
0   1.8669924998729628
0   1.3189086280922571
0   2.9357637331098276
0   2.0365367321241266
0   1.9858090978542489
0   2.8483313185647465
0   2.0316184806695738
0   2.9544511948281187
0   2.8463151839770444
0   3.8559228724950181

1   1.0261289052262499
1   1.0772067572014843
1   1.1282177486426677
1   1.6410611760656506
1   1.0551427207996515
1   1.4472450544105906
1   1.3938621014153214
1   1.1292987648499695
1   1.3623036696191497
1   1.7063854996035426
1   1.912734815129332
1   1.2276205382746677
1   1.8763889083096768
1   1.8119744990176327
1   2.8382162835743148
1   1.0324508336563158
1   1.9383061479951036
1   1.2592122240369861
1   1.1124078188941371
1   2.05906022679829
1   1.8646424775160333
1   2.7919653952459842
1   1.2776079219346077
1   1.1181954808580268
1   1.9042887319311963
1   1.021403423795443
1   1.3757583415288541
1   2.5868767575623468
1   1.7434641536662108
1   2.0781744834621043
1   1.0562950300201375
1   1.3534652719389415
1   1.3646939531795996
1   1.6096635993995321
1   1.2698546683512657
1   1.8298558530793936
1   1.3604493936999873
1   1.4267079744785132
1   1.3901004906759469
1   1.6538116253090478
1   1.7776286478388497
1   1.2620872355704782
1   1.5995601761376816
1   1.3381862431984106
1   1.3960278522780476
1   2.7455787140006223
1   1.1233543836482465
1   1.2406687307176798
1   1.7576148696863205
1   1.3567398194868738
1   1.0969547046086712
1   1.8676159223454527
1   1.8079347091954139
1   1.9129532777506992
1   1.8749287495574083
1   1.2633815656042597
1   2.0293382534278637
1   2.1513873716283025
1   2.1115576803277993
1   2.4066046754038557
1   2.5167741513054667
1   1.8137668948492487
1   1.5055159387965422
1   1.9254332844975668
1   2.5559057282692494
1   2.7541154824485718
1   1.8264451323851674
1   1.7166266375244943
1   1.6361312929142016
1   1.9747200022690374
1   2.3074922300612837
1   1.8913284499178924
1   2.1068292722737252
1   2.5537565589096483
1   1.9375126707744119
1   1.716536117889397
1   1.6878345138871858
1   1.6167318167909919
1   1.8230784690268687
1   1.709982058051585
1   1.7485459062168469
1   2.6626763930470729
1   2.0261745169787932
1   2.2909791423601913
1   2.0576160227407434
1   1.8764849466235787
1   1.4635568198718349
1   2.7597231014838277
1   1.8272752861508388
1   2.19354946169141
1   1.5829822081145428
1   1.3962903384938472
1   1.6082057072404425
1   1.7705673619600932
1   1.2617204380257228
1   2.3914543764920118
1   1.8937844154393906
1   1.5058240496230093
1   1.0696073523601668
1   1.9430767396646087
1   1.2733495490851923
1   1.6707881902879174
1   2.8158652362517653
1   1.7662451730769071
1   1.9884028728799366
1   1.1471142713325757
1   1.3379581115003623
1   1.1524508995569698
1   1.9201451800812479
1   1.1274376331576297
1   1.8477343240749939
1   1.8140074688930032
1   1.9142714546339921
1   1.1711760528850461
1   1.0899994160779021
1   1.072576197046865
1   1.9206008797439806
1   2.1629395346094582
1   1.9060027900214793
1   2.2334869434813349
1   2.1242045312611268
1   1.670290887986011
1   1.5649044054416326
1   2.4166155030755014
1   1.6043530467614682
1   2.5165551338289256
1   1.4136996626684712
1   1.2493829880279819
1   1.8074019028264399
1   1.8769092437164683
1   1.7691123194739853
1   1.5959858575531132
1   1.8118460777952348
1   1.5239687773350545
1   1.529734030197075
1   1.7282471316811825
1   1.3354366898474033
1   1.4338263421851194
1   1.8344277695597597
1   2.0775305414391303
1   1.7413880225982337
1   1.7919775938680571
1   1.6515661048713683
1   2.0370778799962337
1   1.8426457060947019
1   2.5548918232544326
1   2.1185491125886831
1   2.7564485105943137
1   1.6296545467211008
1   2.6369723133782901
1   1.4597106185942552
1   2.418446292626919
1   1.6595476479734801
1   1.7106212147760074
1   1.6324609222250519
1   1.9978870710269914
1   1.4706501810436818
1   1.591897638961723
1   1.6226645774771393
1   1.6452782255357645
1   2.3142021977678642
1   1.5950983422706
1   1.4483022344987309
1   1.4382317826387803
1   2.4832401440192444
1   1.6882885170858302
1   2.1320196436318493
1   1.2009467381548971
1   1.5028312506541579
1   1.73149840732377
1   1.4204231391156845
1   1.3699161150862686
1   1.6149069635797941
1   1.2598016694114411
1   2.3843241998028413
1   1.5895667567174772
1   2.2462772382649945
1   2.1004713965732544
1   1.8497343816042622
1   2.195137526513943
1   1.8672064351743409
1   1.9551139681869349
1   1.1424374158096491
1   1.7446130869425867
1   1.7431686724390074
1   1.0646845869238928
1   2.0834548432486089
1   2.2166638086796548
1   1.2561652001559742
1   3.0912817063555735
1   1.7949405269289334
1   1.5250079181195746
1   2.6839020364076229
1   1.2291367875218733
1   2.5741356781567442
1   1.6583789572124172
1   2.3385858485388185
1   2.7022046604866121
1   1.9213303800210846
1   1.1508839913983973
1   1.4277372859906436
1   1.6454779259796259
1   1.0613222515088718
1   1.9270030670258853
1   1.0617103226576363
1   1.6631394375844875
1   1.225937754357991
1   1.2627951458527857
1   1.5737993300561262
1   1.2224465131106828
1   1.9665750255996013
1   1.7341760464455063
1   2.04179080459385
1   1.8739468348517909
1   1.3391888314519971
1   1.509972544649278
1   1.7842354840700869
1   1.4017388287251911
1   2.2834728876718819
1   1.4979696674052128
1   2.1690876412228328
1   1.866148488425257
1   2.0002216210680639
1   1.9865360198564224
1   1.2576035201317712
1   1.3046364039891023
1   1.2568818669974882
1   1.8622521179907947
1   2.0601059555372445
1   2.0549234698086578
1   1.8688263074885345
1   1.219271302366715
1   1.1735077156289291
1   1.6853973174920398
1   1.6974064308891541
1   1.4669545788802123
1   1.6840419203888808
1   1.6620034235035881
1   1.4938776859095904
1   1.3540644316498298
1   1.9111205529006723
1   2.0596181665418847
1   1.8544165335443208
1   2.1670021504431167
1   1.7230174780168466
1   1.8474306770218498
1   2.4203230218608844
1   1.8688072783180365
1   2.2586874278044253
1   1.6181178488888892
1   2.5204260500709363
1   2.4660523950031914
1   2.237474270823355
1   2.6772497663799908
1   1.569926557945486
1   1.9420265227815596
1   3.2582846867377588
1   2.1722672259149407
1   1.6761718333437092
1   2.4465015836921236
1   1.6340318140274066
1   1.5181253720471686
1   2.1272764097494283
1   2.3322657798405104
1   1.6562927557668141
1   1.5653683579837687
1   1.7295113846149359
1   2.3551978091449475
1   2.5628440379191728
1   2.0351300160072197
1   2.3704064550271182
1   1.5432821339594058
1   3.8040340692591483
1   1.0851433152954812
1   1.9394375253609586
1   1.1095793848958384
1   1.2216987512559456
1   1.0622057835533558
1   1.7658216469672467
1   1.1377380512991901
1   1.3157509938481584
1   1.7477350592892429
1   1.9163381686082719
1   1.212572736373164
1   1.3449349636398196
1   2.0442329912861457
1   1.5602317062962721
1   2.6074893152595582
1   1.4864748400777679
1   1.6868508748213027
1   1.9560952023174329
1   1.7764971476604186
1   2.9153937925704221
1   1.2606615209275489
1   1.9820542558698646
1   1.0134713124685015
1   1.0278847815419763
1   1.6833563581345499
1   1.0066980268339223
1   1.4309386600477856
1   1.0463899401355623
1   1.7759667066653568
1   1.7967831654727235
1   2.2512337609206416
1   2.4239040816493889
1   1.8726703339992663
1   2.0909077674416099
1   1.5878607735251897
1   1.9773283427111368
1   1.9741020281275907
1   1.1667353398758173
1   1.5024684861155886
1   2.2458089582834768
1   1.9308159035264931
1   1.8381340304983644
1   1.1913135683100784
1   1.3463991347905087
1   1.7917369438860602
1   1.8890568863728321
1   1.8105308429464877
1   2.032608646104928
1   1.9067801883157989
1   1.1357001156724291
1   2.4877325108495381
1   1.146804857023227
1   1.8370905097747174
1   2.057478248737628
1   1.8253218273017988
1   1.154026871858872
1   1.2401269738367724
1   1.4210184337319101
1   1.4303894888116508
1   3.6055228632854526
1   1.2239536294429831
1   1.609669712358444
1   1.3996036379900572
1   1.4134567880586932
1   2.3989369156895215
1   1.3381411837799313
1   1.6258465915672251
1   1.9940937657496076
1   2.7107668798667799
1   2.0554433045271998
1   1.6660934836721131
1   1.3122877276368485
1   2.0680761960479344
1   1.975260042666521
1   1.7481614665485217
1   1.9910089062177803
1   1.315133875788381
1   1.6778710173565172
1   1.0540988967197864
1   1.1052022868075724
1   1.5457433046268636
1   1.8256585732147568
1   2.8622132842375816
1   1.7376919462128404
1   1.0197107938967198
1   1.3326538090198561
1   1.81540662626383
1   1.8739938245071732
1   1.7310244467181795
1   1.3195909574563833
1   1.0127663634516204
1   1.5902363215815107
1   1.9162069110731728
1   1.985848408850825
1   1.0061370087870156
1   1.0044837393629591
1   1.0375957324400151
1   1.4054724394665981
1   1.0300560177592528
1   1.6852192248410112
1   2.2478626283689382
1   2.1690242997052946
1   1.4023720931518719
1   1.316691082637206
1   1.2996638738169521
1   1.3262021526814154
1   2.5466639678706491
1   2.6425886034684187
1   1.0625018391164545
1   1.1526390615773303
1   1.7355522860299675
1   1.7758296473049966
1   1.9239576890654293
1   1.2647159818834421
1   1.1880570666884804
1   1.2332492400502855
1   1.8274888559757603
1   1.8758261242524989
1   1.8706607458428182
1   1.0618873285368648
1   1.0284483783284033
1   1.0779255353215311
1   1.0525479902756709
1   1.0282520709539154
1   1.9729650160419996
1   1.5259813987844644
1   2.2777134769323855
1   2.2346952518272829
1   1.5879625507828581
1   2.1973453620755095
1   1.8142782987587238
1   1.4702572176398438
1   1.9097171278782437
1   1.1769854399235553
1   1.5559891942937001
1   1.3736721338942797
1   1.0093878988982494
1   1.0135432306924088
1   1.0173940659087017
1   1.9900138276637622
1   1.0337375326044351
1   1.8312741017962906
1   1.0605503862710439
1   1.9794184577996803
1   1.0341166053018913
1   1.1332066364315145
1   1.3842713176352839
1   2.4633961598454763
1   2.2641500268714938
1   2.4205977537326215
1   2.6668007618203196
1   1.6846211301432898
1   1.5482139602921232
1   2.0262344643260635
1   2.073271595181962
1   1.5499059611766395
1   1.5576354193608735
1   1.3770777880633467
1   1.9891911096318502
1   1.2404013903705047
1   1.7671144139796602
1   3.0894436633237352
1   2.3857867724444302
1   1.2515015230655664
1   2.8157748144100014
1   1.8447519822378231
1   1.8372551727556288
1   1.7186031418155965
1   1.3825352936933093
1   1.0968047723308996
1   1.9680674502262452
1   1.0189043831814719
1   1.0248617373250353
1   1.2217392483278537
1   1.19407995124056
1   1.8125440752176991
1   1.7941407349283165
1   1.0937156878773402
1   1.1104583711643818
1   1.1215338781262212
1   1.9702476600563186
1   1.6400747949015337
1   1.5449617300312668
1   1.821169280135138
1   1.9774700713286384
1   1.3308638536884763
1   2.4801548918203413
1   1.8616332648746119
1   1.9565505315967391
1   2.9199585876279173
1   1.0145514124213793
1   1.0309030185752135
1   1.0118851185339472
1   1.9045493228939452
1   1.0369100993338407
1   1.1404793617839937
1   1.1581661775799115
1   1.0867595892314572
1   1.8253525861412281
1   1.1964505290545726
1   1.2028523140831064
1   1.103322689470958
1   1.8493599244702308
1   1.2085683303787622
1   1.8082295091182621
1   1.9440397189928125
1   1.9271041536332563
1   1.2413026703929628
1   1.1007518128574123
1   2.7269191687155754
1   1.6387320299923114
1   1.9471142250576805
1   1.1598227835824961
1   1.815562375805245
1   1.7492470912231535
1   1.3335767269893057
1   1.9929087562835193
1   2.4208995580384371
1   2.002163836953025
1   1.3160897877232198
1   2.0487329769718734
1   1.9929403506668981
1   1.3912071144568841
1   2.569573496884392
1   2.4034693194643384
1   2.0210076150495362
1   2.8834100790435748
1   2.0483653294864546
1   2.9492984709986247
1   2.8421382222279381
1   3.8628321274177599

2   2.0002849519696211
2   2.0004567408811416
2   2.001015089733825
2   2.1424845080496393
2   2.0093538986950432
2   2.8902119464437481
2   2.0030942830010692
2   2.1125137228321731
2   2.0039776473456463
2   2.905862468153388
2   2.0012928107357921
2   2.0034042294943366
2   2.8766174984600728
2   2.1404246159915203
2   2.021211241301601
2   2.0107127598101453
2   2.0158427379964401
2   2.0194327677473054
2   2.0157345678492837
2   2.876786583987514
2   2.1415125482297794
2   2.003635927109606
2   2.0897854354607124
2   2.9617442020793976
2   2.7211745021167824
2   2.7259378391972224
2   2.0313626101613655
2   2.3005734182708975
2   2.2424981118549043
2   2.4516236057513057
2   2.6979804707832069
2   2.1132122156859157
2   3.0562250582497601
2   2.5712565116095241
2   2.3293997333948542
2   2.1224151150611439
2   2.8676298614323201
2   2.4749314047243374
2   2.3032489561555525
2   3.2391547084969194
2   2.3669672244197026
2   2.5600371676139253
2   3.0554182720715675
2   2.3262032388141503
2   2.3832320774729587
2   2.3293027718824226
2   2.2361693843831887
2   2.5887703247152039
2   2.2257235870210579
2   2.1244619215897869
2   2.494795072473512
2   2.4027643418362339
2   2.0119141714081388
2   2.0020143834246418
2   2.0082366025526688
2   2.007630126100548
2   2.053975910623119
2   2.1077210193098304
2   2.9142715569944753
2   2.5797982762129243
2   2.3755620900077181
2   2.9612243467083474
2   2.086676280294447
2   2.0716969492903319
2   2.1163841426247125
2   2.022401746400758
2   2.3140203467585585
2   2.520831613610826
2   2.050025237619328
2   3.0301801985602919
2   2.388870158234766
2   2.0893572231256314
2   3.2609647561166319
2   2.5364874320637063
2   2.9261997078607065
2   2.1216188105572731
2   2.6975479026246392
2   2.0472679022243252
2   2.0822145913605983
2   2.0597269495609427
2   2.0971610929603699
2   2.7228035820675878
2   2.3044479068720753
2   2.2651240125838714
2   2.2509839258556283
2   2.1965772724736325
2   2.0630945577202073
2   2.7543720484358398
2   2.4405309545755545
2   2.0175045578627073
2   2.4459393746855063
2   2.0654003255673392
2   2.6713504698205153
2   2.6845461361150216
2   2.708864375031081
2   2.7048259067771472
2   2.9849306294910458
2   2.3794912015274261
2   2.6621900490256092
2   2.7005941702252918
2   2.0608836880740697
2   2.002802503031861
2   2.0258061114636017
2   2.0291759107788887
2   2.0754454195352006
2   2.2743716421421247
2   2.1401599019702928
2   2.3142633859023749
2   2.4840042309182646
2   2.8138339251290367
2   2.0318550490709057
2   2.0058367281636245
2   2.9832650960323606
2   2.0145080046038459
2   2.007494382835481
2   2.0039780809781864
2   2.0135685946746058
2   2.0281195884348944
2   2.0632091655556408
2   2.1560055919496484
2   2.5124705631817199
2   2.3561501385117438
2   2.1442895862843829
2   2.4407494457373873
2   2.073428092553784
2   2.7489804040871553
2   2.6524984781634871
2   3.2650068569535291
2   2.8433801706329391
2   2.3030028138765686
2   3.2340157399710749
2   2.6815449399683779
2   2.2942267635271345
2   2.2822571094832784
2   2.6916301000001615
2   2.3487520738211356
2   2.4120206672016793
2   2.3190545060274323
2   2.7304747910175506
2   2.5975657873524862
2   3.7524724817327364
2   2.017024195365265
2   2.0026134806862501
2   2.0345086729255231
2   2.0028004554616783
2   2.456881478436673
2   2.5104188572209454
2   2.0541356942513622
2   2.2040973019180603
2   2.1248925208612137
2   2.7822957866415825
2   2.021557596986709
2   2.000893164764749
2   2.9253875616949601
2   2.6634094605614047
2   2.4128642540297149
2   2.0925501363566341
2   2.0042768225376939
2   2.9925255572122644
2   2.0082727170073231
2   2.0009970662981247
2   2.00493732478161
2   2.0077548976097006
2   2.0109998068494188
2   2.0403124681533207
2   2.8972482283559242
2   2.0073777979554821
2   2.0174449819889255
2   2.13591953347145
2   3.803457337312401
2   2.1777668573911462
2   2.2087756122193554
2   2.7038227133507551
2   2.829168186328257
2   2.93338494940273
2   2.3656778076781082
2   2.0686013023878225
2   2.0300784868810786
2   2.0769611481670553
2   2.0618920891471566
2   2.9582737904471661
2   2.0004125991491373
2   2.0050770639133444
2   2.0009627307878008
2   2.0041917199702417
2   2.0018199900917404
2   2.0021009823725988
2   2.0048748689949627
2   2.2020465045521282
2   2.167657924434006
2   2.6651418498487018
2   2.6813399744762236
2   2.2012684867533254
2   2.2068864163190698
2   2.0307914544318777
2   2.0261501451541926
2   2.0014257947529073
2   2.0125891943584659
2   2.5596256939841089
2   2.7705451256240319
2   2.4288230866711067
2   2.1720222100225328
2   2.1029756950912852
2   2.1233702845020743
2   2.0027844889917943
2   2.0476007953164159
2   2.187192990436222
2   2.228986512364453
2   2.1881007360847482
2   2.7000801628277324
2   2.8179907258363066
2   2.0012865127458808
2   2.0163018095378384
2   2.0406325136253005
2   3.3950813230663384
2   2.8763624020171936
2   3.0258956230901402
2   2.7744334792349608
2   2.1062996544598098
2   2.0508698465110453
2   2.0021927606030414
2   2.0029040059408141
2   2.0007392818036478
2   2.0032457840152174
2   2.0226135110816497
2   2.0018640778952936
2   2.9785321171707753
2   2.0147455956288027
2   2.0029916381339699
2   2.9861911180656429
2   2.0022751681094952
2   2.0047498297696009
2   2.0235720130867771
2   2.0091749009034539
2   2.0204707018760195
2   2.0101354131323426
2   2.8619810717930982
2   2.0761433398987976
2   2.1545325735067409
2   2.0529153824234885
2   2.0546650881921327
2   2.4722916105009256
2   2.485899730288561
2   2.1489218884508774
2   2.1918447897764497
2   2.7609260232149522
2   2.2013844864524046
2   2.9714571066552731
2   2.1642131855071107
2   2.9606655295620357
2   2.8729793392887255
2   3.8795931860651676

3   3.0000236105947216
3   3.0000365210316042
3   3.0003411123540267
3   3.0009943295937949
3   3.0001338704677778
3   3.0210943447562166
3   3.0072706727062064
3   3.8736564908091697
3   3.0004190278159797
3   3.1345258566585841
3   3.8717203159414195
3   3.1463293140577946
3   3.0010422223073263
3   3.0001293201543895
3   3.0046838712871078
3   3.0003287648932404
3   3.0019409125775494
3   3.0001514045829221
3   3.80344084038496
3   3.000569524986445
3   3.020708659918133
3   3.1731032698359485
3   3.0032887003178099
3   3.0448525116495642
3   3.0083318466832165
3   3.0015742494752855
3   3.7666884832946144
3   3.0002573420464391
3   3.2676182227769162
3   3.0000885474049652
3   3.0028559006173268
3   3.0000448559890334
3   3.0015865579050582
3   3.0028182323181718
3   3.3046476956367998
3   3.0023029577357785
3   3.1463122681422755
3   3.6066731675678403
3   3.0049414527823717
3   3.0053200251653625
3   3.0663806349196325
3   3.008145824458186
3   3.9393423051110732
3   3.0000675583495666
3   3.0001289291245374
3   3.0001798585434356
3   3.0010709321040703
3   3.0000750675526753
3   3.0000108251265867
3   3.7789793891598222
3   3.0000338535245379
3   3.2641944619094567
3   3.0000106281081669
3   3.0017419155977754
3   3.000113401355728
3   3.0001432550622971
3   3.0000050186720948
3   3.0000212418854368
3   3.0286711048565573
3   3.0000108883912802
3   3.9357965082193793
3   3.000061289066426
3   3.0525050599359305
3   3.000027142617443
3   3.0000344685295697
3   3.0001769575669841
3   3.0000247414656664
3   3.0000597317783635
3   3.0000162039942211
3   3.0981028893052236
3   3.0000656041516192
3   3.9216883811230376

4   4.0000000000000009
4   4
4   4.0000000000000009
4   4
4   4.0000000000000009
4   4
4   4
4   4
4   4

