-1.5   1.4999999999999998
-1.5   1.5
-1.5   1.4999999999999996
-1.5   1.5

-0.5   0.53932252081837362
-0.5   0.50000000000000022
-0.5   1.4941856705530114
-0.5   0.49999999999999989
-0.5   1.4768957586339013
-0.5   0.51062318712624144
-0.5   1.5000000000000009
-0.5   0.5
-0.5   0.5058289403348033
-0.5   0.55558615775185083
-0.5   0.50000000000000022
-0.5   1.4717003191576852

0.5   0.53932252081837428
0.5   0.50000000000000022
0.5   1.4941856705530134
0.5   0.5
0.5   1.4768957586339004
0.5   0.51062318712624144
0.5   1.5000000000000013
0.5   0.50000000000000022
0.5   0.5058289403348033
0.5   0.55558615775185083
0.5   0.49999999999999989
0.5   1.4717003191576852

1.5   1.4999999999999998
1.5   1.5
1.5   1.4999999999999996
1.5   1.5

