-3   3.0000000000000004
-3   3.0000000000000004
-3   3.0000000000000004
-3   2.9999999999999996
-3   3.0000000000000004
-3   3.0000000000000004
-3   2.9999999999999996

-2   2.0000144578452415
-2   2.0013348280012178
-2   2.001766712105959
-2   2.004199461546476
-2   2.0102433629009049
-2   2.9611178325671128
-2   2.0026408114754957
-2   2.0434276870247694
-2   2.9401769828491702
-2   2.0671259292368815
-2   2.0046651850568291
-2   2.0274292553582298
-2   2.0014809640610016
-2   2.3819133959715422
-2   2.0003950724840962
-2   2.0002728628330448
-2   2.1556854115647566
-2   2.5412077857296729
-2   2.0125114350208797
-2   2.0006696318759558
-2   2.9508362432166906
-2   2.039157592949199
-2   2.0005426090839959
-2   2.0207090861212946
-2   2.0000004916147494
-2   2.993814858172331
-2   2.0000863324901514
-2   2.0018462772026777
-2   2.0000432502009251
-2   2.0001760853172765
-2   2.0051387454053193
-2   2.0001529994331402
-2   2.9422955475756103
-2   2.0000760962812008
-2   2.0735985829095931
-2   2.0000105694743735
-2   2.0002189913380017
-2   2.0011107379785407
-2   2.0000104720868217
-2   2.0701533659446447
-2   2.0000567298575271
-2   2.9479376863386428

-1   1.0046800902409754
-1   1.0649967169403916
-1   1.0067616389689156
-1   1.9557604275515783
-1   1.0083217175609946
-1   1.9873336945895814
-1   1.0119635770817743
-1   1.0504207928961515
-1   1.9680416358007262
-1   1.0242337997314903
-1   1.0844777842901863
-1   1.5892873863171451
-1   1.9414291276325772
-1   1.5270263625410894
-1   2.063959815289337
-1   2.2364838899908066
-1   1.396923504079989
-1   1.1667022180299249
-1   1.4038366601333814
-1   1.6947332008242015
-1   1.6642641397439886
-1   2.5913423237896693
-1   1.2114178904481454
-1   1.8904513447424485
-1   1.9068889332566985
-1   1.7389164785112512
-1   1.1146324668595118
-1   1.0274817834484931
-1   1.0026385119221712
-1   1.9989012142274838
-1   1.0390630660741527
-1   1.5030378949108245
-1   1.525567646374856
-1   1.6880944257055046
-1   1.785809033990776
-1   1.9033131864117805
-1   1.52618406473636
-1   1.3464407299861314
-1   1.5250379949561061
-1   1.6410276197311497
-1   1.7207870519914419
-1   1.2967737380340347
-1   1.7538843720581925
-1   1.8894108771742726
-1   1.0140082729589071
-1   1.08796376356068
-1   1.6983380897469074
-1   1.427957599926311
-1   1.0407265360371702
-1   1.9429155014604524
-1   2.9440439700780496
-1   1.0233833068905136
-1   2.0012854005583671
-1   1.3465429760549217
-1   1.5813847467289532
-1   1.8023715983866291
-1   1.5331688690578318
-1   1.5010893236563168
-1   1.9745945412479933
-1   1.6156335328473892
-1   2.3873652736741557
-1   1.0021169066716689
-1   1.0433993880874721
-1   1.6222367256555001
-1   1.4992919535650777
-1   1.0023277097907444
-1   1.9741486147786413
-1   1.0032304041341791
-1   1.0177345159096012
-1   1.1362854571238292
-1   1.6796817791036727
-1   1.8711362246618299
-1   1.2624851659664833
-1   1.0697460705965296
-1   1.2191669532015355
-1   1.982560669795995
-1   1.9853283324018296
-1   1.0296227494102506
-1   1.0067148877965417
-1   1.042644193242257
-1   2.4487845708224709
-1   1.757331682974002
-1   1.0018322657444039
-1   2.0417134987329884
-1   1.3288294480444942
-1   1.8185087028161968
-1   1.0165805342383181
-1   1.004971116945957
-1   1.0021488256846267
-1   1.0064122375659896
-1   1.9962174146806038
-1   1.020413483718031
-1   1.0069162909059408
-1   1.9818530130313219
-1   1.0187261473322546
-1   1.0122733246904845
-1   1.0524524854004194
-1   1.8408521088120331
-1   1.2092160543493022
-1   1.1672854550941623
-1   1.9442507323163358
-1   1.119863855617665
-1   1.9879559438918371
-1   1.9438386504492979
-1   2.9360503954749482

0   0.01236066748607334
0   1.0017523331832403
0   0.33902433702178214
0   1.0021626926289373
0   1.0016708966068002
0   1.9042652157462334
0   1.0011459797410229
0   1.9935329912367985
0   1.0016705094028477
0   0.42625390864119328
0   0.025613887240204525
0   1.0014657976500481
0   1.0192030117909472
0   1.875725600352796
0   0.022496585036193895
0   1.0042921108213221
0   1.2794655487094828
0   1.9911962913799006
0   1.3246571991035747
0   1.4590081144762421
0   1.4709695281406279
0   2.4264852919411228
0   1.0060985142520005
0   1.9634879892048276
0   1.2031080504794243
0   1.3633524806394761
0   1.0973273919487998
0   2.3314573935047069
0   1.2950869749184235
0   0.41290422337008903
0   1.0285244419913535
0   1.8976578087217253
0   1.8406302683470073
0   1.9522280109368548
0   0.30504271815225503
0   1.0000845785827321
0   0.068029748247476984
0   1.0015392041206139
0   1.014483185735539
0   1.9383969542722057
0   1.0013918520176168
0   0.24933577967090759
0   1.3021882813872476
0   1.3022096928049085
0   1.0104724181387215
0   0.84516160825895859
0   1.0004422077064512
0   1.1588308855798877
0   0.98582969196478443
0   2.0275087846392519
0   1.9515052129458339
0   1.001607532518876
0   1.2370941364687225
0   1.5063055800212379
0   1.202188076778248
0   1.6320314866248746
0   1.4894039728293866
0   1.8749372874774042
0   1.4166428804964111
0   1.0041927923566349
0   0.058343093557025605
0   1.9890090843375581
0   1.0053495392454326
0   1.0410844876315481
0   1.0380896115420695
0   1.9906744645922494
0   1.0009350125368013
0   0.65667918753615684
0   2.9581461047971449
0   1.781857024369081
0   1.0003108595673624
0   1.9886441626265698
0   1.9930320104683021
0   1.0126551541215765
0   0.015164213210350885
0   0.051998942442986085
0   1.3038865646612123
0   1.3037357779235397
0   1.0002233956588076
0   2.8062263153858686
0   1.3026248028802818
0   1.0932284516877682
0   1.9994664581257879
0   1.0020643901758037
0   1.0000813933746888
0   1.000028984331927
0   1.9972513581785218
0   0.0045644327268472562
0   1.0016323820738677
0   0.25117844337890205
0   1.0005988966382204
0   0.096742282671046786
0   1.000943566600186
0   0.095221843960693109
0   1.9364074321102285
0   1.9675418750112952
0   1.0001068515490676
0   1.0002153409727952
0   1.0028838259987412
0   1.9908118407288735
0   1.9860963516101897
0   1.0220310381830588
0   1.0001300587932629
0   0.097803964951417299
0   0.053869432021804609
0   1.0074801626388421
0   2.719226054430159
0   1.4077893750465904
0   0.063700694939290647
0   1.0003497931486585
0   1.1456874689700249
0   1.000389108350173
0   1.9816959878218539
0   1.502929796957142
0   0.061787681646652159
0   0.013962359369721011
0   1.0001323776996938
0   1.0047309939287834
0   1.0005290128800617
0   1.0028598804873825
0   0.93221923951853247
0   0.04957579596168582
0   1.0000208171195073
0   1.6138229371610509
0   1.0033727252287505
0   1.9835564664732632
0   0.01403473561834212
0   1.0000939046166109
0   0.16772442606675075
0   1.0000297881659068
0   1.0053755949336549
0   1.9996009689429717
0   1.0293057827892591
0   0.33177360229693376
0   1.0000111207104445
0   1.9341490301074131
0   1.1156490618855954
0   1.9960496507904564
0   1.9421732062171273
0   2.9308809046243987

1   1.0046800902409756
1   1.0649967169403902
1   1.0067616389689147
1   1.9557604275515801
1   1.0083217175609915
1   1.9873336945895796
1   1.011963577081773
1   1.0504207928961282
1   1.9680416358007413
1   1.0242337997314883
1   1.0844777842901849
1   1.5892873863171451
1   1.9414291276325781
1   1.5270263625411142
1   2.0639598152892815
1   2.2364838899908475
1   1.3969235040799881
1   1.1667022180299362
1   1.4038366601333954
1   1.6947332008241949
1   1.6642641397439992
1   2.5913423237896893
1   1.2114178904481043
1   1.8904513447424174
1   1.9068889332567038
1   1.7389164785112587
1   1.1146324668595096
1   1.0274817834484911
1   1.0026385119221723
1   1.9989012142274829
1   1.0390630660741531
1   1.503037894910833
1   1.5255676463748542
1   1.6880944257055042
1   1.7858090339907746
1   1.9033131864117574
1   1.5261840647363663
1   1.3464407299861556
1   1.5250379949561226
1   1.6410276197311351
1   1.7207870519914223
1   1.2967737380340423
1   1.753884372058196
1   1.8894108771742792
1   1.0140082729589059
1   1.0879637635606789
1   1.6983380897468972
1   1.4279575999263219
1   1.0407265360371722
1   1.9429155014604547
1   2.9440439700780514
1   1.0233833068905134
1   2.0012854005583658
1   1.346542976054923
1   1.5813847467289546
1   1.8023715983866331
1   1.5331688690578331
1   1.5010893236562874
1   1.9745945412479933
1   1.6156335328474163
1   2.3873652736741575
1   1.0021169066716689
1   1.0433993880874717
1   1.6222367256555006
1   1.4992919535650737
1   1.002327709790745
1   1.9741486147786347
1   1.0032304041341789
1   1.0177345159096005
1   1.1362854571238405
1   1.6796817791036829
1   1.8711362246618188
1   1.2624851659664673
1   1.0697460705965338
1   1.2191669532015412
1   1.9825606697959928
1   1.9853283324018265
1   1.0296227494102472
1   1.0067148877965406
1   1.0426441932422554
1   2.4487845708224909
1   1.7573316829739989
1   1.0018322657444041
1   2.0417134987329653
1   1.3288294480444973
1   1.8185087028161968
1   1.0165805342383192
1   1.0049711169459565
1   1.0021488256846265
1   1.0064122375659919
1   1.9962174146806029
1   1.0204134837180405
1   1.0069162909059346
1   1.9818530130313108
1   1.018726147332252
1   1.0122733246904856
1   1.0524524854005093
1   1.8408521088119598
1   1.2092160543493427
1   1.167285455094113
1   1.9442507323163656
1   1.1198638556176133
1   1.9879559438918526
1   1.9438386504493064
1   2.9360503954749513

2   2.0000144578452415
2   2.0013348280012178
2   2.0017667121059577
2   2.0041994615464751
2   2.010243362900904
2   2.9611178325671137
2   2.0026408114754992
2   2.0434276870247694
2   2.9401769828491711
2   2.0671259292368815
2   2.00466518505683
2   2.0274292553582298
2   2.0014809640610021
2   2.3819133959715453
2   2.0003950724840962
2   2.0002728628330448
2   2.1556854115647912
2   2.5412077857296405
2   2.0125114350208793
2   2.0006696318759554
2   2.950836243216691
2   2.0391575929491998
2   2.0005426090839964
2   2.0207090861212955
2   2.0000004916147494
2   2.9938148581723301
2   2.0000863324901519
2   2.0018462772026777
2   2.000043250200926
2   2.000176085317277
2   2.0051387454053202
2   2.0001529994331402
2   2.9422955475756143
2   2.0000760962812003
2   2.07359858290959
2   2.0000105694743731
2   2.0002189913380022
2   2.0011107379785407
2   2.0000104720868221
2   2.07015336594465
2   2.0000567298575267
2   2.9479376863386384

3   3.0000000000000004
3   3.0000000000000004
3   3.0000000000000004
3   2.9999999999999996
3   3.0000000000000004
3   3.0000000000000004
3   2.9999999999999996

