-3   3.0000000000000004
-3   3.0000000000000004
-3   3.0000000000000004
-3   2.9999999999999996
-3   3.0000000000000004
-3   3.0000000000000009
-3   3.0000000000000004

-2   2.0000529349215461
-2   2.0030014926527442
-2   2.0041396627489974
-2   2.0073688305716777
-2   2.0220913471376343
-2   2.9129617822000995
-2   2.004430752662111
-2   2.0974760958778331
-2   2.8982196399955678
-2   2.0101955959370126
-2   2.1066358749684424
-2   2.0798085566929569
-2   2.0031875378728774
-2   2.320528685441229
-2   2.0012012497086222
-2   2.0006399992942772
-2   2.1537970172322254
-2   2.5551419132889177
-2   2.0302646029755782
-2   2.0017690359919023
-2   2.9182951407700113
-2   2.0463572856887375
-2   2.0011764709782627
-2   2.0454338247619588
-2   2.0000023796213333
-2   2.9859199118062842
-2   2.0001915517116751
-2   2.0042554657069571
-2   2.0000917235974827
-2   2.0003780784735774
-2   2.0115459578617512
-2   2.0003583587377975
-2   2.8996823420464715
-2   2.0001720628200101
-2   2.1231878237005901
-2   2.0000240784423093
-2   2.0004770807709376
-2   2.001747790498543
-2   2.0000155956058072
-2   2.1254209365991903
-2   2.0001375906805583
-2   2.9054859014434973

-1   1.0138445781765746
-1   1.1209057199435408
-1   1.0130889662916454
-1   1.9120057377259561
-1   1.0219796174663809
-1   1.9714721976189984
-1   1.0250943461454567
-1   1.2061459789558573
-1   1.8617304866727049
-1   1.0615614298705067
-1   1.1679626432754062
-1   1.5030157648758293
-1   1.8829362622118206
-1   1.6108223857585471
-1   2.1813125336790788
-1   1.5022471396689832
-1   2.0021158961937657
-1   1.2576413868905312
-1   1.4908465097163179
-1   2.1120635488364745
-1   1.830235559408147
-1   1.6839519004584949
-1   1.2675747609609702
-1   2.161455744755441
-1   1.8219011617186807
-1   1.7384778389834636
-1   1.2009945661805737
-1   1.0536984359678185
-1   1.0056244077985794
-1   1.9964402716329213
-1   1.1246679263444133
-1   1.4782888397414289
-1   1.4660796759051069
-1   1.6651299480866233
-1   1.7758205927148274
-1   1.921999437241527
-1   1.528797008006701
-1   1.3651598253162978
-1   1.5150981033739739
-1   1.6444454378125104
-1   1.7126471035105202
-1   1.2983986165511956
-1   1.746821884133285
-1   1.8922740739443111
-1   1.034802500228039
-1   1.16398198487294
-1   1.5653993837647469
-1   1.5916503772358088
-1   1.0627431976179862
-1   1.8899781113940386
-1   2.8969762559755945
-1   1.0623849471838587
-1   1.871464465270896
-1   1.4840012517938093
-1   1.5923584025868536
-1   1.7675481891542391
-1   1.6111183850291115
-1   1.916746482909133
-1   1.9599672096659666
-1   1.1149044965005879
-1   2.3901370724262825
-1   1.0056076519571993
-1   1.0740146484924105
-1   1.5134150264056068
-1   1.5710483787303211
-1   1.0573339164613178
-1   1.9561119443297836
-1   1.006870295627277
-1   1.037545195983566
-1   1.6086252566612274
-1   1.7653446419449561
-1   1.19018702712513
-1   1.1802190608271013
-1   1.1710064934127775
-1   1.4017671344425502
-1   1.9620907946106874
-1   1.9675687158345578
-1   1.0194997826558241
-1   1.076888977737227
-1   1.5771152469721272
-1   1.7051891315587371
-1   1.665057115834871
-1   2.3892353912669466
-1   1.0047095476676804
-1   1.3846410471756481
-1   1.8279639706042392
-1   1.0167545753902767
-1   1.0095477111677109
-1   1.0049672253122115
-1   1.0147769217893134
-1   1.9897039288278719
-1   1.0478581942325174
-1   1.0181372534718143
-1   1.9565041526360654
-1   1.0415826523376743
-1   1.034069023384055
-1   1.1233743822117135
-1   1.6022970529066018
-1   1.4475919823146914
-1   1.2442584912508561
-1   1.9277447708662514
-1   1.1815407617770468
-1   1.9792681232742733
-1   1.8968601484006467
-1   2.8946549958415635

0   0.036729605014460209
0   1.0055172754638375
0   0.53992401623725828
0   1.0034285760346409
0   1.0054645968798741
0   1.8135609642573689
0   1.0022317409777259
0   1.9850942135281593
0   1.0057794302839422
0   0.60458356127197033
0   0.060354546341300219
0   1.0034097688606949
0   1.0360863327007548
0   1.7974757240120143
0   0.04815108371235044
0   1.0122250252076956
0   1.3162589891359404
0   1.9736608743306245
0   1.2932837019269403
0   1.8447695595057909
0   1.0189475028866675
0   2.3319397340415935
0   1.0021686216940866
0   1.3873728677018171
0   1.9257265289705559
0   1.8880329059353973
0   1.4440208138173902
0   1.1839839166286614
0   1.3153999639715526
0   0.92264394887171486
0   2.1664885925594572
0   1.0594163134365295
0   1.5340469216912993
0   1.9183527433488221
0   0.51182095464206845
0   1.0002421989970456
0   1.0034471218630181
0   0.12649774249387191
0   1.0311916441306275
0   1.8382535450781967
0   1.0031067207993207
0   1.3018279823402283
0   1.3019190520281798
0   0.51967198516557755
0   1.0136955650297443
0   0.84854034433332859
0   1.0009840507996399
0   1.1555819735476449
0   0.98780866040880477
0   2.0312099422649688
0   1.9514350428140599
0   1.003588925128412
0   1.2222241458808103
0   1.5044103522111718
0   1.2050362022814385
0   1.6384584688098216
0   1.4842374129698133
0   1.8696205818818714
0   1.4136785618657539
0   1.0099433400449547
0   0.12410024510147122
0   1.9708574668185128
0   1.0135335587562786
0   1.0885708546658284
0   1.0573781393577506
0   1.9785803721865682
0   1.0025843074365515
0   0.78280189070670536
0   2.9202018728672252
0   1.7230129260087583
0   1.0005272818647328
0   1.9808625699486719
0   1.9829809148042217
0   1.0238137544345556
0   1.2995788405088926
0   1.3054768723277803
0   0.057486601279022942
0   0.10431439969333234
0   1.0004798061287956
0   2.7590308829289225
0   1.3030274965078459
0   1.1759994909348157
0   1.9987939511788086
0   1.0047542469177584
0   1.0001992126438666
0   1.9941416947931758
0   1.0000799482039098
0   0.010526837668977218
0   1.0038382181479686
0   0.48008226927389785
0   1.0013075712418606
0   0.1537618299847523
0   1.0019140292982085
0   0.24782178057751225
0   1.8541404144251366
0   1.9248413292513766
0   1.0003423292297273
0   1.0003781131990053
0   1.0083500673359365
0   1.9786488301760929
0   1.9649367745754613
0   1.0546193412764575
0   1.000272364440526
0   0.27725263535525912
0   0.11751554137622544
0   1.066766738635597
0   1.5918346682372388
0   2.4696077270654007
0   0.16613466959906187
0   1.000726877965463
0   0.81796183058361582
0   1.0009185007490651
0   1.9490543070956834
0   1.7857105542675247
0   0.084456068068711865
0   0.034580962344114896
0   1.0004227334558629
0   1.0107193389138083
0   1.0010428787444297
0   1.0061654477046427
0   0.95989246631297465
0   0.10902669785567443
0   1.0089754826555617
0   1.0001853962612031
0   1.6006194296253149
0   1.9595806961516344
0   0.031831264952227434
0   1.0003211528266611
0   0.35214584953835648
0   1.0184647884263605
0   1.0000707555512784
0   1.9990557783587106
0   0.42319060540086206
0   1.0586647821859922
0   1.0000245943223383
0   1.882644993164623
0   1.1658483425877408
0   1.9908089399914983
0   1.9118544723321884
0   2.8844361824802625

1   1.0138445781765753
1   1.1209057199435488
1   1.0130889662916451
1   1.9120057377259507
1   1.0219796174663776
1   1.9714721976190015
1   1.0250943461454578
1   1.2061459789558902
1   1.8617304866726787
1   1.0615614298705069
1   1.1679626432754082
1   1.5030157648758413
1   1.8829362622118193
1   1.6108223857585435
1   2.1813125336790766
1   1.5022471396689792
1   2.0021158961937657
1   1.2576413868905312
1   1.4908465097162924
1   2.1120635488363622
1   1.8302355594082704
1   1.6839519004585068
1   1.2675747609609869
1   2.1614557447554521
1   1.8219011617186678
1   1.7384778389834583
1   1.2009945661805832
1   1.0536984359678214
1   1.0056244077985792
1   1.9964402716329199
1   1.1246679263444119
1   1.4782888397414278
1   1.4660796759051076
1   1.665129948086626
1   1.7758205927148296
1   1.921999437241531
1   1.528797008006709
1   1.3651598253162764
1   1.5150981033739854
1   1.6444454378125037
1   1.7126471035105251
1   1.2983986165511903
1   1.7468218841332814
1   1.8922740739443116
1   1.0348025002280385
1   1.1639819848729425
1   1.5653993837647491
1   1.5916503772358053
1   1.0627431976179849
1   1.8899781113940373
1   2.8969762559755958
1   1.0623849471838587
1   1.8714644652708912
1   1.4840012517938106
1   1.5923584025868647
1   1.7675481891542315
1   1.6111183850291093
1   1.9167464829091339
1   1.9599672096659657
1   1.1149044965005903
1   2.3901370724262803
1   1.0056076519571984
1   1.0740146484924111
1   1.5134150264056085
1   1.5710483787303113
1   1.0573339164613249
1   1.9561119443297832
1   1.006870295627277
1   1.0375451959835631
1   1.6086252566612647
1   1.765344641944838
1   1.1901870271252915
1   1.1802190608270597
1   1.1710064934127715
1   1.4017671344425409
1   1.9620907946106865
1   1.9675687158345623
1   1.0194997826558221
1   1.0768889777372321
1   1.5771152469720424
1   1.705189131558742
1   1.6650571158349692
1   2.3892353912669169
1   1.0047095476676819
1   1.3846410471756441
1   1.8279639706042574
1   1.0167545753902703
1   1.0095477111677098
1   1.0049672253122113
1   1.014776921789309
1   1.9897039288278715
1   1.0478581942325216
1   1.0181372534718176
1   1.9565041526360614
1   1.0415826523376737
1   1.0340690233840535
1   1.1233743822117461
1   1.6022970529065463
1   1.4475919823147203
1   1.2442584912508299
1   1.9277447708662594
1   1.1815407617770417
1   1.9792681232742533
1   1.8968601484006569
1   2.8946549958415759

2   2.0000529349215439
2   2.0030014926527442
2   2.0041396627489982
2   2.0073688305716786
2   2.0220913471376365
2   2.9129617822000955
2   2.0044307526621101
2   2.0974760958778353
2   2.8982196399955651
2   2.0101955959370117
2   2.1066358749684428
2   2.0798085566929556
2   2.0031875378728783
2   2.3205286854412308
2   2.0012012497086218
2   2.0006399992942772
2   2.1537970172321694
2   2.5551419132889657
2   2.0302646029755778
2   2.0017690359919027
2   2.9182951407700077
2   2.0463572856887384
2   2.0011764709782622
2   2.0454338247619575
2   2.0000023796213324
2   2.9859199118062816
2   2.0001915517116746
2   2.0042554657069571
2   2.0000917235974836
2   2.0003780784735774
2   2.0115459578617489
2   2.0003583587377953
2   2.8996823420464803
2   2.0001720628200106
2   2.1231878237005803
2   2.0000240784423098
2   2.000477080770938
2   2.0017477904985443
2   2.0000155956058081
2   2.1254209365991867
2   2.0001375906805601
2   2.9054859014435022

3   3.0000000000000004
3   3.0000000000000004
3   3.0000000000000004
3   2.9999999999999996
3   3.0000000000000004
3   3.0000000000000009
3   3.0000000000000004

