-1.5   1.5
-1.5   1.5
-1.5   1.5
-1.5   1.4999999999999998

-0.5   0.50233715062907325
-0.5   0.5
-0.5   1.4995851383825609
-0.5   0.50000000000000022
-0.5   1.4986313913842202
-0.5   0.50076930684664878
-0.5   1.5
-0.5   0.50000000000000022
-0.5   0.50039632038625959
-0.5   0.5033302371557371
-0.5   0.50000000000000022
-0.5   1.4983614548029818

0.5   0.50233715062907303
0.5   0.49999999999999989
0.5   1.4995851383825598
0.5   0.49999999999999989
0.5   1.4986313913842197
0.5   0.500769306846649
0.5   1.5000000000000004
0.5   0.49999999999999978
0.5   0.50039632038625936
0.5   0.50333023715573666
0.5   0.49999999999999989
0.5   1.4983614548029811

1.5   1.5
1.5   1.5
1.5   1.5
1.5   1.4999999999999998

