-3.5   3.4999999999999996
-3.5   3.4999999999999996
-3.5   3.4999999999999996
-3.5   3.4999999999999996
-3.5   3.5
-3.5   3.5
-3.5   3.5
-3.5   3.4999999999999996

-2.5   2.5000722078783348
-2.5   2.5000940277581436
-2.5   2.5013892860932887
-2.5   2.5052085206033685
-2.5   2.5058406648636806
-2.5   2.5609016081723839
-2.5   3.4132249642943195
-2.5   2.8945649158305207
-2.5   3.1464384865683876
-2.5   2.5166498411388778
-2.5   2.5303153444881716
-2.5   2.5151146454364453
-2.5   2.5072129929331877
-2.5   2.5011107225604721
-2.5   2.5007403720464949
-2.5   2.5070003727426213
-2.5   3.0701892875818242
-2.5   2.5106659201140737
-2.5   3.0991466808182899
-2.5   2.5037717805931003
-2.5   2.5667218522304283
-2.5   2.6980580873054794
-2.5   2.8762572785804981
-2.5   2.7690000627821956
-2.5   2.5031274027588188
-2.5   2.5700860735537319
-2.5   2.5137536411700667
-2.5   2.5003019960994659
-2.5   2.50213626154921
-2.5   2.5000700543590462
-2.5   3.4739881308660197
-2.5   2.500373302607847
-2.5   2.5176792872843921
-2.5   2.5029808044933137
-2.5   2.5007161044678154
-2.5   3.4919371380348041
-2.5   2.5000229143235146
-2.5   2.5014695994833627
-2.5   2.5000811964105907
-2.5   2.5059815150552094
-2.5   2.5000310768194822
-2.5   2.5004368470019522
-2.5   2.5009171940750443
-2.5   2.5000778752421566
-2.5   2.5000702910512556
-2.5   2.6962339405010134
-2.5   3.3436496502545605
-2.5   2.5000305531656783
-2.5   2.5002812804206469
-2.5   2.5000501253604783
-2.5   2.5000417824483452
-2.5   2.5005867370431289
-2.5   2.5000184754031904
-2.5   2.6020231442104627
-2.5   2.5000837806615319
-2.5   3.4208452124322437

-1.5   1.5010986458802695
-1.5   1.5030033251668788
-1.5   1.6441537965171609
-1.5   1.5107082431784393
-1.5   2.3947018921473835
-1.5   1.5413010539802601
-1.5   1.5081579921971744
-1.5   2.4540449104582733
-1.5   1.5062366479141942
-1.5   2.2985660694170806
-1.5   1.7452398088401244
-1.5   1.5368270497669934
-1.5   1.518282341851243
-1.5   1.5210592084546741
-1.5   1.5481374811197401
-1.5   2.4730426358887727
-1.5   1.6226350034585373
-1.5   1.8400023128537599
-1.5   2.1298778679019668
-1.5   2.0185059030404044
-1.5   1.8326631991997253
-1.5   1.826070993541872
-1.5   1.5355263393447114
-1.5   3.3479945181370199
-1.5   1.6777042830765958
-1.5   2.7095895903604346
-1.5   2.2542693950048154
-1.5   2.0213500894393293
-1.5   2.4948849217388429
-1.5   2.2682695963688535
-1.5   1.7165165954219597
-1.5   1.7835660580505075
-1.5   1.9540395997075448
-1.5   2.1819454861696497
-1.5   2.2327500829586078
-1.5   1.605807451451184
-1.5   2.4288545024436932
-1.5   1.5504836992353557
-1.5   1.5313223742141822
-1.5   1.5065084042005119
-1.5   1.5179348582341281
-1.5   2.4778403799388586
-1.5   1.516023320030452
-1.5   1.5295525377001113
-1.5   2.4416266913168116
-1.5   1.5581300991669709
-1.5   2.4277038568704183
-1.5   1.5713173883309284
-1.5   1.5022356861261361
-1.5   1.5459148892793637
-1.5   1.5173019747844143
-1.5   1.9524301377211426
-1.5   1.9524466025444598
-1.5   1.5833644641074538
-1.5   1.9925911928673763
-1.5   1.9289816071077976
-1.5   2.0573686256476789
-1.5   2.0471200883502174
-1.5   2.3814041011915701
-1.5   2.0645865496761946
-1.5   2.101903147442576
-1.5   2.1712770661878058
-1.5   2.6228576335045903
-1.5   2.4060524717913836
-1.5   1.8480432638101494
-1.5   1.8648310939996389
-1.5   2.1070482491089044
-1.5   2.1890289954419457
-1.5   2.066789881797261
-1.5   2.2151528414701414
-1.5   2.048411553283414
-1.5   2.2978201354635068
-1.5   2.2490407506356909
-1.5   2.0103868788431005
-1.5   1.5055776686687787
-1.5   1.5126877217812869
-1.5   1.5223275009211457
-1.5   1.5028052388393216
-1.5   1.5200556384733019
-1.5   1.5746691716230781
-1.5   2.3743327377577494
-1.5   2.1983083748220156
-1.5   1.7194226753579778
-1.5   1.8962510008822155
-1.5   1.9525746422706085
-1.5   2.1896548071160953
-1.5   2.4250067048372372
-1.5   1.511077798641062
-1.5   1.5148243366131107
-1.5   3.2351191632823211
-1.5   2.2702829371999496
-1.5   1.9072698019215211
-1.5   1.6036338048540144
-1.5   1.7151150571458453
-1.5   2.4307801199376735
-1.5   1.5538910890147486
-1.5   2.3073696983758403
-1.5   1.7632926760955288
-1.5   2.4332680493452825
-1.5   1.5529281997737536
-1.5   1.5167664797588865
-1.5   1.6074148498800302
-1.5   2.9818383493413094
-1.5   2.3988857484390733
-1.5   1.511321032408623
-1.5   2.2951728604525408
-1.5   1.5202171294855167
-1.5   1.5191733570346435
-1.5   2.4580581841261422
-1.5   2.047846276266005
-1.5   1.9385310281548822
-1.5   2.111095816770499
-1.5   2.042125152142956
-1.5   1.6003348721893822
-1.5   1.502368854961277
-1.5   1.5090319307905911
-1.5   1.5045859093754874
-1.5   1.5052228810718944
-1.5   1.5053853759400142
-1.5   1.7516789063747917
-1.5   1.730052142906398
-1.5   1.5399726658791413
-1.5   2.3267896884629162
-1.5   2.2820979308591913
-1.5   1.5046062444083077
-1.5   1.5439042801335403
-1.5   2.0952071609048133
-1.5   2.0684505843008254
-1.5   1.994868119002815
-1.5   2.0001935435226192
-1.5   1.5047102726055583
-1.5   1.5048405853796787
-1.5   1.508266673901633
-1.5   1.9802860865023884
-1.5   1.9144643430621224
-1.5   1.8779034886273895
-1.5   1.5133667071096282
-1.5   1.9745224080685353
-1.5   2.1064572199806122
-1.5   3.3671372493577514
-1.5   2.4886895616824116
-1.5   1.5013640788220477
-1.5   1.5966071941140498
-1.5   1.5087548866103178
-1.5   1.5017683304295808
-1.5   1.5144680082603483
-1.5   1.5054676033097367
-1.5   1.5739516052240816
-1.5   1.5030109490923902
-1.5   2.43604853527571
-1.5   1.5058377091003714
-1.5   2.4932776707927498
-1.5   1.501825677181321
-1.5   1.5449061680036933
-1.5   1.5271787283972684
-1.5   1.5011988035966168
-1.5   1.5454655467393894
-1.5   2.2857244992567063
-1.5   1.7553768125705242
-1.5   1.6556777105685176
-1.5   1.8258617779414466
-1.5   2.1471475959557353
-1.5   1.6972307283693819
-1.5   2.4632694813195557
-1.5   1.6583316765334604
-1.5   2.4713177093313932
-1.5   2.3894226910435878
-1.5   3.3941140322846386

-0.5   0.53039635175373201
-0.5   0.60563001070169431
-0.5   1.2770260598360483
-0.5   0.91778877288364868
-0.5   0.98497267021932244
-0.5   0.87930530953532293
-0.5   1.3221003443847528
-0.5   1.4244948086985432
-0.5   1.3135551723521817
-0.5   2.3575131354211694
-0.5   1.2597119262096061
-0.5   0.9250549388586542
-0.5   1.4838537501511027
-0.5   2.4369829835175145
-0.5   0.60062761295603662
-0.5   1.4808987771775222
-0.5   0.63245101816021831
-0.5   1.351579807359728
-0.5   0.54114647679632566
-0.5   2.0770065478389537
-0.5   1.4233017682800033
-0.5   1.3292482228139775
-0.5   0.55907626526876042
-0.5   0.86539906175676795
-0.5   1.4874068831751723
-0.5   1.2000008142776784
-0.5   1.2213802912545144
-0.5   1.2996984635781335
-0.5   0.56709973223311372
-0.5   1.9231472022173226
-0.5   1.4331259169297719
-0.5   1.8038729006161618
-0.5   0.82717302260714365
-0.5   1.7727356324014587
-0.5   2.0580928127950617
-0.5   1.9895798791491206
-0.5   1.1855603561115102
-0.5   1.6309766512671255
-0.5   2.0885883502415812
-0.5   1.5579672156665003
-0.5   2.2704906770310118
-0.5   1.492491953528235
-0.5   1.4160311460508668
-0.5   1.9794263966530106
-0.5   1.0922557267500315
-0.5   2.8824960624270317
-0.5   2.0097086675714571
-0.5   1.740882276231154
-0.5   1.8940354006506848
-0.5   1.7311087483358443
-0.5   1.3286060192817326
-0.5   1.6479739606672745
-0.5   1.6195311515944693
-0.5   1.516368202036281
-0.5   1.5608528942375481
-0.5   1.5149886246256092
-0.5   1.8379508592281928
-0.5   1.4568868374116828
-0.5   1.8141955545496273
-0.5   1.097137307744422
-0.5   2.3689983620189046
-0.5   0.65855629597958676
-0.5   1.4217391531407924
-0.5   0.95577659660122372
-0.5   0.67284812849447073
-0.5   1.2430359245940528
-0.5   0.75861345876658048
-0.5   1.4609871920170228
-0.5   1.3817923126600702
-0.5   1.6934377580771263
-0.5   1.4330968117956964
-0.5   0.59403200276340939
-0.5   1.7925263448820656
-0.5   1.4233710324502613
-0.5   1.8796130661601542
-0.5   1.3788717161987869
-0.5   1.7332573360305523
-0.5   1.0785845069629458
-0.5   2.156894231425341
-0.5   1.1433532964321647
-0.5   1.0201904218801945
-0.5   1.1324984027771703
-0.5   1.3059761957245211
-0.5   1.4843041372162131
-0.5   0.60472657098408766
-0.5   1.216036019629283
-0.5   1.5002009351233929
-0.5   1.499982395312395
-0.5   0.73824901377975238
-0.5   1.0128418341605667
-0.5   1.3890877794868648
-0.5   1.4551664012391496
-0.5   1.4649221841268247
-0.5   0.66724077948915106
-0.5   1.8535392813530915
-0.5   1.8882298720370736
-0.5   1.2259676168360161
-0.5   2.0937230046630129
-0.5   1.5044446445986677
-0.5   1.8088120140455168
-0.5   1.7282531114266426
-0.5   1.6807511813902392
-0.5   1.8766156200831956
-0.5   1.729230867941574
-0.5   1.5729762321887848
-0.5   1.9089535348802631
-0.5   1.9756401301957593
-0.5   1.6639868395047186
-0.5   1.7718191696864696
-0.5   2.181600105842401
-0.5   2.0395192571257281
-0.5   1.509261380285031
-0.5   1.6647937416036003
-0.5   1.6453083051356447
-0.5   1.3532611135513464
-0.5   1.4421100929828885
-0.5   2.0811129366418819
-0.5   2.0321558268744759
-0.5   2.2275044012742553
-0.5   1.8620378109301976
-0.5   2.1905317409394578
-0.5   0.54275100881986882
-0.5   0.57238900305343132
-0.5   1.2006947679026636
-0.5   0.96043612856389871
-0.5   1.4918388491441077
-0.5   0.54797061862860752
-0.5   0.68997736181680547
-0.5   1.4145395517782864
-0.5   1.483282265381898
-0.5   1.4972328976160283
-0.5   1.594903381429527
-0.5   1.4491049789351278
-0.5   1.9804838314989679
-0.5   1.229600324163403
-0.5   1.1941339144589698
-0.5   2.4267702444845325
-0.5   1.4490493035947765
-0.5   1.3827593185805476
-0.5   1.274275862084177
-0.5   2.1197647144717955
-0.5   2.3223042921776442
-0.5   1.4892620024200898
-0.5   0.95231708836061135
-0.5   1.4859040340862466
-0.5   1.4731766985056696
-0.5   1.4032740725913411
-0.5   3.0470536390472667
-0.5   1.1360318345328919
-0.5   1.4851523682628356
-0.5   2.0366806861195927
-0.5   1.4782560276347774
-0.5   1.4792064592903156
-0.5   0.9728434371101633
-0.5   2.0399480673481856
-0.5   0.74970228183535825
-0.5   1.4374013580186171
-0.5   1.1857153870870514
-0.5   1.0561030268119405
-0.5   2.3255542934571811
-0.5   0.98031497140124646
-0.5   2.3078191679952464
-0.5   0.77007966923928883
-0.5   1.4793325786957541
-0.5   1.4484735671128639
-0.5   0.72536839213866089
-0.5   1.8883663824581496
-0.5   1.9137007381715718
-0.5   0.76714698256513669
-0.5   1.392884870386474
-0.5   2.9970171515792279
-0.5   1.6253038914091813
-0.5   1.5801751517255727
-0.5   1.4895013792994447
-0.5   1.274979475042147
-0.5   1.4021593415739206
-0.5   2.3520118583503966
-0.5   1.0757783825228797
-0.5   1.8402954618240246
-0.5   1.7725639084330269
-0.5   1.1452913860750453
-0.5   1.8487512263657422
-0.5   1.7336245508618751
-0.5   0.84384333328752992
-0.5   0.83800089785128606
-0.5   1.4708750838115623
-0.5   0.53653350838805203
-0.5   0.77284237050863824
-0.5   1.4905185609990881
-0.5   1.3753848727326776
-0.5   1.4951552245552415
-0.5   0.55296986658706637
-0.5   0.54211568152349043
-0.5   1.3174501791572157
-0.5   1.45724136760356
-0.5   0.82334867173632187
-0.5   0.60065752602852851
-0.5   1.6761716319894284
-0.5   1.9320020603995274
-0.5   1.7112585171766619
-0.5   2.1280928659452623
-0.5   2.1738078798342251
-0.5   1.4449433285310731
-0.5   0.57807270881727035
-0.5   0.57914518213890309
-0.5   0.61137996453172128
-0.5   1.4792810499481439
-0.5   0.52175764140595415
-0.5   0.70820520634515649
-0.5   1.5202728460078991
-0.5   1.861677883415672
-0.5   2.2952711924663949
-0.5   1.5183357890007039
-0.5   1.5033411881331848
-0.5   1.4608154181495869
-0.5   0.85592334560160577
-0.5   1.4183090382169312
-0.5   0.97396278757732069
-0.5   0.63585282878794258
-0.5   1.2609473931367339
-0.5   0.50834584521707993
-0.5   0.5191743468255321
-0.5   0.54207345869378587
-0.5   0.56760003052995689
-0.5   1.0931075058224302
-0.5   1.026621229363577
-0.5   1.1098589497833764
-0.5   1.8844546513902549
-0.5   2.402813326111481
-0.5   1.7528261006343908
-0.5   2.3411601487136129
-0.5   1.6282453457943658
-0.5   2.7033129455949529
-0.5   0.81900960535994916
-0.5   1.8949924797813602
-0.5   1.5509856396686996
-0.5   0.93711875394558564
-0.5   1.4494860934227531
-0.5   1.5502564713144995
-0.5   0.92251768909761833
-0.5   1.2888871555663783
-0.5   0.57344678658654469
-0.5   1.4684484912021569
-0.5   0.76636864905891322
-0.5   1.0562248294628314
-0.5   0.51955446282074269
-0.5   1.2074165108584654
-0.5   0.92670722421901464
-0.5   1.3479864200463121
-0.5   1.4124152301151225
-0.5   1.4919237343474387
-0.5   2.2874041386425299
-0.5   0.93655713626423243
-0.5   1.4673392568108441
-0.5   2.3775239478697885
-0.5   0.52133427771022101
-0.5   0.57141837060239453
-0.5   1.4815852343862967
-0.5   0.59864057048073271
-0.5   0.5502060209512285
-0.5   0.73832215736050477
-0.5   1.4990458590022335
-0.5   1.4187800517910703
-0.5   1.4077862020515235
-0.5   0.61069695550084124
-0.5   2.2697052053885929
-0.5   1.4972758876701049
-0.5   1.1688071381193474
-0.5   0.80153384183837839
-0.5   1.502718272235037
-0.5   1.4252746576382536
-0.5   2.3939198282386496
-0.5   0.87552549259365176
-0.5   1.6214750322724734
-0.5   1.5163349446213434
-0.5   2.3827794617272859
-0.5   1.5896623453550647
-0.5   2.4738439732335089
-0.5   2.3824668306313481
-0.5   3.3821506534747217

0.5   0.53039635175369004
0.5   0.60563001070165945
0.5   1.2770260598360654
0.5   0.91778877288369909
0.5   0.98497267021935864
0.5   0.87930530953533981
0.5   1.3221003443847512
0.5   1.4244948086985256
0.5   1.3135551723521817
0.5   2.3575131354211547
0.5   1.2597119262096275
0.5   0.92505493885861978
0.5   1.4838537501511022
0.5   2.4369829835175159
0.5   0.60062761295605038
0.5   1.4808987771775231
0.5   0.63245101816020988
0.5   1.3515798073597445
0.5   0.54114647679634964
0.5   2.0770065478390904
0.5   1.4233017682797759
0.5   1.3292482228139597
0.5   0.55907626526877552
0.5   0.86539906175677883
0.5   1.4874068831751635
0.5   1.2000008142775611
0.5   1.2213802912545664
0.5   1.299698463578193
0.5   0.56709973223310262
0.5   1.923147202217359
0.5   1.433125916929747
0.5   1.8038729006160978
0.5   0.82717302260720249
0.5   1.7727356324013006
0.5   2.0580928127952203
0.5   1.9895798791491415
0.5   1.1855603561114667
0.5   1.6309766512670958
0.5   2.088588350241718
0.5   1.5579672156665145
0.5   2.2704906770311655
0.5   1.4924919535282335
0.5   1.4160311460505448
0.5   1.9794263966530705
0.5   1.0922557267500774
0.5   2.8824960624269855
0.5   2.0097086675714784
0.5   1.7408822762312002
0.5   1.8940354006506523
0.5   1.7311087483357421
0.5   1.3286060192816993
0.5   1.6479739606672514
0.5   1.6195311515944839
0.5   1.5163682020362268
0.5   1.5608528942371978
0.5   1.5149886246254303
0.5   1.8379508592284988
0.5   1.4568868374117954
0.5   1.8141955545497455
0.5   1.0971373077444047
0.5   2.368998362018937
0.5   0.65855629597960474
0.5   1.4217391531408319
0.5   0.95577659660120262
0.5   0.67284812849440345
0.5   1.2430359245940583
0.5   0.7586134587665776
0.5   1.460987192017023
0.5   1.3817923126600675
0.5   1.6934377580771178
0.5   1.4330968117957117
0.5   0.59403200276339208
0.5   1.7925263448820745
0.5   1.4233710324502595
0.5   1.8796130661601347
0.5   1.3788717161987962
0.5   1.7332573360305763
0.5   1.0785845069629121
0.5   2.1568942314253885
0.5   1.14335329643215
0.5   1.0201904218802038
0.5   1.1324984027771063
0.5   1.3059761957245164
0.5   1.4843041372162122
0.5   0.60472657098408811
0.5   1.2160360196292865
0.5   1.5002009351233871
0.5   1.4999823953123974
0.5   0.7382490137797495
0.5   1.0128418341605641
0.5   1.3890877794868566
0.5   1.4551664012391743
0.5   1.464922184126829
0.5   0.66724077948916061
0.5   1.8535392813530658
0.5   1.888229872037074
0.5   1.225967616836021
0.5   2.0937230046630146
0.5   1.5044446445986805
0.5   1.8088120140455271
0.5   1.7282531114266226
0.5   1.6807511813902463
0.5   1.8766156200831969
0.5   1.729230867941641
0.5   1.5729762321888305
0.5   1.9089535348802364
0.5   1.9756401301957429
0.5   1.663986839504735
0.5   1.7718191696865144
0.5   2.1816001058423993
0.5   2.0395192571260736
0.5   1.5092613802850074
0.5   1.6647937416031482
0.5   1.6453083051355946
0.5   1.3532611135513306
0.5   1.4421100929828388
0.5   2.0811129366419721
0.5   2.0321558268743733
0.5   2.2275044012742944
0.5   1.8620378109301865
0.5   2.1905317409394613
0.5   0.54275100881986749
0.5   0.57238900305342999
0.5   1.2006947679026549
0.5   0.96043612856391336
0.5   1.4918388491441039
0.5   0.54797061862860619
0.5   0.68997736181681413
0.5   1.4145395517782842
0.5   1.483282265381898
0.5   1.4972328976160265
0.5   1.5949033814295239
0.5   1.4491049789351258
0.5   1.9804838314989697
0.5   1.2296003241633819
0.5   1.1941339144589771
0.5   2.4267702444845431
0.5   1.4490493035947629
0.5   1.382759318580548
0.5   1.2742758620841719
0.5   2.1197647144717937
0.5   2.3223042921776504
0.5   1.4892620024200993
0.5   0.95231708836061091
0.5   1.4859040340862439
0.5   1.4731766985056758
0.5   1.40327407259134
0.5   3.0470536390472711
0.5   1.136031834532889
0.5   1.4851523682628387
0.5   2.0366806861195865
0.5   1.4782560276347911
0.5   1.4792064592903185
0.5   0.97284343711014132
0.5   2.0399480673481918
0.5   0.74970228183535959
0.5   1.4374013580186245
0.5   1.1857153870870578
0.5   1.0561030268119358
0.5   2.3255542934571838
0.5   0.98031497140123403
0.5   2.3078191679952491
0.5   0.77007966923929239
0.5   1.4793325786957527
0.5   1.4484735671128597
0.5   0.72536839213865134
0.5   1.8883663824581589
0.5   1.9137007381715763
0.5   0.76714698256513558
0.5   1.3928848703864825
0.5   2.9970171515792234
0.5   1.6253038914091724
0.5   1.5801751517255642
0.5   1.4895013792994483
0.5   1.2749794750421566
0.5   1.4021593415739186
0.5   2.3520118583503926
0.5   1.0757783825230474
0.5   1.8402954618239669
0.5   1.7725639084329141
0.5   1.145291386075119
0.5   1.848751226365732
0.5   1.7336245508618777
0.5   0.84384333328753769
0.5   0.83800089785127763
0.5   1.4708750838115805
0.5   0.53653350838805403
0.5   0.77284237050865801
0.5   1.4905185609990874
0.5   1.3753848727326605
0.5   1.4951552245552386
0.5   0.55296986658706837
0.5   0.542115681523478
0.5   1.3174501791572317
0.5   1.4572413676035625
0.5   0.82334867173631143
0.5   0.60065752602852762
0.5   1.6761716319893676
0.5   1.932002060399435
0.5   1.7112585171766814
0.5   2.1280928659453529
0.5   2.1738078798342562
0.5   1.4449433285310862
0.5   0.57807270881727879
0.5   0.57914518213891819
0.5   0.61137996453168886
0.5   1.4792810499481421
0.5   0.52175764140595082
0.5   0.70820520634511075
0.5   1.5202728460094779
0.5   1.8616778834143251
0.5   2.2952711924664078
0.5   1.5183357890006821
0.5   1.5033411881332177
0.5   1.4608154181495929
0.5   0.8559233456015729
0.5   1.4183090382169206
0.5   0.97396278757727717
0.5   0.63585282878793881
0.5   1.2609473931367818
0.5   0.50834584521708148
0.5   0.519174346825515
0.5   0.54207345869378853
0.5   0.56760003052999664
0.5   1.0931075058225104
0.5   1.026621229363627
0.5   1.1098589497833411
0.5   1.8844546513902105
0.5   2.4028133261114397
0.5   1.7528261006344112
0.5   2.3411601487135578
0.5   1.6282453457943471
0.5   2.7033129455949507
0.5   0.81900960535972134
0.5   1.8949924797811533
0.5   1.550985639668939
0.5   0.93711875394581523
0.5   1.4494860934227227
0.5   1.5502564713144795
0.5   0.92251768909767362
0.5   1.2888871555664922
0.5   0.5734467865865549
0.5   1.4684484912021445
0.5   0.76636864905895474
0.5   1.0562248294627705
0.5   0.51955446282072137
0.5   1.2074165108585679
0.5   0.92670722421896534
0.5   1.3479864200462972
0.5   1.4124152301151756
0.5   1.4919237343474387
0.5   2.2874041386425303
0.5   0.9365571362641707
0.5   1.4673392568108286
0.5   2.3775239478697929
0.5   0.5213342777102139
0.5   0.57141837060232725
0.5   1.4815852343863198
0.5   0.59864057048073405
0.5   0.55020602095122784
0.5   0.73832215736048212
0.5   1.4990458590022437
0.5   1.4187800517911089
0.5   1.4077862020515761
0.5   0.61069695550078351
0.5   2.2697052053883686
0.5   1.4972758876701051
0.5   1.168807138119621
0.5   0.80153384183836973
0.5   1.5027182722350814
0.5   1.4252746576383228
0.5   2.39391982823842
0.5   0.87552549259362067
0.5   1.6214750322727376
0.5   1.5163349446213701
0.5   2.3827794617272637
0.5   1.5896623453550256
0.5   2.4738439732335147
0.5   2.3824668306313597
0.5   3.3821506534747505

1.5   1.5010986458802673
1.5   1.5030033251668766
1.5   1.6441537965171475
1.5   1.5107082431784375
1.5   2.3947018921473973
1.5   1.5413010539802534
1.5   1.5081579921971757
1.5   2.4540449104582809
1.5   1.5062366479141973
1.5   2.2985660694171179
1.5   1.7452398088400662
1.5   1.5368270497669925
1.5   1.5182823418512474
1.5   1.5210592084546755
1.5   1.5481374811197446
1.5   2.4730426358887763
1.5   1.6226350034585182
1.5   1.8400023128537861
1.5   2.1298778679019739
1.5   2.0185059030404111
1.5   1.8326631991996778
1.5   1.8260709935418911
1.5   1.5355263393447438
1.5   3.3479945181370185
1.5   1.6777042830767042
1.5   2.7095895903603453
1.5   2.2542693950047878
1.5   2.0213500894393137
1.5   2.4948849217389046
1.5   2.2682695963688264
1.5   1.7165165954219042
1.5   1.7835660580504373
1.5   1.9540395997075235
1.5   2.1819454861697167
1.5   2.2327500829586593
1.5   1.6058074514511871
1.5   2.4288545024436865
1.5   1.5504836992353561
1.5   1.531322374214187
1.5   1.5065084042005097
1.5   1.5179348582341259
1.5   2.47784037993886
1.5   1.5160233200304525
1.5   1.5295525377001185
1.5   2.4416266913168174
1.5   1.5581300991669829
1.5   2.427703856870409
1.5   1.5713173883309208
1.5   1.5022356861261361
1.5   1.5459148892793633
1.5   1.5173019747844196
1.5   1.9524301377211382
1.5   1.9524466025444531
1.5   1.5833644641073921
1.5   1.9925911928673807
1.5   1.9289816071078576
1.5   2.0573686256476806
1.5   2.0471200883502179
1.5   2.3814041011915292
1.5   2.0645865496761959
1.5   2.101903147442616
1.5   2.1712770661878071
1.5   2.6228576335045743
1.5   2.4060524717913769
1.5   1.8480432638101307
1.5   1.8648310939996384
1.5   2.1070482491089098
1.5   2.1890289954420155
1.5   2.066789881797281
1.5   2.215152841470005
1.5   2.0484115532835601
1.5   2.2978201354634664
1.5   2.2490407506356886
1.5   2.0103868788430952
1.5   1.5055776686687787
1.5   1.5126877217812877
1.5   1.5223275009211448
1.5   1.5028052388393207
1.5   1.5200556384733006
1.5   1.5746691716230741
1.5   2.3743327377577499
1.5   2.1983083748220009
1.5   1.7194226753579738
1.5   1.8962510008822333
1.5   1.9525746422706036
1.5   2.1896548071160997
1.5   2.4250067048372426
1.5   1.5110777986410557
1.5   1.5148243366131084
1.5   3.2351191632823038
1.5   2.2702829371999815
1.5   1.907269801921553
1.5   1.6036338048539789
1.5   1.7151150571458453
1.5   2.43078011993767
1.5   1.5538910890147504
1.5   2.3073696983758518
1.5   1.7632926760955137
1.5   2.4332680493452834
1.5   1.552928199773755
1.5   1.5167664797588842
1.5   1.6074148498800214
1.5   2.9818383493413085
1.5   2.3988857484390733
1.5   1.5113210324086301
1.5   2.2951728604525319
1.5   1.5202171294855171
1.5   1.5191733570346444
1.5   2.4580581841261413
1.5   2.0478462762659788
1.5   1.9385310281549275
1.5   2.1110958167704559
1.5   2.0421251521429871
1.5   1.6003348721893818
1.5   1.5023688549612779
1.5   1.5090319307905937
1.5   1.5045859093754888
1.5   1.5052228810718962
1.5   1.5053853759400142
1.5   1.7516789063747997
1.5   1.7300521429063931
1.5   1.5399726658791373
1.5   2.3267896884629211
1.5   2.2820979308591878
1.5   1.504606244408309
1.5   1.543904280133531
1.5   2.0952071609048639
1.5   2.0684505843008938
1.5   1.9948681190027666
1.5   2.0001935435225584
1.5   1.5047102726055535
1.5   1.5048405853796814
1.5   1.5082666739016379
1.5   1.980286086502419
1.5   1.9144643430621078
1.5   1.8779034886273633
1.5   1.5133667071096761
1.5   1.9745224080685722
1.5   2.1064572199805469
1.5   3.3671372493577558
1.5   2.4886895616824054
1.5   1.5013640788220459
1.5   1.5966071941140552
1.5   1.5087548866103351
1.5   1.5017683304295857
1.5   1.514468008260355
1.5   1.5054676033097394
1.5   1.5739516052240421
1.5   1.5030109490923893
1.5   2.4360485352757371
1.5   1.5058377091003745
1.5   2.4932776707927511
1.5   1.5018256771813214
1.5   1.5449061680037084
1.5   1.5271787283972715
1.5   1.5011988035966217
1.5   1.5454655467394014
1.5   2.2857244992567125
1.5   1.7553768125704861
1.5   1.6556777105685088
1.5   1.825861777941471
1.5   2.1471475959557216
1.5   1.6972307283694028
1.5   2.4632694813195526
1.5   1.6583316765334848
1.5   2.471317709331379
1.5   2.3894226910435865
1.5   3.3941140322846364

2.5   2.5000722078783357
2.5   2.5000940277581432
2.5   2.5013892860932874
2.5   2.5052085206033685
2.5   2.5058406648636811
2.5   2.5609016081723923
2.5   3.4132249642943124
2.5   2.8945649158304319
2.5   3.1464384865684689
2.5   2.51664984113886
2.5   2.5303153444881894
2.5   2.5151146454364444
2.5   2.507212992933185
2.5   2.5011107225604725
2.5   2.5007403720464958
2.5   2.5070003727426209
2.5   3.0701892875818211
2.5   2.5106659201140729
2.5   3.0991466808182833
2.5   2.503771780593099
2.5   2.5667218522304345
2.5   2.6980580873054878
2.5   2.8762572785805065
2.5   2.7690000627821929
2.5   2.5031274027588206
2.5   2.570086073553723
2.5   2.5137536411700654
2.5   2.5003019960994659
2.5   2.5021362615492109
2.5   2.5000700543590471
2.5   3.4739881308660241
2.5   2.500373302607847
2.5   2.5176792872843916
2.5   2.5029808044933142
2.5   2.5007161044678154
2.5   3.4919371380348028
2.5   2.5000229143235138
2.5   2.5014695994833627
2.5   2.5000811964105907
2.5   2.5059815150552089
2.5   2.5000310768194813
2.5   2.5004368470019518
2.5   2.5009171940750443
2.5   2.5000778752421566
2.5   2.5000702910512573
2.5   2.6962339405010303
2.5   3.3436496502545507
2.5   2.5000305531656779
2.5   2.5002812804206451
2.5   2.5000501253604788
2.5   2.5000417824483461
2.5   2.5005867370431289
2.5   2.5000184754031913
2.5   2.6020231442104835
2.5   2.5000837806615337
2.5   3.4208452124322344

3.5   3.4999999999999996
3.5   3.4999999999999996
3.5   3.4999999999999996
3.5   3.4999999999999996
3.5   3.5
3.5   3.5
3.5   3.5
3.5   3.4999999999999996

