-2   2
-2   2
-2   2.0000000000000004
-2   2.0000000000000004
-2   2

-1   1.0049244335018297
-1   1.0028756019910854
-1   1.0272678062813974
-1   1.977872819939027
-1   1.9910141679027848
-1   1.0034549458213464
-1   1.0115839146802963
-1   1.0003668444167282
-1   1.0463570821684751
-1   1.9674169011928879
-1   1.0019894418207826
-1   1.0068795723279624
-1   1.9745372795053564
-1   1.0003244502006192
-1   1.0399467245959111
-1   1.0014570988194169
-1   1.0001684802668256
-1   1.0184424461910586
-1   1.000025309396716
-1   1.9880234395807883

0   0.010724523404100461
0   0.99999999999999911
0   1.0000000000000002
0   1.0000000000000004
0   0.095827013994688293
0   1.5608378977814605
0   0.99999999999999822
0   1.9558071210673855
0   0.99999999999999978
0   0.99999999999999978
0   0.10425384751263655
0   0.99999999999999956
0   0.0029385241435523346
0   0.99999999999999978
0   1.9972009106715998
0   0.99999999999999889
0   0.99999999999999845
0   1.560837897781457
0   1.0000000000000013
0   1.0000000000000007
0   1.0000000000000002
0   0.0013736154804382394
0   0.0029385241435522236
0   1.0000000000000011
0   0.0074096790240192334
0   1.0000000000000007
0   0.075298538056965736
0   1.0000000000000007
0   0.99999999999999889
0   1.9823816027460377

1   1.0049244335018301
1   1.0028756019910845
1   1.027267806281396
1   1.9778728199390265
1   1.9910141679027831
1   1.0034549458213464
1   1.0115839146802972
1   1.0003668444167277
1   1.0463570821684758
1   1.9674169011928875
1   1.0019894418207831
1   1.0068795723279627
1   1.9745372795053564
1   1.0003244502006192
1   1.0399467245959126
1   1.0014570988194169
1   1.0001684802668263
1   1.0184424461910575
1   1.0000253093967162
1   1.9880234395807874

2   2
2   2
2   2.0000000000000004
2   2.0000000000000004
2   2

