-1.5   1.5
-1.5   1.5
-1.5   1.5000000000000004
-1.5   1.5

-0.5   0.50515001337774268
-0.5   0.5
-0.5   1.4991171173600222
-0.5   0.5
-0.5   1.4969911922154737
-0.5   0.50163420567831674
-0.5   1.5000000000000004
-0.5   0.49999999999999989
-0.5   0.5008494536245427
-0.5   0.50735268687016721
-0.5   0.49999999999999978
-0.5   1.4963717673190973

0.5   0.50515001337774268
0.5   0.49999999999999989
0.5   1.4991171173600217
0.5   0.5
0.5   1.4969911922154731
0.5   0.50163420567831674
0.5   1.4999999999999996
0.5   0.50000000000000022
0.5   0.5008494536245427
0.5   0.50735268687016744
0.5   0.5
0.5   1.4963717673190966

1.5   1.5
1.5   1.5
1.5   1.5000000000000004
1.5   1.5

