-3.5   3.4999999999999996
-3.5   3.5
-3.5   3.5000000000000009
-3.5   3.5
-3.5   3.4999999999999996
-3.5   3.4999999999999996
-3.5   3.4999999999999996
-3.5   3.5

-2.5   2.5002400544353818
-2.5   2.5002198981296662
-2.5   2.5035234699221025
-2.5   2.5144102793841436
-2.5   2.510574115368946
-2.5   2.6442445301543631
-2.5   3.2725965455706789
-2.5   2.7985383814377758
-2.5   3.208221217171519
-2.5   2.5502068646148377
-2.5   2.5794033458600052
-2.5   2.5336367405950466
-2.5   2.5121655818383637
-2.5   2.5035922078789201
-2.5   2.5020356795616778
-2.5   2.5192280129998887
-2.5   3.0670478541605246
-2.5   2.5061037872343599
-2.5   3.0904490008942451
-2.5   2.5073553957250376
-2.5   2.5682347803190102
-2.5   2.6954675868261844
-2.5   2.873547723600359
-2.5   2.7703971584966069
-2.5   2.5044149971592091
-2.5   2.5710731520865528
-2.5   2.534519541366163
-2.5   2.5007220745719057
-2.5   2.5024266773115342
-2.5   2.5002034087271694
-2.5   3.4257501906706782
-2.5   2.5011847552713045
-2.5   2.5583616175132682
-2.5   2.5073124518304799
-2.5   2.5016074689583965
-2.5   3.4782529989106892
-2.5   2.5000633474163725
-2.5   2.5063172497720752
-2.5   2.5002247622352747
-2.5   2.5142358000336613
-2.5   2.5001013725074275
-2.5   2.5011040107312152
-2.5   2.5025737128855532
-2.5   2.500196642630037
-2.5   2.5001854830576571
-2.5   2.7769247109981428
-2.5   3.2727791175000309
-2.5   2.500069592316831
-2.5   2.5006988481027808
-2.5   2.500135713295172
-2.5   2.5000915574989735
-2.5   2.5000545856718452
-2.5   2.5000221357318462
-2.5   2.6733786616055712
-2.5   2.5002488464555741
-2.5   3.3635496553881694

-1.5   1.5111663596080587
-1.5   1.5114521825628828
-1.5   1.7489162026319138
-1.5   1.5253094925770547
-1.5   2.3003138229260363
-1.5   1.5941392853648546
-1.5   1.5228195426163187
-1.5   2.3920300623303019
-1.5   1.5103124352493493
-1.5   2.3497119590071502
-1.5   1.6291107183613485
-1.5   1.5950111353670882
-1.5   1.5611852278384126
-1.5   1.5637614869051886
-1.5   1.6407368964479114
-1.5   2.4020900552124207
-1.5   1.742730117522501
-1.5   1.8159022479549263
-1.5   1.9580527664143359
-1.5   1.9245311619196643
-1.5   2.0015268187579163
-1.5   1.840711107159275
-1.5   1.6071268212768786
-1.5   3.0730040041973723
-1.5   2.0680101787246832
-1.5   2.1627163312272502
-1.5   2.311287353078705
-1.5   2.1545378982374839
-1.5   2.3183144894012204
-1.5   2.3648719933700613
-1.5   1.7890202915963882
-1.5   2.0661410909211422
-1.5   2.0609439420455455
-1.5   2.1194400018677713
-1.5   1.6693370319407248
-1.5   2.2839235907648456
-1.5   1.6168347157198815
-1.5   2.3234562620467041
-1.5   1.5790768658716172
-1.5   1.5140765272233159
-1.5   1.5336557115718406
-1.5   2.4470865335855443
-1.5   1.5304063403051669
-1.5   1.5946334867358125
-1.5   2.3837682165363754
-1.5   1.5669276440066824
-1.5   2.3577110518677107
-1.5   1.6441817247356787
-1.5   1.5064383848144969
-1.5   1.6159228192203132
-1.5   1.9503628738290262
-1.5   1.9506463593435703
-1.5   1.9689895756324107
-1.5   1.9701394284181393
-1.5   1.5471554712720015
-1.5   1.5382948582341553
-1.5   2.0533443470397081
-1.5   2.0522787282078752
-1.5   2.3962881613665781
-1.5   2.0460030569036451
-1.5   2.0756345840940438
-1.5   2.1701508372350107
-1.5   2.6364372482420979
-1.5   2.3996343617902456
-1.5   1.8457753406756634
-1.5   1.8587145803723462
-1.5   2.1014098373524397
-1.5   2.1977196707532998
-1.5   2.07429679298814
-1.5   2.148029712938659
-1.5   2.0949693655067394
-1.5   2.2854637227475956
-1.5   2.2514542028101379
-1.5   2.01014273747281
-1.5   1.515296679080997
-1.5   1.5352478342450038
-1.5   1.5587052142573214
-1.5   1.5089753850749346
-1.5   1.5608939011043801
-1.5   1.6460355709145671
-1.5   2.1389323702397349
-1.5   1.9998637613768575
-1.5   1.7360351074923037
-1.5   2.2754600181889257
-1.5   1.9271582330373787
-1.5   2.3262438687733207
-1.5   1.6244073807127233
-1.5   2.3627225073406422
-1.5   1.5387673298638269
-1.5   2.6955553757140498
-1.5   2.2435270575078481
-1.5   2.4263988555349481
-1.5   1.5191229544998661
-1.5   1.8259784694432071
-1.5   2.3767257105277175
-1.5   1.6279909947128646
-1.5   2.2076433244434077
-1.5   1.883715484822988
-1.5   2.3551533654825936
-1.5   1.6035880616922786
-1.5   1.5738787004961323
-1.5   1.9716777345497136
-1.5   2.7167470932948232
-1.5   2.0752680533060306
-1.5   1.5324879531539328
-1.5   1.5254412174919199
-1.5   2.5471300717771492
-1.5   1.5387574348634496
-1.5   2.3470142888661321
-1.5   1.9449565674465918
-1.5   2.0025081806595919
-1.5   2.1097363090603802
-1.5   2.1269544919098591
-1.5   1.65770823749651
-1.5   1.5140532772707749
-1.5   1.5241853595593238
-1.5   1.510468552875436
-1.5   1.5099891413203088
-1.5   1.5101281141134955
-1.5   1.747015688012254
-1.5   1.7369821241839096
-1.5   1.6015584951617949
-1.5   2.3121557481876662
-1.5   2.231970946479144
-1.5   1.514065651770709
-1.5   1.7432376900738213
-1.5   1.9236714036437648
-1.5   1.7063519587551563
-1.5   2.1390508133499671
-1.5   2.1827298884963695
-1.5   1.5316757048263732
-1.5   1.512586152137906
-1.5   1.517596176577074
-1.5   1.9478021322093642
-1.5   1.9193709990372261
-1.5   1.8787989514137537
-1.5   2.0598346140094583
-1.5   2.0986324186796472
-1.5   1.5714181734163453
-1.5   3.2175660252836331
-1.5   2.4705447245022674
-1.5   1.5308701641104308
-1.5   1.7081884762735702
-1.5   1.5124148919209586
-1.5   1.5045222998580838
-1.5   1.5365763613309249
-1.5   1.5131663323391908
-1.5   1.6226683822800041
-1.5   1.5070837103014445
-1.5   2.3788667211658221
-1.5   1.5167898940454498
-1.5   2.4821781148007109
-1.5   1.5038984371168316
-1.5   1.6047659881837562
-1.5   1.5775825243806119
-1.5   1.5072002757730587
-1.5   1.576063873417334
-1.5   1.9569719619656976
-1.5   2.0949023378737288
-1.5   1.7321114065467129
-1.5   1.6461838135878319
-1.5   1.7685739697850265
-1.5   2.1080069158417856
-1.5   1.9067265304676546
-1.5   2.4418930785208866
-1.5   2.4339227264046221
-1.5   2.3190148986620125
-1.5   3.3225600524376304

-0.5   0.79600177519733695
-0.5   0.80615552893543052
-0.5   1.0245781206030842
-0.5   0.91002229093326337
-0.5   1.0771745992654704
-0.5   0.97991806084569588
-0.5   1.3628615320530419
-0.5   1.4004415381709896
-0.5   1.2136113945228262
-0.5   2.2691778336054456
-0.5   1.0708677934184665
-0.5   1.1821255157987582
-0.5   1.4586962515482089
-0.5   2.347792341706648
-0.5   0.78861913603574574
-0.5   1.4419390047713274
-0.5   1.1708484794409779
-0.5   0.78608659102402689
-0.5   2.1379975870067285
-0.5   0.60100504570344371
-0.5   1.2273601582882239
-0.5   1.4352962593839522
-0.5   1.1465675252618832
-0.5   1.0790181761967033
-0.5   0.70726962814695304
-0.5   1.4675118087984742
-0.5   1.3373353230008758
-0.5   1.2608849320651403
-0.5   1.584804517143847
-0.5   0.71989350948838315
-0.5   1.4673479948146304
-0.5   1.8698883524593426
-0.5   1.288153388481468
-0.5   1.8578185974641621
-0.5   1.6167025629334493
-0.5   2.1582189985054554
-0.5   1.0369007136967316
-0.5   1.9428064418450663
-0.5   1.8684998403073587
-0.5   1.5967948177460438
-0.5   1.7093722085815557
-0.5   1.5833336816624053
-0.5   1.3661398605202706
-0.5   2.0220864140679948
-0.5   1.6736495326479663
-0.5   2.5042148148668986
-0.5   1.8870785073026046
-0.5   1.4145174900493755
-0.5   1.455893729158743
-0.5   1.9367844812160389
-0.5   1.8651958658047074
-0.5   1.6783821047479206
-0.5   1.9593590506119685
-0.5   1.4621247951823653
-0.5   1.2439733724539976
-0.5   1.8273348252392321
-0.5   2.0423211745871139
-0.5   1.2730415225328919
-0.5   1.9402723831660516
-0.5   1.1481823239710574
-0.5   2.138378171803279
-0.5   0.78411612128564445
-0.5   1.2557830958493756
-0.5   1.3300591328589144
-0.5   0.84295279850652127
-0.5   1.1164717888627769
-0.5   1.0013511018622927
-0.5   1.4315102516265228
-0.5   1.296415430704603
-0.5   1.3539308348709684
-0.5   1.5877957169231118
-0.5   1.8646647648940653
-0.5   0.61494731809454684
-0.5   1.4529917746812315
-0.5   1.3524278074328524
-0.5   1.2913630797081097
-0.5   2.1476799481966848
-0.5   1.8689675026560892
-0.5   1.4612421539865201
-0.5   0.94187170318890301
-0.5   1.0744819446096121
-0.5   1.4602565976756425
-0.5   1.3618850440723349
-0.5   1.4636456849961774
-0.5   1.495734124703229
-0.5   1.499965724924063
-0.5   0.79589337413436345
-0.5   1.0815966916953574
-0.5   1.3943774129156856
-0.5   1.4292535906203589
-0.5   0.97264877886566348
-0.5   1.3386823612667023
-0.5   1.5029060540512402
-0.5   1.8124473477524408
-0.5   1.7821897651510268
-0.5   1.1877860005794181
-0.5   2.0193496879473654
-0.5   1.042191378302368
-0.5   1.5105250639741841
-0.5   1.6893707547517449
-0.5   1.5481452194376608
-0.5   1.6931265000717257
-0.5   1.8728204863932847
-0.5   1.6864693833690501
-0.5   1.4998704479999714
-0.5   1.850956820826799
-0.5   1.9808199590436675
-0.5   1.6460979732811172
-0.5   1.7231512272873584
-0.5   2.1757367373313885
-0.5   1.4167018057333618
-0.5   2.1549229904932634
-0.5   1.5152383751153122
-0.5   1.6329009822139544
-0.5   1.3956086642573322
-0.5   1.4969799341858268
-0.5   2.0100894133624752
-0.5   2.1009900255273077
-0.5   2.2475472580157074
-0.5   1.9555868617720518
-0.5   2.1789729870395496
-0.5   0.61471350479891806
-0.5   0.67979051646929234
-0.5   1.074070177231524
-0.5   1.4771808269040243
-0.5   1.1048567725400509
-0.5   0.70482285572638514
-0.5   0.6097530725376834
-0.5   1.4547503434431657
-0.5   1.4899677123878345
-0.5   1.4668979973550897
-0.5   1.3849565368818186
-0.5   1.4362165127341313
-0.5   1.4244508189220664
-0.5   2.2720492897265889
-0.5   1.0732794632253657
-0.5   2.3618380098158438
-0.5   1.312069491083655
-0.5   1.6548778715073404
-0.5   1.4923965157711012
-0.5   1.7462861392204565
-0.5   2.1770557888796396
-0.5   1.3345317209479979
-0.5   1.247870140084546
-0.5   1.0079325917017954
-0.5   1.5541944372546466
-0.5   1.5342456001064493
-0.5   3.0285485711876818
-0.5   1.0790377152573538
-0.5   1.6840126959181867
-0.5   1.6735839414429501
-0.5   1.7596863065302699
-0.5   1.7047281714094811
-0.5   0.87213414714682203
-0.5   2.0375589458287076
-0.5   1.031996998503665
-0.5   1.3587708644983441
-0.5   1.1012353023792503
-0.5   1.2148057917509301
-0.5   2.2967417749969541
-0.5   0.83224274680707278
-0.5   2.2682125377231843
-0.5   0.89623498743834129
-0.5   1.4620370349694041
-0.5   1.7637637505963411
-0.5   1.7639570059547234
-0.5   1.3096453684857998
-0.5   0.78304633674830892
-0.5   0.86130374802336407
-0.5   1.3733922491655453
-0.5   2.9627864384406783
-0.5   1.7999480228441165
-0.5   1.2643926805660926
-0.5   1.5132810590306072
-0.5   1.8890345038318475
-0.5   1.3420491825112997
-0.5   2.2757034815016959
-0.5   1.5472739509508466
-0.5   1.6405907405569384
-0.5   1.5603367713956513
-0.5   1.4139519844252242
-0.5   1.5213804603801249
-0.5   1.4122239405896237
-0.5   1.3294705948269832
-0.5   0.95327856185689686
-0.5   1.4369836285357538
-0.5   0.61627646112556156
-0.5   0.88608161901627591
-0.5   1.4848655344845545
-0.5   1.3335472004979316
-0.5   1.4843436250282929
-0.5   0.62954913082709929
-0.5   0.72554911277242651
-0.5   1.1723171744583372
-0.5   1.3619034890724471
-0.5   0.93885942159761604
-0.5   0.77210341154406747
-0.5   1.832399163451782
-0.5   1.913984575845209
-0.5   1.5520544301652688
-0.5   2.0935817759628232
-0.5   2.0847829710012817
-0.5   1.4035084807343579
-0.5   0.70129218543493632
-0.5   0.67964922590855736
-0.5   0.71727505276014014
-0.5   1.4620014357763635
-0.5   0.57476360307540353
-0.5   0.97367157354394185
-0.5   1.4440927941806985
-0.5   1.8309323985288657
-0.5   1.9167830814233553
-0.5   1.5177145341617351
-0.5   1.4044073974292965
-0.5   1.181438264336494
-0.5   1.476284416758572
-0.5   1.4425901145991511
-0.5   1.1048470532127472
-0.5   0.76691856150819393
-0.5   1.294072580391699
-0.5   0.52879646131183677
-0.5   0.54776495011069204
-0.5   0.70701043157948118
-0.5   1.0484778009555054
-0.5   1.4441781879910964
-0.5   1.2296853420661458
-0.5   1.4435834761355999
-0.5   1.5025555494793643
-0.5   1.8567111961693823
-0.5   2.3269263990149072
-0.5   1.6102177968769418
-0.5   1.5661336471101843
-0.5   1.9094724328147836
-0.5   1.7376434019503586
-0.5   1.8533901713642011
-0.5   1.855732277401724
-0.5   0.76817827272586081
-0.5   1.3028183125975346
-0.5   1.7216136239741608
-0.5   1.079843169002624
-0.5   1.3560306090943017
-0.5   0.639422336750334
-0.5   1.4090218752064672
-0.5   0.98719827891449152
-0.5   1.0125136557464538
-0.5   0.52905267993777105
-0.5   1.0653118552321541
-0.5   1.171662498703836
-0.5   1.2282585907384851
-0.5   1.3450832747584205
-0.5   1.4804983229706392
-0.5   1.2448635237663186
-0.5   2.0069295400871199
-0.5   1.7353502534843814
-0.5   2.2569304151880867
-0.5   0.55507192952388551
-0.5   0.6831053073168889
-0.5   1.4588132594725296
-0.5   0.79824453683892616
-0.5   0.57873860536446986
-0.5   1.0009953776547056
-0.5   1.4197319750025996
-0.5   1.3269978181076412
-0.5   1.3003184150112512
-0.5   0.8194609314820771
-0.5   1.9589349744030029
-0.5   1.1207240336012003
-0.5   1.3060095026919183
-0.5   1.6770582749669343
-0.5   1.4296529467872157
-0.5   1.385998121206808
-0.5   1.1672335992900695
-0.5   2.1420998843980392
-0.5   1.8945979386986478
-0.5   1.5304334399611261
-0.5   1.6171372886144755
-0.5   2.2669431191953571
-0.5   2.4435986274993007
-0.5   2.333898549472464
-0.5   3.3030253641411611

0.5   0.79600177519709203
0.5   0.80615552893541964
0.5   1.0245781206032729
0.5   0.9100222909332718
0.5   1.0771745992650292
0.5   0.97991806084617372
0.5   1.3628615320530928
0.5   1.4004415381709954
0.5   1.2136113945227649
0.5   2.2691778336054456
0.5   1.0708677934185085
0.5   1.1821255157987118
0.5   1.458696251548198
0.5   2.347792341706644
0.5   0.78861913603573619
0.5   1.4419390047713279
0.5   1.1708484794409846
0.5   0.78608659102403688
0.5   2.1379975870066774
0.5   0.60100504570344526
0.5   1.2273601582882154
0.5   1.4352962593840282
0.5   1.1465675252618952
0.5   1.0790181761966222
0.5   0.70726962814709249
0.5   1.4675118087984709
0.5   1.3373353230008316
0.5   1.2608849320651432
0.5   1.5848045171438137
0.5   0.71989350948841224
0.5   1.4673479948145474
0.5   1.8698883524593954
0.5   1.2881533884815499
0.5   1.8578185974642341
0.5   1.6167025629334986
0.5   2.1582189985053706
0.5   1.0369007136966846
0.5   1.9428064418450655
0.5   1.8684998403073028
0.5   1.5967948177461588
0.5   1.709372208581418
0.5   1.583333681662372
0.5   1.366139860520454
0.5   2.0220864140679202
0.5   1.6736495326479082
0.5   2.5042148148669643
0.5   1.8870785073026046
0.5   1.4145174900493402
0.5   1.4558937291587719
0.5   1.9367844812159709
0.5   1.8651958658049002
0.5   1.6783821047479184
0.5   1.9593590506118437
0.5   1.4621247951823548
0.5   1.243973372453967
0.5   1.8273348252391193
0.5   2.0423211745871352
0.5   1.273041522533048
0.5   1.9402723831660356
0.5   1.1481823239710791
0.5   2.1383781718032582
0.5   0.78411612128564068
0.5   1.2557830958493998
0.5   1.3300591328588738
0.5   0.84295279850657523
0.5   1.1164717888627456
0.5   1.0013511018624144
0.5   1.4315102516264473
0.5   1.2964154307046012
0.5   1.3539308348709638
0.5   1.5877957169231065
0.5   1.8646647648940724
0.5   0.61494731809455194
0.5   1.4529917746812491
0.5   1.3524278074328171
0.5   1.2913630797081683
0.5   2.1476799481966693
0.5   1.8689675026560679
0.5   1.4612421539865046
0.5   0.94187170318891411
0.5   1.0744819446096103
0.5   1.4602565976756536
0.5   1.3618850440723351
0.5   1.4636456849961788
0.5   1.4957341247031519
0.5   1.4999657249240697
0.5   0.79589337413447403
0.5   1.0815966916953212
0.5   1.3943774129156836
0.5   1.4292535906203889
0.5   0.97264877886567747
0.5   1.3386823612667191
0.5   1.5029060540513246
0.5   1.8124473477524314
0.5   1.7821897651509353
0.5   1.187786000579391
0.5   2.0193496879473862
0.5   1.0421913783023993
0.5   1.5105250639741663
0.5   1.68937075475176
0.5   1.5481452194376391
0.5   1.6931265000717253
0.5   1.8728204863932909
0.5   1.686469383369035
0.5   1.4998704479999896
0.5   1.8509568208267932
0.5   1.980819959043695
0.5   1.6460979732811012
0.5   1.723151227287341
0.5   2.1757367373314129
0.5   1.4167018057332637
0.5   2.154922990493334
0.5   1.5152383751153033
0.5   1.6329009822139513
0.5   1.3956086642573442
0.5   1.4969799341858128
0.5   2.0100894133624747
0.5   2.1009900255272931
0.5   2.2475472580156963
0.5   1.9555868617720686
0.5   2.1789729870395425
0.5   0.61471350479891718
0.5   0.67979051646930855
0.5   1.0740701772315273
0.5   1.477180826904021
0.5   1.1048567725400458
0.5   0.70482285572638426
0.5   0.60975307253768096
0.5   1.4547503434431666
0.5   1.4899677123878323
0.5   1.4668979973550966
0.5   1.3849565368818115
0.5   1.4362165127341149
0.5   1.4244508189220704
0.5   2.2720492897265974
0.5   1.0732794632253639
0.5   2.3618380098158367
0.5   1.3120694910836612
0.5   1.6548778715073515
0.5   1.4923965157710843
0.5   1.746286139220441
0.5   2.1770557888796445
0.5   1.3345317209479914
0.5   1.2478701400845531
0.5   1.0079325917018009
0.5   1.5541944372546541
0.5   1.5342456001064471
0.5   3.0285485711876796
0.5   1.0790377152573538
0.5   1.6840126959181978
0.5   1.6735839414429452
0.5   1.7596863065302837
0.5   1.7047281714094784
0.5   0.87213414714681314
0.5   2.0375589458287089
0.5   1.0319969985036654
0.5   1.3587708644983389
0.5   1.1012353023792567
0.5   1.2148057917509334
0.5   2.2967417749969519
0.5   0.8322427468070579
0.5   2.2682125377231808
0.5   0.89623498743835217
0.5   1.4620370349694041
0.5   1.7637637505963393
0.5   1.7639570059547292
0.5   1.3096453684858045
0.5   0.78304633674830049
0.5   0.8613037480233563
0.5   1.3733922491655337
0.5   2.9627864384406708
0.5   1.7999480228441227
0.5   1.2643926805661088
0.5   1.5132810590306018
0.5   1.8890345038318377
0.5   1.3420491825113001
0.5   2.2757034815016923
0.5   1.5472739509508369
0.5   1.6405907405570201
0.5   1.5603367713955625
0.5   1.4139519844252719
0.5   1.5213804603801271
0.5   1.4122239405895847
0.5   1.3294705948269703
0.5   0.95327856185690174
0.5   1.4369836285357371
0.5   0.61627646112556556
0.5   0.88608161901628768
0.5   1.4848655344845461
0.5   1.3335472004979234
0.5   1.4843436250282938
0.5   0.62954913082709973
0.5   0.72554911277114198
0.5   1.1723171744592737
0.5   1.3619034890724298
0.5   0.93885942159760782
0.5   0.77210341154409035
0.5   1.8323991634517398
0.5   1.9139845758451353
0.5   1.552054430165251
0.5   2.093581775962897
0.5   2.084782971001323
0.5   1.4035084807343738
0.5   0.70129218543495209
0.5   0.67964922590856425
0.5   0.71727505276010106
0.5   1.4620014357763733
0.5   0.57476360307539709
0.5   0.97367157354394429
0.5   1.4440927941806201
0.5   1.8309323985289097
0.5   1.9167830814233255
0.5   1.5177145341617395
0.5   1.4044073974292524
0.5   1.1814382643365082
0.5   1.4762844167586404
0.5   1.4425901145991404
0.5   1.1048470532127512
0.5   0.76691856150822146
0.5   1.2940725803916837
0.5   0.52879646131183322
0.5   0.5477649501107027
0.5   0.70701043157951626
0.5   1.0484778009556124
0.5   1.4441781879912041
0.5   1.229685342066088
0.5   1.443583476133689
0.5   1.5025555494793061
0.5   1.8567111961708731
0.5   2.32692639901494
0.5   1.610217796876944
0.5   1.5661336471102079
0.5   1.9094724328147947
0.5   1.7376434019503333
0.5   1.8533901713639449
0.5   1.8557322774019216
0.5   0.76817827272585393
0.5   1.3028183125974993
0.5   1.7216136239741302
0.5   1.0798431690026649
0.5   1.3560306090943053
0.5   0.63942233675032889
0.5   1.4090218752064378
0.5   0.98719827891453216
0.5   1.0125136557464738
0.5   0.52905267993777816
0.5   1.0653118552321692
0.5   1.171662498703824
0.5   1.2282585907384724
0.5   1.3450832747584223
0.5   1.4804983229706381
0.5   1.2448635237663375
0.5   2.006929540087584
0.5   1.7353502534838681
0.5   2.2569304151881213
0.5   0.55507192952388307
0.5   0.68310530731682051
0.5   1.4588132594725369
0.5   0.79824453683888419
0.5   0.57873860536446831
0.5   1.00099537765474
0.5   1.4197319750025852
0.5   1.3269978181076016
0.5   1.300318415011164
0.5   0.81946093148213794
0.5   1.9589349744032107
0.5   1.1207240336010211
0.5   1.3060095026921095
0.5   1.6770582749667833
0.5   1.4296529467872259
0.5   1.3859981212068677
0.5   1.1672335992900946
0.5   2.1420998843986481
0.5   1.8945979386979093
0.5   1.5304334399611386
0.5   1.6171372886145075
0.5   2.2669431191953362
0.5   2.4435986274992914
0.5   2.333898549472448
0.5   3.3030253641411371

1.5   1.5111663596080587
1.5   1.5114521825628819
1.5   1.7489162026319049
1.5   1.5253094925770521
1.5   2.3003138229260367
1.5   1.5941392853648897
1.5   1.5228195426163249
1.5   2.3920300623302797
1.5   1.5103124352493493
1.5   2.3497119590071383
1.5   1.6291107183613636
1.5   1.5950111353670926
1.5   1.5611852278384091
1.5   1.5637614869051841
1.5   1.6407368964479061
1.5   2.4020900552124305
1.5   1.7427301175225187
1.5   1.8159022479548979
1.5   1.9580527664143181
1.5   1.9245311619197905
1.5   2.0015268187578048
1.5   1.8407111071592932
1.5   1.6071268212768186
1.5   3.0730040041973874
1.5   2.0680101787246858
1.5   2.1627163312272515
1.5   2.3112873530787974
1.5   2.1545378982374159
1.5   2.318314489401275
1.5   2.3648719933700395
1.5   1.7890202915963269
1.5   2.0661410909211182
1.5   2.0609439420455593
1.5   2.1194400018677824
1.5   1.6693370319407275
1.5   2.2839235907648416
1.5   1.6168347157198921
1.5   2.3234562620466983
1.5   1.5790768658716186
1.5   1.514076527223315
1.5   1.5336557115718432
1.5   2.4470865335855416
1.5   1.5304063403051638
1.5   1.5946334867358165
1.5   2.383768216536378
1.5   1.5669276440066979
1.5   2.3577110518676987
1.5   1.6441817247356747
1.5   1.5064383848144973
1.5   1.6159228192203119
1.5   1.9503628738290253
1.5   1.9506463593435721
1.5   1.9689895756324303
1.5   1.9701394284181362
1.5   1.5471554712719837
1.5   1.5382948582341527
1.5   2.0533443470397081
1.5   2.0522787282078743
1.5   2.3962881613665514
1.5   2.0460030569036438
1.5   2.0756345840940957
1.5   2.1701508372350169
1.5   2.6364372482420784
1.5   2.3996343617902229
1.5   1.8457753406756616
1.5   1.8587145803723661
1.5   2.1014098373524566
1.5   2.1977196707532949
1.5   2.0742967929880733
1.5   2.148029712938631
1.5   2.0949693655068327
1.5   2.2854637227475858
1.5   2.2514542028101396
1.5   2.0101427374728127
1.5   1.5152966790809965
1.5   1.5352478342450042
1.5   1.5587052142573223
1.5   1.5089753850749346
1.5   1.5608939011043779
1.5   1.6460355709145658
1.5   2.1389323702397363
1.5   1.9998637613768522
1.5   1.7360351074923002
1.5   2.2754600181889235
1.5   1.9271582330373862
1.5   2.3262438687733091
1.5   1.6244073807127402
1.5   2.3627225073406377
1.5   1.5387673298638385
1.5   2.6955553757140236
1.5   2.2435270575078388
1.5   2.4263988555349716
1.5   1.5191229544998679
1.5   1.8259784694432155
1.5   2.3767257105277193
1.5   1.6279909947128641
1.5   2.2076433244434237
1.5   1.8837154848229738
1.5   2.3551533654825993
1.5   1.6035880616922791
1.5   1.5738787004961337
1.5   1.9716777345497136
1.5   2.7167470932948321
1.5   2.0752680533060337
1.5   1.5324879531539204
1.5   1.5254412174919199
1.5   2.5471300717771501
1.5   1.5387574348634514
1.5   2.3470142888661272
1.5   1.9449565674465839
1.5   2.0025081806595941
1.5   2.1097363090603922
1.5   2.1269544919098702
1.5   1.6577082374965002
1.5   1.5140532772707758
1.5   1.5241853595593193
1.5   1.5104685528754396
1.5   1.5099891413203079
1.5   1.5101281141134923
1.5   1.7470156880122669
1.5   1.7369821241839087
1.5   1.6015584951618105
1.5   2.312155748187668
1.5   2.231970946479124
1.5   1.5140656517707063
1.5   1.7432376900738307
1.5   1.9236714036437572
1.5   1.7063519587550919
1.5   2.1390508133499759
1.5   2.1827298884964175
1.5   1.5316757048263732
1.5   1.5125861521379056
1.5   1.517596176577074
1.5   1.9478021322093615
1.5   1.9193709990372172
1.5   1.8787989514138079
1.5   2.0598346140093473
1.5   2.0986324186796681
1.5   1.5714181734163111
1.5   3.2175660252836735
1.5   2.4705447245022785
1.5   1.5308701641104294
1.5   1.7081884762735897
1.5   1.5124148919209532
1.5   1.5045222998580838
1.5   1.5365763613309258
1.5   1.5131663323391922
1.5   1.6226683822799797
1.5   1.5070837103014472
1.5   2.3788667211658385
1.5   1.5167898940454543
1.5   2.4821781148007078
1.5   1.5038984371168307
1.5   1.6047659881837384
1.5   1.5775825243806185
1.5   1.5072002757730569
1.5   1.5760638734173398
1.5   1.9569719619656554
1.5   2.0949023378737714
1.5   1.7321114065466743
1.5   1.6461838135878302
1.5   1.768573969785046
1.5   2.1080069158418215
1.5   1.9067265304676293
1.5   2.4418930785208954
1.5   2.4339227264046075
1.5   2.3190148986619996
1.5   3.3225600524376442

2.5   2.5002400544353822
2.5   2.5002198981296657
2.5   2.5035234699221021
2.5   2.5144102793841419
2.5   2.510574115368946
2.5   2.6442445301543733
2.5   3.2725965455706629
2.5   2.798538381437814
2.5   3.208221217171483
2.5   2.5502068646148417
2.5   2.5794033458600119
2.5   2.5336367405950448
2.5   2.5121655818383646
2.5   2.5035922078789201
2.5   2.5020356795616787
2.5   2.5192280129998887
2.5   3.0670478541605237
2.5   2.5061037872343594
2.5   3.0904490008942442
2.5   2.5073553957250376
2.5   2.5682347803190098
2.5   2.6954675868261857
2.5   2.8735477236003666
2.5   2.7703971584966096
2.5   2.5044149971592091
2.5   2.5710731520865489
2.5   2.534519541366163
2.5   2.500722074571907
2.5   2.5024266773115347
2.5   2.5002034087271703
2.5   3.4257501906706773
2.5   2.5011847552713049
2.5   2.5583616175132726
2.5   2.5073124518304799
2.5   2.501607468958396
2.5   3.4782529989106901
2.5   2.5000633474163729
2.5   2.5063172497720734
2.5   2.5002247622352747
2.5   2.5142358000336613
2.5   2.5001013725074279
2.5   2.5011040107312166
2.5   2.5025737128855536
2.5   2.5001966426300375
2.5   2.5001854830576562
2.5   2.7769247109981205
2.5   3.272779117500054
2.5   2.5000695923168315
2.5   2.500698848102779
2.5   2.5001357132951694
2.5   2.5000915574989722
2.5   2.5000545856718435
2.5   2.5000221357318453
2.5   2.6733786616055908
2.5   2.5002488464555723
2.5   3.3635496553881499

3.5   3.4999999999999996
3.5   3.5
3.5   3.5000000000000009
3.5   3.5
3.5   3.4999999999999996
3.5   3.4999999999999996
3.5   3.4999999999999996
3.5   3.5

