-2   2
-2   2
-2   2
-2   2
-2   2

-1   1.0050381452411767
-1   1.0029355173228254
-1   1.0276717799794088
-1   1.9774904232802002
-1   1.9907865691052447
-1   1.0035430291989145
-1   1.0118894841865032
-1   1.0003742774763125
-1   1.0473669826811556
-1   1.9666936992337125
-1   1.0020346553385597
-1   1.0070274720873835
-1   1.9740193870817198
-1   1.0003317323562619
-1   1.0407407363854488
-1   1.0014902663371763
-1   1.0001720473158637
-1   1.0188239416707829
-1   1.0000258269821665
-1   1.9877718155350972

0   0.010965781419278731
0   1.0000000000000011
0   0.99999999999999911
0   1
0   0.097315889487613716
0   1.5608221319101765
0   0.99999999999999711
0   1.9549432811188194
0   0.99999999999999933
0   1.0000000000000002
0   0.10629959859327021
0   1.0000000000000009
0   0.0030031218881286792
0   0.99999999999999978
0   1.9971405048313349
0   1.0000000000000007
0   1.0000000000000011
0   1.5608221319101765
0   1.0000000000000002
0   1.0000000000000011
0   1.0000000000000007
0   0.0014028391595523049
0   0.0030031218881285682
0   1.0000000000000007
0   0.0075790734419327599
0   0.99999999999999933
0   0.076648949193601656
0   1.0000000000000007
0   0.99999999999999867
0   1.9820366530796054

1   1.0050381452411765
1   1.002935517322826
1   1.0276717799794102
1   1.9774904232802024
1   1.9907865691052438
1   1.0035430291989149
1   1.0118894841865063
1   1.0003742774763134
1   1.0473669826811529
1   1.9666936992337161
1   1.0020346553385602
1   1.0070274720873844
1   1.9740193870817198
1   1.0003317323562619
1   1.0407407363854491
1   1.0014902663371754
1   1.0001720473158637
1   1.0188239416707829
1   1.0000258269821662
1   1.9877718155350959

2   2
2   2
2   2
2   2
2   2

