-3.5   3.4999999999999996
-3.5   3.5
-3.5   3.5
-3.5   3.4999999999999996
-3.5   3.5
-3.5   3.5
-3.5   3.5
-3.5   3.4999999999999996

-2.5   2.5002348586674339
-2.5   2.500216757965454
-2.5   2.5034680893908234
-2.5   2.5141716191351913
-2.5   2.5104817591533757
-2.5   2.6421992112588817
-2.5   3.2762655076735818
-2.5   2.7997354335122742
-2.5   3.2077194568309531
-2.5   2.5491330489233244
-2.5   2.5783108595204656
-2.5   2.5331958718295691
-2.5   2.5120882830249767
-2.5   2.5035204909278899
-2.5   2.5019999634817522
-2.5   2.5188891813383649
-2.5   3.0671233801992788
-2.5   2.5061705822175
-2.5   3.0907429054171076
-2.5   2.5072730546662503
-2.5   2.5682034570908479
-2.5   2.6955210578374738
-2.5   2.873602527095251
-2.5   2.7703702949310522
-2.5   2.5043865442059796
-2.5   2.5710552342281296
-2.5   2.5339983233221672
-2.5   2.5007114976049678
-2.5   2.5024355236603792
-2.5   2.5001994560600997
-2.5   3.427144008557419
-2.5   2.5011608951304884
-2.5   2.5571053113600435
-2.5   2.507202035842786
-2.5   2.5015860686436495
-2.5   3.4786249374803004
-2.5   2.5000622303966895
-2.5   2.5061503272189496
-2.5   2.5002207957211997
-2.5   2.514042680084144
-2.5   2.5000992581122823
-2.5   2.5010866297502714
-2.5   2.5025278405672027
-2.5   2.5001935432626596
-2.5   2.5001824189249735
-2.5   2.7756417485766627
-2.5   3.2739554794763701
-2.5   2.5000686312554041
-2.5   2.500688076252934
-2.5   2.5001333774489143
-2.5   2.5000904274835389
-2.5   2.5000662943937235
-2.5   2.500022200634195
-2.5   2.6720146785372738
-2.5   2.5002442298614458
-2.5   3.3646653380695213

-1.5   1.5106783072130412
-1.5   1.5111853837551279
-1.5   1.7471681326849757
-1.5   1.5249647882387336
-1.5   2.3022553784646975
-1.5   1.5929523110935642
-1.5   1.5224122794674324
-1.5   2.3935165902258282
-1.5   1.5102213958994657
-1.5   2.3496685831437722
-1.5   1.6306030521198545
-1.5   1.5939592893123362
-1.5   1.5594407176502498
-1.5   1.562473764272335
-1.5   1.638329846560822
-1.5   2.4052966924893386
-1.5   1.7414585997787682
-1.5   1.8149839409036286
-1.5   1.9603519563559995
-1.5   1.9253881269575737
-1.5   1.9990450389729673
-1.5   1.841011525201826
-1.5   1.6018514460926037
-1.5   3.0836272078309332
-1.5   2.0651365057044075
-1.5   2.1571910684666986
-1.5   2.316358573868925
-1.5   2.1538223620829773
-1.5   2.3172403235090058
-1.5   2.3713985264841853
-1.5   1.7879522901894713
-1.5   2.0598977312724083
-1.5   2.0578560176056051
-1.5   2.119969606312933
-1.5   1.6681099855786212
-1.5   2.2827526555014543
-1.5   2.3260724380586848
-1.5   1.6152634527740162
-1.5   1.5778312091472055
-1.5   1.5138870502381461
-1.5   1.5333236943256954
-1.5   2.4478800188024272
-1.5   1.5300672736681946
-1.5   1.5932153133225242
-1.5   2.3850161045306577
-1.5   1.5667935672556412
-1.5   2.359214770777895
-1.5   1.6426395533516347
-1.5   1.5062731713998954
-1.5   1.6142067275695755
-1.5   1.95040142622307
-1.5   1.9507081728641853
-1.5   1.960097291208283
-1.5   1.9704044343127713
-1.5   1.5576483251118498
-1.5   1.5376008084108728
-1.5   2.0535205101850513
-1.5   2.0523086375269162
-1.5   2.3959976969493604
-1.5   2.0463492079838677
-1.5   2.0762410190583953
-1.5   2.1701925380403471
-1.5   2.6362687568694181
-1.5   2.3998897263629697
-1.5   1.8458303494110391
-1.5   1.8588441140373595
-1.5   2.1015307570052082
-1.5   2.1975530075556953
-1.5   2.0740620072796245
-1.5   2.1500530256099224
-1.5   2.0935214310656596
-1.5   2.2857116025538819
-1.5   2.2514121643318989
-1.5   2.0101513731715692
-1.5   1.5150189192160397
-1.5   1.5346134528696469
-1.5   1.5577453209799628
-1.5   1.5087849263629476
-1.5   1.5595970136324397
-1.5   1.6447607622554248
-1.5   2.1443397301494866
-1.5   1.9947098856039003
-1.5   1.7414926618582678
-1.5   2.2725806441875736
-1.5   1.9273791080834473
-1.5   2.3273927580789024
-1.5   1.6229249783172013
-1.5   2.3580486349940037
-1.5   1.5379327646279433
-1.5   2.7101877044887308
-1.5   2.244873728070012
-1.5   2.4154024792346656
-1.5   1.5187795674479538
-1.5   1.8246390780046773
-1.5   2.3778677231174283
-1.5   1.6261984612291451
-1.5   2.2093730476606144
-1.5   1.8816886016690422
-1.5   2.3569832180633523
-1.5   1.6024409136724662
-1.5   1.5718183216311781
-1.5   1.9635657503142854
-1.5   2.7217283908541137
-1.5   2.0835012404689812
-1.5   1.531882705576959
-1.5   1.5253384327763553
-1.5   2.5436844243465582
-1.5   1.5382991944736859
-1.5   2.3508412672403152
-1.5   1.9463471311029727
-1.5   1.9993835408473455
-1.5   2.1097771611781435
-1.5   2.1260776116258038
-1.5   1.6570281954088886
-1.5   1.5133754507162909
-1.5   1.5237123942430841
-1.5   1.5103671152264253
-1.5   1.5098968909011199
-1.5   1.5100356798580359
-1.5   1.7471042928652514
-1.5   1.7368767991552732
-1.5   1.600503468452203
-1.5   2.3124769059630936
-1.5   2.232910747189397
-1.5   1.5137813575670025
-1.5   1.7353527872277152
-1.5   1.9261246424930052
-1.5   1.7163162374211582
-1.5   2.137473634909473
-1.5   2.1806773749375026
-1.5   1.5308235194801325
-1.5   1.5123774644894095
-1.5   1.5173993650587612
-1.5   1.948299643265782
-1.5   1.9195733497963334
-1.5   1.8785629913771973
-1.5   2.0564137302768866
-1.5   2.0967857117660977
-1.5   1.5725975374476926
-1.5   3.2223033697089942
-1.5   2.4712346753931111
-1.5   1.5290941662454305
-1.5   1.7063613135711999
-1.5   1.5123378356849426
-1.5   1.5044492430235832
-1.5   1.5360092556018698
-1.5   1.5129735137645777
-1.5   1.6218777248127774
-1.5   1.5069801947794863
-1.5   2.3800416975257588
-1.5   1.516478255209452
-1.5   2.4824782332331745
-1.5   1.5038506114669974
-1.5   1.6034116503204325
-1.5   1.5762826388994942
-1.5   1.506897603221343
-1.5   1.5754489850770934
-1.5   1.9633357785974064
-1.5   2.0886992845054193
-1.5   1.7306645359650776
-1.5   1.6466280679958931
-1.5   1.7682009666250287
-1.5   2.1144004528656901
-1.5   1.8988109841619667
-1.5   2.4423850007602423
-1.5   2.4348446569497781
-1.5   2.3202411475728599
-1.5   3.3240171819945163

-0.5   0.78543101756837785
-0.5   0.80151974875649734
-0.5   1.0341217232067808
-0.5   0.91185638916728817
-0.5   1.0755152629056406
-0.5   0.97698715418246151
-0.5   1.3631545219337446
-0.5   1.4010367486203925
-0.5   1.2147921783271665
-0.5   2.2712802489166686
-0.5   1.0735332539352593
-0.5   1.1783814309910576
-0.5   1.4593396141924095
-0.5   2.350015395991087
-0.5   0.78332855696813386
-0.5   1.4429481272493341
-0.5   1.174523812292031
-0.5   0.78295678076529041
-0.5   2.1382304769664278
-0.5   0.5986163072850057
-0.5   1.2283255459941109
-0.5   1.4332938789470628
-0.5   1.1418163003480779
-0.5   1.0693998319558857
-0.5   0.71887935073480991
-0.5   1.4681369225716168
-0.5   1.3371454589658596
-0.5   1.2604712277092629
-0.5   1.5899115830982202
-0.5   0.71346751114427809
-0.5   1.460885624944452
-0.5   1.8752530395574585
-0.5   1.2836948200735818
-0.5   1.8527550506238866
-0.5   1.628916409029721
-0.5   2.1573974748561446
-0.5   1.037907699312846
-0.5   1.9365035248351035
-0.5   1.8769927317957755
-0.5   1.596019704388993
-0.5   1.7054766256064
-0.5   1.5932512535796577
-0.5   1.3666398373712128
-0.5   2.0157780192930614
-0.5   1.6616585058480253
-0.5   2.515630354046416
-0.5   1.8948301432306365
-0.5   1.4182906713384535
-0.5   1.4535299512579805
-0.5   1.9350826018690483
-0.5   1.8665613881955001
-0.5   1.6780530883234404
-0.5   1.9533772389078048
-0.5   1.4625929074693313
-0.5   1.2456618429930184
-0.5   1.8232404484984426
-0.5   2.0417321681467868
-0.5   1.2726023150859838
-0.5   1.9391603340725214
-0.5   1.1464718576249482
-0.5   2.1451085161883254
-0.5   0.7813933951705474
-0.5   1.248706117367079
-0.5   1.3319801829691982
-0.5   0.83958041094482905
-0.5   1.1191185411792528
-0.5   0.99674679692364987
-0.5   1.4312267859775603
-0.5   1.2974875907390739
-0.5   1.3565212153233406
-0.5   1.5896887775017348
-0.5   1.8641356004695533
-0.5   0.61429508108914677
-0.5   1.457045602140169
-0.5   1.3540148026338992
-0.5   1.2911721317282905
-0.5   2.1452491310406518
-0.5   1.8755395775162853
-0.5   1.4542376666351238
-0.5   0.94501610221749321
-0.5   1.0722457315920171
-0.5   1.4551958690907714
-0.5   1.3610185653797482
-0.5   1.4641817730574997
-0.5   1.4829210096952736
-0.5   1.4999427159652399
-0.5   0.8105009630067288
-0.5   1.0833720005445402
-0.5   1.4274007778004361
-0.5   1.3939958572079791
-0.5   0.9700291245098065
-0.5   1.3324145341988833
-0.5   1.4906390441269681
-0.5   1.8154912293370362
-0.5   1.7904638331131619
-0.5   1.1887888091540002
-0.5   2.0238778049495023
-0.5   1.0240760395043063
-0.5   1.5104707967966244
-0.5   1.6902708131458533
-0.5   1.5625577867853102
-0.5   1.6927727896754492
-0.5   1.8731028073057883
-0.5   1.6874569170145874
-0.5   1.5018289578623043
-0.5   1.8520953674986416
-0.5   1.9807125273063204
-0.5   1.6463226581889256
-0.5   1.7240015036134273
-0.5   2.1760837251761473
-0.5   1.4146944191138933
-0.5   2.1586332254886318
-0.5   1.5151015062794397
-0.5   1.6333689206824022
-0.5   1.3905408763510523
-0.5   1.4964198369113404
-0.5   2.0100686442501767
-0.5   2.1010835670651997
-0.5   2.2479978325336862
-0.5   1.955057288547287
-0.5   2.179294917516049
-0.5   0.61264151395997657
-0.5   0.67697631543332215
-0.5   1.0753887905276487
-0.5   1.4776311418589287
-0.5   1.103450097303456
-0.5   0.70295295082970011
-0.5   0.60803709103724879
-0.5   1.4542478352706063
-0.5   1.4875621192189905
-0.5   1.4701187259511066
-0.5   1.3854433483878366
-0.5   1.4370314242291611
-0.5   1.4225050759764282
-0.5   2.2696087159470482
-0.5   1.0736762665258135
-0.5   2.3647481845104594
-0.5   1.3128133999849689
-0.5   1.6471465779719079
-0.5   1.490037525597796
-0.5   1.7545174717337528
-0.5   2.180478346626805
-0.5   1.3399047754181781
-0.5   1.2496088025234986
-0.5   1.0078441763226966
-0.5   1.548143664819265
-0.5   1.5323687463062901
-0.5   3.0313754436904241
-0.5   1.0782185709694188
-0.5   1.6725239278316613
-0.5   1.6890602660305203
-0.5   1.755494411055007
-0.5   1.7012630354069795
-0.5   0.8739273279156845
-0.5   2.038024173092261
-0.5   1.0258745911461862
-0.5   1.358898327312732
-0.5   1.1037559125592136
-0.5   1.2120290580635511
-0.5   2.2980706953773296
-0.5   0.8328025126340719
-0.5   2.269033214433799
-0.5   0.89422007359402778
-0.5   1.4622827745865372
-0.5   1.7663978450915034
-0.5   1.7663729529752263
-0.5   1.3116369868430533
-0.5   0.78169206172349148
-0.5   0.85819165151986443
-0.5   1.3724447268906035
-0.5   2.9653258834496317
-0.5   1.79847870494216
-0.5   1.2644029811391093
-0.5   1.5131701061729199
-0.5   1.8822853654255218
-0.5   1.3428021579725793
-0.5   2.2777826791149085
-0.5   1.5501420025051948
-0.5   1.6423258955171165
-0.5   1.5537691186031015
-0.5   1.4131079006694298
-0.5   1.5268608990585357
-0.5   1.4169368689213282
-0.5   1.3233195994346123
-0.5   0.94984296133593582
-0.5   1.4383125273666677
-0.5   0.61395463533956085
-0.5   0.88419174301460646
-0.5   1.4849516443066635
-0.5   1.3341340557662491
-0.5   1.4847005812715832
-0.5   0.62757595390458998
-0.5   0.69620510689318715
-0.5   1.1931811976111779
-0.5   1.3644195846158285
-0.5   0.93695192131297533
-0.5   0.76804319108490327
-0.5   1.8302363705315692
-0.5   1.9148271122811091
-0.5   1.5546399031356177
-0.5   2.094157004035698
-0.5   2.0871998402150984
-0.5   1.4043125725952426
-0.5   0.69781457992009766
-0.5   0.67705700719824224
-0.5   0.71495080622611384
-0.5   1.4623508519822459
-0.5   0.57297176142614759
-0.5   0.96779735854424054
-0.5   1.4457725459911119
-0.5   1.8325568936861605
-0.5   1.927528996507399
-0.5   1.5169002853957649
-0.5   1.4071560249501898
-0.5   1.1741178577855695
-0.5   1.4759901086369238
-0.5   1.4411923488992009
-0.5   1.1007961433958124
-0.5   0.76410877471056371
-0.5   1.2938327461370414
-0.5   0.52786437500642669
-0.5   0.54703046236286923
-0.5   0.69975499538803687
-0.5   1.0345453189276612
-0.5   1.4415090227912688
-0.5   1.2262945196287349
-0.5   1.357840642369063
-0.5   1.515410639441447
-0.5   1.9306116605295127
-0.5   2.3303557515741802
-0.5   1.6144854339274248
-0.5   1.5653919539857073
-0.5   1.9104625503070669
-0.5   1.7595264469315075
-0.5   1.8366028540247266
-0.5   1.8495010329211063
-0.5   0.76813896220095201
-0.5   1.3058708737858036
-0.5   1.7186182185965624
-0.5   1.0763756874961059
-0.5   1.3554710379543178
-0.5   0.63790449812936068
-0.5   1.4109166076942263
-0.5   0.98273212610348959
-0.5   1.0123206018682602
-0.5   0.52880469443410494
-0.5   1.0669867163162514
-0.5   1.2250713654125511
-0.5   1.1755024048485285
-0.5   1.3456441556860099
-0.5   1.4808125753637342
-0.5   1.2395378163709447
-0.5   2.019189253919591
-0.5   1.7230262721180587
-0.5   2.2598155046772463
-0.5   0.55416317388626335
-0.5   0.6799919825936358
-0.5   1.4594103844741269
-0.5   0.79228615167042538
-0.5   0.57847640680245749
-0.5   0.99570815296836912
-0.5   1.4247208119903312
-0.5   1.3257397856849429
-0.5   1.3032856248538771
-0.5   0.81362987886944649
-0.5   1.9631370123690282
-0.5   1.1382906989999162
-0.5   1.2898452276206263
-0.5   1.6721946755730981
-0.5   1.4333451214376591
-0.5   1.3866230405926503
-0.5   1.158398948576429
-0.5   2.1478370438346581
-0.5   1.8892516408412656
-0.5   1.5301447763593172
-0.5   1.6165027266931271
-0.5   2.269539398143952
-0.5   2.4442904156239318
-0.5   2.33466230281527
-0.5   3.304647989529498

0.5   0.78543101756852085
0.5   0.80151974875653575
0.5   1.0341217232066569
0.5   0.91185638916724843
0.5   1.0755152629057001
0.5   0.9769871541823949
0.5   1.3631545219337131
0.5   1.4010367486203814
0.5   1.2147921783272042
0.5   2.2712802489166761
0.5   1.073533253935268
0.5   1.1783814309910434
0.5   1.4593396141924055
0.5   2.3500153959910839
0.5   0.78332855696818426
0.5   1.4429481272493319
0.5   1.1745238122919786
0.5   0.78295678076527775
0.5   2.1382304769664455
0.5   0.59861630728499948
0.5   1.2283255459941005
0.5   1.4332938789470804
0.5   1.1418163003480952
0.5   1.0693998319558999
0.5   0.71887935073478304
0.5   1.4681369225716125
0.5   1.3371454589658534
0.5   1.2604712277092438
0.5   1.5899115830982726
0.5   0.71346751114427964
0.5   1.4608856249450879
0.5   1.8752530395574443
0.5   1.2836948200729164
0.5   1.8527550506238386
0.5   1.6289164090297428
0.5   2.1573974748561677
0.5   1.0379076993128045
0.5   1.9365035248350484
0.5   1.8769927317957364
0.5   1.5960197043889379
0.5   1.7054766256064311
0.5   1.5932512535797074
0.5   1.3666398373713846
0.5   2.0157780192930046
0.5   1.6616585058477891
0.5   2.5156303540464338
0.5   1.8948301432306995
0.5   1.4182906713384362
0.5   1.4535299512580244
0.5   1.9350826018690594
0.5   1.8665613881955614
0.5   1.6780530883234563
0.5   1.9533772389078163
0.5   1.4625929074693258
0.5   1.2456618429929642
0.5   1.8232404484984506
0.5   2.0417321681468006
0.5   1.2726023150860053
0.5   1.9391603340724965
0.5   1.1464718576249651
0.5   2.1451085161883068
0.5   0.78139339517052875
0.5   1.248706117367095
0.5   1.3319801829692146
0.5   0.83958041094481128
0.5   1.1191185411792772
0.5   0.9967467969235686
0.5   1.4312267859776056
0.5   1.2974875907390755
0.5   1.3565212153233466
0.5   1.5896887775017019
0.5   1.8641356004695759
0.5   0.61429508108913145
0.5   1.4570456021401721
0.5   1.3540148026338821
0.5   1.2911721317283038
0.5   2.1452491310406554
0.5   1.8755395775162884
0.5   1.4542376666351062
0.5   0.9450161022175021
0.5   1.0722457315919907
0.5   1.4551958690907847
0.5   1.3610185653797551
0.5   1.4641817730574991
0.5   1.482921009694649
0.5   1.4999427159652381
0.5   0.81050096300766916
0.5   1.0833720005444785
0.5   1.4274007778004842
0.5   1.3939958572079718
0.5   0.97002912450980672
0.5   1.3324145341988891
0.5   1.4906390441269486
0.5   1.8154912293370202
0.5   1.7904638331131606
0.5   1.1887888091539822
0.5   2.0238778049495258
0.5   1.0240760395043942
0.5   1.510470796796632
0.5   1.6902708131458501
0.5   1.5625577867852809
0.5   1.6927727896754496
0.5   1.873102807305786
0.5   1.6874569170146012
0.5   1.5018289578623216
0.5   1.852095367498634
0.5   1.9807125273062907
0.5   1.6463226581889359
0.5   1.7240015036134388
0.5   2.1760837251761558
0.5   1.4146944191137991
0.5   2.1586332254886482
0.5   1.5151015062794397
0.5   1.6333689206823916
0.5   1.390540876351082
0.5   1.4964198369113615
0.5   2.0100686442502602
0.5   2.1010835670651131
0.5   2.2479978325336845
0.5   1.9550572885472732
0.5   2.1792949175160525
0.5   0.61264151395997812
0.5   0.67697631543330816
0.5   1.0753887905276875
0.5   1.4776311418589358
0.5   1.1034500973034176
0.5   0.70295295082971987
0.5   0.60803709103725057
0.5   1.4542478352705899
0.5   1.4875621192189876
0.5   1.4701187259511066
0.5   1.3854433483878326
0.5   1.4370314242291544
0.5   1.4225050759764353
0.5   2.2696087159470424
0.5   1.0736762665258197
0.5   2.3647481845104519
0.5   1.3128133999849481
0.5   1.6471465779718981
0.5   1.4900375255977998
0.5   1.7545174717337506
0.5   2.1804783466268125
0.5   1.3399047754181725
0.5   1.2496088025234928
0.5   1.0078441763227035
0.5   1.5481436648192628
0.5   1.5323687463062932
0.5   3.0313754436904161
0.5   1.0782185709694116
0.5   1.6725239278316812
0.5   1.6890602660305096
0.5   1.7554944110550004
0.5   1.701263035406976
0.5   0.87392732791571293
0.5   2.0380241730922628
0.5   1.0258745911461919
0.5   1.3588983273127224
0.5   1.103755912559218
0.5   1.2120290580635522
0.5   2.2980706953773198
0.5   0.83280251263406391
0.5   2.2690332144338008
0.5   0.8942200735940371
0.5   1.4622827745865326
0.5   1.766397845091499
0.5   1.7663729529752277
0.5   1.3116369868430573
0.5   0.78169206172349992
0.5   0.8581916515198551
0.5   1.372444726890597
0.5   2.9653258834496414
0.5   1.7984787049421542
0.5   1.2644029811391173
0.5   1.5131701061729164
0.5   1.8822853654255072
0.5   1.3428021579725764
0.5   2.2777826791149076
0.5   1.5501420025052299
0.5   1.6423258955171103
0.5   1.5537691186031215
0.5   1.4131079006693639
0.5   1.5268608990585308
0.5   1.4169368689213402
0.5   1.3233195994346338
0.5   0.94984296133593027
0.5   1.4383125273666455
0.5   0.61395463533955619
0.5   0.88419174301462311
0.5   1.4849516443066684
0.5   1.3341340557662451
0.5   1.4847005812715779
0.5   0.6275759539045862
0.5   0.69620510689255255
0.5   1.1931811976116256
0.5   1.3644195846158347
0.5   0.9369519213129951
0.5   0.76804319108491281
0.5   1.8302363705315665
0.5   1.914827112281158
0.5   1.5546399031355858
0.5   2.0941570040356412
0.5   2.0871998402151268
0.5   1.404312572595245
0.5   0.69781457992006635
0.5   0.67705700719824269
0.5   0.71495080622610274
0.5   1.4623508519822508
0.5   0.57297176142616468
0.5   0.96779735854424565
0.5   1.4457725459912125
0.5   1.8325568936860814
0.5   1.927528996507383
0.5   1.5169002853957103
0.5   1.4071560249501733
0.5   1.1741178577856026
0.5   1.4759901086369329
0.5   1.4411923488992366
0.5   1.1007961433957552
0.5   0.76410877471055616
0.5   1.2938327461371102
0.5   0.52786437500643224
0.5   0.54703046236283104
0.5   0.69975499538800134
0.5   1.0345453189277976
0.5   1.4415090227912997
0.5   1.2262945196285713
0.5   1.3578406423692826
0.5   1.5154106394415319
0.5   1.930611660529348
0.5   2.3303557515742472
0.5   1.6144854339274226
0.5   1.5653919539856433
0.5   1.9104625503070989
0.5   1.7595264469315901
0.5   1.8366028540246067
0.5   1.8495010329210477
0.5   0.76813896220098266
0.5   1.305870873785886
0.5   1.71861821859653
0.5   1.0763756874960357
0.5   1.3554710379543273
0.5   0.63790449812939176
0.5   1.4109166076942641
0.5   0.9827321261033688
0.5   1.0123206018682711
0.5   0.52880469443412603
0.5   1.0669867163162898
0.5   1.2250713654125263
0.5   1.1755024048485905
0.5   1.3456441556860419
0.5   1.4808125753637493
0.5   1.239537816370907
0.5   2.0191892539196883
0.5   1.7230262721179224
0.5   2.259815504677257
0.5   0.55416317388628422
0.5   0.67999198259364779
0.5   1.4594103844741253
0.5   0.79228615167047844
0.5   0.57847640680240664
0.5   0.99570815296835491
0.5   1.4247208119902748
0.5   1.3257397856849964
0.5   1.3032856248539233
0.5   0.81362987886944027
0.5   1.9631370123692138
0.5   1.1382906989999155
0.5   1.2898452276206402
0.5   1.6721946755729178
0.5   1.4333451214376698
0.5   1.3866230405925573
0.5   1.1583989485763877
0.5   2.1478370438340542
0.5   1.8892516408419793
0.5   1.5301447763593812
0.5   1.6165027266931333
0.5   2.2695393981438889
0.5   2.4442904156239229
0.5   2.3346623028152749
0.5   3.3046479895295078

1.5   1.5106783072130407
1.5   1.5111853837551297
1.5   1.7471681326849611
1.5   1.5249647882387354
1.5   2.3022553784647086
1.5   1.5929523110935651
1.5   1.5224122794674386
1.5   2.39351659022583
1.5   1.5102213958994657
1.5   2.3496685831438118
1.5   1.6306030521198087
1.5   1.5939592893123375
1.5   1.5594407176502529
1.5   1.5624737642723243
1.5   1.6383298465608211
1.5   2.4052966924893662
1.5   1.7414585997787659
1.5   1.8149839409035917
1.5   1.9603519563559977
1.5   1.9253881269575128
1.5   1.9990450389730157
1.5   1.8410115252018362
1.5   1.601851446092649
1.5   3.0836272078308813
1.5   2.0651365057044107
1.5   2.1571910684667039
1.5   2.3163585738689951
1.5   2.1538223620829431
1.5   2.3172403235090488
1.5   2.371398526484167
1.5   1.7879522901894345
1.5   2.0598977312724207
1.5   2.057856017605566
1.5   2.1199696063129361
1.5   1.6681099855786292
1.5   2.2827526555014463
1.5   2.3260724380586866
1.5   1.6152634527740144
1.5   1.5778312091472055
1.5   1.5138870502381474
1.5   1.5333236943257003
1.5   2.4478800188024259
1.5   1.5300672736681942
1.5   1.5932153133225238
1.5   2.3850161045306466
1.5   1.5667935672556434
1.5   2.3592147707778901
1.5   1.6426395533516405
1.5   1.5062731713999007
1.5   1.6142067275695768
1.5   1.9504014262230727
1.5   1.9507081728641857
1.5   1.9600972912082804
1.5   1.9704044343127758
1.5   1.5576483251118542
1.5   1.5376008084108741
1.5   2.0535205101850424
1.5   2.0523086375269166
1.5   2.3959976969493337
1.5   2.0463492079838597
1.5   2.0762410190584224
1.5   2.1701925380403444
1.5   2.6362687568694207
1.5   2.3998897263629826
1.5   1.8458303494110386
1.5   1.8588441140373591
1.5   2.1015307570052015
1.5   2.1975530075556993
1.5   2.0740620072796823
1.5   2.1500530256098465
1.5   2.0935214310656884
1.5   2.2857116025538708
1.5   2.2514121643319016
1.5   2.0101513731715648
1.5   1.5150189192160393
1.5   1.5346134528696482
1.5   1.5577453209799632
1.5   1.5087849263629485
1.5   1.5595970136324389
1.5   1.6447607622554292
1.5   2.144339730149488
1.5   1.9947098856038981
1.5   1.7414926618582509
1.5   2.2725806441875824
1.5   1.9273791080834393
1.5   2.327392758078898
1.5   1.6229249783172071
1.5   2.3580486349940046
1.5   1.5379327646279495
1.5   2.7101877044887295
1.5   2.2448737280700102
1.5   2.4154024792346656
1.5   1.5187795674479529
1.5   1.8246390780046786
1.5   2.3778677231174283
1.5   1.626198461229146
1.5   2.2093730476606153
1.5   1.8816886016690377
1.5   2.3569832180633501
1.5   1.6024409136724662
1.5   1.5718183216311816
1.5   1.9635657503142574
1.5   2.7217283908541057
1.5   2.0835012404690061
1.5   1.5318827055769617
1.5   1.5253384327763553
1.5   2.5436844243465626
1.5   1.5382991944736855
1.5   2.3508412672403223
1.5   1.946347131102975
1.5   1.999383540847345
1.5   2.1097771611781337
1.5   2.1260776116258007
1.5   1.6570281954088886
1.5   1.5133754507162926
1.5   1.5237123942430828
1.5   1.5103671152264284
1.5   1.5098968909011199
1.5   1.5100356798580359
1.5   1.7471042928652665
1.5   1.7368767991552736
1.5   1.6005034684521968
1.5   2.3124769059630941
1.5   2.232910747189389
1.5   1.5137813575670029
1.5   1.7353527872277117
1.5   1.9261246424930127
1.5   1.7163162374211667
1.5   2.1374736349094623
1.5   2.1806773749375017
1.5   1.5308235194801347
1.5   1.5123774644894099
1.5   1.5173993650587665
1.5   1.9482996432657766
1.5   1.9195733497963321
1.5   1.8785629913771773
1.5   2.0564137302767982
1.5   2.0967857117660591
1.5   1.5725975374477481
1.5   3.2223033697090617
1.5   2.4712346753931116
1.5   1.5290941662454474
1.5   1.7063613135711888
1.5   1.5123378356849346
1.5   1.504449243023581
1.5   1.5360092556018805
1.5   1.5129735137645759
1.5   1.6218777248129963
1.5   1.5069801947794867
1.5   2.3800416975255922
1.5   1.5164782552094516
1.5   2.4824782332331647
1.5   1.5038506114669925
1.5   1.6034116503204512
1.5   1.5762826388994919
1.5   1.5068976032213213
1.5   1.5754489850770836
1.5   1.9633357785974086
1.5   2.08869928450543
1.5   1.730664535965091
1.5   1.6466280679958625
1.5   1.7682009666249807
1.5   2.1144004528657852
1.5   1.8988109841618885
1.5   2.4423850007602441
1.5   2.434844656949799
1.5   2.3202411475728746
1.5   3.3240171819944964

2.5   2.5002348586674339
2.5   2.5002167579654535
2.5   2.5034680893908203
2.5   2.5141716191351908
2.5   2.5104817591533779
2.5   2.6421992112588981
2.5   3.2762655076735623
2.5   2.7997354335122897
2.5   3.2077194568309388
2.5   2.5491330489233279
2.5   2.5783108595204713
2.5   2.5331958718295695
2.5   2.5120882830249753
2.5   2.503520490927889
2.5   2.5019999634817531
2.5   2.5188891813383649
2.5   3.0671233801992832
2.5   2.5061705822175022
2.5   3.0907429054171103
2.5   2.5072730546662476
2.5   2.5682034570908496
2.5   2.6955210578374742
2.5   2.8736025270952474
2.5   2.77037029493105
2.5   2.5043865442059787
2.5   2.5710552342281305
2.5   2.5339983233221677
2.5   2.5007114976049682
2.5   2.5024355236603792
2.5   2.5001994560601002
2.5   3.4271440085574141
2.5   2.501160895130488
2.5   2.5571053113600466
2.5   2.507202035842786
2.5   2.50158606864365
2.5   3.4786249374802969
2.5   2.5000622303966886
2.5   2.5061503272189505
2.5   2.5002207957211988
2.5   2.5140426800841444
2.5   2.5000992581122818
2.5   2.5010866297502705
2.5   2.5025278405672018
2.5   2.5001935432626596
2.5   2.5001824189249717
2.5   2.775641748576656
2.5   3.2739554794763759
2.5   2.500068631255405
2.5   2.500688076252934
2.5   2.5001333774489125
2.5   2.5000904274835403
2.5   2.5000662943937244
2.5   2.5000222006341963
2.5   2.6720146785372716
2.5   2.5002442298614453
2.5   3.3646653380695248

3.5   3.4999999999999996
3.5   3.5
3.5   3.5
3.5   3.4999999999999996
3.5   3.5
3.5   3.5
3.5   3.5
3.5   3.4999999999999996

