-3   3.0000000000000009
-3   3
-3   3
-3   3
-3   3.0000000000000004
-3   3.0000000000000009
-3   3

-2   2.0000561219261268
-2   2.0031055640489401
-2   2.0042912481785984
-2   2.0075323689152222
-2   2.0228096255743448
-2   2.910076872226143
-2   2.0045053176587206
-2   2.1006611114381024
-2   2.896068011035545
-2   2.0105335165877833
-2   2.1085024992179613
-2   2.0835808141157273
-2   2.0032921313373913
-2   2.3164229752359686
-2   2.0012609021512966
-2   2.0006636700915412
-2   2.1537291819051618
-2   2.5557164752703794
-2   2.0314212587149578
-2   2.001845700832789
-2   2.9165162396196029
-2   2.0466339810915044
-2   2.001215099364325
-2   2.0467346002963485
-2   2.0000025418142444
-2   2.9854219758452896
-2   2.0001980740302017
-2   2.0044088762916337
-2   2.0000946109590383
-2   2.0003901892430567
-2   2.0119444950526715
-2   2.0003716098943305
-2   2.8975258484440793
-2   2.0001781063394399
-2   2.125579259266432
-2   2.0000249325447017
-2   2.0004928639322133
-2   2.0017635728145615
-2   2.0000157296844185
-2   2.1282456510380809
-2   2.0001428972206301
-2   2.9032891616045551

-1   1.0145186804502633
-1   1.1237972078982494
-1   1.0134088263345344
-1   1.90953454102049
-1   1.0229454446811443
-1   1.9704792529799384
-1   1.0258662430006136
-1   1.2187009999581426
-1   1.8525224796222357
-1   1.0641115346887979
-1   1.1722657928162037
-1   1.5005832555123853
-1   1.8799026517191693
-1   1.6128883463669683
-1   2.184975396553885
-1   1.5054960233068799
-1   1.9907031510248419
-1   1.2657856050109704
-1   1.4948307138183254
-1   2.1672910568102446
-1   1.7447291039378872
-1   1.6842213657403518
-1   1.2730585173132849
-1   2.1718964084863019
-1   1.8174279518919252
-1   1.7385121607249254
-1   1.2053495901479947
-1   1.0551901795657037
-1   1.0058084406655547
-1   1.996131018850305
-1   1.1315014167633997
-1   1.4771071343681663
-1   1.4613716904235732
-1   1.6638212952793157
-1   1.7747744437580315
-1   1.9229686974178262
-1   1.5289293411111928
-1   1.366202435405109
-1   1.5146118777084041
-1   1.644535295849646
-1   1.712225196796362
-1   1.298494498085849
-1   1.7461792770785314
-1   1.8924191690248038
-1   1.036359582583692
-1   1.1678846292879848
-1   1.5613250729416279
-1   1.5969826090451416
-1   1.0638607367715629
-1   1.8871477407953239
-1   2.8943203787462952
-1   1.0652698524601392
-1   1.8584461824648058
-1   1.4796823588358221
-1   1.6111002834452028
-1   1.7660053050551698
-1   1.6137708480342199
-1   1.920514048901675
-1   1.959113549886637
-1   1.1085724082778547
-1   2.3901984413382609
-1   1.0059005952005693
-1   1.075561291987053
-1   1.5096700926135647
-1   1.5663037794993921
-1   1.0686401594500392
-1   1.9552108550065124
-1   1.0070909643505146
-1   1.0387188006833719
-1   1.6060500747380226
-1   1.7969346358121516
-1   1.1414110345591992
-1   1.1772319319293194
-1   1.1768174137718499
-1   1.4084213205025857
-1   1.9608412012003882
-1   1.9664640559155444
-1   1.0204894352694422
-1   1.0802440353024605
-1   1.6116030031124411
-1   1.7028116480653974
-1   1.6154363167858916
-1   2.3991383680846248
-1   1.0049491286515864
-1   1.3868935095994026
-1   1.8280515234174457
-1   1.0166665237232098
-1   1.0098059254028788
-1   1.0051481479857831
-1   1.0153198972670305
-1   1.9892135448837118
-1   1.0495752399776055
-1   1.0189616157421029
-1   1.954862578616702
-1   1.0430013917629555
-1   1.0356697600662881
-1   1.1279115282057282
-1   1.5892479519633409
-1   1.4577899622682668
-1   1.2477048183899844
-1   1.1851343628121498
-1   1.9268343856472927
-1   1.978596112023888
-1   1.8945479057115278
-1   2.8925940890984658

0   0.038962842069283243
0   1.0058127272581536
0   0.54904062954243638
0   1.0035164366981302
0   1.0056890681299646
0   1.8083958271130496
0   1.0022890136122764
0   1.984553638933038
0   1.0060716128688323
0   0.61299977256209681
0   0.062578367448301031
0   1.0035336240667443
0   1.0369489701343013
0   1.7933290920607545
0   0.049717158927758076
0   1.3182745937510656
0   1.0128070343581799
0   1.9723065622971867
0   1.2918596350477158
0   1.8487534776973278
0   1.0139407838531922
0   2.3266923557817893
0   1.0038252270228494
0   1.3896442568176284
0   1.9235272649956658
0   1.9161298005507299
0   1.3952480418297337
0   1.1887028692961032
0   1.3156805830483729
0   0.9460641985827134
0   2.1742898346320372
0   1.0611828051388579
0   1.9166697129576424
0   1.5155171238269047
0   0.52217967063161219
0   1.000256342765022
0   1.0035670212202616
0   0.12966931398882997
0   1.032216454604084
0   1.8316523717085857
0   1.0032106549067605
0   1.3018063329815448
0   1.3019033190840472
0   0.53460419861416653
0   1.0138780433884951
0   0.84872718626402555
0   1.0010183916253921
0   1.155338403481416
0   0.98792817203197147
0   2.0313852924956395
0   1.9514148504154019
0   1.0037133632038153
0   1.2214063119165528
0   1.504315205328731
0   1.2051848844095148
0   1.6387985713761779
0   1.4839746750200045
0   1.8692525064747132
0   1.4136701108923797
0   1.0103103982123138
0   1.9695508525537555
0   0.12800632607253726
0   1.0140918848311296
0   1.0912858019864011
0   1.0581467101977493
0   1.9778170369142347
0   1.0027028453024356
0   0.78821711877377654
0   2.9181206120552328
0   1.7205020998545959
0   1.0005381492417023
0   1.980465570790265
0   1.9822719233806887
0   1.0243921321909679
0   1.3009883929716073
0   1.3056515167159373
0   0.05500991270449751
0   0.10729822477623119
0   1.0004954612109258
0   2.7564325520943469
0   1.3030608434890889
0   1.1802864019501897
0   1.9987514101230204
0   1.0049254572271513
0   1.0002070076408223
0   1.9939542285091978
0   1.0000836702999107
0   0.010906972758868094
0   1.0039807512417847
0   0.49187256637473964
0   1.0013508585468522
0   0.15650655963826188
0   1.0019677340640032
0   0.2584379882498502
0   1.8492406145800211
0   1.9217026793089373
0   1.0003580329224093
0   1.0003872284510156
0   1.0087578628513085
0   1.9778706060444797
0   1.963490709238378
0   1.0568149573444545
0   1.0002808182310026
0   0.2899928148291151
0   0.12133957457865685
0   1.07225663972885
0   1.5914784842205916
0   2.4565855035180508
0   0.17301732336282072
0   1.0007484645476628
0   0.81166285538279892
0   1.0009525342524268
0   1.9466914319899891
0   1.7965888210233958
0   0.085175149432181407
0   0.035951340363281958
0   1.0004453490982552
0   1.0110893065685835
0   1.0010694578759611
0   1.0063648878860798
0   0.96102630860721061
0   0.11266058481031194
0   1.0093682096856997
0   1.0002002391884923
0   1.6001930106731357
0   1.957961172259675
0   0.032944610468367941
0   1.0003370056923697
0   0.36280345730468611
0   1.0193414515797079
0   1.0000734898183334
0   1.9990190472242904
0   0.42595450043414962
0   1.0602645114509457
0   1.0000254367394257
0   1.8795868537449003
0   1.1680278976752125
0   1.9904744222244095
0   1.9106979463847682
0   2.882013469473454

1   1.0145186804502637
1   1.123797207898231
1   1.0134088263345375
1   1.909534541020502
1   1.0229454446811492
1   1.9704792529799442
1   1.0258662430006098
1   1.2187009999581067
1   1.8525224796222619
1   1.0641115346887995
1   1.1722657928161937
1   1.5005832555123768
1   1.8799026517191773
1   1.6128883463670096
1   2.1849753965538747
1   1.5054960233068813
1   1.9907031510248165
1   1.2657856050109864
1   1.4948307138183272
1   2.167291056810142
1   1.7447291039379955
1   1.6842213657403717
1   1.2730585173132654
1   2.1718964084863002
1   1.8174279518919247
1   1.7385121607249263
1   1.2053495901480005
1   1.0551901795657039
1   1.0058084406655556
1   1.9961310188503059
1   1.1315014167633959
1   1.477107134368161
1   1.4613716904235765
1   1.6638212952793214
1   1.7747744437580324
1   1.9229686974178342
1   1.5289293411111813
1   1.3662024354050912
1   1.5146118777083935
1   1.6445352958496544
1   1.7122251967963815
1   1.2984944980858468
1   1.7461792770785345
1   1.8924191690248033
1   1.0363595825836907
1   1.167884629287985
1   1.5613250729416266
1   1.5969826090451429
1   1.0638607367715633
1   1.8871477407953234
1   2.8943203787462974
1   1.0652698524601423
1   1.8584461824648053
1   1.4796823588358217
1   1.6111002834452051
1   1.7660053050551721
1   1.6137708480342181
1   1.9205140489016723
1   1.9591135498866299
1   1.1085724082778612
1   2.3901984413382671
1   1.0059005952005704
1   1.0755612919870547
1   1.509670092613562
1   1.5663037794993904
1   1.0686401594500494
1   1.9552108550065137
1   1.0070909643505137
1   1.038718800683373
1   1.60605007473804
1   1.7969346358119691
1   1.1414110345594604
1   1.1772319319293032
1   1.1768174137718492
1   1.4084213205025846
1   1.9608412012003882
1   1.9664640559155426
1   1.0204894352694442
1   1.0802440353024652
1   1.6116030031123065
1   1.702811648065397
1   1.6154363167860328
1   2.3991383680846314
1   1.0049491286515846
1   1.3868935095994113
1   1.8280515234174435
1   1.0166665237232093
1   1.0098059254028795
1   1.0051481479857838
1   1.015319897267025
1   1.9892135448837149
1   1.0495752399775917
1   1.0189616157420922
1   1.9548625786167086
1   1.0430013917629626
1   1.0356697600662856
1   1.1279115282057024
1   1.5892479519633782
1   1.4577899622682227
1   1.2477048183900019
1   1.1851343628121651
1   1.9268343856472838
1   1.9785961120239079
1   1.8945479057115291
1   2.8925940890984561

2   2.0000561219261277
2   2.003105564048941
2   2.0042912481785993
2   2.0075323689152236
2   2.0228096255743444
2   2.9100768722261381
2   2.0045053176587193
2   2.1006611114381069
2   2.8960680110355441
2   2.010533516587782
2   2.1085024992179595
2   2.0835808141157273
2   2.0032921313373913
2   2.31642297523597
2   2.001260902151297
2   2.0006636700915412
2   2.1537291819051769
2   2.5557164752703647
2   2.0314212587149583
2   2.0018457008327895
2   2.9165162396196038
2   2.0466339810915017
2   2.0012150993643245
2   2.0467346002963498
2   2.0000025418142435
2   2.9854219758452869
2   2.0001980740302008
2   2.0044088762916332
2   2.0000946109590392
2   2.0003901892430576
2   2.0119444950526715
2   2.0003716098943296
2   2.8975258484440793
2   2.0001781063394404
2   2.125579259266432
2   2.0000249325447008
2   2.0004928639322133
2   2.001763572814562
2   2.0000157296844194
2   2.1282456510380889
2   2.000142897220631
2   2.9032891616045489

3   3.0000000000000009
3   3
3   3
3   3
3   3.0000000000000004
3   3.0000000000000009
3   3

