-2   2
-2   2
-2   1.9999999999999996
-2   2
-2   2

-1   1.0071479867032329
-1   1.0040146862507637
-1   1.0342615066474217
-1   1.9709049817834896
-1   1.9864825184793626
-1   1.005227969647621
-1   1.0177075656198242
-1   1.0005072635644343
-1   1.065556524353902
-1   1.9535445127331634
-1   1.0028711471150686
-1   1.009715653704204
-1   1.9648148823058422
-1   1.0004659276829959
-1   1.0547321915754411
-1   1.0021044824396355
-1   1.0002367534910086
-1   1.025646674561665
-1   1.0000350878766933
-1   1.9832449215180872

0   0.015410265224705344
0   0.99999999999999933
0   1
0   1
0   0.12212143222083804
0   1.5605331167466376
0   0.99999999999999845
0   1.9396026878126706
0   0.99999999999999978
0   1
0   0.14230529791578006
0   1.0000000000000007
0   0.0041857542517332869
0   1
0   1.9960402049884731
0   1.0000000000000007
0   1
0   1.5605331167466385
0   0.99999999999999911
0   1
0   0.99999999999999889
0   0.0019331313897263946
0   0.0041857542517333979
0   0.99999999999999889
0   0.010716151552304209
0   0.99999999999999933
0   0.09987196244492047
0   0.99999999999999978
0   0.99999999999999933
0   1.9759379798107819

1   1.0071479867032325
1   1.0040146862507642
1   1.0342615066474197
1   1.9709049817834918
1   1.9864825184793617
1   1.005227969647621
1   1.0177075656198264
1   1.0005072635644348
1   1.0655565243539027
1   1.9535445127331648
1   1.0028711471150689
1   1.009715653704204
1   1.9648148823058413
1   1.0004659276829955
1   1.054732191575442
1   1.0021044824396357
1   1.0002367534910084
1   1.0256466745616659
1   1.000035087876693
1   1.9832449215180876

2   2
2   2
2   1.9999999999999996
2   2
2   2

