0   -39.4393   0.0517955   0.0293008   0.0859031   0.174036   0.0176369   0.282655   0.0176369   0.174036   0.0859031   0.0293008   0.0517955   
1   -50.4271   0.0111689   0.0270891   0.0662041   0.122824   0.173654   0.198119   0.173654   0.122824   0.0662041   0.0270891   0.0111689   
2   -51.468   0.00954508   0.0244998   0.0644303   0.123725   0.17597   0.20366   0.17597   0.123725   0.0644303   0.0244998   0.00954508   
3   -51.6437   0.0138968   0.0342146   0.0767209   0.123716   0.161877   0.17915   0.161877   0.123716   0.0767209   0.0342146   0.0138968   
4   -51.5973   0.014662   0.0344141   0.0799267   0.121721   0.163156   0.172239   0.163156   0.121721   0.0799267   0.0344141   0.014662   
5   -51.5343   0.015169   0.0350051   0.0818479   0.120414   0.163719   0.167691   0.163719   0.120414   0.0818479   0.0350051   0.015169   
6   -51.5973   0.014662   0.0344141   0.0799267   0.121721   0.163156   0.172239   0.163156   0.121721   0.0799267   0.0344141   0.014662   
7   -51.6437   0.0138968   0.0342146   0.0767209   0.123716   0.161877   0.17915   0.161877   0.123716   0.0767209   0.0342146   0.0138968   
8   -51.468   0.00954508   0.0244998   0.0644303   0.123725   0.17597   0.20366   0.17597   0.123725   0.0644303   0.0244998   0.00954508   
9   -50.4271   0.0111689   0.0270891   0.0662041   0.122824   0.173654   0.198119   0.173654   0.122824   0.0662041   0.0270891   0.0111689   
10   -39.4393   0.0517955   0.0293008   0.0859031   0.174036   0.0176369   0.282655   0.0176369   0.174036   0.0859031   0.0293008   0.0517955   
