-1.5   1.5
-1.5   1.5
-1.5   1.5
-1.5   1.5

-0.5   0.50254041296865326
-0.5   0.5
-0.5   1.4995504799638464
-0.5   0.5
-0.5   1.4985127328477887
-0.5   0.50083344951130071
-0.5   1.5
-0.5   0.49999999999999989
-0.5   0.50042969618554678
-0.5   0.50362066104810266
-0.5   0.5
-0.5   1.4982181695533241

0.5   0.50254041296865348
0.5   0.5
0.5   1.4995504799638453
0.5   0.5
0.5   1.4985127328477894
0.5   0.50083344951130115
0.5   1.5
0.5   0.5
0.5   0.50042969618554678
0.5   0.50362066104810288
0.5   0.49999999999999956
0.5   1.4982181695533232

1.5   1.5
1.5   1.5
1.5   1.5
1.5   1.5

