-2.5   2.5000000000000004
-2.5   2.5000000000000004
-2.5   2.5000000000000004
-2.5   2.5000000000000004
-2.5   2.5
-2.5   2.4999999999999996

-1.5   1.5025732437574519
-1.5   1.5140080434445657
-1.5   1.5449337856342806
-1.5   1.5332999785455681
-1.5   2.3705548682720758
-1.5   1.6206876095832414
-1.5   2.3815708116885888
-1.5   1.638298736188228
-1.5   1.5001163550230721
-1.5   1.5223365214250526
-1.5   1.5230680874345319
-1.5   1.5334273084599257
-1.5   1.5064435062926607
-1.5   2.2289810324813897
-1.5   2.0527835461106796
-1.5   1.8026506257098971
-1.5   2.0203423006399146
-1.5   1.5026992681904527
-1.5   1.5141753811100958
-1.5   1.5053457912617798
-1.5   1.5010453777020549
-1.5   1.6083138920716222
-1.5   2.4129416910457717
-1.5   1.500123821378728
-1.5   1.5048186978978149
-1.5   1.5042966403001383
-1.5   1.5000723070322666
-1.5   1.6622155295670793
-1.5   1.5002295857104917
-1.5   2.3818765568870863

-0.5   0.60706872321498739
-0.5   0.57004938433824281
-0.5   1.4216973073708576
-0.5   1.4485420513398375
-0.5   0.60160303564352913
-0.5   0.70401262254612451
-0.5   1.2062928083151205
-0.5   1.4087467496809882
-0.5   1.6281214544787641
-0.5   0.96357365622009317
-0.5   1.5540857505693642
-0.5   1.3002572562645414
-0.5   1.0546426071681405
-0.5   1.6181058620732349
-0.5   1.8926481893335101
-0.5   1.4837277268174818
-0.5   1.4556677573820325
-0.5   0.70815689322870434
-0.5   0.58902063785573811
-0.5   1.4472818155186347
-0.5   0.56991048903872144
-0.5   1.4847676135980212
-0.5   0.60557090533684277
-0.5   1.0434307413512405
-0.5   1.1528112971982918
-0.5   1.4592475830052358
-0.5   1.3027159548997718
-0.5   1.1422077862717208
-0.5   2.0382012100994018
-0.5   1.4275103086087237
-0.5   1.2468248097931882
-0.5   2.3334700780996069
-0.5   0.73375738060116236
-0.5   1.4700900009641287
-0.5   0.54615569865250579
-0.5   1.4966191955037631
-0.5   1.4735314663161911
-0.5   0.54271241825235172
-0.5   0.77420044542716981
-0.5   1.1436742726306617
-0.5   0.88250626708112123
-0.5   1.0370064881796135
-0.5   1.2992608651367195
-0.5   2.1565837894322506
-0.5   1.4391336037972864
-0.5   1.0011574224601534
-0.5   0.55630467931656091
-0.5   0.50662853273142328
-0.5   0.54489859552010445
-0.5   0.56545119235339092
-0.5   1.4165929826329615
-0.5   0.6395906182522193
-0.5   1.4503079077121885
-0.5   0.6141803220384161
-0.5   0.85036691211728122
-0.5   0.73172003996285606
-0.5   1.3643251342825549
-0.5   1.4955921301412693
-0.5   1.4106077474786796
-0.5   2.3854402538631954

0.5   0.60706872321498673
0.5   0.57004938433824504
0.5   1.4216973073708565
0.5   1.4485420513398353
0.5   0.60160303564353179
0.5   0.70401262254612162
0.5   1.2062928083151239
0.5   1.4087467496809876
0.5   1.6281214544787734
0.5   0.96357365622009494
0.5   1.5540857505693628
0.5   1.3002572562645416
0.5   1.0546426071681398
0.5   1.6181058620732292
0.5   1.8926481893335185
0.5   1.48372772681748
0.5   1.4556677573820342
0.5   0.70815689322870434
0.5   0.58902063785573899
0.5   1.4472818155186316
0.5   0.56991048903872032
0.5   1.4847676135980212
0.5   0.60557090533684321
0.5   1.0434307413512396
0.5   1.1528112971982931
0.5   1.4592475830052367
0.5   1.3027159548997702
0.5   1.1422077862717188
0.5   2.0382012100993991
0.5   1.4275103086087246
0.5   1.2468248097931931
0.5   2.3334700780996047
0.5   0.73375738060116369
0.5   1.4700900009641298
0.5   0.54615569865250579
0.5   1.4966191955037642
0.5   1.4735314663161909
0.5   0.54271241825235195
0.5   0.77420044542717315
0.5   1.1436742726306599
0.5   0.88250626708112345
0.5   1.037006488179617
0.5   1.2992608651367161
0.5   2.1565837894322524
0.5   1.4391336037972882
0.5   1.0011574224601543
0.5   0.55630467931656025
0.5   0.50662853273142328
0.5   0.54489859552010356
0.5   0.56545119235339247
0.5   1.4165929826329571
0.5   0.63959061825222574
0.5   1.4503079077121857
0.5   0.61418032203841433
0.5   0.850366912117277
0.5   0.7317200399628756
0.5   1.3643251342825546
0.5   1.4955921301412671
0.5   1.410607747478678
0.5   2.3854402538631918

1.5   1.502573243757451
1.5   1.5140080434445666
1.5   1.5449337856342833
1.5   1.5332999785455672
1.5   2.3705548682720767
1.5   1.6206876095832401
1.5   2.3815708116885874
1.5   1.6382987361882257
1.5   1.5001163550230716
1.5   1.5223365214250522
1.5   1.5230680874345324
1.5   1.5334273084599244
1.5   1.5064435062926607
1.5   2.228981032481391
1.5   2.0527835461106752
1.5   1.802650625709898
1.5   2.0203423006399199
1.5   1.5026992681904536
1.5   1.5141753811100958
1.5   1.5053457912617807
1.5   1.5010453777020558
1.5   1.6083138920716236
1.5   2.4129416910457717
1.5   1.5001238213787285
1.5   1.5048186978978153
1.5   1.5042966403001388
1.5   1.5000723070322675
1.5   1.6622155295670775
1.5   1.5002295857104913
1.5   2.3818765568870872

2.5   2.5000000000000004
2.5   2.5000000000000004
2.5   2.5000000000000004
2.5   2.5000000000000004
2.5   2.5
2.5   2.4999999999999996

