0   -31.8345   0.0292481   0.112926   1.01997e-06   0.24818   0.109645   0.109645   0.24818   1.01997e-06   0.112926   0.0292481   
1   -41.3153   0.0157224   0.0377813   0.0892358   0.155172   0.202088   0.202088   0.155172   0.0892358   0.0377813   0.0157224   
2   -42.0004   0.0145885   0.037454   0.0917088   0.154787   0.201461   0.201461   0.154787   0.0917088   0.037454   0.0145885   
3   -42.0977   0.0204302   0.0448385   0.101476   0.147285   0.185971   0.185971   0.147285   0.101476   0.0448385   0.0204302   
4   -42.0165   0.0204266   0.0483299   0.103172   0.148366   0.179705   0.179705   0.148366   0.103172   0.0483299   0.0204266   
5   -42.0165   0.0204266   0.0483299   0.103172   0.148366   0.179705   0.179705   0.148366   0.103172   0.0483299   0.0204266   
6   -42.0977   0.0204302   0.0448385   0.101476   0.147285   0.185971   0.185971   0.147285   0.101476   0.0448385   0.0204302   
7   -42.0004   0.0145885   0.037454   0.0917088   0.154787   0.201461   0.201461   0.154787   0.0917088   0.037454   0.0145885   
8   -41.3153   0.0157224   0.0377813   0.0892358   0.155172   0.202088   0.202088   0.155172   0.0892358   0.0377813   0.0157224   
9   -31.8345   0.0292481   0.112926   1.01997e-06   0.24818   0.109645   0.109645   0.24818   1.01997e-06   0.112926   0.0292481   
