-1.5   1.5
-1.5   1.5
-1.5   1.5
-1.5   1.4999999999999998

-0.5   0.94573414334424832
-0.5   0.49999999999999967
-0.5   1.427517008435462
-0.5   0.5
-0.5   1.1471103005097487
-0.5   0.61706016951655873
-0.5   1.5
-0.5   0.49999999999999978
-0.5   0.99720212456680701
-0.5   0.50000000000000022
-0.5   0.59402031275628464
-0.5   1.1718972929173264

0.5   0.94573414334424832
0.5   0.49999999999999978
0.5   1.4275170084354616
0.5   0.5
0.5   1.1471103005097483
0.5   0.61706016951655895
0.5   1.5
0.5   0.5
0.5   0.99720212456680657
0.5   0.49999999999999989
0.5   0.59402031275628464
0.5   1.1718972929173264

1.5   1.5
1.5   1.5
1.5   1.5
1.5   1.4999999999999998

