-1.5   1.4999999999999998
-1.5   1.5
-1.5   1.5
-1.5   1.5

-0.5   0.51345970058154089
-0.5   0.5
-0.5   1.4978253575193925
-0.5   0.50000000000000022
-0.5   1.4921475640859569
-0.5   0.50400928274343593
-0.5   1.4999999999999996
-0.5   0.50000000000000022
-0.5   0.50212150870219419
-0.5   0.51922515851533713
-0.5   0.5
-0.5   1.4904369563658415

0.5   0.51345970058154067
0.5   0.49999999999999978
0.5   1.4978253575193907
0.5   0.5
0.5   1.4921475640859572
0.5   0.50400928274343526
0.5   1.5
0.5   0.49999999999999978
0.5   0.50212150870219396
0.5   0.51922515851533713
0.5   0.49999999999999967
0.5   1.4904369563658402

1.5   1.4999999999999998
1.5   1.5
1.5   1.5
1.5   1.5

