-4   4
-4   4
-4   3.9999999999999991
-4   4
-4   4
-4   4
-4   4
-4   4
-4   4

-3   3.0000453414033994
-3   3.0000739685247639
-3   3.0005887818346295
-3   3.0018306000053614
-3   3.0009758594588543
-3   3.0453028575793257
-3   3.0117593302084988
-3   3.7763003199418304
-3   3.0007181234811573
-3   3.2234665096314985
-3   3.8357643565758401
-3   3.0020425220648512
-3   3.1811952076713212
-3   3.0002111464343364
-3   3.0074818759130313
-3   3.0005866125242386
-3   3.0035343646342452
-3   3.0003104353958472
-3   3.7756558395628197
-3   3.0009229875224488
-3   3.0324202066951695
-3   3.1593895809110268
-3   3.0056378697566992
-3   3.0784052739912777
-3   3.0165322305491076
-3   3.0020854163936597
-3   3.7585750270200009
-3   3.0004436041793281
-3   3.2650876140044316
-3   3.0001558475225232
-3   3.0051967761777041
-3   3.0000796144004358
-3   3.0027316505271675
-3   3.0072263746745036
-3   3.2929909436153353
-3   3.0020872241350975
-3   3.3018431913811175
-3   3.4644382022228313
-3   3.0086429541857473
-3   3.0090448962934246
-3   3.1054867372323733
-3   3.0132710000788339
-3   3.9011321152369156
-3   3.0001223696066441
-3   3.0002166990716481
-3   3.0003250706225346
-3   3.0018869390035383
-3   3.0001179246578462
-3   3.0000207990224075
-3   3.6329087614676938
-3   3.0000590623059629
-3   3.422043611582307
-3   3.0000199888679915
-3   3.0029857361679984
-3   3.0002063148604963
-3   3.0002566696797675
-3   3.0000105051818657
-3   3.0000370199734125
-3   3.046110737112969
-3   3.0000228792646815
-3   3.9028891983966325
-3   3.0001053778946591
-3   3.0757845124320844
-3   3.0000495944327996
-3   3.0000624275537215
-3   3.0003446595990222
-3   3.0000386931544787
-3   3.0000412242177323
-3   3.0000195534727938
-3   3.1353756580555214
-3   3.0001311240063693
-3   3.8909161373880785

-2   2.0005889347454127
-2   2.0014612875498727
-2   2.0025211905217488
-2   2.1948568994027378
-2   2.0166731796857342
-2   2.8453271363088852
-2   2.0063232203345494
-2   2.1517756959948109
-2   2.0064428725410468
-2   2.8660440791752628
-2   2.0031758246357412
-2   2.8712530248509109
-2   2.0058288502623216
-2   2.1275309032139846
-2   2.0414019074238645
-2   2.0199595633346763
-2   2.0474276051929383
-2   2.0460224474671027
-2   2.016502363113656
-2   2.7879262884413416
-2   2.2156207348738541
-2   2.0072144964789067
-2   2.1389661021054343
-2   2.9389354856566237
-2   2.6538174763537401
-2   2.5786489780413469
-2   2.0645789306905242
-2   2.4346887132339168
-2   2.2625671035395531
-2   2.8095976249952681
-2   2.2571488167974718
-2   2.2240614152253468
-2   2.904417588939495
-2   2.5366283368348577
-2   2.2910232047391825
-2   2.2031365306106609
-2   2.8824010318403874
-2   2.6617073952149393
-2   2.4333902763613899
-2   2.9935562020013582
-2   2.4286268035047143
-2   2.3772765152305402
-2   2.9919495471231361
-2   2.4165861236115451
-2   2.6041234115621803
-2   2.318398459430246
-2   2.1609979249512929
-2   2.4177658143731571
-2   2.3161417797718737
-2   2.3805259454889214
-2   2.2136712012769308
-2   2.5979196839200633
-2   2.0199044562229136
-2   2.0036231358552001
-2   2.0140509288837669
-2   2.0138043184927112
-2   2.0485429886104467
-2   2.1977779509976081
-2   2.8506445489853864
-2   2.4168635579621798
-2   2.4397216165549103
-2   2.843305873213759
-2   2.3100320309381481
-2   2.1397543609932912
-2   2.2784457214870395
-2   2.0297366267327264
-2   2.5567780010669794
-2   2.2272152008321475
-2   2.8328918266669243
-2   2.0884068375681579
-2   2.300314238878693
-2   2.941720101393869
-2   2.0894845856190867
-2   2.9163291321967195
-2   2.2334445458206749
-2   2.882288332394694
-2   2.6507208238499573
-2   2.1625030172995636
-2   2.0839740038103431
-2   2.2352112102956063
-2   2.0617196100511732
-2   2.4438455407712874
-2   2.382438046358538
-2   2.254892726702292
-2   2.1206605885788732
-2   2.460373311599922
-2   2.03249405816821
-2   2.7509078801165385
-2   2.2760170898599594
-2   2.0465562109506079
-2   2.5708936586898212
-2   2.1012956383416816
-2   2.6511884837345998
-2   2.6708629244133331
-2   2.7091809437314964
-2   2.7053471596405378
-2   2.9770920293798633
-2   2.3818971693795401
-2   2.5660258647504075
-2   2.6965689929940955
-2   2.1840201412789257
-2   2.005323534311247
-2   2.0734865963080429
-2   2.0954181668695604
-2   2.0527645545235735
-2   2.2326709489380043
-2   2.1382768683501903
-2   2.1949484637804932
-2   2.5816652433479499
-2   2.7774338321084016
-2   2.0561698649387226
-2   2.0085097263931946
-2   2.9675363119900995
-2   2.0241350821191588
-2   2.0152858475518851
-2   2.0109035779910895
-2   2.0300448616141114
-2   2.0567688226492291
-2   2.3498727810308844
-2   2.2395992463202608
-2   2.3812314867473776
-2   2.2234096330821238
-2   2.1995183441337267
-2   2.2576918791317921
-2   2.2548960740551083
-2   2.8597186624390467
-2   2.42286471926493
-2   3.1621641643021499
-2   2.9410299891711871
-2   2.2569810940038968
-2   3.1786218160174924
-2   2.6970830732030211
-2   2.3464001487230748
-2   2.4771784038718936
-2   2.7177217104866265
-2   2.1154955594226168
-2   2.4358282794952704
-2   2.4073257398240995
-2   2.6506068050323677
-2   2.8186107262828632
-2   3.5429459137730754
-2   2.0254298936039814
-2   2.0770304717877379
-2   2.0046491587004467
-2   2.0059668167155285
-2   2.469174380075684
-2   2.0721337786829692
-2   2.4203173458261968
-2   2.2276238271668993
-2   2.2036938729296942
-2   2.7265490238124448
-2   2.0454600096308631
-2   2.0017831599522085
-2   2.8911642791113783
-2   2.5955159047515424
-2   2.4835136385612215
-2   2.1309893788658836
-2   2.0065757987302755
-2   2.987987358592501
-2   2.0020652940454964
-2   2.0135006851489932
-2   2.0101425963102417
-2   2.0180414625442471
-2   2.0195725830422862
-2   2.0725747689280096
-2   2.8078878595014327
-2   2.0155157238642816
-2   2.0202732630257434
-2   2.2419573777892721
-2   3.6533803757273189
-2   2.2077595967265631
-2   2.2345478274248674
-2   2.7467694118840678
-2   2.7975340575814669
-2   2.9051588813799589
-2   2.3469038125450163
-2   2.2208532492748425
-2   2.0303135100984115
-2   2.0840468915197872
-2   2.1007434038438446
-2   2.9303246366948326
-2   2.0006890843112317
-2   2.0119352149525178
-2   2.0017177811996691
-2   2.0074355332951375
-2   2.003225308705328
-2   2.0038956256882421
-2   2.009073163221017
-2   2.1959101108299333
-2   2.1721950452761196
-2   2.5539666198956001
-2   2.5798363977679908
-2   2.1740829812604154
-2   2.142353542120262
-2   2.2077660093134415
-2   2.1921414665044803
-2   2.0026328939500124
-2   2.0236119711605012
-2   2.6659927355905024
-2   2.7023168737887109
-2   2.254336866510168
-2   2.1956539291565895
-2   2.1608994030419866
-2   2.178595486173454
-2   2.053504972219625
-2   2.0043892305780053
-2   2.2957147166083476
-2   2.2377338112737926
-2   2.1366429337932025
-2   2.6615037236981069
-2   2.8079868562181813
-2   2.0040711749985887
-2   2.0784474374376636
-2   2.0320813776853766
-2   3.1668746693257703
-2   2.8347324355468828
-2   3.2453770187990729
-2   2.7437924555408655
-2   2.1701660007813013
-2   2.0237369815585287
-2   2.0029100900335948
-2   2.00511773503472
-2   2.0013523254316063
-2   2.0055058459205646
-2   2.0412881205259623
-2   2.0035197435624981
-2   2.9608841494605711
-2   2.0270853969627765
-2   2.0053830989249568
-2   2.9745388466538478
-2   2.0039193889168647
-2   2.0075434603040088
-2   2.0445350677026348
-2   2.0203138488497427
-2   2.0448699206730447
-2   2.0119355655678461
-2   2.7219721088259456
-2   2.0964456305338093
-2   2.3077554769097901
-2   2.0726321504666547
-2   2.0693962095240668
-2   2.1727230062901945
-2   2.1901936279809151
-2   2.7050398648240921
-2   2.1289992404283491
-2   2.2799668992010083
-2   2.7345327641998578
-2   2.2841408706618993
-2   2.958828356650363
-2   2.9398777913913143
-2   2.8261380144146728
-2   3.8308665233943255

-1   1.0795706374313128
-1   1.1445098475590081
-1   1.1428366931354665
-1   1.4937979089023241
-1   1.0838189705096455
-1   1.34220039361391
-1   1.6482872390181669
-1   1.3140196694135626
-1   1.1629316052897045
-1   1.7330507153555539
-1   1.9008880342229677
-1   1.2867770965955336
-1   1.8347815093481188
-1   1.7646370520567358
-1   1.0629258588608388
-1   2.7887400634384569
-1   1.8566518934936451
-1   1.4708726884864913
-1   1.1461702191108278
-1   2.0828164291275026
-1   1.7615727320705354
-1   2.6685554090802999
-1   1.4744649707748612
-1   1.200525211960108
-1   1.8208805353401685
-1   1.0404362230664799
-1   1.5673797247304289
-1   2.2797070123241663
-1   1.5966237279323612
-1   2.2138253789783464
-1   1.1105090803453586
-1   1.3822614609704715
-1   1.6007508717681489
-1   1.5705617969214343
-1   1.0458636605962759
-1   1.5065428103650422
-1   1.5935040709941433
-1   1.7788939334423737
-1   1.3483872824261742
-1   1.595808859158041
-1   1.7874938157558069
-1   1.1776980038853082
-1   1.6324708517055795
-1   1.473758870636654
-1   1.4248697544913196
-1   2.6621282464165552
-1   1.160447868414143
-1   1.3788589090242751
-1   1.5911862991285672
-1   1.5650179910986894
-1   1.1688030620942047
-1   1.795542342925545
-1   1.7484050964976987
-1   1.9151424262935972
-1   1.5803094837184117
-1   2.0527566006374705
-1   1.8824286566061286
-1   1.9098446485960512
-1   2.0517569491659229
-1   2.1801769241799502
-1   1.850216642266874
-1   2.6706387038967798
-1   1.7491425600287105
-1   1.8258207191750637
-1   2.8797376399680261
-1   1.9421133285725682
-1   1.9411934645860138
-1   1.8938296077010217
-1   1.4756537294227907
-1   1.7386084585532968
-1   1.8023824989667911
-1   2.0666240894699386
-1   2.5065242956029561
-1   2.5486266660702976
-1   2.2455001108361956
-1   1.8959585183304202
-1   1.5075934123782893
-1   1.5169705635650836
-1   1.9754223111570957
-1   1.4830773737477065
-1   1.786995467347654
-1   2.7272948755382105
-1   2.0131336681522027
-1   2.077045470840571
-1   2.1478430898956509
-1   1.7716770826068604
-1   1.4317380601817513
-1   2.8410638136068376
-1   1.8819849088144958
-1   2.1564508862214291
-1   1.6625932824227205
-1   1.412107579114829
-1   1.5338421840255299
-1   1.8626380218846448
-1   1.3393973734289564
-1   1.9833157328627502
-1   1.925147116676881
-1   1.7274526870920064
-1   1.136389718440709
-1   1.2718679765537098
-1   2.0628342971694771
-1   1.8627960889841941
-1   2.756018507659828
-1   1.6240971856644313
-1   1.9821555780016968
-1   1.2875258208284488
-1   1.3429444279844489
-1   1.2540341707602012
-1   1.9434355570829811
-1   1.6660217473165284
-1   1.3320772928016833
-1   1.6923925298548728
-1   1.8768127530013961
-1   1.2165179163775901
-1   1.2477918957833563
-1   1.1310828873470791
-1   1.8595505479167063
-1   2.0112600363515769
-1   1.9981596288554511
-1   2.2474285682322335
-1   1.6810313190886812
-1   2.3280813503479538
-1   1.6498137356472307
-1   2.3154432603224908
-1   1.271060869237401
-1   1.7067960941060725
-1   2.4720020781941638
-1   1.4281845640135329
-1   1.6708045917872223
-1   1.8551874324402893
-1   1.7781062922329589
-1   1.85964550924826
-1   1.6421379244363909
-1   1.485273057907724
-1   1.3832652413036528
-1   1.679771614259546
-1   1.5887415493295536
-1   1.5681214143019502
-1   1.7482006788091717
-1   2.0358853114700155
-1   1.7116905816972703
-1   1.4960902545636532
-1   1.7861448692286732
-1   1.9262214848183659
-1   2.2855828111028567
-1   2.2899351343255452
-1   1.826829885317959
-1   2.9263123125563326
-1   1.4312951744295772
-1   1.5360831906351651
-1   2.4169633244539659
-1   2.3480265039732666
-1   1.8164672576014702
-1   1.893071785987555
-1   1.730724744852179
-1   1.8865984163181024
-1   1.6209213008545462
-1   1.4276793427476051
-1   1.7305900692157365
-1   1.6675459358597768
-1   2.2008653497868922
-1   1.7812879653682483
-1   1.4149128196972744
-1   1.4715226778230328
-1   2.2900738052082761
-1   1.7588999447192672
-1   1.8766149265144501
-1   1.6571749152362827
-1   1.9648109230390003
-1   1.3285366879040663
-1   1.4657742078954272
-1   1.3950906964151617
-1   1.6777871486559208
-1   1.5068083896566704
-1   2.2027377395866758
-1   1.4898654418149389
-1   2.306186035852138
-1   2.1633371890332738
-1   1.716463902466371
-1   1.7338158780535258
-1   1.7277446460027694
-1   2.2121585598249407
-1   1.8242105867372524
-1   1.8977872867162828
-1   1.2599382879407579
-1   2.2175033726964397
-1   2.2248696020830647
-1   1.1017055283968091
-1   1.0725462450653678
-1   3.0637241875383627
-1   1.8010782405777959
-1   1.5248531618380956
-1   2.6741822186776973
-1   1.2364204960633649
-1   2.4768314606440276
-1   2.4102911674533982
-1   1.7765226224085855
-1   2.6146583043908418
-1   1.8390006694758805
-1   1.3072142083688199
-1   1.5192731701861466
-1   1.5156820060639764
-1   1.1038816605019328
-1   1.8099822044923362
-1   1.1788953335379297
-1   1.4509598676242026
-1   1.5225201555167263
-1   1.2343535827904026
-1   1.8305284324550497
-1   1.2161235066390474
-1   1.9840868476523532
-1   1.6876914647987182
-1   1.9566550950507211
-1   1.8398092766867373
-1   1.6369497175858378
-1   1.3841011673968056
-1   1.523870005423468
-1   1.4521489083681294
-1   2.0976880096061761
-1   1.6641573432926746
-1   2.1494582106593443
-1   2.0117940066800508
-1   1.9996983917485331
-1   1.7016405330005453
-1   1.3236967783408604
-1   1.6239751677898515
-1   1.1584216976358339
-1   1.7629117684518159
-1   1.931114338458408
-1   2.1127400929002795
-1   1.8399933769013841
-1   1.4296639729764515
-1   1.7098491169645889
-1   1.6981428416038891
-1   1.33996881468572
-1   1.3978196639667622
-1   1.7402113566289534
-1   1.3940213609487728
-1   1.7822819021247178
-1   1.4548891191818072
-1   1.7901226823856349
-1   2.297251301412246
-1   1.9455069997754615
-1   1.8598882909334562
-1   1.8757355636476771
-1   1.8204270553557742
-1   2.4182575275016229
-1   2.2324175166331779
-1   1.8931219303343418
-1   1.6243615360739718
-1   1.9101567517759444
-1   2.231984934711027
-1   2.792613444094985
-1   2.0895046165358035
-1   2.6473845493935544
-1   1.4850296920214734
-1   2.9705072042361818
-1   2.1925078259092889
-1   1.9641160090656027
-1   2.1584714112841876
-1   2.1520054684654752
-1   1.5891409918407557
-1   2.4770311956301194
-1   2.087279891616701
-1   1.418260053106043
-1   1.5225214025014222
-1   1.9108735065784255
-1   2.2415445710325943
-1   2.225741368859842
-1   2.4880535707141127
-1   2.1159155578471576
-1   1.7530545822071222
-1   3.6365634005851302
-1   1.2479054200206525
-1   1.216180771798101
-1   1.8555447440167696
-1   1.3173032468331418
-1   1.1287144156301718
-1   1.7850043182517479
-1   1.1131130781499377
-1   1.378399909266889
-1   1.6843188140873946
-1   1.8858549523627932
-1   1.3544417992875615
-1   1.4406271528109604
-1   1.9430423644190191
-1   1.5226928165417735
-1   2.4009354128142228
-1   1.7362460664330484
-1   1.8517797979552619
-1   1.8537536703951005
-1   1.6936742292508695
-1   2.8750190473884802
-1   1.3759209799852319
-1   1.9712330977951469
-1   1.023663400465683
-1   1.0428438132979025
-1   1.6481151046854725
-1   1.0127570702551492
-1   1.4690980272679146
-1   1.091558532928889
-1   1.7284529186677773
-1   1.7360132779098918
-1   2.2045087117093729
-1   2.3041616657799358
-1   1.86820750530892
-1   2.2447313559265583
-1   2.0453661523269098
-1   1.9334234463510591
-1   1.5917469882367103
-1   1.2463351935480422
-1   1.4007956066419631
-1   2.2887619228141998
-1   1.4908907209051672
-1   1.697854765014891
-1   1.7113870012387733
-1   1.6037525105812107
-1   1.9743392209602635
-1   1.8974829886230196
-1   1.8724016788112117
-1   1.8619611435183865
-1   1.8445818626361175
-1   1.1844336878173654
-1   2.3544130038443063
-1   1.2719416673464838
-1   1.7876331787866091
-1   2.0545027158779061
-1   1.7645564642101483
-1   1.2780285517441266
-1   1.3900125264496472
-1   1.5820845161406334
-1   1.4432294825836267
-1   3.1155710841569864
-1   1.56475994893712
-1   1.2704303532701353
-1   2.130403110239786
-1   1.7208676936142675
-1   1.4106153721666073
-1   2.3193596108326826
-1   1.7645589499202865
-1   1.2892631554084848
-1   2.5829239380258286
-1   1.9973921171031206
-1   1.3544288874318489
-1   1.5027847705822799
-1   1.9204048875103612
-1   2.237093358383937
-1   1.9667654955980258
-1   1.985411446811753
-1   1.4718823599984237
-1   1.5994743815901615
-1   1.0740745991497023
-1   1.1124827526473262
-1   1.7046765847639129
-1   1.7934568273827751
-1   2.8159334842012171
-1   1.6847531752419833
-1   1.0331633242664602
-1   1.3811793050839523
-1   1.6444068391409239
-1   1.6482757956481735
-1   1.850845684106313
-1   1.5982357515494745
-1   1.0179637671316735
-1   1.6379970541664743
-1   1.9624146957971327
-1   1.9208230692341997
-1   1.0117958295121179
-1   1.0086281243996631
-1   1.0710964502743685
-1   1.5379969306911434
-1   1.0605974219611549
-1   1.576571515081997
-1   2.0688170571016435
-1   2.0885891875794562
-1   1.576724202639133
-1   1.5842483534365202
-1   1.1965966274092981
-1   1.3516874001760042
-1   2.5528578674669902
-1   2.4846710800710747
-1   1.0981923395076854
-1   1.2043126885875979
-1   1.910378473441332
-1   1.6999419029547123
-1   1.7772198004649646
-1   1.3669421257523473
-1   1.2024722857227192
-1   1.2583051592417942
-1   1.8450147186492587
-1   1.8675103727523208
-1   1.7997998265403528
-1   1.120084332876145
-1   1.049726658919574
-1   1.1161348232847492
-1   1.1430843443584895
-1   1.1817876857693512
-1   1.535457026488301
-1   1.8759383914172121
-1   1.9733502755380394
-1   2.0633536315166241
-1   1.2497825792584276
-1   2.4656718828180018
-1   1.939360019879024
-1   1.4703750989050319
-1   2.047033114264305
-1   1.161333634060405
-1   1.6325839341895398
-1   1.4475825429024463
-1   1.0168344490626611
-1   1.0361005720158756
-1   1.0313402902679334
-1   1.2984642717811281
-1   1.8180580861253075
-1   1.8093745553801428
-1   1.1639091741032839
-1   2.016984894230947
-1   1.0360316574557187
-1   1.3571579225819304
-1   1.4629530077772586
-1   2.1807214104232582
-1   2.2009521095186444
-1   2.3525679898400469
-1   2.0858554148380963
-1   2.091113001726999
-1   2.5759648892187754
-1   1.7094680853448359
-1   1.6624378692890822
-1   1.4473565024048527
-1   1.6227437221107981
-1   1.167536823646389
-1   1.9579967088301995
-1   1.3368002315167207
-1   2.9761652236874925
-1   1.7584718434388935
-1   2.4524479864310984
-1   1.2267292656517081
-1   2.8175668210400291
-1   1.794657073062965
-1   2.0479478024358269
-1   1.7283728200688842
-1   1.4778800574152244
-1   1.1528706434799887
-1   1.95755003384757
-1   1.0351333749202507
-1   1.0524149066161383
-1   1.239913917953438
-1   1.2110973360223927
-1   1.7673225980871576
-1   1.1211615776599044
-1   1.7338827061695534
-1   1.1793411612764499
-1   1.2506861762477506
-1   1.9401106041488116
-1   1.4530739431090607
-1   1.730328768377726
-1   1.8360821148302557
-1   1.9477521261101844
-1   1.3762886856932524
-1   2.4742238388197242
-1   1.9196582581188744
-1   1.8654276411668698
-1   2.8737999744396348
-1   1.0264309475288169
-1   1.0536507553683983
-1   1.026281401484195
-1   1.8051715410410107
-1   1.0778050177366936
-1   1.2787402286811325
-1   1.2191295302167955
-1   1.1943079887373556
-1   1.7071330473026434
-1   1.1621249581386905
-1   1.2951617454979292
-1   1.2412786009669186
-1   1.7357612379413765
-1   1.3891281328075904
-1   1.6704997811555278
-1   1.8676115804292857
-1   1.8802577080471887
-1   1.1230111942205205
-1   1.4012337088479829
-1   2.3686248092031175
-1   2.1825692241191654
-1   1.5141460307750285
-1   1.7177947130715157
-1   1.5703491069623712
-1   1.6002236411872706
-1   1.6986463560600176
-1   1.9888303306127058
-1   2.0104484753491003
-1   1.3889423767899198
-1   2.3364921501634788
-1   2.0302250820503756
-1   1.9963967225243402
-1   1.6469625539983337
-1   2.2978502594630186
-1   2.6002410267745653
-1   2.030526405038477
-1   2.0639569185074591
-1   2.8262592686781094
-1   2.922704572194708
-1   2.7942820007481188
-1   3.8115845845710661

0   0.11498146717856694
0   1.0168411462362767
0   0.92061037152001068
0   1.074320154597485
0   1.0053379781286795
0   0.74478914264285834
0   0.27720385736740949
0   1.0310628370113939
0   1.0453420381970293
0   1.7428958105104595
0   1.0065150135783001
0   1.9927781287778643
0   0.71399950093707987
0   1.0309235051688763
0   1.0078334074112096
0   1.3606234095199292
0   1.5593979452995947
0   1.9283892620879119
0   1.7677733753624669
0   2.7260005703374683
0   1.0034164858215584
0   1.4287867162311634
0   1.0077452180336359
0   1.3802435674719378
0   1.1583783825779632
0   1.7691674174216123
0   1.79571776661271
0   2.6900730326074549
0   0.92707959789025662
0   1.1383929874281495
0   1.2928668878666107
0   1.6874832652470282
0   0.44608036840598597
0   1.1856577890478801
0   1.0074019934547442
0   0.84271346600239827
0   2.5931791197000118
0   0.12121087557878785
0   1.8221895715983285
0   1.4657482292832564
0   1.5857481457531288
0   1.0048614323240876
0   1.913117590455983
0   1.1687435741034173
0   0.82021554336887403
0   1.004702738002651
0   1.9837077490249051
0   1.260930968711049
0   0.46149297831558145
0   1.6887798835173338
0   1.3854561162139662
0   1.6113090400846071
0   1.0182064423832977
0   1.0887596067251888
0   1.8922941512327975
0   1.487391129535709
0   1.4069593558332416
0   1.052407529497241
0   0.54920161230837072
0   1.094298442929976
0   2.2480078578105638
0   1.8175283307080661
0   0.51847305639328689
0   1.0762165676882098
0   1.4105618754447631
0   1.0266259992810596
0   1.244462192756028
0   2.0179192822549883
0   1.8009197344014445
0   1.3289169105565795
0   1.4889990171032346
0   1.3122816474189516
0   1.1314077829437776
0   1.9128492414665255
0   1.5401063603988465
0   2.4019040084350398
0   1.3322093122401699
0   0.99262884173876764
0   1.7501023574461629
0   2.7178579692957099
0   1.7471661613420859
0   1.5796006817115065
0   1.4647432198774972
0   3.1113130759610796
0   1.744631879530596
0   1.915130084731953
0   1.5864311337885115
0   2.1435400654257313
0   1.8424205148580595
0   1.5154044014819967
0   1.9195139928955602
0   1.7415268126410566
0   2.3194670496107239
0   1.6780263533530513
0   1.6096370135036482
0   1.9447974657324605
0   0.92794740688236477
0   1.9332186902287072
0   1.8098682452094565
0   1.8798524853212384
0   1.2819588165622868
0   1.3741401732842293
0   2.0890714033857032
0   1.6686441392289058
0   1.3639443560164395
0   1.6875188904029508
0   1.853485638621875
0   1.6511830002211636
0   2.0444617340495923
0   1.276539500024481
0   2.623624757313137
0   1.6771391492034611
0   1.6972707693499043
0   1.1827026656309378
0   1.9913553049894821
0   1.656891870375079
0   1.2948207766868185
0   1.5235081083980191
0   1.1547887001835888
0   1.5505604618321449
0   1.248569687186921
0   2.6679594098423514
0   1.4215893508844397
0   1.6700799127733985
0   0.87755487702082302
0   1.4265193026525567
0   2.4405582051303605
0   1.6164732614737636
0   1.2019236951720167
0   1.4295376666769748
0   1.0353411685302978
0   1.3253801019007603
0   1.0280499817518589
0   1.6480903939759717
0   0.64536586202970803
0   1.0506634027657471
0   1.0776990904758501
0   1.3492602997874474
0   1.0085794446240588
0   1.9561914521032704
0   1.4787862596893804
0   1.919471165929036
0   1.0403450407886496
0   1.1987712203639498
0   1.7083013817707768
0   0.34634570074602566
0   1.0192119053766693
0   1.8032235396189016
0   1.8006472299087828
0   1.0170087892845519
0   2.5607254860347397
0   1.8900950375122201
0   2.059978018715932
0   1.5670797797885245
0   1.5022281426037853
0   1.8285188665776597
0   1.7163914822833473
0   1.0361413202028362
0   1.3827358521497168
0   1.2778020764444198
0   2.3173146276649703
0   0.52781298192699588
0   1.149501331490798
0   1.2336237788240985
0   1.8952331474390363
0   2.0269935986660856
0   1.2967521739612784
0   1.9403187465492215
0   1.1663516034733279
0   1.2075926192472919
0   1.7542170983323793
0   1.7632659795622967
0   1.7353108892621556
0   1.5288673777489294
0   1.8985973635817905
0   1.646746916623937
0   1.2235816701356048
0   1.810379601993084
0   1.3727380223403058
0   2.0137652097344829
0   1.5657395566214047
0   2.1270854081051702
0   1.1589101143112652
0   2.2296717527409662
0   1.7122178535383616
0   1.1450559805514529
0   1.7329390648575331
0   2.584058847482174
0   2.4331046455100798
0   0.96844615621093699
0   1.3986555635037552
0   1.5031149231518039
0   1.1655503357264467
0   1.8349291989097072
0   1.8226956137618457
0   1.2221197799260948
0   1.7375291831405133
0   1.8692211857527976
0   1.4622059397421743
0   1.8777833481993973
0   1.5939561038876371
0   1.1039480468248477
0   1.3891231351664732
0   1.4792983778159476
0   1.5979920236856784
0   1.5180604659818746
0   0.74552637627392215
0   2.3505184793800868
0   2.0534870357943307
0   1.1420759653570824
0   1.3295882147966893
0   1.3533962505036001
0   1.5628321851771938
0   1.5622049154793123
0   1.4914972599573972
0   1.6418095879475674
0   1.0611554305007538
0   1.937874285289872
0   1.9166544840211608
0   0.95731663573531423
0   1.9052882582337349
0   1.3233870751086472
0   1.3302885156281579
0   1.332289388220476
0   1.9742797757808597
0   1.6352955450769353
0   1.8630081766746001
0   2.1219404540994362
0   1.6826238284990405
0   1.0370578421761698
0   1.0634771602732169
0   1.044866567112581
0   1.8390390431426562
0   1.9814966985582725
0   2.0015292032833449
0   1.9486456903972562
0   0.71490424009071463
0   0.42372637556120285
0   2.3508237174235038
0   2.4263708074272463
0   1.5546306892286106
0   1.5584206967791805
0   2.1862489262992009
0   2.3117214735281588
0   1.0657030225452329
0   1.0876266478997711
0   0.88495627585789638
0   2.4178084850563168
0   2.3580919189100213
0   1.9239597166842364
0   1.0205911166219259
0   0.13491365795654142
0   1.0219026705961309
0   0.54393303310249008
0   1.5617887420820518
0   1.8953564278798858
0   1.0318826329842072
0   1.014105540406685
0   1.9367601796561233
0   1.1412347579142421
0   1.2903102299311731
0   1.3949422979042552
0   1.5784596785868987
0   1.3387522190870718
0   1.6367193199619101
0   1.3130573668236496
0   1.0514594337658381
0   1.2564101388792881
0   1.1185189402944156
0   0.45839768774546319
0   1.6965129879711172
0   1.0239133248070629
0   1.0302426101151352
0   0.84346121339546065
0   2.0982561646211311
0   1.6017183030929227
0   2.6889382567056539
0   1.1749079965290057
0   2.0233621280261644
0   1.9224147325110374
0   1.6444434780013424
0   0.68717911265342435
0   1.0240548380443275
0   1.2412933627792302
0   1.9647733793425695
0   1.5377122255534288
0   2.3474659855273705
0   1.670853132728229
0   1.8537682122061963
0   1.0857549844392917
0   1.0297220204820223
0   1.7358438388735773
0   1.7048537422660619
0   1.0620376497992148
0   1.8049737186577794
0   1.1640841168564844
0   1.4941028054055574
0   1.2949942792375755
0   1.620245090460775
0   1.4685214327627643
0   1.7325131247715229
0   1.7287835770265012
0   1.8513376221104378
0   1.1561598344655613
0   1.4074532770024375
0   1.9409592562498243
0   1.4692115440923861
0   1.9586867943270208
0   1.7165584728986691
0   1.3701719373765222
0   2.8487599224538833
0   2.2860259738181576
0   1.9015897384487062
0   1.9860751834618977
0   2.7815890530448155
0   1.8859998130844544
0   1.1834931237481181
0   3.2678761362111355
0   1.7963161694777852
0   1.9011289258035475
0   2.6327412636548968
0   1.4651668398511799
0   1.6007151169587091
0   1.4831214558729717
0   1.1372860607148725
0   1.1781135995322169
0   2.24566185110737
0   2.0811431620595569
0   2.0187058115524654
0   2.2320975791084274
0   1.2921626690350212
0   1.9368267663039793
0   2.2770283774928499
0   2.3984803047845316
0   2.0154138415043885
0   1.1184533514967196
0   0.59786010167758485
0   1.0228541645242732
0   3.7201748521724181
0   1.0433507682448482
0   0.52345263141784226
0   1.9019749780062698
0   1.0754344518310388
0   1.0029526058666864
0   1.5068985388154092
0   1.0187323152992507
0   0.93399220705161223
0   1.6186548530615448
0   1.0702592571778822
0   1.3672297561259046
0   1.1233720905698228
0   1.6537910828357378
0   0.68784024950174971
0   1.0841977525791753
0   1.8134976518591279
0   1.7670410079648273
0   1.3214949325653884
0   2.4856737515863978
0   1.8458545615044875
0   0.88753918894230632
0   1.0195845927552725
0   2.9268748406977267
0   1.4852292543206398
0   1.6395951181311816
0   1.0070421141587584
0   1.479187830796842
0   1.0217539934765967
0   1.1464745793087949
0   1.0286691982919867
0   0.90343604237012309
0   1.0082023189216536
0   1.6358811832263846
0   1.0082830264383509
0   1.3488553228193665
0   1.3486444977955729
0   1.6640176809413045
0   1.6732689492778601
0   1.075279840990307
0   1.6990067647121601
0   1.6633965140747131
0   2.17808198452623
0   2.5822720515007513
0   1.1467500364512007
0   1.1427190277673522
0   1.6051132865948574
0   1.074371558970697
0   1.0485803766856319
0   1.3280333647117701
0   1.2964394595860504
0   1.3174958303852786
0   2.8459472097036098
0   1.8312122850093813
0   1.7786735406416732
0   1.0101146335580673
0   1.0360004618323941
0   1.9828363441156958
0   1.9880830337170368
0   1.4194337598813949
0   1.6806220798960179
0   1.0048487502856687
0   2.798089347259388
0   0.84329044339554393
0   0.40516043545066627
0   1.0579262499356632
0   1.7518513128712825
0   1.7651824533222094
0   1.0085876988135507
0   1.164371642377511
0   1.9803226403352086
0   2.1419580391581792
0   1.2377073627047899
0   1.5711344134765759
0   1.8850240574888142
0   1.5038905814133905
0   2.8070322164980337
0   1.1619182870022591
0   0.80240302757736037
0   1.0043580219393915
0   2.1853758670389403
0   1.2348723396248111
0   1.7106990603951715
0   0.97179361795412511
0   1.0835538517880445
0   1.6146670607609783
0   1.0842217090443325
0   1.4955511780392934
0   1.2596232659100273
0   1.82401687034046
0   1.9678143031482076
0   2.4975391837576315
0   2.2554521875058597
0   1.8259718005205134
0   1.3368245776458558
0   1.2558830731170723
0   0.8152164130089723
0   1.7019270728284877
0   0.73773337256841054
0   1.7954875563847441
0   1.4613361107825609
0   1.0040537633748063
0   1.0068109656250324
0   2.5833863401002795
0   1.7073810726863718
0   1.0198508151118584
0   1.0051071981463013
0   0.86181917941546726
0   0.47082869729957377
0   1.0099904310061094
0   1.9878556409054142
0   1.9613420799499304
0   1.9903573395535377
0   1.0018590743361309
0   1.0063077002465561
0   1.9416330872015313
0   1.924506552746641
0   1.0080904107364408
0   1.0011120580431081
0   0.093335588275322734
0   1.0749705453693343
0   0.048533459930918954
0   0.1023945215217722
0   1.0691334831677723
0   0.74239029823263358
0   1.0082882187842375
0   1.7251841683106068
0   0.52528614694368714
0   1.8985659709319385
0   2.7738909260962421
0   2.9067039096342544
0   1.7860490805686795
0   1.0428781353325409
0   1.5001379707321507
0   1.0009386493343166
0   1.0891764523317069
0   1.9784871176786449
0   1.0022575914960776
0   1.7685422672026792
0   1.024368248866842
0   1.2927993008382292
0   1.1667169950251803
0   1.0714752420202567
0   1.9081199210356798
0   0.60984664025572299
0   1.0051043984856334
0   1.0069628029469742
0   1.9728597061978359
0   1.880771746447286
0   1.1140891916408393
0   0.4375678484674338
0   1.0503008278854624
0   0.40445068066029877
0   1.0097614369190759
0   1.0101487384269996
0   0.18726195351271568
0   1.0215889908042921
0   1.0826386538104356
0   0.56766736320423994
0   1.6195109988202776
0   2.4434674848486657
0   1.1262967932867549
0   1.4359938326111652
0   1.1088683534149948
0   1.3998717810965817
0   2.3114716507565012
0   1.6937535436887718
0   0.7199278341876485
0   1.9734582365178239
0   1.833882045691225
0   1.2200477094125097
0   1.0793874804844281
0   1.1739192588940532
0   0.094641907524647295
0   0.10708926950155129
0   1.0086474987137104
0   1.0060466174940352
0   0.65934581107675738
0   1.0126140895442954
0   1.7592533685247349
0   0.9775199553252647
0   1.0439019189469014
0   1.9495549181855565
0   1.0244682052942367
0   1.2744863885643474
0   1.0947191525954267
0   0.7292552456699013
0   1.6280309754625768
0   1.129784258324471
0   2.4694303059009912
0   1.8876704581961614
0   2.5091601410600846
0   1.7209768538193204
0   0.90134983550865377
0   1.0236906634039091
0   2.0121519205954095
0   1.8506464834644558
0   2.3141978128039522
0   1.5682320510813521
0   2.331855368499602
0   1.516490598195392
0   0.46426681734043518
0   1.4061622865679002
0   1.3725883321248966
0   1.6584412242642954
0   1.4184871777409624
0   1.2450580535796025
0   1.6167147102309265
0   1.7655303380460934
0   1.5588520427757078
0   2.9081169361576835
0   1.4028653956103001
0   1.9941245804461203
0   1.460111329578722
0   1.9932693610149066
0   1.3785368415679844
0   1.1313411150058934
0   1.8919022509676569
0   0.1024184083100006
0   1.0084140047246435
0   0.59654990167364486
0   1.0084741524059622
0   0.43669690083296475
0   1.0137570428545868
0   1.2190801403399139
0   1.3589440391434853
0   1.0333581496920403
0   1.8500198140803894
0   1.8940148277942099
0   1.0120310135943624
0   1.0758256201359404
0   1.0413245091762819
0   1.2656918223702196
0   1.9207816158170807
0   1.5521445687000957
0   1.0071881740299817
0   1.1790174329807102
0   1.3986763624034704
0   2.8454627027913388
0   1.958061890943021
0   1.7537950506796296
0   0.092456449606062807
0   2.8729439673323585
0   0.16576866770444354
0   1.0026014976197242
0   1.0143985473494397
0   1.0034269398653679
0   0.22507883996024891
0   1.9746642163967691
0   1.0322191244070782
0   0.17962842663308554
0   1.0407964490206894
0   1.0375798401605647
0   0.57088639727664869
0   1.0304099851507165
0   1.9724196143595414
0   1.0726849001155412
0   1.219158669153942
0   1.2197876764473439
0   1.0233258972682495
0   1.4607217344736518
0   1.0773498373121713
0   1.8484462823836361
0   1.5386673487570084
0   0.73613608212612824
0   1.8947341388394947
0   1.1485156753472519
0   1.0606652795246125
0   2.5798311745539424
0   1.2445715231665739
0   1.0501410838810383
0   1.9873612218155934
0   1.5585105975323819
0   1.7469539049794265
0   1.9812283582351427
0   1.1303596591177494
0   1.2618441128821816
0   1.7675839770866051
0   1.8175597880498451
0   1.1261746664581302
0   2.6180512295119542
0   1.9217311486439481
0   1.7999742517425985
0   1.3887219046788648
0   2.8974168795209079
0   2.0524381476134206
0   1.9786769214091988
0   2.7693703328786694
0   2.0343852697221214
0   2.9294145599313568
0   2.8120810097682054
0   3.8005384605246766

1   1.0795706374312755
1   1.1445098475590223
1   1.142836693135499
1   1.4937979089022995
1   1.0838189705096475
1   1.3422003936138933
1   1.648287239018063
1   1.3140196694137523
1   1.1629316052897514
1   1.7330507153553718
1   1.9008880342229966
1   1.2867770965957697
1   1.8347815093481334
1   1.764637052056691
1   1.0629258588608417
1   2.788740063438429
1   1.8566518934936966
1   1.4708726884865622
1   1.1461702191107832
1   2.0828164291274738
1   1.7615727320704151
1   2.6685554090803318
1   1.4744649707748692
1   1.2005252119601089
1   1.8208805353401649
1   1.0404362230665347
1   1.5673797247305905
1   2.2797070123242404
1   1.5966237279322359
1   2.2138253789783136
1   1.1105090803453928
1   1.3822614609703343
1   1.6007508717681191
1   1.5705617969214911
1   1.045863660596269
1   1.5065428103650924
1   1.5935040709941091
1   1.7788939334423
1   1.3483872824261485
1   1.5958088591580446
1   1.7874938157558518
1   1.1776980038853411
1   1.6324708517055022
1   1.4737588706367186
1   1.4248697544912474
1   2.66212824641662
1   1.1604478684141537
1   1.3788589090242467
1   1.5911862991285601
1   1.5650179910986899
1   1.1688030620941861
1   1.7955423429255415
1   1.748405096497696
1   1.9151424262935977
1   1.58030948371841
1   2.0527566006372857
1   1.882428656606109
1   1.9098446485961658
1   2.0517569491659251
1   2.1801769241800004
1   1.850216642266842
1   2.6706387038968455
1   1.7491425600287855
1   1.8258207191751117
1   2.8797376399679488
1   1.9421133285725936
1   1.9411934645860089
1   1.8938296077009125
1   1.4756537294226615
1   1.7386084585531956
1   1.8023824989666046
1   2.0666240894701589
1   2.506524295603116
1   2.5486266660701458
1   2.2455001108362014
1   1.8959585183306542
1   1.5075934123782386
1   1.5169705635651178
1   1.9754223111571343
1   1.4830773737477689
1   1.7869954673475386
1   2.7272948755383108
1   2.0131336681520748
1   2.0770454708403179
1   2.1478430898957659
1   1.7716770826071917
1   1.4317380601817926
1   2.8410638136066058
1   1.8819849088146947
1   2.1564508862213541
1   1.6625932824227387
1   1.4121075791148312
1   1.5338421840254561
1   1.8626380218846861
1   1.3393973734290385
1   1.9833157328627258
1   1.9251471166767868
1   1.7274526870920894
1   1.136389718440832
1   1.2718679765535739
1   2.0628342971695415
1   1.8627960889841169
1   2.7560185076598009
1   1.6240971856644268
1   1.9821555780017177
1   1.2875258208286826
1   1.3429444279842397
1   1.2540341707601406
1   1.9434355570829789
1   1.6660217473166585
1   1.3320772928015834
1   1.6923925298548825
1   1.876812753001309
1   1.2165179163775601
1   1.247791895783487
1   1.1310828873470788
1   1.8595505479167085
1   2.0112600363515925
1   1.9981596288554049
1   2.2474285682323303
1   1.6810313190889214
1   2.3280813503478877
1   1.6498137356473004
1   2.3154432603222737
1   1.2710608692373084
1   1.7067960941061795
1   2.4720020781940817
1   1.4281845640130875
1   1.6708045917876384
1   1.8551874324403501
1   1.7781062922329363
1   1.8596455092482578
1   1.6421379244363754
1   1.4852730579077127
1   1.3832652413036415
1   1.6797716142595913
1   1.5887415493295429
1   1.5681214143019546
1   1.7482006788092379
1   2.0358853114701012
1   1.7116905816971513
1   1.4960902545636134
1   1.7861448692286772
1   1.9262214848183241
1   2.285582811102874
1   2.2899351343255798
1   1.8268298853179412
1   2.9263123125563402
1   1.431295174429581
1   1.5360831906351411
1   2.416963324454025
1   2.3480265039731463
1   1.816467257601488
1   1.8930717859876234
1   1.7307247448521932
1   1.8865984163180962
1   1.62092130085456
1   1.4276793427476129
1   1.7305900692158751
1   1.6675459358597728
1   2.2008653497869366
1   1.7812879653680409
1   1.4149128196972913
1   1.4715226778230337
1   2.2900738052082108
1   1.7588999447193681
1   1.87661492651451
1   1.6571749152362822
1   1.964810923038895
1   1.3285366879040494
1   1.4657742078954261
1   1.3950906964151288
1   1.6777871486559324
1   1.5068083896568196
1   2.2027377395866288
1   1.4898654418148236
1   2.3061860358521922
1   2.1633371890332773
1   1.7164639024663666
1   1.7338158780535244
1   1.7277446460027663
1   2.21215855982493
1   1.82421058673728
1   1.8977872867162819
1   1.2599382879407095
1   2.2175033726964246
1   2.2248696020830518
1   1.1017055283968142
1   1.0725462450653644
1   3.0637241875383512
1   1.8010782405778003
1   1.5248531618380903
1   2.6741822186776791
1   1.236420496063338
1   2.4768314606439139
1   2.4102911674535599
1   1.7765226224009809
1   2.6146583043964209
1   1.8390006694759289
1   1.307214208368777
1   1.5192731701859161
1   1.5156820060641993
1   1.1038816605019486
1   1.8099822044923508
1   1.1788953335379437
1   1.4509598676241728
1   1.5225201555167667
1   1.2343535827903631
1   1.8305284324550857
1   1.2161235066389899
1   1.984086847652355
1   1.6876914647986943
1   1.9566550950507389
1   1.8398092766867342
1   1.6369497175859471
1   1.384101167396687
1   1.5238700054235221
1   1.4521489083680696
1   2.0976880096060917
1   1.6641573432927177
1   2.1494582106593914
1   2.0117940066800348
1   1.9996983917485074
1   1.7016405330006035
1   1.3236967783408762
1   1.6239751677898129
1   1.1584216976358339
1   1.762911768451815
1   1.9311143384583604
1   2.112740092900327
1   1.8399933769013628
1   1.4296639729765233
1   1.7098491169645427
1   1.6981428416038571
1   1.339968814685742
1   1.3978196639667901
1   1.7402113566289281
1   1.3940213609488183
1   1.7822819021246752
1   1.4548891191818054
1   1.7901226823856393
1   2.2972513014122646
1   1.945506999775461
1   1.8598882909334695
1   1.8757355636476802
1   1.8204270553557342
1   2.4182575275016736
1   2.2324175166332183
1   1.8931219303343068
1   1.6243615360739323
1   1.9101567517758742
1   2.2319849347109786
1   2.792613444095029
1   2.0895046165358813
1   2.6473845493936121
1   1.4850296920214101
1   2.9705072042361373
1   2.1925078259092992
1   1.9641160090655783
1   2.1584714112841095
1   2.1520054684655627
1   1.5891409918407016
1   2.4770311956300568
1   2.0872798916167703
1   1.4182600531060572
1   1.5225214025013867
1   1.9108735065784868
1   2.241544571032613
1   2.2257413688598247
1   2.488053570714083
1   2.1159155578471638
1   1.7530545822071142
1   3.6365634005851533
1   1.2479054200206556
1   1.2161807717980797
1   1.8555447440167683
1   1.317303246833142
1   1.1287144156301876
1   1.785004318251727
1   1.1131130781499203
1   1.3783999092669181
1   1.6843188140873915
1   1.8858549523627941
1   1.3544417992875437
1   1.4406271528109575
1   1.9430423644190258
1   1.5226928165417801
1   2.4009354128142215
1   1.7362460664330626
1   1.8517797979552566
1   1.8537536703951027
1   1.6936742292508544
1   2.8750190473884718
1   1.375920979985229
1   1.971233097795146
1   1.0236634004656842
1   1.0428438132979012
1   1.6481151046854596
1   1.0127570702551498
1   1.469098027267927
1   1.0915585329288797
1   1.7284529186677755
1   1.7360132779098842
1   2.2045087117094111
1   2.3041616657799748
1   1.8682075053087814
1   2.2447313559265254
1   2.0453661523268303
1   1.9334234463510556
1   1.5917469882368982
1   1.2463351935480576
1   1.4007956066419582
1   2.2887619228142246
1   1.4908907209053774
1   1.697854765014863
1   1.7113870012385819
1   1.6037525105812338
1   1.9743392209602031
1   1.8974829886229942
1   1.8724016788112166
1   1.8619611435184451
1   1.8445818626361361
1   1.1844336878173658
1   2.3544130038443267
1   1.2719416673464443
1   1.7876331787866344
1   2.0545027158779665
1   1.764556464210187
1   1.278028551744091
1   1.3900125264497394
1   1.5820845161405384
1   1.4432294825835035
1   3.1155710841570459
1   1.5647599489371169
1   1.2704303532701251
1   2.1304031102397865
1   1.7208676936141547
1   1.4106153721666541
1   2.3193596108325591
1   1.7645589499204424
1   1.2892631554083847
1   2.5829239380258717
1   1.9973921171030979
1   1.3544288874318535
1   1.5027847705823283
1   1.9204048875103794
1   2.2370933583839165
1   1.9667654955979552
1   1.9854114468117521
1   1.4718823599984279
1   1.5994743815902668
1   1.0740745991497163
1   1.1124827526472278
1   1.7046765847639924
1   1.7934568273827649
1   2.8159334842012242
1   1.6847531752419664
1   1.0331633242664644
1   1.3811793050839714
1   1.6444068391408568
1   1.6482757956483107
1   1.8508456841063645
1   1.5982357515493448
1   1.0179637671316624
1   1.6379970541664841
1   1.9624146957970976
1   1.9208230692342232
1   1.0117958295121199
1   1.008628124399664
1   1.0710964502743687
1   1.5379969306910977
1   1.0605974219611518
1   1.5765715150820312
1   2.0688170571016022
1   2.0885891875794016
1   1.5767242026390638
1   1.5842483534364376
1   1.1965966274093502
1   1.3516874001762611
1   2.5528578674670754
1   2.4846710800710703
1   1.0981923395076296
1   1.2043126885874667
1   1.9103784734413352
1   1.6999419029547407
1   1.7772198004649749
1   1.3669421257522762
1   1.2024722857227708
1   1.258305159241895
1   1.8450147186492369
1   1.8675103727523097
1   1.7997998265403421
1   1.1200843328761378
1   1.0497266589195746
1   1.1161348232847466
1   1.1430843443584779
1   1.181787685769214
1   1.535457026488372
1   1.8759383914172343
1   1.9733502755380701
1   2.0633536315166134
1   1.2497825792584196
1   2.4656718828179773
1   1.9393600198790275
1   1.4703750989049691
1   2.0470331142642948
1   1.1613336340603821
1   1.6325839341896193
1   1.4475825429025111
1   1.0168344490626611
1   1.0361005720158334
1   1.0313402902679338
1   1.2984642717874593
1   1.818058086120399
1   1.809374555380161
1   1.1639091741033774
1   2.0169848942309829
1   1.0360316574557218
1   1.3571579225821251
1   1.4629530077779369
1   2.180721410422688
1   2.2009521095185796
1   2.3525679898400353
1   2.0858554148382349
1   2.0911130017271424
1   2.5759648892187683
1   1.7094680853448203
1   1.6624378692892239
1   1.4473565024047657
1   1.6227437221105223
1   1.1675368236464394
1   1.9579967088302541
1   1.3368002315166965
1   2.97616522368777
1   1.7584718434381093
1   2.4524479864310176
1   1.2267292656517015
1   2.8175668210400562
1   1.794657073062873
1   2.0479478024358913
1   1.7283728200689605
1   1.4778800574153628
1   1.1528706434800795
1   1.9575500338475877
1   1.0351333749202296
1   1.0524149066161375
1   1.2399139179535255
1   1.2110973360223587
1   1.7673225980872229
1   1.1211615776599024
1   1.7338827061696143
1   1.1793411612762963
1   1.2506861762473942
1   1.9401106041490195
1   1.4530739431097859
1   1.7303287683770789
1   1.8360821148302495
1   1.947752126110204
1   1.3762886856932541
1   2.4742238388197308
1   1.9196582581188752
1   1.8654276411669346
1   2.8737999744396023
1   1.0264309475288038
1   1.0536507553683352
1   1.0262814014841912
1   1.8051715410408504
1   1.0778050177366798
1   1.2787402286814133
1   1.2191295302167542
1   1.1943079887373027
1   1.707133047302686
1   1.1621249581387132
1   1.2951617454977247
1   1.2412786009670067
1   1.7357612379413321
1   1.3891281328076071
1   1.6704997811556015
1   1.8676115804292888
1   1.8802577080471896
1   1.1230111942205594
1   1.4012337088478861
1   2.3686248092034856
1   2.1825692241188306
1   1.514146030775033
1   1.7177947130713882
1   1.5703491069622966
1   1.6002236411874882
1   1.6986463560601091
1   1.9888303306126032
1   2.0104484753493779
1   1.3889423767899951
1   2.3364921501632407
1   2.0302250820503929
1   1.9963967225243113
1   1.6469625539982795
1   2.2978502594621317
1   2.6002410267754512
1   2.0305264050385015
1   2.0639569185073015
1   2.8262592686781236
1   2.9227045721947102
1   2.7942820007481535
1   3.811584584571146

2   2.0005889347454109
2   2.0014612875498745
2   2.0025211905217501
2   2.1948568994027475
2   2.0166731796857302
2   2.8453271363088697
2   2.0063232203345511
2   2.15177569599483
2   2.006442872541045
2   2.8660440791752486
2   2.0031758246357398
2   2.8712530248509456
2   2.0058288502623203
2   2.1275309032139416
2   2.0414019074238676
2   2.0199595633346812
2   2.0474276051929619
2   2.0460224474670978
2   2.0165023631136578
2   2.7879262884412812
2   2.2156207348739003
2   2.0072144964789054
2   2.138966102105436
2   2.9389354856566028
2   2.6538174763537437
2   2.5786489780411874
2   2.0645789306905273
2   2.4346887132341624
2   2.2625671035395483
2   2.8095976249950962
2   2.2571488167976188
2   2.2240614152252829
2   2.9044175889395101
2   2.5366283368348892
2   2.2910232047391603
2   2.2031365306106672
2   2.8824010318403328
2   2.6617073952148984
2   2.433390276361425
2   2.9935562020016016
2   2.4286268035047391
2   2.3772765152304407
2   2.9919495471231454
2   2.4165861236116091
2   2.6041234115620533
2   2.3183984594301803
2   2.1609979249513085
2   2.4177658143732783
2   2.316141779771907
2   2.3805259454887877
2   2.2136712012769824
2   2.5979196839199905
2   2.0199044562229127
2   2.0036231358552001
2   2.0140509288837656
2   2.0138043184927081
2   2.0485429886104343
2   2.1977779509976494
2   2.8506445489854069
2   2.4168635579621616
2   2.4397216165548801
2   2.8433058732137715
2   2.3100320309381188
2   2.1397543609933067
2   2.2784457214870391
2   2.0297366267327051
2   2.5567780010669998
2   2.2272152008321484
2   2.8328918266669261
2   2.0884068375681615
2   2.3003142388787157
2   2.9417201013938952
2   2.0894845856190591
2   2.916329132196728
2   2.2334445458205385
2   2.8822883323947646
2   2.6507208238499587
2   2.1625030172995898
2   2.08397400381034
2   2.235211210295601
2   2.0617196100511763
2   2.4438455407712749
2   2.3824380463585353
2   2.2548927267022898
2   2.1206605885788683
2   2.4603733115999122
2   2.0324940581682087
2   2.7509078801165638
2   2.2760170898599692
2   2.0465562109505764
2   2.5708936586898155
2   2.1012956383416839
2   2.6511884837346114
2   2.6708629244133455
2   2.7091809437314724
2   2.7053471596405418
2   2.9770920293798131
2   2.3818971693795747
2   2.5660258647504279
2   2.6965689929941101
2   2.1840201412789231
2   2.0053235343112457
2   2.0734865963080482
2   2.0954181668695586
2   2.0527645545235731
2   2.2326709489379906
2   2.1382768683501916
2   2.1949484637804377
2   2.5816652433479987
2   2.7774338321084024
2   2.0561698649387301
2   2.0085097263931941
2   2.967536311990091
2   2.0241350821191593
2   2.0152858475518847
2   2.0109035779910913
2   2.0300448616141105
2   2.0567688226492251
2   2.3498727810308551
2   2.2395992463201808
2   2.3812314867474615
2   2.2234096330821789
2   2.1995183441337312
2   2.2576918791317953
2   2.254896074055099
2   2.8597186624390374
2   2.422864719264942
2   3.1621641643021241
2   2.9410299891712364
2   2.2569810940038866
2   3.1786218160174591
2   2.6970830732030406
2   2.3464001487230779
2   2.477178403871894
2   2.7177217104866269
2   2.115495559422619
2   2.4358282794952584
2   2.4073257398240822
2   2.6506068050323783
2   2.8186107262828566
2   3.5429459137730843
2   2.0254298936039814
2   2.0770304717877335
2   2.0046491587004471
2   2.0059668167155307
2   2.4691743800756809
2   2.072133778682963
2   2.4203173458262
2   2.2276238271669015
2   2.2036938729296978
2   2.7265490238124452
2   2.0454600096308706
2   2.0017831599522071
2   2.8911642791113685
2   2.5955159047515712
2   2.4835136385611825
2   2.1309893788658889
2   2.0065757987302746
2   2.9879873585925005
2   2.0020652940454968
2   2.0135006851489909
2   2.0101425963102439
2   2.0180414625442462
2   2.0195725830422884
2   2.0725747689280176
2   2.8078878595014407
2   2.0155157238642869
2   2.0202732630257474
2   2.2419573777892636
2   3.6533803757272922
2   2.2077595967265609
2   2.2345478274248762
2   2.7467694118841064
2   2.7975340575814647
2   2.9051588813799505
2   2.3469038125450137
2   2.2208532492748261
2   2.0303135100984142
2   2.0840468915197854
2   2.1007434038438459
2   2.9303246366948295
2   2.0006890843112322
2   2.0119352149525125
2   2.0017177811996687
2   2.0074355332951384
2   2.0032253087053293
2   2.0038956256882363
2   2.0090731632210148
2   2.195910110829931
2   2.1721950452761236
2   2.5539666198954838
2   2.5798363977679135
2   2.1740829812605513
2   2.1423535421204196
2   2.2077660093133682
2   2.1921414665044732
2   2.0026328939500129
2   2.023611971160495
2   2.6659927355905055
2   2.7023168737887175
2   2.2543368665101426
2   2.1956539291565784
2   2.1608994030419986
2   2.17859548617345
2   2.053504972219621
2   2.0043892305780098
2   2.2957147166083658
2   2.2377338112737983
2   2.1366429337931603
2   2.661503723698146
2   2.8079868562181636
2   2.004071174998586
2   2.0784474374376507
2   2.0320813776853917
2   3.1668746693257503
2   2.8347324355468673
2   3.2453770187991267
2   2.7437924555408273
2   2.1701660007812902
2   2.0237369815585637
2   2.002910090033593
2   2.005117735034716
2   2.0013523254316055
2   2.0055058459205632
2   2.0412881205259219
2   2.0035197435624967
2   2.9608841494606186
2   2.0270853969627645
2   2.0053830989249426
2   2.9745388466538683
2   2.0039193889168705
2   2.0075434603040128
2   2.0445350677026912
2   2.0203138488497374
2   2.0448699206730532
2   2.0119355655678204
2   2.7219721088260322
2   2.0964456305338297
2   2.3077554769096711
2   2.0726321504666712
2   2.0693962095240535
2   2.1727230062902252
2   2.1901936279809213
2   2.7050398648240748
2   2.1289992404284153
2   2.2799668992010442
2   2.7345327641998876
2   2.2841408706617594
2   2.9588283566503302
2   2.9398777913913632
2   2.8261380144146426
2   3.8308665233942936

3   3.0000453414034003
3   3.0000739685247639
3   3.0005887818346291
3   3.0018306000053587
3   3.0009758594588556
3   3.0453028575793466
3   3.0117593302085024
3   3.7763003199417984
3   3.000718123481156
3   3.2234665096315069
3   3.8357643565758313
3   3.0020425220648517
3   3.181195207671331
3   3.0002111464343373
3   3.0074818759130295
3   3.0005866125242391
3   3.0035343646342452
3   3.0003104353958472
3   3.775655839562817
3   3.0009229875224483
3   3.0324202066951695
3   3.1593895809110291
3   3.0056378697566988
3   3.0784052739912768
3   3.0165322305491062
3   3.0020854163936588
3   3.7585750270199956
3   3.0004436041793281
3   3.2650876140044374
3   3.0001558475225214
3   3.0051967761777041
3   3.0000796144004362
3   3.0027316505271671
3   3.0072263746745049
3   3.2929909436153522
3   3.0020872241350962
3   3.3018431913811064
3   3.4644382022228233
3   3.008642954185746
3   3.0090448962934238
3   3.105486737232372
3   3.013271000078833
3   3.9011321152369138
3   3.0001223696066424
3   3.0002166990716463
3   3.0003250706225337
3   3.0018869390035388
3   3.0001179246578458
3   3.000020799022407
3   3.6329087614676778
3   3.0000590623059624
3   3.4220436115823252
3   3.0000199888679897
3   3.0029857361679979
3   3.0002063148604967
3   3.0002566696797679
3   3.0000105051818653
3   3.0000370199734125
3   3.0461107371129748
3   3.0000228792646828
3   3.9028891983966085
3   3.0001053778946587
3   3.0757845124321137
3   3.0000495944327996
3   3.0000624275537202
3   3.0003446595990191
3   3.0000386931544778
3   3.0000412242177328
3   3.0000195534727947
3   3.1353756580555503
3   3.0001311240063693
3   3.8909161373880581

4   4
4   4
4   3.9999999999999991
4   4
4   4
4   4
4   4
4   4
4   4

