0   -30.4563   0.0523779   0.0296409   0.0857122   0.173883   0.0175325   0.281706   0.0175325   0.173883   0.0857122   0.0296409   0.0523779   
1   -38.274   0.011406   0.0275796   0.0667206   0.122862   0.172915   0.197034   0.172915   0.122862   0.0667206   0.0275796   0.011406   
2   -38.7445   0.00975913   0.0250789   0.064888   0.123742   0.17546   0.202145   0.17546   0.123742   0.064888   0.0250789   0.00975913   
3   -38.6844   0.0169525   0.0369852   0.0816086   0.118972   0.159992   0.170978   0.159992   0.118972   0.0816086   0.0369852   0.0169525   
4   -38.5714   0.0119456   0.0324088   0.0722915   0.126136   0.163482   0.187474   0.163482   0.126136   0.0722915   0.0324088   0.0119456   
5   -38.5972   0.0087832   0.0217627   0.0630648   0.124028   0.179306   0.20611   0.179306   0.124028   0.0630648   0.0217627   0.0087832   
6   -38.5714   0.0119456   0.0324088   0.0722915   0.126136   0.163482   0.187474   0.163482   0.126136   0.0722915   0.0324088   0.0119456   
7   -38.6844   0.0169525   0.0369852   0.0816086   0.118972   0.159992   0.170978   0.159992   0.118972   0.0816086   0.0369852   0.0169525   
8   -38.7445   0.00975913   0.0250789   0.064888   0.123742   0.17546   0.202145   0.17546   0.123742   0.064888   0.0250789   0.00975913   
9   -38.274   0.011406   0.0275796   0.0667206   0.122862   0.172915   0.197034   0.172915   0.122862   0.0667206   0.0275796   0.011406   
10   -30.4563   0.0523779   0.0296409   0.0857122   0.173883   0.0175325   0.281706   0.0175325   0.173883   0.0857122   0.0296409   0.0523779   
