-2.5   2.5
-2.5   2.5
-2.5   2.5
-2.5   2.5000000000000004
-2.5   2.4999999999999996
-2.5   2.4999999999999996

-1.5   1.5041588893946591
-1.5   1.5255897525848692
-1.5   1.5697514925143756
-1.5   1.5422083625334557
-1.5   2.3040247119717816
-1.5   1.6414108994449341
-1.5   2.3503412538811439
-1.5   1.7006617733259222
-1.5   1.5005110510692541
-1.5   1.5436036632844323
-1.5   1.5394979968480857
-1.5   1.5489604500287175
-1.5   1.5084206133813574
-1.5   2.2002648044858137
-1.5   2.0932736095709834
-1.5   1.7996256464138578
-1.5   1.9615594172037181
-1.5   1.5044706498828999
-1.5   1.5252693607093195
-1.5   1.5099308336383785
-1.5   1.5019246386809337
-1.5   1.6420505903771145
-1.5   2.3792551797859693
-1.5   1.5002194990178834
-1.5   1.507955405974069
-1.5   1.5073845778898232
-1.5   1.5002104547902144
-1.5   1.7194360008433516
-1.5   1.5003455988089578
-1.5   2.3355296537281909

-0.5   0.72581594375389713
-0.5   0.64294726096305976
-0.5   1.3112427942743816
-0.5   1.3844064208326743
-0.5   0.69823636805371181
-0.5   0.85537868379363879
-0.5   1.1830012403056542
-0.5   1.3760545903468318
-0.5   1.6455783270358837
-0.5   1.0261320850291857
-0.5   1.3257085357064391
-0.5   1.2893363864984693
-0.5   1.2872865939054516
-0.5   1.7131881913890128
-0.5   1.459653548412156
-0.5   1.7051094040887635
-0.5   1.4430015560666878
-0.5   0.83121766550954557
-0.5   0.64954039101345451
-0.5   1.394125357782896
-0.5   0.71423817883915341
-0.5   1.3835462038614383
-0.5   0.72305602896643872
-0.5   1.1306964288138632
-0.5   1.187312520467189
-0.5   1.4590602484477413
-0.5   1.1365857027363757
-0.5   1.2277715195084749
-0.5   1.82950271728305
-0.5   1.3154345576727853
-0.5   1.5651490837826807
-0.5   2.2799115139168959
-0.5   0.82622464657836603
-0.5   1.4556365023063784
-0.5   0.571021048624057
-0.5   1.4945314083137788
-0.5   1.465368963420393
-0.5   0.55305437378965983
-0.5   0.98717975216833609
-0.5   1.2378068393863413
-0.5   0.82764373988200446
-0.5   1.3498471688939124
-0.5   0.94871558368492281
-0.5   1.8579203269011351
-0.5   1.4074991009561664
-0.5   1.2828703950145857
-0.5   0.57844871824605204
-0.5   0.51173933486535539
-0.5   0.57471544953103004
-0.5   0.59939800710740521
-0.5   1.3528445296292715
-0.5   0.7430345483009706
-0.5   1.404819115786623
-0.5   0.71944371267060681
-0.5   0.92355817069155433
-0.5   0.75664808022168106
-0.5   1.3344725769572847
-0.5   1.4916433763177523
-0.5   1.3712683989056553
-0.5   2.349372363594334

0.5   0.72581594375388891
0.5   0.64294726096306198
0.5   1.3112427942743905
0.5   1.3844064208326696
0.5   0.69823636805371114
0.5   0.85537868379363813
0.5   1.1830012403056558
0.5   1.3760545903468346
0.5   1.6455783270358837
0.5   1.0261320850291886
0.5   1.32570853570643
0.5   1.2893363864984684
0.5   1.2872865939054607
0.5   1.7131881913890119
0.5   1.4596535484121571
0.5   1.7051094040887618
0.5   1.4430015560666849
0.5   0.83121766550954557
0.5   0.64954039101345629
0.5   1.3941253577828971
0.5   0.71423817883916518
0.5   1.3835462038614337
0.5   0.72305602896644161
0.5   1.1306964288138623
0.5   1.1873125204671857
0.5   1.4590602484477393
0.5   1.1365857027363773
0.5   1.2277715195084722
0.5   1.8295027172830474
0.5   1.3154345576727884
0.5   1.5651490837826811
0.5   2.2799115139168968
0.5   0.82622464657836647
0.5   1.4556365023063766
0.5   0.57102104862405612
0.5   1.4945314083137788
0.5   1.4653689634203941
0.5   0.55305437378965872
0.5   0.98717975216833542
0.5   1.2378068393863375
0.5   0.82764373988201489
0.5   1.3498471688939051
0.5   0.94871558368492348
0.5   1.8579203269011364
0.5   1.4074991009561655
0.5   1.2828703950145857
0.5   0.57844871824605515
0.5   0.51173933486535605
0.5   0.57471544953103004
0.5   0.59939800710740698
0.5   1.3528445296292733
0.5   0.74303454830096416
0.5   1.4048191157866172
0.5   0.71944371267060347
0.5   0.92355817069154189
0.5   0.75664808022168306
0.5   1.3344725769572898
0.5   1.4916433763177503
0.5   1.3712683989056564
0.5   2.3493723635943344

1.5   1.5041588893946591
1.5   1.5255897525848692
1.5   1.5697514925143761
1.5   1.5422083625334557
1.5   2.3040247119717803
1.5   1.6414108994449315
1.5   2.3503412538811443
1.5   1.7006617733259217
1.5   1.5005110510692532
1.5   1.5436036632844314
1.5   1.5394979968480857
1.5   1.5489604500287175
1.5   1.5084206133813569
1.5   2.2002648044858129
1.5   2.0932736095709834
1.5   1.7996256464138556
1.5   1.9615594172037163
1.5   1.504470649882899
1.5   1.5252693607093195
1.5   1.5099308336383781
1.5   1.5019246386809337
1.5   1.6420505903771132
1.5   2.3792551797859702
1.5   1.5002194990178825
1.5   1.507955405974069
1.5   1.5073845778898227
1.5   1.5002104547902135
1.5   1.7194360008433467
1.5   1.5003455988089573
1.5   2.3355296537281927

2.5   2.5
2.5   2.5
2.5   2.5
2.5   2.5000000000000004
2.5   2.4999999999999996
2.5   2.4999999999999996

