-3.5   3.4999999999999996
-3.5   3.5
-3.5   3.4999999999999996
-3.5   3.5
-3.5   3.4999999999999996
-3.5   3.5
-3.5   3.5
-3.5   3.4999999999999996

-2.5   2.5002202308253572
-2.5   2.5002077394799596
-2.5   2.5033094654593837
-2.5   2.5134872018653183
-2.5   2.510210305685268
-2.5   2.6363070795520906
-2.5   3.2867805967835078
-2.5   2.8033439879087974
-2.5   3.2061414972911191
-2.5   2.5459673999653676
-2.5   2.5752623851910577
-2.5   2.531924203320413
-2.5   2.5118545409022954
-2.5   2.5033168750522776
-2.5   2.5018982778683654
-2.5   2.5179250766228147
-2.5   3.0673410516440192
-2.5   2.5063711699033169
-2.5   3.0915697775302706
-2.5   2.5070348075981301
-2.5   2.5681121534749498
-2.5   2.6956769466593147
-2.5   2.8737626001186611
-2.5   2.7702914931319267
-2.5   2.5043040132796062
-2.5   2.5710023289093296
-2.5   2.5324996776196365
-2.5   2.5006811342084596
-2.5   2.5024580685295486
-2.5   2.5001882982322559
-2.5   3.4310921137833623
-2.5   2.5010933121625127
-2.5   2.5535660147284807
-2.5   2.5068853449068826
-2.5   2.5015243707394132
-2.5   3.47968545350516
-2.5   2.5000590504878111
-2.5   2.5056846599207088
-2.5   2.5002095034096907
-2.5   2.5134826682575011
-2.5   2.5000932844491426
-2.5   2.5010368784405355
-2.5   2.5023972458027748
-2.5   2.5001846738420199
-2.5   2.5001736634155529
-2.5   2.7718235310015369
-2.5   3.277444045286567
-2.5   2.5000658674675877
-2.5   2.5006572168822143
-2.5   2.5001267205634461
-2.5   2.5000871472873332
-2.5   2.5001045150618708
-2.5   2.5000223604912351
-2.5   2.6680057627480309
-2.5   2.500231084641821
-2.5   3.3679364780459999

-1.5   1.5093420963008262
-1.5   1.5104334841882507
-1.5   1.741944031185374
-1.5   1.5239678052513908
-1.5   2.3079267025342922
-1.5   1.5895007416781231
-1.5   1.5212537424408183
-1.5   2.397807943988544
-1.5   1.5099606747717718
-1.5   2.3493949324247247
-1.5   1.6350416282171771
-1.5   1.5907223151666394
-1.5   1.5547114697746105
-1.5   1.5588392638796384
-1.5   1.6313881241462553
-1.5   2.4137528526294205
-1.5   1.7374565700318696
-1.5   1.813235613690332
-1.5   1.967379467787473
-1.5   1.9280880130524882
-1.5   1.9916292002914089
-1.5   1.8417789720566486
-1.5   1.588605769817355
-1.5   3.1123665061635424
-1.5   2.0557443081362532
-1.5   2.1419170331609521
-1.5   2.3318032496737242
-1.5   2.1522423407728999
-1.5   2.3897168058789942
-1.5   2.3141248721770826
-1.5   1.784791542235117
-1.5   2.0417119790721827
-1.5   2.0490689196839074
-1.5   2.1216390475955245
-1.5   1.6645181727083789
-1.5   2.279340154453708
-1.5   2.3336134305783278
-1.5   1.6107206521536948
-1.5   1.5742668482866002
-1.5   1.5133437568820951
-1.5   1.5323561482590899
-1.5   2.4501529845370489
-1.5   1.5290928059866404
-1.5   1.5890607026104493
-1.5   2.3886473201433307
-1.5   1.5664328655897801
-1.5   2.3635930655208348
-1.5   1.638134088483155
-1.5   1.5058263843948398
-1.5   1.6092547784423714
-1.5   1.9505127316338138
-1.5   1.950879717383073
-1.5   1.9105844138066548
-1.5   1.9711427739309291
-1.5   1.6149814119758994
-1.5   1.5360004265253497
-1.5   2.053991673739064
-1.5   2.0521278714368392
-1.5   2.3951321930964649
-1.5   2.0473697885250211
-1.5   2.077993611085363
-1.5   2.1703088187834183
-1.5   2.6357473570082832
-1.5   2.4006012402458801
-1.5   1.8459885919119134
-1.5   1.8592211423667284
-1.5   2.101882117973739
-1.5   2.1970640813331874
-1.5   2.0733990405243796
-1.5   2.1557568533024072
-1.5   2.0894499925078849
-1.5   2.2864365477772011
-1.5   2.2512874354864421
-1.5   2.0101756187528999
-1.5   1.5142330327410414
-1.5   1.5328113783263979
-1.5   1.5549983400349565
-1.5   1.5082467753492623
-1.5   1.5559759243405664
-1.5   1.640957532751719
-1.5   2.160078154201801
-1.5   1.9793770418283749
-1.5   1.7583000571522645
-1.5   2.2633224396484239
-1.5   1.9280891195881327
-1.5   2.3310142198577877
-1.5   1.6183337384277028
-1.5   2.3446381023431835
-1.5   1.5356274676919788
-1.5   2.7521465576254562
-1.5   2.2487508413382571
-1.5   2.3830753673076295
-1.5   1.5181642775574393
-1.5   1.8204532757302805
-1.5   2.381188740240221
-1.5   1.621028201001331
-1.5   2.2144843543768928
-1.5   1.8756892583396469
-1.5   2.3622714621696521
-1.5   1.5991249438615496
-1.5   1.5661033688274713
-1.5   1.939341363510124
-1.5   2.7362506113944676
-1.5   2.1077285678934632
-1.5   1.5301615032137881
-1.5   1.5250417227271882
-1.5   2.5333139170238521
-1.5   1.5369820020384286
-1.5   2.3615361346181376
-1.5   1.950514053053662
-1.5   1.9907761423906907
-1.5   2.1098958498615077
-1.5   2.1233695743868921
-1.5   1.6548724458994477
-1.5   1.5115648805212674
-1.5   1.5223871477821342
-1.5   1.5100572788201414
-1.5   1.5096245017724952
-1.5   1.5097635238515763
-1.5   1.7473684813056716
-1.5   1.7365642818028295
-1.5   1.5973862218098742
-1.5   2.3134047108103535
-1.5   2.2356627262180773
-1.5   1.5129798104079901
-1.5   1.7130330633506219
-1.5   1.9334722008365253
-1.5   1.7446899185168836
-1.5   2.1326308639933815
-1.5   2.1743975022033091
-1.5   1.5284057814462821
-1.5   1.5117818908362466
-1.5   1.5168178341085787
-1.5   1.949780022749839
-1.5   1.9201162964431155
-1.5   1.8778712298605504
-1.5   2.0471168946685516
-1.5   2.0905713686279954
-1.5   1.5771723235998518
-1.5   3.235515238791856
-1.5   2.4731290204608274
-1.5   1.5243428436544564
-1.5   1.7007791018551375
-1.5   1.5121140138053408
-1.5   1.5042405525680125
-1.5   1.534382546126829
-1.5   1.5124195620168077
-1.5   1.619513957703965
-1.5   1.5066834282517365
-1.5   2.3834720050913814
-1.5   1.5155936392893188
-1.5   2.4833341184475444
-1.5   1.5037129836466878
-1.5   1.5994742063015051
-1.5   1.5725522529023008
-1.5   1.5060968912368669
-1.5   1.5736617747520878
-1.5   1.9822255388407464
-1.5   2.0702790233041806
-1.5   1.7263701456705909
-1.5   1.6481988559917915
-1.5   1.7667757626239071
-1.5   2.132120015021203
-1.5   1.876285954004111
-1.5   2.4438088291087898
-1.5   2.4375084495580843
-1.5   2.3238709264091248
-1.5   3.3282695896683459

-0.5   0.75499111657801721
-0.5   0.7879563468005002
-0.5   1.0610864922293168
-0.5   0.9171424543147173
-0.5   1.0700767574305916
-0.5   0.96887929806096906
-0.5   1.363835441411438
-0.5   1.402790916672324
-0.5   1.2184564119078936
-0.5   2.2772923582380655
-0.5   1.0815908075353875
-0.5   1.1671723604777871
-0.5   1.4611901929782618
-0.5   2.3564062298437083
-0.5   0.76826681354909043
-0.5   1.445856175706169
-0.5   1.185214584250085
-0.5   0.77374887873387532
-0.5   2.1385711818129218
-0.5   0.59255496398860519
-0.5   1.2311005024777439
-0.5   1.4279922442085804
-0.5   1.1276913123983214
-0.5   1.0313970553586338
-0.5   0.76386241377437369
-0.5   1.4698840614934288
-0.5   1.3362384131582734
-0.5   1.2595340471346841
-0.5   1.6051770252335373
-0.5   0.69617389279531872
-0.5   1.446688373935431
-0.5   1.8892632616015215
-0.5   1.2649254905257532
-0.5   1.8385269459419002
-0.5   1.6641602956924855
-0.5   2.1545666308802405
-0.5   1.0413382545061276
-0.5   1.9174913373042464
-0.5   1.9015989474717241
-0.5   1.5937627789523376
-0.5   1.6938113397323318
-0.5   1.6237079196930013
-0.5   1.3688283192346846
-0.5   1.9983313910225098
-0.5   1.6249001932287541
-0.5   2.5480978767768319
-0.5   1.9168487956346212
-0.5   1.4299985460061591
-0.5   1.4465896649854493
-0.5   1.9301922325884182
-0.5   1.8690837028115559
-0.5   1.6770672397201167
-0.5   1.936459995728534
-0.5   1.4640804313948577
-0.5   1.251252432374649
-0.5   1.810918673256336
-0.5   2.0395604061793633
-0.5   1.2728035415969325
-0.5   1.9351507672727304
-0.5   1.1416582682830854
-0.5   2.1641806308117291
-0.5   0.77347419251156557
-0.5   1.2282914030275476
-0.5   1.33760293633774
-0.5   0.82967559648737366
-0.5   1.126787050812176
-0.5   0.98324251895345949
-0.5   1.4306484958865819
-0.5   1.3007853276419499
-0.5   1.5951378342816356
-0.5   1.3638405592481526
-0.5   1.8624922730349076
-0.5   0.61242485828593818
-0.5   1.4697032810452426
-0.5   1.3582918866555811
-0.5   1.2915226279908232
-0.5   2.1372104182794831
-0.5   1.8953526395061551
-0.5   1.4325468082955746
-0.5   0.95434138317197537
-0.5   1.0660074137142437
-0.5   1.4400846879124987
-0.5   1.3584273087514072
-0.5   1.4656946229499195
-0.5   0.76742847446998863
-0.5   1.4999032780614769
-0.5   1.5016148490867676
-0.5   1.0874002736438197
-0.5   1.4230960424846659
-0.5   1.3912563340485349
-0.5   0.96428568509995416
-0.5   1.3155455922070687
-0.5   1.4581191761587087
-0.5   1.8232401713248736
-0.5   1.8130764888261299
-0.5   1.1903791104967461
-0.5   2.0354548811259296
-0.5   0.97752796293331223
-0.5   1.5102840574991157
-0.5   1.6928695621116243
-0.5   1.5996216042150513
-0.5   1.6917675107125358
-0.5   1.873860616246021
-0.5   1.6903111229105985
-0.5   1.5074196107878275
-0.5   1.8554813903660006
-0.5   1.9803985409838409
-0.5   1.647019803947984
-0.5   1.7265113421178087
-0.5   2.1770299201411478
-0.5   1.5410308676101052
-0.5   2.0696453300596032
-0.5   1.5147070724083411
-0.5   1.6346700850559492
-0.5   1.376061468201305
-0.5   1.4947061457155744
-0.5   2.0101198058171383
-0.5   2.1012393412886041
-0.5   2.2492246893293921
-0.5   1.9533994191173161
-0.5   2.180207273409382
-0.5   0.60677833611574417
-0.5   0.66893772855313327
-0.5   1.0794919657107027
-0.5   1.4788923867151837
-0.5   1.0990448132796968
-0.5   0.697909186394297
-0.5   0.60320185732842724
-0.5   1.4527477861602736
-0.5   1.4825798201403051
-0.5   1.4772827868491636
-0.5   1.3869537376124301
-0.5   1.4398724466830386
-0.5   1.416425270761033
-0.5   2.2615781612951307
-0.5   1.0758316621370663
-0.5   2.372737141791331
-0.5   1.3152031408156613
-0.5   1.6248365815862926
-0.5   1.482920827176375
-0.5   1.7787062552967869
-0.5   2.1904999088382997
-0.5   1.3561120026684452
-0.5   1.2546455851560661
-0.5   1.0076636452488716
-0.5   1.5298164623674966
-0.5   1.5271608744258227
-0.5   3.0392619234547595
-0.5   1.076635029766263
-0.5   1.6317755738922957
-0.5   1.7402426131199533
-0.5   1.742714408749126
-0.5   1.6908607153785868
-0.5   0.8793226152569622
-0.5   2.0386508678972626
-0.5   1.0080528880332205
-0.5   1.3604524866873362
-0.5   1.1111166636766467
-0.5   1.2038143234872156
-0.5   2.3018263483308203
-0.5   0.83481097066300669
-0.5   2.2713805975899506
-0.5   0.88819942640590654
-0.5   1.4630591170942138
-0.5   1.7743115174244188
-0.5   1.773569164007601
-0.5   1.3173540546384048
-0.5   0.77773600443619495
-0.5   0.84913911837752742
-0.5   1.3704421517522227
-0.5   2.9723055244407393
-0.5   1.7933853328145481
-0.5   1.266402454124169
-0.5   1.5127126330704033
-0.5   1.8613532393499965
-0.5   1.3451851958205332
-0.5   2.2835818379409902
-0.5   1.5588501740677048
-0.5   1.6477716585341931
-0.5   1.5339052342406805
-0.5   1.4101346259801637
-0.5   1.5429967216402787
-0.5   1.4345055751573617
-0.5   1.3010829034423228
-0.5   0.94070517596215542
-0.5   1.4418419880009803
-0.5   0.60736764171840063
-0.5   0.8785809442528032
-0.5   1.4852122568793253
-0.5   1.3359063670247919
-0.5   1.4856975213077324
-0.5   0.62192325553788841
-0.5   0.64903903698623266
-0.5   1.2250148349575147
-0.5   1.3716611032427299
-0.5   0.93130514424852007
-0.5   0.75624538465132285
-0.5   1.823638287419338
-0.5   1.9171763841496827
-0.5   1.5624025166736182
-0.5   2.0958526651781049
-0.5   2.0940697138251845
-0.5   1.406681317742803
-0.5   0.68795079323075425
-0.5   0.66961092910088693
-0.5   0.70822323119331831
-0.5   1.4633738236125653
-0.5   0.5679797345449058
-0.5   0.95067550901083653
-0.5   1.4508499344876684
-0.5   1.836772768254253
-0.5   1.9579412694871015
-0.5   1.5149276719500655
-0.5   1.415267242444445
-0.5   1.1529032117163283
-0.5   1.4750151886334351
-0.5   1.4372236408200825
-0.5   1.0892294508733242
-0.5   0.75593531190030516
-0.5   1.293055041178433
-0.5   0.52540614217392312
-0.5   0.54492749014091868
-0.5   0.68017323517982731
-0.5   0.9930983296608431
-0.5   1.4325024672361479
-0.5   1.2175083542141831
-0.5   1.1645062372699371
-0.5   1.5515517914515082
-0.5   2.0828661684151646
-0.5   2.3395602931522306
-0.5   1.6264997619655528
-0.5   1.5650787916093556
-0.5   1.8262513635917741
-0.5   1.9121201124137777
-0.5   1.7829564912281692
-0.5   1.8314791488265834
-0.5   0.76829357616356386
-0.5   1.3149047671270826
-0.5   1.7097459608903778
-0.5   1.0662387531259625
-0.5   1.3537365415271516
-0.5   0.63351942872959888
-0.5   1.416191256332932
-0.5   0.96975863857146094
-0.5   1.011922374927233
-0.5   0.52810220808034924
-0.5   1.0725391963219719
-0.5   1.2149506165263939
-0.5   1.1867207071715167
-0.5   1.3475580770271487
-0.5   1.4817047359224382
-0.5   1.2236660857815889
-0.5   2.0546923130408863
-0.5   1.6865968886823097
-0.5   2.2681044475765644
-0.5   0.55157311780218099
-0.5   0.67115689822187763
-0.5   1.4611074918857554
-0.5   0.77520844291710667
-0.5   0.57787165658211337
-0.5   0.98020377377140822
-0.5   1.4384023319748209
-0.5   1.3227501950230365
-0.5   1.3117781970438056
-0.5   0.79698782119698319
-0.5   1.9760103785714853
-0.5   1.196355797884868
-0.5   1.2339869472738403
-0.5   1.6566839724979778
-0.5   1.443466700135688
-0.5   1.3884801367850736
-0.5   1.1334129910535864
-0.5   2.1648642848273747
-0.5   1.8731026009672318
-0.5   1.529302232115441
-0.5   1.6146782054509599
-0.5   2.2770766575110559
-0.5   2.4462955996993192
-0.5   2.3369327939524909
-0.5   3.309382234229723

0.5   0.75499111657781048
0.5   0.78795634680050974
0.5   1.0610864922294796
0.5   0.9171424543147213
0.5   1.0700767574308936
0.5   0.96887929806063977
0.5   1.3638354414113678
0.5   1.4027909166723074
0.5   1.2184564119079559
0.5   2.2772923582380882
0.5   1.0815908075353526
0.5   1.1671723604777733
0.5   1.4611901929782607
0.5   2.3564062298437336
0.5   0.76826681354912241
0.5   1.4458561757061756
0.5   1.1852145842500443
0.5   0.77374887873386222
0.5   2.1385711818129098
0.5   0.59255496398860497
0.5   1.2311005024777659
0.5   1.4279922442086281
0.5   1.1276913123983177
0.5   1.0313970553587628
0.5   0.76386241377422848
0.5   1.4698840614934328
0.5   1.3362384131582952
0.5   1.2595340471346561
0.5   1.6051770252334854
0.5   0.69617389279530717
0.5   1.4466883739354894
0.5   1.8892632616015339
0.5   1.264925490525749
0.5   1.8385269459418008
0.5   1.6641602956924029
0.5   2.1545666308803537
0.5   1.0413382545061982
0.5   1.9174913373042934
0.5   1.9015989474717405
0.5   1.5937627789524016
0.5   1.6938113397322438
0.5   1.6237079196930733
0.5   1.3688283192346482
0.5   1.9983313910225293
0.5   1.624900193228608
0.5   2.5480978767768279
0.5   1.9168487956346336
0.5   1.4299985460061908
0.5   1.4465896649854995
0.5   1.9301922325883956
0.5   1.8690837028114116
0.5   1.6770672397200865
0.5   1.9364599957286894
0.5   1.4640804313948326
0.5   1.2512524323746967
0.5   1.8109186732563183
0.5   2.039560406179366
0.5   1.2728035415968593
0.5   1.9351507672727939
0.5   1.1416582682830994
0.5   2.1641806308116989
0.5   0.77347419251154292
0.5   1.2282914030275658
0.5   1.3376029363377233
0.5   0.82967559648739586
0.5   1.1267870508122204
0.5   0.98324251895349568
0.5   1.4306484958865293
0.5   1.3007853276419494
0.5   1.5951378342816298
0.5   1.3638405592481593
0.5   1.8624922730348974
0.5   0.61242485828593751
0.5   1.4697032810452406
0.5   1.3582918866554619
0.5   1.2915226279909293
0.5   2.1372104182794809
0.5   1.8953526395061506
0.5   1.4325468082956003
0.5   0.95434138317194828
0.5   1.0660074137142719
0.5   1.4400846879125075
0.5   1.3584273087513981
0.5   1.4656946229499197
0.5   0.76742847446997509
0.5   1.4999032780614758
0.5   1.5016148490867782
0.5   1.0874002736438442
0.5   1.4230960424846526
0.5   1.3912563340485364
0.5   0.96428568509995349
0.5   1.3155455922070785
0.5   1.4581191761586842
0.5   1.8232401713248465
0.5   1.813076488826161
0.5   1.1903791104967465
0.5   2.0354548811259225
0.5   0.9775279629333633
0.5   1.5102840574991059
0.5   1.6928695621116212
0.5   1.5996216042150238
0.5   1.6917675107125385
0.5   1.8738606162460174
0.5   1.6903111229106047
0.5   1.5074196107878173
0.5   1.8554813903660139
0.5   1.9803985409838551
0.5   1.6470198039479835
0.5   1.7265113421177878
0.5   2.1770299201411554
0.5   1.5410308676091589
0.5   2.0696453300603701
0.5   1.5147070724083247
0.5   1.6346700850559333
0.5   1.376061468201321
0.5   1.4947061457156257
0.5   2.0101198058171299
0.5   2.1012393412886157
0.5   2.2492246893293615
0.5   1.9533994191172996
0.5   2.1802072734093878
0.5   0.60677833611574683
0.5   0.66893772855314038
0.5   1.0794919657106645
0.5   1.4788923867151824
0.5   1.0990448132797326
0.5   0.69790918639428812
0.5   0.60320185732842857
0.5   1.4527477861602758
0.5   1.4825798201403053
0.5   1.4772827868491614
0.5   1.3869537376124317
0.5   1.4398724466830233
0.5   1.4164252707610336
0.5   2.2615781612951373
0.5   1.0758316621370685
0.5   2.3727371417913354
0.5   1.3152031408156644
0.5   1.6248365815862758
0.5   1.4829208271763603
0.5   1.7787062552967998
0.5   2.1904999088383064
0.5   1.3561120026684339
0.5   1.2546455851560663
0.5   1.0076636452488446
0.5   1.529816462367521
0.5   1.527160874425824
0.5   3.0392619234547475
0.5   1.0766350297663108
0.5   1.6317755738923538
0.5   1.7402426131198876
0.5   1.7427144087491064
0.5   1.6908607153785917
0.5   0.87932261525694444
0.5   2.0386508678972692
0.5   1.0080528880332233
0.5   1.3604524866873353
0.5   1.1111166636766463
0.5   1.2038143234872205
0.5   2.3018263483308141
0.5   0.83481097066300292
0.5   2.271380597589947
0.5   0.88819942640590521
0.5   1.4630591170942173
0.5   1.7743115174244259
0.5   1.7735691640076059
0.5   1.3173540546384068
0.5   0.77773600443619317
0.5   0.84913911837753564
0.5   1.3704421517522214
0.5   2.9723055244407286
0.5   1.7933853328145513
0.5   1.2664024541241679
0.5   1.5127126330703971
0.5   1.861353239350013
0.5   1.345185195820535
0.5   2.2835818379409898
0.5   1.5588501740677105
0.5   1.6477716585341304
0.5   1.5339052342407222
0.5   1.4101346259802059
0.5   1.5429967216403364
0.5   1.434505575157236
0.5   1.3010829034424101
0.5   0.94070517596213055
0.5   1.4418419880009732
0.5   0.60736764171839819
0.5   0.87858094425278721
0.5   1.4852122568793316
0.5   1.3359063670248055
0.5   1.4856975213077364
0.5   0.6219232555378813
0.5   0.64903903698610588
0.5   1.2250148349576102
0.5   1.3716611032427568
0.5   0.93130514424850586
0.5   0.75624538465128621
0.5   1.8236382874193451
0.5   1.9171763841496592
0.5   1.5624025166735827
0.5   2.0958526651781297
0.5   2.0940697138252164
0.5   1.4066813177428148
0.5   0.68795079323077735
0.5   0.66961092910088804
0.5   0.70822323119330766
0.5   1.4633738236125506
0.5   0.56797973454492912
0.5   0.95067550901080167
0.5   1.450849934487582
0.5   1.8367727682543431
0.5   1.9579412694871161
0.5   1.514927671950097
0.5   1.4152672424443979
0.5   1.152903211716312
0.5   1.4750151886334659
0.5   1.437223640820074
0.5   1.0892294508733038
0.5   0.75593531190030583
0.5   1.2930550411784585
0.5   0.52540614217392867
0.5   0.54492749014091091
0.5   0.68017323517982131
0.5   0.99309832966077205
0.5   1.432502467236064
0.5   1.2175083542142198
0.5   1.1645062372711166
0.5   1.5515517914515651
0.5   2.0828661684144567
0.5   2.339560293152354
0.5   1.6264997619655235
0.5   1.5650787916093902
0.5   1.8262513635918989
0.5   1.9121201124138092
0.5   1.7829564912279672
0.5   1.8314791488265225
0.5   0.76829357616356808
0.5   1.314904767127087
0.5   1.7097459608902992
0.5   1.0662387531259525
0.5   1.3537365415271478
0.5   0.63351942872961597
0.5   1.416191256332952
0.5   0.96975863857145073
0.5   1.0119223749272179
0.5   0.52810220808033503
0.5   1.0725391963220308
0.5   1.2149506165263595
0.5   1.1867207071714838
0.5   1.3475580770270756
0.5   1.4817047359224509
0.5   1.2236660857816992
0.5   2.0546923130409129
0.5   1.6865968886822555
0.5   2.2681044475765493
0.5   0.55157311780218121
0.5   0.67115689822188385
0.5   1.4611074918857618
0.5   0.77520844291717372
0.5   0.5778716565820663
0.5   0.98020377377142887
0.5   1.4384023319748234
0.5   1.3227501950229867
0.5   1.3117781970437994
0.5   0.79698782119705136
0.5   1.9760103785715675
0.5   1.1963557978848387
0.5   1.2339869472739109
0.5   1.6566839724979205
0.5   1.4434667001356771
0.5   1.3884801367850146
0.5   1.1334129910535855
0.5   2.1648642848276749
0.5   1.8731026009668672
0.5   1.5293022321153886
0.5   1.6146782054509097
0.5   2.2770766575110835
0.5   2.4462955996993139
0.5   2.3369327939524909
0.5   3.3093822342297359

1.5   1.5093420963008239
1.5   1.5104334841882467
1.5   1.7419440311853891
1.5   1.5239678052513899
1.5   2.3079267025342705
1.5   1.5895007416781399
1.5   1.5212537424408259
1.5   2.3978079439885289
1.5   1.5099606747717735
1.5   2.3493949324247385
1.5   1.635041628217154
1.5   1.5907223151666443
1.5   1.5547114697746016
1.5   1.5588392638796331
1.5   1.631388124146258
1.5   2.4137528526294232
1.5   1.7374565700318816
1.5   1.8132356136903254
1.5   1.9673794677874792
1.5   1.9280880130524296
1.5   1.991629200291464
1.5   1.8417789720566291
1.5   1.588605769817371
1.5   3.1123665061635419
1.5   2.0557443081362754
1.5   2.1419170331609227
1.5   2.3318032496737304
1.5   2.1522423407728843
1.5   2.3897168058790013
1.5   2.3141248721771102
1.5   1.7847915422350802
1.5   2.0417119790722542
1.5   2.049068919683823
1.5   2.1216390475955547
1.5   1.6645181727083744
1.5   2.2793401544537106
1.5   2.3336134305783176
1.5   1.6107206521536899
1.5   1.5742668482866069
1.5   1.5133437568820924
1.5   1.5323561482590904
1.5   2.4501529845370524
1.5   1.5290928059866404
1.5   1.5890607026104679
1.5   2.3886473201433396
1.5   1.566432865589757
1.5   2.3635930655208401
1.5   1.6381340884831435
1.5   1.5058263843948394
1.5   1.6092547784423705
1.5   1.9505127316338111
1.5   1.950879717383073
1.5   1.9105844138067032
1.5   1.9711427739309273
1.5   1.6149814119758488
1.5   1.5360004265253502
1.5   2.0539916737390609
1.5   2.0521278714368409
1.5   2.395132193096456
1.5   2.0473697885250157
1.5   2.0779936110853892
1.5   2.1703088187834201
1.5   2.6357473570082681
1.5   2.4006012402458614
1.5   1.8459885919119206
1.5   1.8592211423667524
1.5   2.1018821179737435
1.5   2.197064081333187
1.5   2.0733990405243978
1.5   2.1557568533025693
1.5   2.0894499925077037
1.5   2.2864365477771931
1.5   2.2512874354864434
1.5   2.010175618752903
1.5   1.5142330327410432
1.5   1.5328113783263988
1.5   1.5549983400349565
1.5   1.5082467753492623
1.5   1.5559759243405686
1.5   1.6409575327517203
1.5   2.1600781542018015
1.5   1.9793770418283718
1.5   1.7583000571522507
1.5   2.2633224396484342
1.5   1.9280891195881393
1.5   2.3310142198578068
1.5   1.6183337384276735
1.5   2.3446381023431799
1.5   1.5356274676919766
1.5   2.7521465576254607
1.5   2.2487508413382606
1.5   2.3830753673076299
1.5   1.5181642775574398
1.5   1.8204532757302774
1.5   2.3811887402402245
1.5   1.6210282010013288
1.5   2.2144843543768937
1.5   1.8756892583396505
1.5   2.3622714621696552
1.5   1.5991249438615438
1.5   1.5661033688274713
1.5   1.9393413635101195
1.5   2.7362506113944614
1.5   2.1077285678934636
1.5   1.5301615032137854
1.5   1.5250417227271882
1.5   2.5333139170238526
1.5   1.5369820020384308
1.5   2.3615361346181372
1.5   1.950514053053646
1.5   1.9907761423906889
1.5   2.1098958498615206
1.5   2.1233695743869148
1.5   1.654872445899449
1.5   1.5115648805212656
1.5   1.5223871477821254
1.5   1.5100572788201472
1.5   1.5096245017724943
1.5   1.5097635238515772
1.5   1.7473684813056751
1.5   1.7365642818028308
1.5   1.597386221809856
1.5   2.3134047108103495
1.5   2.2356627262180861
1.5   1.5129798104079879
1.5   1.7130330633506419
1.5   1.9334722008365191
1.5   1.7446899185168689
1.5   2.1326308639933855
1.5   2.1743975022032966
1.5   1.5284057814462715
1.5   1.5117818908362479
1.5   1.516817834108577
1.5   1.9497800227498518
1.5   1.9201162964431013
1.5   1.8778712298605491
1.5   2.0471168946687164
1.5   2.0905713686279648
1.5   1.5771723235998691
1.5   3.2355152387917219
1.5   2.4731290204608336
1.5   1.5243428436544439
1.5   1.700779101855201
1.5   1.5121140138053373
1.5   1.5042405525680134
1.5   1.5343825461268552
1.5   1.512419562016809
1.5   1.6195139577039819
1.5   1.5066834282517343
1.5   2.3834720050913529
1.5   1.5155936392893157
1.5   2.4833341184475439
1.5   1.503712983646686
1.5   1.5994742063014855
1.5   1.5725522529022991
1.5   1.5060968912368735
1.5   1.5736617747520993
1.5   1.9822255388407122
1.5   2.0702790233042561
1.5   1.7263701456705829
1.5   1.6481988559917866
1.5   1.7667757626238481
1.5   2.132120015021171
1.5   1.8762859540041497
1.5   2.4438088291088045
1.5   2.4375084495580865
1.5   2.3238709264091328
1.5   3.3282695896683419

2.5   2.5002202308253567
2.5   2.5002077394799596
2.5   2.5033094654593842
2.5   2.5134872018653183
2.5   2.5102103056852685
2.5   2.6363070795520964
2.5   3.2867805967835042
2.5   2.8033439879088213
2.5   3.2061414972911031
2.5   2.5459673999653676
2.5   2.5752623851910568
2.5   2.5319242033204108
2.5   2.5118545409022928
2.5   2.5033168750522772
2.5   2.5018982778683658
2.5   2.5179250766228152
2.5   3.06734105164402
2.5   2.5063711699033204
2.5   3.0915697775302702
2.5   2.5070348075981297
2.5   2.5681121534749418
2.5   2.6956769466593098
2.5   2.873762600118678
2.5   2.770291493131932
2.5   2.5043040132796057
2.5   2.5710023289093198
2.5   2.532499677619636
2.5   2.5006811342084596
2.5   2.502458068529549
2.5   2.5001882982322563
2.5   3.4310921137833641
2.5   2.5010933121625132
2.5   2.553566014728478
2.5   2.5068853449068818
2.5   2.5015243707394137
2.5   3.4796854535051613
2.5   2.5000590504878111
2.5   2.5056846599207088
2.5   2.5002095034096916
2.5   2.5134826682575007
2.5   2.5000932844491417
2.5   2.501036878440535
2.5   2.5023972458027743
2.5   2.5001846738420195
2.5   2.5001736634155538
2.5   2.7718235310015316
2.5   3.2774440452865696
2.5   2.5000658674675864
2.5   2.5006572168822134
2.5   2.5001267205634461
2.5   2.5000871472873336
2.5   2.5001045150618708
2.5   2.5000223604912351
2.5   2.6680057627480398
2.5   2.5002310846418214
2.5   3.3679364780459924

3.5   3.4999999999999996
3.5   3.5
3.5   3.4999999999999996
3.5   3.5
3.5   3.4999999999999996
3.5   3.5
3.5   3.5
3.5   3.4999999999999996

