0   -31.0758   0.0523251   0.02961   0.0857295   0.173897   0.0175419   0.281792   0.0175419   0.173897   0.0857295   0.02961   0.0523251   
1   -39.1121   0.0113835   0.0275334   0.0666719   0.122859   0.172984   0.197136   0.172984   0.122859   0.0666719   0.0275334   0.0113835   
2   -39.6218   0.00973265   0.0250109   0.0648266   0.123736   0.175534   0.20232   0.175534   0.123736   0.0648266   0.0250109   0.00973265   
3   -39.5756   0.0166738   0.0367085   0.0810881   0.119421   0.160123   0.171971   0.160123   0.119421   0.0810881   0.0367085   0.0166738   
4   -39.4637   0.0122007   0.0327436   0.0728464   0.126125   0.16278   0.186608   0.16278   0.126125   0.0728464   0.0327436   0.0122007   
5   -39.4818   0.00885939   0.0219197   0.0638184   0.123746   0.179551   0.204212   0.179551   0.123746   0.0638184   0.0219197   0.00885939   
6   -39.4637   0.0122007   0.0327436   0.0728464   0.126125   0.16278   0.186608   0.16278   0.126125   0.0728464   0.0327436   0.0122007   
7   -39.5756   0.0166738   0.0367085   0.0810881   0.119421   0.160123   0.171971   0.160123   0.119421   0.0810881   0.0367085   0.0166738   
8   -39.6218   0.00973265   0.0250109   0.0648266   0.123736   0.175534   0.20232   0.175534   0.123736   0.0648266   0.0250109   0.00973265   
9   -39.1121   0.0113835   0.0275334   0.0666719   0.122859   0.172984   0.197136   0.172984   0.122859   0.0666719   0.0275334   0.0113835   
10   -31.0758   0.0523251   0.02961   0.0857295   0.173897   0.0175419   0.281792   0.0175419   0.173897   0.0857295   0.02961   0.0523251   
