-2.5   2.5000000000000004
-2.5   2.5
-2.5   2.4999999999999996
-2.5   2.4999999999999996
-2.5   2.5
-2.5   2.5000000000000004

-1.5   1.5018224710866721
-1.5   1.5092955657991771
-1.5   1.5335479197599624
-1.5   1.5265378749345562
-1.5   2.4047361318553464
-1.5   1.6059418239954755
-1.5   2.4008840150927693
-1.5   1.6031002487578174
-1.5   1.5000837902194872
-1.5   1.5144014089685691
-1.5   1.5158090146022403
-1.5   1.5258664320881876
-1.5   1.5054111638880157
-1.5   2.2432013634557268
-1.5   1.8011718721766039
-1.5   2.0144572580103923
-1.5   2.0658995217456297
-1.5   1.5018937343942169
-1.5   1.5096353161492488
-1.5   1.503544059780118
-1.5   1.5006959364534662
-1.5   1.5866668043453758
-1.5   2.4321994277563426
-1.5   1.5000856012978727
-1.5   1.5034024486995774
-1.5   1.5029404602646652
-1.5   1.500038510794115
-1.5   1.6274915922412458
-1.5   1.5001637178460405
-1.5   2.4086729043316342

-0.5   0.56518057058101956
-0.5   0.54361024776443156
-0.5   1.4551221846793263
-0.5   1.4707243069868103
-0.5   0.56174102401784265
-0.5   0.63541065244700312
-0.5   1.2190958024437266
-0.5   1.4303140767645741
-0.5   1.5815885776027239
-0.5   0.94031835609887815
-0.5   1.6944607008795605
-0.5   1.2823774645091928
-0.5   0.91965674073551407
-0.5   1.5096489748595117
-0.5   2.0341512558018544
-0.5   1.485108338545321
-0.5   1.4697448672437108
-0.5   0.64886647865935432
-0.5   0.56210960362486895
-0.5   1.4650701446825547
-0.5   0.54056730630640804
-0.5   0.58066759826131698
-0.5   1.4946472147670478
-0.5   0.9718800992474268
-0.5   1.1577097544033332
-0.5   1.450258770678194
-0.5   1.0991137486504814
-0.5   1.4050881068586125
-0.5   2.1342718727406491
-0.5   1.4677997864948933
-0.5   1.0558599453923483
-0.5   2.3664839216568652
-0.5   0.67763937881063718
-0.5   1.4775911719629502
-0.5   0.53413316441193759
-0.5   1.4976829744794486
-0.5   1.4788156741431666
-0.5   0.53499971091204057
-0.5   0.67989963834569589
-0.5   1.0642913175111572
-0.5   0.92144113452623366
-0.5   1.1108778742388508
-0.5   1.2587152575352276
-0.5   2.2796683281900498
-0.5   1.454487113687442
-0.5   0.85138851249625858
-0.5   0.54433467428548754
-0.5   0.50476245310561363
-0.5   0.53219458376140749
-0.5   0.54813517832419301
-0.5   1.4436863430485949
-0.5   0.59440346027550528
-0.5   1.4674983779853201
-0.5   0.57239744611050081
-0.5   0.79557726378499161
-0.5   1.3842109449170237
-0.5   0.70514824757325378
-0.5   1.4961853698598604
-0.5   1.4338729860881951
-0.5   2.4071092798812499

0.5   0.56518057058102511
0.5   0.5436102477644309
0.5   1.4551221846793254
0.5   1.4707243069868117
0.5   0.56174102401784198
0.5   0.63541065244700556
0.5   1.2190958024437277
0.5   1.4303140767645808
0.5   1.5815885776027203
0.5   0.94031835609887993
0.5   1.6944607008795614
0.5   1.2823774645091925
0.5   0.91965674073551162
0.5   1.509648974859509
0.5   2.0341512558018566
0.5   1.4851083385453203
0.5   1.4697448672437112
0.5   0.64886647865935254
0.5   0.56210960362487006
0.5   1.4650701446825531
0.5   0.54056730630640737
0.5   0.58066759826131809
0.5   1.4946472147670475
0.5   0.97188009924742658
0.5   1.1577097544033321
0.5   1.4502587706781949
0.5   1.0991137486504812
0.5   1.4050881068586127
0.5   2.1342718727406487
0.5   1.4677997864948926
0.5   1.0558599453923474
0.5   2.3664839216568629
0.5   0.6776393788106374
0.5   1.4775911719629509
0.5   0.53413316441193737
0.5   1.4976829744794515
0.5   1.4788156741431702
0.5   0.53499971091204035
0.5   0.67989963834569433
0.5   1.0642913175111577
0.5   0.92144113452624188
0.5   1.1108778742388512
0.5   1.2587152575352207
0.5   2.2796683281900494
0.5   1.4544871136874431
0.5   0.85138851249625969
0.5   0.54433467428548843
0.5   0.50476245310561363
0.5   0.53219458376140771
0.5   0.54813517832419212
0.5   1.4436863430485964
0.5   0.59440346027550284
0.5   1.4674983779853235
0.5   0.5723974461104997
0.5   0.79557726378499849
0.5   1.3842109449170199
0.5   0.70514824757324401
0.5   1.4961853698598655
0.5   1.4338729860881954
0.5   2.4071092798812548

1.5   1.5018224710866712
1.5   1.5092955657991758
1.5   1.5335479197599606
1.5   1.5265378749345557
1.5   2.4047361318553473
1.5   1.6059418239954777
1.5   2.4008840150927631
1.5   1.6031002487578179
1.5   1.5000837902194868
1.5   1.5144014089685687
1.5   1.5158090146022394
1.5   1.5258664320881872
1.5   1.5054111638880152
1.5   2.243201363455726
1.5   1.8011718721766043
1.5   2.014457258010395
1.5   2.0658995217456275
1.5   1.5018937343942169
1.5   1.5096353161492484
1.5   1.5035440597801175
1.5   1.5006959364534667
1.5   1.5866668043453771
1.5   2.4321994277563426
1.5   1.5000856012978732
1.5   1.503402448699577
1.5   1.5029404602646657
1.5   1.500038510794115
1.5   1.6274915922412503
1.5   1.5001637178460419
1.5   2.4086729043316342

2.5   2.5000000000000004
2.5   2.5
2.5   2.4999999999999996
2.5   2.4999999999999996
2.5   2.5
2.5   2.5000000000000004

