0   -31.2345   0.0292807   0.112965   1.06593e-06   0.24814   0.109613   0.109613   0.24814   1.06593e-06   0.112965   0.0292807   
1   -40.4825   0.0157485   0.0378329   0.0892799   0.155146   0.201992   0.201992   0.155146   0.0892799   0.0378329   0.0157485   
2   -41.1283   0.0146351   0.0375571   0.0917598   0.154772   0.201276   0.201276   0.154772   0.0917598   0.0375571   0.0146351   
3   -41.2097   0.020548   0.044878   0.10154   0.147114   0.18592   0.18592   0.147114   0.10154   0.044878   0.020548   
4   -41.1181   0.020102   0.0479515   0.102678   0.148799   0.18047   0.18047   0.148799   0.102678   0.0479515   0.020102   
5   -41.1181   0.020102   0.0479515   0.102678   0.148799   0.18047   0.18047   0.148799   0.102678   0.0479515   0.020102   
6   -41.2097   0.020548   0.044878   0.10154   0.147114   0.18592   0.18592   0.147114   0.10154   0.044878   0.020548   
7   -41.1283   0.0146351   0.0375571   0.0917598   0.154772   0.201276   0.201276   0.154772   0.0917598   0.0375571   0.0146351   
8   -40.4825   0.0157485   0.0378329   0.0892799   0.155146   0.201992   0.201992   0.155146   0.0892799   0.0378329   0.0157485   
9   -31.2345   0.0292807   0.112965   1.06593e-06   0.24814   0.109613   0.109613   0.24814   1.06593e-06   0.112965   0.0292807   
