-3.5   3.5
-3.5   3.4999999999999996
-3.5   3.5
-3.5   3.5
-3.5   3.4999999999999991
-3.5   3.5
-3.5   3.5
-3.5   3.5

-2.5   2.5000758915412074
-2.5   2.5000976323931887
-2.5   2.5014471308290505
-2.5   2.5054529481017931
-2.5   2.5060118199040371
-2.5   2.5632923381871717
-2.5   3.4094825848571824
-2.5   2.8890251594712404
-2.5   3.150755190573884
-2.5   2.5165351482181126
-2.5   2.532579047274734
-2.5   2.5156719396205318
-2.5   2.5074152320967307
-2.5   2.5011685441489035
-2.5   2.5007732137522427
-2.5   2.5073093458156706
-2.5   3.070095656374332
-2.5   2.5104501111457935
-2.5   3.0990154071334723
-2.5   2.5038841074645757
-2.5   2.5667757707850334
-2.5   2.6979654113446023
-2.5   2.8761586109259354
-2.5   2.7690533546968408
-2.5   2.5031700736200708
-2.5   2.5701250861916449
-2.5   2.5143312773346906
-2.5   2.5003138512478738
-2.5   2.502171908867564
-2.5   2.5000732190530419
-2.5   3.472819364990571
-2.5   2.5003920450922656
-2.5   2.5185726524076824
-2.5   2.5031010024734539
-2.5   2.5007426079302388
-2.5   3.4915847582745827
-2.5   2.5000239360543461
-2.5   2.5015594240582684
-2.5   2.5000848217722753
-2.5   2.5062240705135359
-2.5   2.5000326613924808
-2.5   2.5004549120705937
-2.5   2.5009587757838032
-2.5   2.5000810887860938
-2.5   2.5000733264229154
-2.5   2.6998756569555931
-2.5   3.3405594067688718
-2.5   2.5000316879673972
-2.5   2.5002927253392482
-2.5   2.5000523215427202
-2.5   2.5000433210732269
-2.5   2.5005839733565263
-2.5   2.5000188416830906
-2.5   2.6047120569568762
-2.5   2.5000878077560071
-2.5   3.4187136266367055

-1.5   1.5011499725812625
-1.5   1.5031761647710926
-1.5   1.648336046113656
-1.5   1.5111396458145028
-1.5   2.3914092477771556
-1.5   1.5429285753002784
-1.5   1.5085262019761272
-1.5   2.4522281958203638
-1.5   1.5063855830006498
-1.5   2.303429141732301
-1.5   1.737931693983445
-1.5   1.5384989114906475
-1.5   1.5191388804955874
-1.5   1.5220385259926332
-1.5   1.5504640899040054
-1.5   2.471785964127911
-1.5   1.6282160686338001
-1.5   1.8391919331988236
-1.5   2.1222097150435735
-1.5   2.0126521262805692
-1.5   1.8408702548474083
-1.5   1.8280140198178305
-1.5   1.5360113615232778
-1.5   3.3424184194286211
-1.5   1.6939794305810514
-1.5   2.69263247646448
-1.5   2.0234217124073668
-1.5   2.2477345688016785
-1.5   2.4987366061924963
-1.5   2.2701323448907806
-1.5   1.7203132262567054
-1.5   1.7925858895849234
-1.5   1.9565237968849067
-1.5   2.177933343668129
-1.5   2.2342355675208183
-1.5   1.6082494435448798
-1.5   2.4259156502072265
-1.5   1.5524483291681301
-1.5   1.5326171185831083
-1.5   1.5067289852024501
-1.5   1.5184723730752441
-1.5   2.4769919335518935
-1.5   1.5164861008675987
-1.5   1.5313741349183574
-1.5   2.4397042243759675
-1.5   1.5588873839612405
-1.5   2.4253737883016768
-1.5   1.573740214143915
-1.5   1.5023202910676932
-1.5   1.5478805228066905
-1.5   1.5183275862015875
-1.5   1.9524055276766803
-1.5   1.9524514988360595
-1.5   1.7087567633288425
-1.5   1.9915672936811188
-1.5   1.8155784279891476
-1.5   2.0573024123401686
-1.5   2.0472746801975936
-1.5   2.3819004629746026
-1.5   2.0638737399895577
-1.5   2.1010716131850597
-1.5   2.171263168057139
-1.5   2.6235126671899134
-1.5   2.4060087119463027
-1.5   1.8479751266186937
-1.5   1.8646190800359488
-1.5   2.1068538187233874
-1.5   2.1893618467813023
-1.5   2.0669384394885686
-1.5   2.2135580675367836
-1.5   2.0494835434422241
-1.5   2.297370549393666
-1.5   2.2491384176247542
-1.5   2.0103838968391141
-1.5   1.5058206332867847
-1.5   1.5132496360677798
-1.5   1.5232889421938878
-1.5   1.5029360830559635
-1.5   1.5209840882811512
-1.5   1.5772556643873648
-1.5   2.3677480693478326
-1.5   2.1787344361717746
-1.5   1.7291578444563993
-1.5   1.9166435624970131
-1.5   1.9510803094804832
-1.5   2.1939420943044698
-1.5   2.421785839133642
-1.5   1.5140877345269237
-1.5   1.515315636377816
-1.5   3.2220109469146792
-1.5   2.2730600386613111
-1.5   1.923406831558927
-1.5   1.5946013330945874
-1.5   1.7202389134257712
-1.5   2.4288897895170116
-1.5   1.5560425308888459
-1.5   2.3031784538127678
-1.5   1.7685281615943942
-1.5   2.4308872204425152
-1.5   1.55457604003943
-1.5   1.5177764059130583
-1.5   1.6154432988175742
-1.5   2.9707708276187819
-1.5   2.3924434149413596
-1.5   1.5118163301621657
-1.5   2.3080136408319221
-1.5   1.5204443727990253
-1.5   1.5197970277332118
-1.5   2.4559530310729158
-1.5   2.0423199483894741
-1.5   1.9384309397220623
-1.5   2.1111177526103342
-1.5   2.0472839767445548
-1.5   1.6029047397294853
-1.5   1.5024279069166564
-1.5   1.5093875707587929
-1.5   1.5047797664671987
-1.5   1.5053909456240548
-1.5   1.5055542335273291
-1.5   1.7515876229747014
-1.5   1.7304014512584898
-1.5   1.5425741825559469
-1.5   2.3262630197203471
-1.5   2.2800553941394073
-1.5   1.5048251251994973
-1.5   1.5466554527435252
-1.5   2.0867011580251296
-1.5   2.0563151510397208
-1.5   2.0031913180598768
-1.5   2.0106595522842921
-1.5   1.5051839575322079
-1.5   1.5050425297915484
-1.5   1.5085618713197202
-1.5   1.9786816292405978
-1.5   1.9156054586858886
-1.5   1.8767941812187829
-1.5   1.5117628186298946
-1.5   1.9762987576474869
-1.5   2.1092178036823599
-1.5   3.3636109998151524
-1.5   2.4883575387448609
-1.5   1.5013986157896135
-1.5   1.6004920831643754
-1.5   1.5088873596832584
-1.5   1.5018417297954958
-1.5   1.5150720707647172
-1.5   1.5056852708181592
-1.5   1.575977942317492
-1.5   1.5031255499996465
-1.5   2.4340420235235141
-1.5   1.5061052067151102
-1.5   2.4929889891435697
-1.5   1.5018913960698912
-1.5   1.5467253740845464
-1.5   1.5285145006800627
-1.5   1.5012705999436009
-1.5   1.5466279243536287
-1.5   2.2751916445690328
-1.5   1.7672327693146626
-1.5   1.6582841865915197
-1.5   1.8067115173484862
-1.5   2.1608984082333285
-1.5   1.7011727731047088
-1.5   2.4626081645915496
-1.5   1.6631580457017088
-1.5   2.4703196082459487
-1.5   2.3865534702993556
-1.5   3.3915234522760263

-0.5   0.53287137171945242
-0.5   0.61096991519978494
-0.5   1.2721889917660163
-0.5   0.92531456364196263
-0.5   0.98166162168345816
-0.5   0.8823885328073795
-0.5   1.326871792170176
-0.5   1.4241793336556514
-0.5   1.3086417882765249
-0.5   2.3545438868928139
-0.5   1.251141515644693
-0.5   0.93727490066433261
-0.5   1.483173819365609
-0.5   2.4344572770384203
-0.5   0.60520902063710147
-0.5   1.4799344982706326
-0.5   0.63747014578696715
-0.5   1.3447116767947294
-0.5   0.5425469634499609
-0.5   2.0816804859604812
-0.5   1.4215806867992471
-0.5   1.3238257306018841
-0.5   0.56143365941342238
-0.5   0.87684381640329723
-0.5   1.1910174218813931
-0.5   1.4869407376338759
-0.5   1.2343922913704928
-0.5   1.2961283063118543
-0.5   0.56998206298385767
-0.5   1.9071313002576353
-0.5   1.4318190539861153
-0.5   1.8176229555859242
-0.5   0.84048724508606143
-0.5   1.7721888916524122
-0.5   2.061075773019533
-0.5   1.9847673990435588
-0.5   1.1778471258437191
-0.5   1.6391163842612397
-0.5   2.0915827754084702
-0.5   1.5594420150256187
-0.5   2.2424819740266315
-0.5   1.4984165305749679
-0.5   1.4140597660418177
-0.5   1.9764155613920082
-0.5   1.1096241759360397
-0.5   2.871107596193498
-0.5   2.0123094915302668
-0.5   1.7257225205699873
-0.5   1.8931199963026506
-0.5   1.7426225364289269
-0.5   1.3347236389257509
-0.5   1.649851733578795
-0.5   1.6358827071676751
-0.5   1.5135495637852077
-0.5   1.5384685432154859
-0.5   1.5325414424168553
-0.5   1.8549003977594993
-0.5   1.4412028159073091
-0.5   1.8213658471412182
-0.5   1.0977835081822485
-0.5   2.3634753872516501
-0.5   0.6628019977196502
-0.5   1.4187383699223881
-0.5   0.96533326349751714
-0.5   0.67880910221374724
-0.5   1.2382745277671205
-0.5   0.7675676323850551
-0.5   1.4590383588452618
-0.5   1.3777796406400913
-0.5   1.6878617669036728
-0.5   1.4318551693419979
-0.5   0.59405968622486283
-0.5   1.7980082341932606
-0.5   1.4202959267281559
-0.5   1.8556821564481294
-0.5   1.3744624518438533
-0.5   1.7623749191651767
-0.5   1.0963846451023469
-0.5   2.1454792164660783
-0.5   1.1340509533484373
-0.5   1.0206725708612288
-0.5   1.1473373024366897
-0.5   1.3084413912282395
-0.5   1.4837147224951466
-0.5   0.6094329565932215
-0.5   1.2072137663843461
-0.5   1.5001515385368891
-0.5   1.500011131285266
-0.5   0.74673885898219394
-0.5   1.0271081179338868
-0.5   1.3869239579845918
-0.5   1.4543761464750771
-0.5   1.4621122631539889
-0.5   0.67433488475932424
-0.5   1.8534283042900324
-0.5   1.8883342386105646
-0.5   1.2239906194155945
-0.5   2.0930107671699485
-0.5   1.5047434156655179
-0.5   1.805074297416609
-0.5   1.7270178803399885
-0.5   1.6810404091613886
-0.5   1.8767404182880467
-0.5   1.7278817651809426
-0.5   1.5710237907450191
-0.5   1.907218337942155
-0.5   1.9758219505235517
-0.5   1.6631518710307209
-0.5   1.7697712516172959
-0.5   2.1817008440014032
-0.5   2.0366720058942551
-0.5   1.5094595815363183
-0.5   1.6660509877724232
-0.5   1.6451466441631712
-0.5   1.3391303731918358
-0.5   1.4439929722406195
-0.5   2.0714903311601671
-0.5   2.0419581860622369
-0.5   2.2324144521668194
-0.5   1.8718056682592281
-0.5   2.1902368325721722
-0.5   0.54452400150348179
-0.5   0.57531763337166364
-0.5   1.1936219755123261
-0.5   0.96899618393173759
-0.5   1.4914905941100389
-0.5   0.54968191034695213
-0.5   0.68746425906583664
-0.5   1.4171291849079721
-0.5   1.4827857392143611
-0.5   1.4970901343257905
-0.5   1.584457664625035
-0.5   1.4459645551467815
-0.5   1.9957712463979886
-0.5   1.2393777525703336
-0.5   1.1906928882285372
-0.5   2.4263580093583381
-0.5   1.438654883541987
-0.5   1.3873007880944581
-0.5   1.2882220567522775
-0.5   2.1088593039217853
-0.5   2.3180051976141458
-0.5   1.4877304570620313
-0.5   0.95688153025081224
-0.5   1.4858849185718443
-0.5   1.4534374186986667
-0.5   1.4016500283274054
-0.5   3.0548357329837028
-0.5   1.1316533639987372
-0.5   1.4842390392586671
-0.5   2.0316803193093937
-0.5   1.4902781567647294
-0.5   1.4889441433361004
-0.5   0.96931063449995158
-0.5   2.0384913018655522
-0.5   0.75882419573169502
-0.5   1.434619227868744
-0.5   1.186096820197172
-0.5   1.0626482245865858
-0.5   2.326432732674018
-0.5   0.96812720804115182
-0.5   2.3061386331003972
-0.5   0.77555128694468434
-0.5   1.4786812520292265
-0.5   1.4480421196971012
-0.5   0.73138381898647586
-0.5   1.8799468813454205
-0.5   1.9047978168795021
-0.5   0.7639394041489378
-0.5   1.3908319510528095
-0.5   2.9994053134233103
-0.5   1.6348045030297049
-0.5   1.5676225113971265
-0.5   1.4908998186884148
-0.5   1.3020039877838432
-0.5   1.3995544152742763
-0.5   2.349517038590522
-0.5   1.8193664737204882
-0.5   1.1000541696034971
-0.5   1.7652798307895714
-0.5   1.1716836133255588
-0.5   1.8361992372736173
-0.5   1.7340318453971455
-0.5   0.84608508290499773
-0.5   0.84296722025858895
-0.5   1.4700291670634391
-0.5   0.53837850781632901
-0.5   0.77770928930156402
-0.5   1.4902804506804692
-0.5   1.3733738164191662
-0.5   1.4949299477545628
-0.5   0.55507807689877997
-0.5   0.54391646952053962
-0.5   1.3142416280951168
-0.5   1.4549180189510238
-0.5   0.82853556988596977
-0.5   0.60540704477328422
-0.5   1.6827439069996966
-0.5   1.9322590050720208
-0.5   1.7053231964338313
-0.5   2.1264829030405283
-0.5   2.1713951052001614
-0.5   1.4434761426743614
-0.5   0.58119719591932428
-0.5   0.58179704168005686
-0.5   0.6149489193454547
-0.5   1.4786705851916297
-0.5   0.52282751477277478
-0.5   0.7164338482782997
-0.5   1.5190775218261678
-0.5   1.8603814993534877
-0.5   2.2858909788371715
-0.5   1.5164885867595692
-0.5   1.5040335187149285
-0.5   1.4603397644761165
-0.5   0.86662948263715789
-0.5   1.4170168426303213
-0.5   0.97568945806106488
-0.5   0.64027165001481579
-0.5   1.2632484054982422
-0.5   0.50870213234109074
-0.5   0.51996360757558069
-0.5   0.54451923317097606
-0.5   0.57321818120088586
-0.5   1.1152257439892859
-0.5   1.0381730368337718
-0.5   1.090802554933866
-0.5   1.8783131671705422
-0.5   2.3994627545843303
-0.5   1.7477493761552743
-0.5   2.3460449666495151
-0.5   1.6259693707351
-0.5   2.6806279623297415
-0.5   0.84150986686723583
-0.5   1.9022318848379705
-0.5   1.5626549144925241
-0.5   0.9136244385477299
-0.5   1.4474439466268354
-0.5   1.556969330124351
-0.5   0.92687068563818742
-0.5   1.2938072916110739
-0.5   0.57555254775999831
-0.5   1.4670738425039802
-0.5   0.77454175984306994
-0.5   1.0518230834262161
-0.5   0.51985488906444366
-0.5   1.2160947535573632
-0.5   0.92645529249306202
-0.5   1.3423279830861146
-0.5   1.4094162968465569
-0.5   1.4916198925161637
-0.5   0.94851370617381536
-0.5   2.2850304020428238
-0.5   1.4668296399868908
-0.5   2.3737531138268735
-0.5   0.52222440947816429
-0.5   0.57430073705023177
-0.5   1.4809340734345975
-0.5   0.60304866378275435
-0.5   0.55175528653526507
-0.5   0.74739199459755334
-0.5   1.4990576760529057
-0.5   1.4152882809915801
-0.5   1.4030934619111353
-0.5   0.6157488247513383
-0.5   2.2573359043985279
-0.5   1.4965900110040595
-0.5   1.1942339428238276
-0.5   0.80768096626171104
-0.5   1.5023723462042988
-0.5   1.4235140084129856
-0.5   2.3880696777384429
-0.5   0.88298728255038861
-0.5   1.6286167855900731
-0.5   1.5168346472254566
-0.5   2.3791187853722575
-0.5   1.5906487963836686
-0.5   2.4729119207021517
-0.5   2.3802368498354221
-0.5   3.3793135739032985

0.5   0.53287137171942045
0.5   0.61096991519978272
0.5   1.2721889917660365
0.5   0.9253145636419664
0.5   0.98166162168344839
0.5   0.88238853280738994
0.5   1.3268717921702
0.5   1.4241793336556297
0.5   1.3086417882765102
0.5   2.3545438868928157
0.5   1.251141515644776
0.5   0.93727490066422803
0.5   1.483173819365625
0.5   2.4344572770384274
0.5   0.60520902063708437
0.5   1.4799344982706346
0.5   0.63747014578695271
0.5   1.3447116767947644
0.5   0.54254696344995268
0.5   2.0816804859604132
0.5   1.4215806867992971
0.5   1.3238257306019285
0.5   0.56143365941342682
0.5   0.87684381640324749
0.5   1.1910174218816112
0.5   1.4869407376338679
0.5   1.2343922913703189
0.5   1.2961283063118205
0.5   0.5699820629838257
0.5   1.9071313002576322
0.5   1.4318190539861229
0.5   1.8176229555859678
0.5   0.84048724508605366
0.5   1.7721888916523016
0.5   2.0610757730196085
0.5   1.9847673990434322
0.5   1.1778471258438914
0.5   1.639116384261226
0.5   2.0915827754084995
0.5   1.5594420150256054
0.5   2.2424819740267345
0.5   1.4984165305749841
0.5   1.4140597660416323
0.5   1.9764155613920615
0.5   1.1096241759361263
0.5   2.8711075961935149
0.5   2.0123094915302961
0.5   1.7257225205700775
0.5   1.8931199963026257
0.5   1.7426225364287977
0.5   1.3347236389257036
0.5   1.649851733578839
0.5   1.6358827071676663
0.5   1.5135495637852299
0.5   1.5384685432153704
0.5   1.532541442416723
0.5   1.8549003977595491
0.5   1.4412028159073629
0.5   1.8213658471412537
0.5   1.09778350818226
0.5   2.3634753872516416
0.5   0.66280199771964909
0.5   1.4187383699223957
0.5   0.96533326349752424
0.5   0.67880910221372681
0.5   1.2382745277671299
0.5   0.76756763238487169
0.5   1.4590383588453635
0.5   1.3777796406400868
0.5   1.6878617669036839
0.5   1.4318551693419943
0.5   0.59405968622486727
0.5   1.798008234193234
0.5   1.4202959267281496
0.5   1.8556821564481707
0.5   1.3744624518438584
0.5   1.7623749191651226
0.5   1.0963846451023653
0.5   2.1454792164661027
0.5   1.1340509533484533
0.5   1.0206725708612234
0.5   1.1473373024366527
0.5   1.3084413912282427
0.5   1.4837147224951468
0.5   0.60943295659321639
0.5   1.2072137663843645
0.5   1.5001515385368864
0.5   1.5000111312852642
0.5   0.74673885898220638
0.5   1.0271081179338737
0.5   1.3869239579845816
0.5   1.4543761464750706
0.5   1.4621122631540024
0.5   0.67433488475931957
0.5   1.8534283042900235
0.5   1.8883342386105824
0.5   1.2239906194156278
0.5   2.093010767169909
0.5   1.5047434156655108
0.5   1.8050742974166218
0.5   1.7270178803399796
0.5   1.6810404091614028
0.5   1.8767404182880605
0.5   1.7278817651809524
0.5   1.5710237907450408
0.5   1.9072183379421497
0.5   1.9758219505235086
0.5   1.6631518710307587
0.5   1.7697712516172901
0.5   2.1817008440013983
0.5   2.036672005894451
0.5   1.5094595815363019
0.5   1.6660509877721834
0.5   1.6451466441631926
0.5   1.3391303731918054
0.5   1.4439929722406541
0.5   2.0714903311598398
0.5   2.0419581860625575
0.5   2.2324144521668181
0.5   1.8718056682592445
0.5   2.1902368325721544
0.5   0.54452400150348046
0.5   0.57531763337165609
0.5   1.1936219755123427
0.5   0.96899618393171671
0.5   1.4914905941100414
0.5   0.54968191034695346
0.5   0.68746425906587483
0.5   1.4171291849079477
0.5   1.4827857392143586
0.5   1.4970901343257912
0.5   1.584457664625035
0.5   1.4459645551467775
0.5   1.9957712463979811
0.5   1.2393777525703369
0.5   1.1906928882285397
0.5   2.4263580093583315
0.5   1.438654883541987
0.5   1.3873007880944603
0.5   1.28822205675228
0.5   2.1088593039217725
0.5   2.31800519761414
0.5   1.4877304570620224
0.5   0.95688153025083378
0.5   1.4858849185718481
0.5   1.453437418698692
0.5   1.4016500283274007
0.5   3.0548357329837059
0.5   1.1316533639986817
0.5   1.4842390392586651
0.5   2.0316803193094088
0.5   1.4902781567647303
0.5   1.4889441433360806
0.5   0.96931063449996335
0.5   2.0384913018655513
0.5   0.75882419573169235
0.5   1.4346192278687413
0.5   1.1860968201971644
0.5   1.0626482245865809
0.5   2.3264327326740206
0.5   0.96812720804116603
0.5   2.3061386331004101
0.5   0.77555128694468145
0.5   1.4786812520292296
0.5   1.4480421196971167
0.5   0.73138381898647808
0.5   1.8799468813454223
0.5   1.9047978168795083
0.5   0.76393940414892691
0.5   1.3908319510528053
0.5   2.9994053134233165
0.5   1.6348045030297005
0.5   1.5676225113971221
0.5   1.4908998186884164
0.5   1.3020039877838214
0.5   1.399554415274276
0.5   2.3495170385905157
0.5   1.8193664737205628
0.5   1.1000541696034891
0.5   1.7652798307896043
0.5   1.1716836133254018
0.5   1.8361992372735862
0.5   1.7340318453971646
0.5   0.8460850829050286
0.5   0.84296722025857784
0.5   1.4700291670634531
0.5   0.53837850781634211
0.5   0.77770928930144789
0.5   1.4902804506804659
0.5   1.3733738164192457
0.5   1.4949299477545652
0.5   0.55507807689878175
0.5   0.54391646952055051
0.5   1.3142416280951146
0.5   1.4549180189510205
0.5   0.82853556988596311
0.5   0.60540704477328822
0.5   1.6827439069997432
0.5   1.9322590050719985
0.5   1.7053231964338624
0.5   2.1264829030405594
0.5   2.171395105200105
0.5   1.4434761426743401
0.5   0.58119719591933428
0.5   0.58179704168004642
0.5   0.61494891934549112
0.5   1.4786705851916204
0.5   0.52282751477277656
0.5   0.71643384827831857
0.5   1.5190775218250914
0.5   1.8603814993544265
0.5   2.2858909788371635
0.5   1.5164885867595577
0.5   1.5040335187149543
0.5   1.4603397644761149
0.5   0.86662948263717676
0.5   1.4170168426302976
0.5   0.97568945806104401
0.5   0.64027165001480335
0.5   1.2632484054982702
0.5   0.50870213234108941
0.5   0.51996360757555804
0.5   0.54451923317097983
0.5   0.57321818120090318
0.5   1.1152257439893674
0.5   1.038173036833629
0.5   1.0908025549337492
0.5   1.8783131671705759
0.5   2.3994627545843206
0.5   1.7477493761553391
0.5   2.3460449666494609
0.5   1.6259693707350844
0.5   2.6806279623298539
0.5   0.84150986686700557
0.5   1.9022318848377795
0.5   1.5626549144925219
0.5   0.9136244385478598
0.5   1.4474439466269506
0.5   1.5569693301244936
0.5   0.92687068563814057
0.5   1.2938072916110614
0.5   0.57555254775999987
0.5   1.4670738425039855
0.5   0.7745417598430937
0.5   1.051823083426267
0.5   0.51985488906447985
0.5   1.2160947535572533
0.5   0.92645529249302494
0.5   1.3423279830860775
0.5   1.409416296846554
0.5   1.4916198925161734
0.5   0.94851370617378383
0.5   2.2850304020428522
0.5   1.4668296399869194
0.5   2.3737531138268984
0.5   0.52222440947815718
0.5   0.57430073705022711
0.5   1.4809340734346019
0.5   0.60304866378274191
0.5   0.55175528653526462
0.5   0.747391994597562
0.5   1.499057676052914
0.5   1.4152882809915057
0.5   1.4030934619111168
0.5   0.61574882475148596
0.5   2.2573359043987073
0.5   1.4965900110040553
0.5   1.1942339428236233
0.5   0.80768096626178099
0.5   1.5023723462042553
0.5   1.4235140084129907
0.5   2.3880696777382013
0.5   0.88298728255032111
0.5   1.6286167855903657
0.5   1.5168346472255387
0.5   2.3791187853722238
0.5   1.5906487963836096
0.5   2.472911920702153
0.5   2.3802368498354278
0.5   3.3793135739033286

1.5   1.5011499725812607
1.5   1.5031761647710913
1.5   1.6483360461136409
1.5   1.5111396458145054
1.5   2.3914092477771698
1.5   1.5429285753002904
1.5   1.5085262019761254
1.5   2.4522281958203553
1.5   1.5063855830006485
1.5   2.3034291417323498
1.5   1.737931693983378
1.5   1.5384989114906458
1.5   1.5191388804955892
1.5   1.5220385259926354
1.5   1.5504640899040001
1.5   2.4717859641279105
1.5   1.6282160686337841
1.5   1.8391919331988351
1.5   2.1222097150436041
1.5   2.0126521262805257
1.5   1.8408702548474412
1.5   1.8280140198178141
1.5   1.5360113615232756
1.5   3.3424184194286308
1.5   1.693979430581027
1.5   2.6926324764644858
1.5   2.0234217124073246
1.5   2.2477345688016723
1.5   2.4987366061924789
1.5   2.2701323448907753
1.5   1.7203132262567409
1.5   1.7925858895849918
1.5   1.9565237968848916
1.5   2.1779333436681458
1.5   2.2342355675208196
1.5   1.608249443544878
1.5   2.4259156502072265
1.5   1.5524483291681368
1.5   1.5326171185831092
1.5   1.5067289852024488
1.5   1.518472373075249
1.5   2.4769919335518877
1.5   1.5164861008676005
1.5   1.5313741349183596
1.5   2.4397042243759737
1.5   1.5588873839612263
1.5   2.4253737883016826
1.5   1.5737402141439074
1.5   1.5023202910676932
1.5   1.5478805228066923
1.5   1.5183275862015808
1.5   1.9524055276766838
1.5   1.9524514988360662
1.5   1.7087567633293492
1.5   1.9915672936811153
1.5   1.8155784279886538
1.5   2.0573024123401695
1.5   2.0472746801976043
1.5   2.3819004629745701
1.5   2.0638737399895768
1.5   2.1010716131851006
1.5   2.1712631680571364
1.5   2.6235126671899009
1.5   2.4060087119463036
1.5   1.8479751266187008
1.5   1.864619080035959
1.5   2.1068538187233803
1.5   2.1893618467813099
1.5   2.0669384394885468
1.5   2.2135580675368596
1.5   2.0494835434421539
1.5   2.2973705493936492
1.5   2.2491384176247546
1.5   2.010383896839111
1.5   1.5058206332867852
1.5   1.5132496360677785
1.5   1.5232889421938878
1.5   1.5029360830559644
1.5   1.5209840882811507
1.5   1.5772556643873679
1.5   2.3677480693478326
1.5   2.1787344361717542
1.5   1.7291578444563949
1.5   1.916643562497033
1.5   1.9510803094804854
1.5   2.1939420943044734
1.5   2.4217858391336353
1.5   1.5140877345269352
1.5   1.5153156363778146
1.5   3.222010946914676
1.5   2.2730600386613231
1.5   1.9234068315589243
1.5   1.5946013330945745
1.5   1.7202389134257698
1.5   2.4288897895170121
1.5   1.5560425308888455
1.5   2.3031784538127615
1.5   1.7685281615944057
1.5   2.4308872204425174
1.5   1.5545760400394251
1.5   1.5177764059130627
1.5   1.6154432988175831
1.5   2.9707708276187912
1.5   2.3924434149413569
1.5   1.511816330162159
1.5   2.3080136408319234
1.5   1.5204443727990249
1.5   1.51979702773321
1.5   2.4559530310729145
1.5   2.0423199483894807
1.5   1.9384309397220569
1.5   2.1111177526103444
1.5   2.0472839767445472
1.5   1.6029047397294787
1.5   1.5024279069166564
1.5   1.5093875707587938
1.5   1.5047797664671978
1.5   1.5053909456240562
1.5   1.5055542335273318
1.5   1.7515876229747116
1.5   1.7304014512585044
1.5   1.5425741825559247
1.5   2.3262630197203378
1.5   2.2800553941394202
1.5   1.5048251251995004
1.5   1.5466554527435279
1.5   2.0867011580251749
1.5   2.056315151039759
1.5   2.0031913180598346
1.5   2.010659552284249
1.5   1.5051839575322026
1.5   1.5050425297915475
1.5   1.5085618713197197
1.5   1.9786816292405756
1.5   1.9156054586858975
1.5   1.8767941812187368
1.5   1.5117628186299545
1.5   1.9762987576475224
1.5   2.1092178036823372
1.5   3.363610999815152
1.5   2.4883575387448613
1.5   1.5013986157896153
1.5   1.6004920831643838
1.5   1.5088873596832615
1.5   1.5018417297954936
1.5   1.5150720707647021
1.5   1.5056852708181578
1.5   1.5759779423174742
1.5   1.5031255499996456
1.5   2.4340420235235367
1.5   1.5061052067151088
1.5   2.4929889891435657
1.5   1.5018913960698925
1.5   1.546725374084577
1.5   1.5285145006800591
1.5   1.5012705999436005
1.5   1.5466279243536336
1.5   2.2751916445691371
1.5   1.767232769314516
1.5   1.658284186591608
1.5   1.806711517348448
1.5   2.1608984082333
1.5   1.7011727731047084
1.5   2.4626081645915652
1.5   1.6631580457016732
1.5   2.4703196082459566
1.5   2.3865534702993401
1.5   3.39152345227604

2.5   2.5000758915412082
2.5   2.5000976323931883
2.5   2.5014471308290513
2.5   2.5054529481017918
2.5   2.5060118199040353
2.5   2.5632923381871708
2.5   3.4094825848571855
2.5   2.8890251594712315
2.5   3.1507551905738942
2.5   2.5165351482181046
2.5   2.5325790472747403
2.5   2.5156719396205318
2.5   2.5074152320967285
2.5   2.5011685441489031
2.5   2.5007732137522432
2.5   2.507309345815671
2.5   3.0700956563743333
2.5   2.5104501111457909
2.5   3.0990154071334683
2.5   2.5038841074645735
2.5   2.5667757707850245
2.5   2.6979654113446045
2.5   2.8761586109259571
2.5   2.7690533546968457
2.5   2.5031700736200708
2.5   2.5701250861916316
2.5   2.5143312773346911
2.5   2.5003138512478733
2.5   2.502171908867564
2.5   2.5000732190530419
2.5   3.4728193649905696
2.5   2.5003920450922665
2.5   2.5185726524076806
2.5   2.5031010024734544
2.5   2.5007426079302397
2.5   3.4915847582745831
2.5   2.5000239360543475
2.5   2.5015594240582679
2.5   2.5000848217722749
2.5   2.5062240705135355
2.5   2.5000326613924808
2.5   2.5004549120705928
2.5   2.5009587757838032
2.5   2.5000810887860943
2.5   2.5000733264229145
2.5   2.6998756569556033
2.5   3.3405594067688611
2.5   2.5000316879673967
2.5   2.5002927253392486
2.5   2.5000523215427219
2.5   2.5000433210732269
2.5   2.5005839733565263
2.5   2.5000188416830911
2.5   2.6047120569568731
2.5   2.5000878077560071
2.5   3.4187136266367069

3.5   3.5
3.5   3.4999999999999996
3.5   3.5
3.5   3.5
3.5   3.4999999999999991
3.5   3.5
3.5   3.5
3.5   3.5

