0   -35.1026   0.0520339   0.0294401   0.0858249   0.173974   0.0175941   0.282266   0.0175941   0.173974   0.0858249   0.0294401   0.0520339   
1   -44.56   0.011263   0.0272849   0.0664102   0.122841   0.173359   0.197685   0.173359   0.122841   0.0664102   0.0272849   0.011263   
2   -45.325   0.00961418   0.0246955   0.0645647   0.123718   0.175838   0.203138   0.175838   0.123718   0.0645647   0.0246955   0.00961418   
3   -45.3793   0.0150827   0.0352639   0.0784025   0.12199   0.160914   0.176694   0.160914   0.12199   0.0784025   0.0352639   0.0150827   
4   -45.2897   0.0136729   0.0338871   0.076711   0.12416   0.161929   0.17928   0.161929   0.12416   0.076711   0.0338871   0.0136729   
5   -45.2512   0.00954899   0.023851   0.0687674   0.122333   0.179554   0.19189   0.179554   0.122333   0.0687674   0.023851   0.00954899   
6   -45.2897   0.0136729   0.0338871   0.076711   0.12416   0.161929   0.17928   0.161929   0.12416   0.076711   0.0338871   0.0136729   
7   -45.3793   0.0150827   0.0352639   0.0784025   0.12199   0.160914   0.176694   0.160914   0.12199   0.0784025   0.0352639   0.0150827   
8   -45.325   0.00961418   0.0246955   0.0645647   0.123718   0.175838   0.203138   0.175838   0.123718   0.0645647   0.0246955   0.00961418   
9   -44.56   0.011263   0.0272849   0.0664102   0.122841   0.173359   0.197685   0.173359   0.122841   0.0664102   0.0272849   0.011263   
10   -35.1026   0.0520339   0.0294401   0.0858249   0.173974   0.0175941   0.282266   0.0175941   0.173974   0.0858249   0.0294401   0.0520339   
