-4   4
-4   4
-4   4
-4   4
-4   4
-4   4.0000000000000009
-4   4
-4   4
-4   4

-3   3.0000221777242064
-3   3.0000341432486453
-3   3.0003231975553502
-3   3.0009370117322929
-3   3.00018289847393
-3   3.0196003802773568
-3   3.0069253416410131
-3   3.880787789251448
-3   3.0003992410618108
-3   3.1274295242300498
-3   3.8750440692311265
-3   3.1429416444199392
-3   3.0009770327439029
-3   3.0001233130809331
-3   3.0044688955696452
-3   3.0003106858786026
-3   3.0018310817053866
-3   3.0001413250994262
-3   3.8058864192550734
-3   3.0005421822303413
-3   3.0188317494997201
-3   3.1745949595116758
-3   3.0031191023006412
-3   3.0423800445384095
-3   3.0077965190010962
-3   3.0015253999617242
-3   3.7672022042872184
-3   3.0002437942114879
-3   3.2678267451188501
-3   3.0000837656137316
-3   3.0026943325056807
-3   3.0000424112274517
-3   3.0015036950025418
-3   3.0025914656992692
-3   3.3069116302693256
-3   3.0022383083553756
-3   3.1301562822148483
-3   3.6195716073976643
-3   3.004680296517714
-3   3.0050483541461288
-3   3.0632520017935083
-3   3.0077525605912534
-3   3.9423057757454778
-3   3.0000637721685237
-3   3.0001224341958288
-3   3.0001697692855869
-3   3.0010129469549485
-3   3.0000717459904562
-3   3.0000101811181819
-3   3.791624359619413
-3   3.000032030843093
-3   3.2499196342492898
-3   3.0000100003443948
-3   3.0016518181388325
-3   3.0001069878601747
-3   3.0001353146346132
-3   3.0000047080594219
-3   3.0000201103709534
-3   3.0273190655218429
-3   3.0000101336563434
-3   3.9384604555875304
-3   3.0000580936017931
-3   3.0505348626288242
-3   3.0000255963076663
-3   3.0000325290485792
-3   3.0001660520385283
-3   3.0000236151726281
-3   3.0000705179845739
-3   3.0000157646703816
-3   3.0947826472215905
-3   3.0000613350865533
-3   3.9243923979356161

-2   2.0002681388631078
-2   2.0004292149048117
-2   2.0009335948930342
-2   2.1376897056106623
-2   2.0088301613092527
-2   2.8941452859104757
-2   2.0028922716851212
-2   2.108859153059599
-2   2.003783145449038
-2   2.9092896797002554
-2   2.001197580183752
-2   2.0032271626104121
-2   2.876562141882002
-2   2.1418357242247748
-2   2.0198913637483851
-2   2.0101001982062194
-2   2.0143463895120162
-2   2.0179134676774462
-2   2.0153326803065856
-2   2.8829555518923518
-2   2.1354731059370926
-2   2.0034157264162737
-2   2.08559677722493
-2   2.9635561264302943
-2   2.726915838678599
-2   2.7389348172441439
-2   2.0304917323464013
-2   2.2879545300269837
-2   2.2391438932983978
-2   2.4104757334751596
-2   2.7448386580035393
-2   2.1089945638011649
-2   3.0594510266581318
-2   2.5597262199141921
-2   2.3508732184224592
-2   2.1127430859461769
-2   2.8686912453164797
-2   2.4563593160258419
-2   2.2913213900439753
-2   3.2612410135467753
-2   2.3660474732289511
-2   2.571329488455588
-2   3.0580955654176396
-2   2.3157856561892953
-2   2.3654285313101062
-2   2.33060452659738
-2   2.2481702298497055
-2   2.5915530513182334
-2   2.2164043633698425
-2   2.1106564825139227
-2   2.5211247188492183
-2   2.3834274131828055
-2   2.0113809805285099
-2   2.0019041039943097
-2   2.0078330005397471
-2   2.0071972083974572
-2   2.0551820952075488
-2   2.1015605384421399
-2   2.9169996447064834
-2   2.5916768087220872
-2   2.3702760560933669
-2   2.9654587183142338
-2   2.0772204459613417
-2   2.0673273573536051
-2   2.021352898095174
-2   2.1014271524071142
-2   2.3190691368351293
-2   2.5167035899637575
-2   2.0456090252456285
-2   3.0466134752173879
-2   2.3959284296277374
-2   2.0931459634104064
-2   3.2792872014431702
-2   2.5077605382042889
-2   2.9346290986897836
-2   2.1105842944052857
-2   2.7010398534339664
-2   2.0449154180026867
-2   2.0772041573621713
-2   2.0486443001897561
-2   2.1055873812740531
-2   2.740651036295866
-2   2.2922717574037423
-2   2.2578982352603476
-2   2.2491659650580273
-2   2.1930739424936059
-2   2.0675565861861926
-2   2.7533729908011884
-2   2.4656341492555569
-2   2.0159646614362292
-2   2.4235503305021906
-2   2.0626936992505578
-2   2.6726489922597061
-2   2.6854886434174703
-2   2.7087866528425462
-2   2.7047514679571458
-2   2.985535648319388
-2   2.3792906194829477
-2   2.6661500536684937
-2   2.7008195259820198
-2   2.0553304538667878
-2   2.0026395577581089
-2   2.0229173591986691
-2   2.0264759714147744
-2   2.0737817367570943
-2   2.277384188384874
-2   2.1408152972008914
-2   2.3254203775664908
-2   2.4737519809325925
-2   2.8169724821970323
-2   2.0301336581797145
-2   2.0056308724327128
-2   2.9842790262242902
-2   2.0137744400061002
-2   2.0070011547987927
-2   2.0035885775922786
-2   2.012638936338873
-2   2.0263739692805558
-2   2.0580184774670265
-2   2.1433487887392038
-2   2.513057994019865
-2   2.3610719209321749
-2   2.1405472948659359
-2   2.4051115989111231
-2   2.1218137267499531
-2   2.7389987327092005
-2   2.6706010268273102
-2   3.2703109287016554
-2   2.8358034503024916
-2   2.3095686683058911
-2   3.2362865862331662
-2   2.6779309415315176
-2   2.2783294256762301
-2   2.2781376042299653
-2   2.6861752872778086
-2   2.3720145728988729
-2   2.4134222757138137
-2   2.3096870102594163
-2   2.7375764650720704
-2   2.5787303210631323
-2   3.7673551641791327
-2   2.0162795200823656
-2   2.0024781175752788
-2   2.0320926102969263
-2   2.0026110171330194
-2   2.4551971936240093
-2   2.51791450599013
-2   2.0524497874140923
-2   2.2010472956947651
-2   2.118743696139632
-2   2.7875631915905936
-2   2.0199922714764202
-2   2.0008362024577968
-2   2.9283422238769439
-2   2.6710257524592604
-2   2.404664695430184
-2   2.0890931614462578
-2   2.0040916159423676
-2   2.9928710090189545
-2   2.007883429382749
-2   2.0009323499207188
-2   2.0046179735635876
-2   2.0071827284491666
-2   2.0104053666495796
-2   2.0379889773492583
-2   2.9037368416259328
-2   2.006872855685192
-2   2.0170242617982588
-2   2.1277628252873604
-2   3.8145470547109062
-2   2.1744892626059587
-2   2.2058857268145964
-2   2.7017047401521923
-2   2.8322314457787048
-2   2.935675743578896
-2   2.3637047300723601
-2   2.0600915279810259
-2   2.0299161653592979
-2   2.0763447904733532
-2   2.0588831821221554
-2   2.9603075124162967
-2   2.0003933422376234
-2   2.0047039145379744
-2   2.0009108207616126
-2   2.0039623571493315
-2   2.0017211444323753
-2   2.0019787588902429
-2   2.0046429715259775
-2   2.2026039187593409
-2   2.1671699449532822
-2   2.6743021979121395
-2   2.6902410791989015
-2   2.1936404070806113
-2   2.2017514114275221
-2   2.0259754875196441
-2   2.0221996266372271
-2   2.0013428384433491
-2   2.0118348031789326
-2   2.5490128579087004
-2   2.7777762433058424
-2   2.4444334992117067
-2   2.1681584248374022
-2   2.0981613757093798
-2   2.1185840621910952
-2   2.002637500820267
-2   2.0460626185880559
-2   2.1459324961150457
-2   2.2283024221207262
-2   2.2267702353526895
-2   2.7017049952733951
-2   2.8187530161251466
-2   2.0011775399157656
-2   2.0157181072180417
-2   2.0384861748074532
-2   3.4171317681915583
-2   2.879552664227099
-2   3.0018470331245632
-2   2.7771614074135718
-2   2.1001510945146005
-2   2.0534220046744798
-2   2.0021249555370164
-2   2.0027470003525241
-2   2.000698299479085
-2   2.0030769454074586
-2   2.0213054519037197
-2   2.0017536276700296
-2   2.9797634459742564
-2   2.0138986835071933
-2   2.002825211878859
-2   2.9869876144166008
-2   2.0021546805443773
-2   2.0045272799966489
-2   2.0221663865232649
-2   2.008447756252921
-2   2.0189908344916097
-2   2.0099890443726154
-2   2.8713676185273709
-2   2.0738477054646252
-2   2.1437647957043646
-2   2.051091001177479
-2   2.0536440526899549
-2   2.5075801356555263
-2   2.4543892771577376
-2   2.1453891213617116
-2   2.2069685534772625
-2   2.7524425789358795
-2   2.1950392972463333
-2   2.9723795604262806
-2   2.1569198987518861
-2   2.962217991367817
-2   2.8772344569266961
-2   3.8836896843195072

-1   1.0235115426858816
-1   1.0722864318009224
-1   1.1252537242378329
-1   1.6533297264111018
-1   1.0528377041535872
-1   1.4334685487223768
-1   1.4080915812796468
-1   1.130678097703292
-1   1.6897200217170742
-1   1.3618012512012745
-1   1.9120077306808856
-1   1.2274912438818821
-1   1.8783926578407955
-1   1.8167608984191896
-1   2.8424947756612786
-1   1.0305589203544696
-1   1.9429867211826051
-1   1.2437636506352241
-1   1.1148234193225992
-1   2.0533466795726101
-1   1.8724697316262637
-1   2.8013419717438039
-1   1.2629806301146134
-1   1.1120881496369051
-1   1.9099961690639859
-1   1.0202577680934248
-1   1.3541095839166253
-1   2.6055672078320229
-1   1.7597994192068849
-1   2.0737365649229051
-1   1.0547618248532398
-1   1.3489142028337942
-1   1.3464771378902292
-1   1.5621970015733182
-1   1.3403146202542964
-1   1.8425548944750538
-1   1.3397243675209825
-1   1.4085851210692641
-1   1.3949838089940454
-1   1.6601484564101785
-1   1.7744860188002329
-1   1.269527084361894
-1   1.5868339726065623
-1   1.3313520900342488
-1   1.3998580357069736
-1   2.7524256664828175
-1   1.1211529156717781
-1   1.2309079718437994
-1   1.7690980535336394
-1   1.3392724632876976
-1   1.0915639628914828
-1   1.8743790711801034
-1   1.8172742499654806
-1   1.9069651179899827
-1   1.8642344580978158
-1   1.2438509297124813
-1   2.0363185579938929
-1   2.1533285759339402
-1   2.1310275372855134
-1   2.4735305030178916
-1   2.4543934404722068
-1   1.8089102751807689
-1   1.4907891813155751
-1   1.9336396168283887
-1   2.3602184595351239
-1   2.9532785869048701
-1   1.8230676728903403
-1   1.6925172481134694
-1   1.6533545109809515
-1   1.9922411870104799
-1   2.3123277067327064
-1   1.9307874748936462
-1   2.0714931260298179
-1   2.539422574241101
-1   1.8569444785664579
-1   1.7255715719072913
-1   1.7421452889296725
-1   1.6154115814900027
-1   1.8078042065666029
-1   1.7262262894129248
-1   1.7508168995605704
-1   2.6508381057353856
-1   2.0212735666667876
-1   2.3227479136444615
-1   2.0223502580095336
-1   1.8861337225972963
-1   1.5058743166577706
-1   2.7505121512063386
-1   1.8205365281589323
-1   2.1946635813775406
-1   1.5720533433541104
-1   1.3949542401594537
-1   1.6201772668790069
-1   1.7593569422995023
-1   1.2532999977210921
-1   2.425631490521587
-1   1.8943386703648883
-1   1.4850627464029276
-1   1.0650710109894792
-1   1.9307771898777411
-1   1.2747640200004984
-1   1.652675586718483
-1   2.8192253387212847
-1   1.7782064237673674
-1   1.9877639057450707
-1   1.1393267342371503
-1   1.3366693359098629
-1   1.1453324121283592
-1   1.916703117830334
-1   1.1029763338248624
-1   1.8668053566390799
-1   1.8221339714442579
-1   1.9177508731640733
-1   1.1644662324341761
-1   1.0829966053730857
-1   1.0685962269491829
-1   1.9257780922420742
-1   2.1783691805942289
-1   1.8981972696798297
-1   2.2315205370053635
-1   2.1039878833559671
-1   1.6677426878196271
-1   1.5668012428779918
-1   2.4198915712235274
-1   1.640151780718706
-1   2.4993510629431759
-1   1.4037720767309838
-1   1.2439742855392921
-1   1.8114796548230614
-1   1.8816312502713388
-1   1.7637504328373375
-1   1.560159308623017
-1   1.8334480558626991
-1   1.5090038263839571
-1   1.5459060481825633
-1   1.7307516351439083
-1   1.3364764266271207
-1   1.4201927605402194
-1   1.838450522955549
-1   2.0766733076686714
-1   1.769157528594727
-1   1.7843670473158864
-1   1.6793655308282025
-1   2.0479366952956042
-1   1.8319624121997595
-1   2.5736057971645576
-1   2.0948183838519863
-1   2.7330057528187357
-1   1.8765489442099432
-1   2.493028945314959
-1   1.4653606789734295
-1   2.4075062990095359
-1   1.6505065179821132
-1   1.7144192964829146
-1   1.6159735078346689
-1   2.0039496909229104
-1   1.4560950887722215
-1   1.6216117416735223
-1   1.5998327533784584
-1   1.6409427306706448
-1   2.3230333716884974
-1   1.5794981685544518
-1   1.4519821024923885
-1   1.4350983341069197
-1   2.4975796333728946
-1   1.6840903164422074
-1   2.1245067535457394
-1   1.1936572539780435
-1   1.4928878847575588
-1   1.7361814167439045
-1   1.4176820179882148
-1   1.3751348594503419
-1   1.6138364502258593
-1   1.2400215485118788
-1   2.3961939879913956
-1   1.5960890246421142
-1   2.0917619366117628
-1   2.238795750070123
-1   1.8702419383454969
-1   2.1883535452099707
-1   1.8688471680924992
-1   1.9580655567060248
-1   1.1351970573051091
-1   1.7459512179981229
-1   1.7448496633074368
-1   1.0606918044655418
-1   1.5021466421611938
-1   2.216664409847263
-1   1.8961835946591288
-1   3.0932787043057597
-1   1.794582810435132
-1   1.5252214369384087
-1   2.6846291913459903
-1   1.229193564115328
-1   2.5807606483995054
-1   1.677495882972956
-1   2.3328695026092117
-1   2.6891064057258305
-1   1.926062966190607
-1   1.1419366090216472
-1   1.4195039227318309
-1   1.6554817292426702
-1   1.058178381720376
-1   1.9335676007049343
-1   1.0561719232211908
-1   1.680261545633384
-1   1.2049011836027752
-1   1.2647616187780046
-1   1.5475577683753752
-1   1.2221185029212431
-1   1.9643712179962058
-1   1.7373298263308041
-1   2.0499180559333388
-1   1.8764978203136522
-1   1.3419931005137506
-1   1.5090412376803086
-1   1.7956516881301168
-1   1.4012811323885386
-1   2.3029993006442044
-1   1.4724115114030769
-1   2.1626084200225018
-1   1.8747971134544699
-1   1.9992657573456687
-1   1.9725827900643527
-1   1.255441806561332
-1   1.3027135555221494
-1   1.2646191731136736
-1   1.8683381195502551
-1   2.0703413744755004
-1   2.0492914175543437
-1   1.8716338142019078
-1   1.2049368004601568
-1   1.1636974262909123
-1   1.6768645435276741
-1   1.6933204821423136
-1   1.4797748387283891
-1   1.6771813483106608
-1   1.6967393563299837
-1   1.4545765273322349
-1   1.3496585486451311
-1   1.9221565024348157
-1   2.0257454417232905
-1   1.8508491876497941
-1   2.2012032568338662
-1   1.7013082820260914
-1   1.8502286543025441
-1   2.4219333631563646
-1   1.836332591760685
-1   2.2791089390344852
-1   1.613612440678954
-1   2.5350309751149549
-1   2.4833216709837758
-1   2.2282106775388923
-1   2.6866518876273906
-1   1.3566645414968903
-1   2.1145102182804814
-1   3.2683971770746223
-1   2.1709276494363086
-1   1.6504044802767042
-1   2.4471264334938554
-1   1.6078838850824506
-1   1.5177888212295323
-1   2.1022035028561445
-1   2.3185732217250608
-1   1.7072986614221852
-1   1.5704722213727118
-1   1.7198561376211288
-1   2.3670108564639696
-1   2.5897996424486167
-1   2.027413524027927
-1   2.3593427513883243
-1   1.5224409495991478
-1   3.8138464985330929
-1   1.0789389514089089
-1   1.9436007005262739
-1   1.1026404439502426
-1   1.2219713388331999
-1   1.0576758873024432
-1   1.7618842319545829
-1   1.1373339007187606
-1   1.309782354207873
-1   1.7595260202726832
-1   1.9150784918116952
-1   1.2011575743102831
-1   1.3351766317596725
-1   2.0516543789182795
-1   2.6230393240886904
-1   1.5642072442927426
-1   1.4655075316911854
-1   1.6725880617343298
-1   1.9637713656500035
-1   1.783931355276136
-1   2.918469265660137
-1   1.2502738816873216
-1   1.9828832263931031
-1   1.0127731133595717
-1   1.0266813023224604
-1   1.6871714016500712
-1   1.0063019468691126
-1   1.4266738227248741
-1   1.043485703302057
-1   1.7812628039662335
-1   1.8039840093671078
-1   2.2560364738101799
-1   2.4339915576774933
-1   1.8664558932422932
-1   2.0755417865915846
-1   1.5819454551651977
-1   1.9783189634995852
-1   1.9759117738700764
-1   1.1607833497082407
-1   1.5255754604663965
-1   2.2288878844162769
-1   1.9323619031506523
-1   1.8407995485659638
-1   1.1873540078604548
-1   1.3410103312643953
-1   1.7920274819912163
-1   1.890942982032239
-1   1.8003567901946607
-1   2.0315062184026811
-1   1.9116956777759548
-1   1.131227692124902
-1   2.4987454021197366
-1   1.1379627246819162
-1   1.8425648158129397
-1   2.0544428453312453
-1   1.8272783068912584
-1   1.1488069121085511
-1   1.2428758834218863
-1   1.4073866376392488
-1   1.417992816043647
-1   3.6310045747430282
-1   1.2176259706191976
-1   1.5992420348373741
-1   1.3752875327852694
-1   1.4043354293060895
-1   2.4396728023801897
-1   1.3555372731370581
-1   1.6328349249041643
-1   2.0030601102906966
-1   2.7176884255497105
-1   1.9831623616355709
-1   1.7298815104780441
-1   1.3081836080849474
-1   2.0762452239528293
-1   1.9779076128196422
-1   1.6809415727552124
-1   1.9897991758923661
-1   1.303755808103902
-1   1.6952421908191049
-1   1.0522776536241676
-1   1.101513707859844
-1   1.5340559496783017
-1   1.828762692885975
-1   2.8659073610683508
-1   1.7430436832178517
-1   1.0187287652855739
-1   1.3273836125220557
-1   1.8333420697200022
-1   1.8878207164957748
-1   1.7176181868513929
-1   1.2993196846358048
-1   1.0151579664679353
-1   1.5828013815569557
-1   1.9154547244141864
-1   1.9884407804588715
-1   1.0057643652213575
-1   1.0042156234137116
-1   1.0353347233324404
-1   1.3929542040562779
-1   1.0282283259182754
-1   1.6969593981779387
-1   2.257754947954727
-1   2.1756128848246776
-1   1.3820666529158823
-1   1.2710350813101643
-1   1.3304108753936021
-1   1.3316648182018538
-1   2.5501583795850054
-1   2.6490869974041011
-1   1.0622855845272574
-1   1.1511578631764359
-1   1.7374005326219657
-1   1.7724964995688097
-1   1.9269002696787196
-1   1.2540973788266436
-1   1.1875134194195811
-1   1.2313757799032228
-1   1.8275512196741555
-1   1.8761893265147918
-1   1.8768099551288824
-1   1.0580034652420693
-1   1.0268908131359935
-1   1.0747568092075053
-1   1.0485865511301415
-1   1.0255994655368728
-1   1.9785168136486004
-1   1.5103776461777674
-1   2.3090694706637893
-1   2.2463281841145006
-1   1.6304355936619652
-1   2.1583384894137394
-1   1.7955237609534942
-1   1.4803637828788765
-1   1.8999841892984795
-1   1.1798631879075565
-1   1.547828877904974
-1   1.3658601389565421
-1   1.0088851295999619
-1   1.0124792865252124
-1   1.0164757240854716
-1   1.9905962454322372
-1   1.0314340685797703
-1   1.8332847610024876
-1   1.0557260143306453
-1   1.9796511807916946
-1   1.0337616963623044
-1   1.1230562757245777
-1   1.3775335782160123
-1   2.4791315124791038
-1   2.2673423977497107
-1   2.4169769910188661
-1   2.6727220915245349
-1   1.6796206156773104
-1   1.5414338143421875
-1   1.9144070729425846
-1   2.0190459432547523
-1   1.6865334603726474
-1   1.6216934615217231
-1   1.4043544645015518
-1   1.9932894077574574
-1   1.2369807771305801
-1   1.6725293612833441
-1   3.152608185590458
-1   2.3754398070528078
-1   1.2551279815219198
-1   2.8150532427757611
-1   1.8487050325674734
-1   1.8193494039644977
-1   1.7176115630154691
-1   1.373539136399955
-1   1.0926763833079987
-1   1.9690388501322231
-1   1.01782828556947
-1   1.0231030955732368
-1   1.2196407897224431
-1   1.1917019209088717
-1   1.8162205430954241
-1   1.8051065724122175
-1   1.0827351288285831
-1   1.1053108364890036
-1   1.1134043492175698
-1   1.9720833001155045
-1   1.6702107279867136
-1   1.5107055493899306
-1   1.8212014778090491
-1   1.9791300826895237
-1   1.3261932629447351
-1   2.4810402574019625
-1   1.8618804121376815
-1   1.9590857815527807
-1   2.9234766388376996
-1   1.0137356044935633
-1   1.0293024981837138
-1   1.0110521050837127
-1   1.9109919002111968
-1   1.0345892296819887
-1   1.1311416491209747
-1   1.1524902799675827
-1   1.0795502924372238
-1   1.8342627573207833
-1   1.1978532042544912
-1   1.1918013240187724
-1   1.0968957227436966
-1   1.8539808158331104
-1   1.198999674990175
-1   1.8187867784697014
-1   1.9480614542875689
-1   1.929776391304967
-1   1.2392021031686014
-1   1.0870899656455204
-1   2.7495842713952752
-1   1.5986917352740413
-1   1.955725268412785
-1   1.1403826085102158
-1   1.8316813889949564
-1   1.7631340327075606
-1   1.3054923876849891
-1   1.9932036735129501
-1   2.4739112448166347
-1   1.9417423752220264
-1   1.3086913733540124
-1   2.0463132784346874
-1   1.992922558227797
-1   1.3759342498088569
-1   2.6013778198526252
-1   2.3742884070071555
-1   2.0201753655186203
-1   2.8880283846179871
-1   2.0476554992146752
-1   2.9514380541794893
-1   2.8465847693234529
-1   3.8672260982080537

0   0.032871794962311518
0   1.0025281009364995
0   0.68525548501233535
0   1.0392250132438592
0   1.002588580925557
0   1.246808541488257
0   1.0137117583344224
0   0.16168296860765485
0   1.4625293606745149
0   1.0499308475352878
0   1.0029906125871184
0   1.99733554500511
0   0.6069001361975912
0   1.0277305837029758
0   1.003686497005795
0   1.6916879150865474
0   1.2696920912668086
0   1.9626934378862937
0   1.7740902506723324
0   2.8101561235119878
0   1.0017673792734056
0   1.6690995881368393
0   1.0030158669434643
0   0.9753329735395333
0   1.1219078697719482
0   1.8969776364117386
0   1.8942948440003633
0   2.8018684042097024
0   0.52709888560688722
0   1.2082334722161867
0   1.0908357651863927
0   1.816095361572136
0   0.30687493167247382
0   1.0953749046232517
0   1.0020442269632643
0   0.67830757943625364
0   2.686385132780313
0   0.071249998000259218
0   1.8796632398365531
0   1.6313883679510353
0   1.4258766342551772
0   1.0021823012270528
0   0.79860108911931982
0   1.9518264055529313
0   1.0022826214898062
0   1.0960217144530593
0   1.9940693913079173
0   1.0998559262943215
0   0.25210104788827015
0   1.7060894630664256
0   1.0111824550204358
0   1.3396435290780753
0   1.9614448139785168
0   1.9472092608261438
0   1.0338397317284145
0   0.86966277384672241
0   1.5050363653130567
0   0.30328565223931148
0   1.0154573004645173
0   2.4298267238918521
0   1.0642356871224128
0   0.83617797381449988
0   1.6690308051971656
0   1.0297697987895402
0   1.0354400387647225
0   1.1400377072072565
0   1.5356440703854815
0   1.8249171527576484
0   1.1566156389228628
0   2.3137194693094543
0   1.3318642876466507
0   1.0227355252672148
0   0.78702654651937576
0   1.7985062950664044
0   1.6147485015953249
0   2.7455176339468665
0   1.7796291911091284
0   1.1691171072870883
0   1.0358019515240982
0   1.9717948425456564
0   2.5083559951353704
0   1.7203255264677804
0   1.6771314800215604
0   3.3556354670745701
0   1.9582122480145068
0   1.8487257343921919
0   1.1798085962786999
0   1.9168035413909834
0   1.4594020240036525
0   2.3263645828380519
0   1.6596551820142897
0   1.2646035812110614
0   2.105054657131546
0   1.740838547549405
0   1.7344328369603104
0   1.6533680219423745
0   2.0651804005406711
0   0.62609132715346982
0   2.3329224378374125
0   1.2851784909794288
0   1.1957369794356145
0   1.972854869190122
0   1.8225970709278889
0   2.3145224475911736
0   1.363876750072434
0   1.7342358130416122
0   1.4238687970995563
0   1.6443900497088966
0   2.4835377420661859
0   1.7045709323794189
0   1.5786763349315733
0   1.6725308595167476
0   1.4017185445045957
0   2.0195281494545205
0   1.8928670882594476
0   1.3145128327429643
0   1.5086769310539712
0   1.6195592450891092
0   1.0921749172606845
0   1.1551614710251139
0   1.9311871679221539
0   2.4181780069698786
0   1.3517045321464589
0   1.7433248555761289
0   0.57937625773204471
0   1.1633952213220737
0   2.7148496135944051
0   1.2822548598187324
0   1.0961083562973524
0   1.4535941829978192
0   1.0179021695914603
0   1.5826942307517617
0   1.2413903221268778
0   1.3100081758811808
0   0.45142100739597191
0   1.0316954031485306
0   1.0434982052617172
0   1.6555642439087457
0   1.0060580393059757
0   1.9734694007421134
0   1.9601405334885409
0   1.3185351271579875
0   1.0202516616668644
0   1.1226066607194782
0   1.5866600811456868
0   1.0064213888514568
0   0.19966130973939544
0   1.9044054567284059
0   1.8939845434429445
0   2.4860134786855239
0   1.7909121113540012
0   1.9342876712714001
0   0.63720578051003285
0   2.0740752263965869
0   1.5423652804057144
0   1.8553492813978809
0   1.9397305830153186
0   0.61225511802861599
0   2.2586152197393199
0   0.67126480536362565
0   1.6921961065446056
0   1.1464041986883393
0   1.1045401739014586
0   1.1809268324596229
0   1.9381356816664415
0   1.7570163600468893
0   1.8545939427670306
0   1.1323668922654988
0   1.2712666718225489
0   1.1284516999923764
0   1.3500656179003307
0   1.4556089515356219
0   1.8751744439195748
0   2.2540917503507658
0   1.7040229341299677
0   1.6002348481114455
0   1.1719942823004963
0   1.9204706558725375
0   2.2106330896164437
0   1.3726645020535118
0   1.1962805303935833
0   0.977895273402827
0   2.5061918475494953
0   2.5232286719645085
0   1.2320453250885584
0   1.8123997372037608
0   2.7319127968097474
0   2.0519611902302732
0   1.8769130645072951
0   1.0522472281805264
0   1.5076840342943152
0   1.6030844050185147
0   1.0749643410667742
0   1.6835543534812829
0   1.5318144747335838
0   1.1603998779992371
0   1.636700697692985
0   1.8884326694416882
0   2.0721807563219454
0   1.4358576487362764
0   1.6890694871733767
0   1.1985757770740988
0   1.5891014150904073
0   1.1485377458047443
0   1.3362365652554511
0   1.6843557724839151
0   0.42204236675902174
0   2.2754527886832543
0   2.0192371555560285
0   1.1047730771936473
0   1.212337908962078
0   1.5562148457388836
0   1.3869870616042246
0   1.5081796486778205
0   1.0773950315615897
0   2.1532797755029005
0   1.9676562989188398
0   0.77225676144643352
0   1.8880066033674345
0   1.4254857515883561
0   1.1719737509875787
0   1.3477852932191612
0   1.9046728987124744
0   1.5630464328829965
0   1.5634786517231416
0   1.6794142834261589
0   1.9322354005589175
0   2.0941670335771594
0   1.7531622059013738
0   1.0076441418013387
0   1.031915620231544
0   1.022081218030932
0   0.60276702955680683
0   1.9842984244686575
0   2.0109892607189961
0   1.9641329392162721
0   1.8369122517020928
0   0.25644566528313961
0   2.3589215801265309
0   2.4377603458891146
0   1.5563742630422501
0   1.5565173510030492
0   2.2413333148144967
0   2.3358654544742548
0   1.0517465876092023
0   2.4054240028880689
0   2.3649518740213558
0   1.0458515133899629
0   0.88215615101455613
0   1.9597948186126115
0   1.0135163526815032
0   0.080631227355689616
0   1.0129528806706702
0   0.82246129647180544
0   1.3315727931574615
0   1.9544983232275666
0   1.018787445134554
0   1.0066727549159307
0   1.9746700401634025
0   1.0752944304485164
0   1.9328191246145936
0   1.3123325388261919
0   1.3069543612383694
0   1.1842183267799327
0   1.0135336052831314
0   1.3078226860269075
0   1.3128287903963352
0   1.135227152941604
0   1.2207355291294832
0   1.3557463954568392
0   1.0291887367611574
0   1.1359702224069053
0   1.1765713514420417
0   1.6262897645355676
0   2.21786486695986
0   2.5876818616923778
0   0.9753320043456406
0   1.0363301999670187
0   1.9401502716625627
0   1.9538729666293531
0   1.3612571881155617
0   0.58116139373777043
0   1.0122324644613927
0   1.8399701061229767
0   1.5944341897462393
0   1.9813450485513973
0   2.3099704009178335
0   1.3722289270693937
0   1.8821884331699836
0   1.010519257885846
0   1.0187466432457482
0   0.81150570022325352
0   1.1973705618258264
0   1.9708586450551859
0   1.8304018934067838
0   1.6859118042123855
0   1.6639118429029223
0   1.0470123865136991
0   1.0495203230454535
0   1.5632281638404839
0   1.0349488892911287
0   1.836251603356259
0   1.8584386117392722
0   1.7470220600032782
0   1.3798469244741787
0   1.9049017529249892
0   1.7202793259260321
0   1.8594081592286149
0   1.9230690095209186
0   2.5561289680226484
0   2.2530069010267622
0   1.0391914840978551
0   2.376809502574158
0   1.8987034862767125
0   2.8819932244075641
0   1.2065364604574342
0   3.2536725744689621
0   2.0522537099361258
0   1.9362890745293431
0   2.8155044096871586
0   1.5472004217434203
0   1.8792161669171317
0   1.3220501514789789
0   0.51274678231270543
0   1.5321923722119464
0   1.0612501593611929
0   2.3574769057546221
0   1.9142695994834789
0   1.9502505905148135
0   2.0630055206179607
0   1.3011374490303136
0   2.6065075698302853
0   2.4355564031070802
0   1.9845473152738884
0   1.9296104535679079
0   1.0743235317017414
0   0.43395824744178402
0   3.855088128267119
0   1.015383070481497
0   1.0212685538084623
0   1.9341043714336128
0   0.32200030880477615
0   1.0384610754741208
0   1.0013746414259417
0   1.8790389842208124
0   1.013356276436701
0   0.20228496487208458
0   1.2650570614059784
0   1.0412509461758654
0   1.5236071939880826
0   1.8455935540500019
0   0.4655985466592808
0   1.0716380054702539
0   1.0573440018642299
0   1.9055603992218999
0   2.2094038256954218
0   1.3848642269647167
0   2.1235101653899209
0   1.7793967305998502
0   1.0107569773420433
0   0.76738416517210339
0   1.4943956319815965
0   1.7128366101372312
0   2.9568151510872829
0   1.0042392014933892
0   1.6295383841177302
0   0.92729390106557164
0   1.0126373168126614
0   1.0174351489426752
0   0.87144643018002199
0   1.003970752072701
0   1.6529492733910254
0   1.0040493693813186
0   1.0611988385605278
0   1.4758727652034564
0   1.4567604068553861
0   1.7714732511963862
0   1.8249446434843328
0   1.8001398026430588
0   1.6651900557836603
0   2.0021816489497288
0   2.4814641862042204
0   1.613683417127441
0   0.94401268812485495
0   0.97992721946829731
0   1.0015598202842455
0   1.0685235991476849
0   1.3325191155177589
0   2.830692541107644
0   1.8465328902895299
0   1.7816246553808326
0   1.3071842204516015
0   1.3188581449262717
0   1.004620439268149
0   1.0110761663403096
0   1.9807057498258605
0   1.9942970501523725
0   1.3974752151958973
0   1.779374374991932
0   1.0020217684789152
0   2.8399023519525608
0   0.65424113901510017
0   0.26623693127062409
0   1.0253578381038457
0   1.7704648502948759
0   1.4723177729202885
0   1.0034871431352557
0   1.9918616060347452
0   1.05471503089944
0   1.7035287715000327
0   0.66369297008749384
0   3.4565869581616937
0   1.4632061212454357
0   1.4166857113822238
0   1.2438540595878302
0   2.0897076244396446
0   1.5162609309879542
0   1.0168894492594789
0   1.171005376472277
0   1.4961532746457771
0   0.78196471158534364
0   2.3272136451979049
0   1.4870725616967455
0   1.0865075700454958
0   1.4373622268620487
0   1.3668169159012837
0   1.5791446570157452
0   1.5125388754628384
0   1.7805844484124465
0   2.3595757146862257
0   2.2014550285263303
0   2.1531569109728412
0   1.1516126116822101
0   1.2982999224335361
0   0.67793753003542201
0   0.59863177502639209
0   1.6143921575725906
0   1.9969265222602393
0   1.3272406119278286
0   1.0078182602199908
0   1.004851151183574
0   2.6522367073360891
0   1.7811861239386113
0   1.0096004613639042
0   1.0025947202158567
0   0.68976309225055155
0   0.39838992243506177
0   1.0037361036334149
0   1.980061185712819
0   1.9782030911411836
0   1.9963056746291445
0   1.0009208265260723
0   1.0033941805120621
0   1.9853459322615152
0   1.9181403089559965
0   1.0043213019589505
0   1.000688498471255
0   0.048918362741031118
0   1.03740114768867
0   0.027146452461981996
0   0.053059141126387876
0   0.50252198690172323
0   1.0339430310967346
0   1.0044357069662404
0   1.8431284237093113
0   0.29037383254403415
0   1.949480379238147
0   2.9519174773570098
0   1.9021968193777816
0   2.8896891038036872
0   1.0336316867432584
0   1.0008832762825035
0   1.0793733503167666
0   1.9935676643071054
0   1.8952112238560326
0   1.0078754103682057
0   1.0130880274781555
0   1.0353514992823116
0   1.5163510149058501
0   1.0789874875268914
0   1.0322004174889745
0   1.9383754283977308
0   0.5040402755705673
0   1.0023660451314405
0   1.0024046820812424
0   1.9816311781706819
0   1.9425472840884059
0   1.0625179212006493
0   0.29657240124899231
0   1.0264626924957725
0   1.005105453921227
0   0.22386653208661178
0   1.0089356638699596
0   0.071395695675319226
0   1.0092774159761422
0   0.83131133056289919
0   0.15450119740341084
0   1.3112343423617416
0   0.23390409147449565
0   1.6533528197377887
0   2.5911690633544411
0   1.984111010014062
0   1.8218817039395168
0   2.1288110618236762
0   1.5897195150893522
0   0.37192118219573889
0   1.9850108308115719
0   1.9819423006904242
0   1.1345274694683056
0   1.0358939057267984
0   1.095142270227158
0   0.055825671664091248
0   0.063389286764464869
0   1.0041770083996728
0   1.0036042602218072
0   0.58315285905868808
0   1.0038819351308694
0   1.8026106543581255
0   1.0177745565642846
0   0.92638898551743276
0   1.0082611107758277
0   1.9690382906180171
0   1.196874542507808
0   1.6366970678504456
0   1.0374735086468225
0   1.0066064849415788
0   0.5547191240007503
0   2.7473854555556829
0   1.9408093981955576
0   2.8125135902029847
0   1.824426901190622
0   0.81369080319378395
0   1.0196508749909674
0   1.8788061393666422
0   1.8740797317726985
0   1.2965956230176572
0   1.1746954038300348
0   0.56365845244652979
0   1.8399211927592711
0   2.6208302996384276
0   1.9753180890411337
0   1.5814813603473903
0   1.145753658545974
0   0.45227329358998225
0   1.2130384190637025
0   2.1349128401726505
0   1.9635500722775419
0   3.0921013485808584
0   1.4869071667863962
0   1.425581465262231
0   1.9533852588175313
0   1.9954657460388989
0   0.98047764392754777
0   1.3108318200930213
0   1.0783159739163961
0   1.9370931083317533
0   0.051790166449109498
0   1.0044441882272201
0   1.0046639014532111
0   0.25503182128692359
0   0.46573575378870014
0   1.005078383478013
0   1.0045481197856054
0   1.1149210505312497
0   1.8383483706855173
0   1.8838521991100148
0   1.4949159962565834
0   1.0069878306060118
0   1.1919628322137579
0   1.0222508645198727
0   1.8854967493806418
0   1.7104014899814031
0   0.97886347486337044
0   1.0068844460102717
0   1.131374162209293
0   1.4280939029565332
0   2.8546310256924015
0   1.9688076978083151
0   1.8442672724347675
0   0.056182909562160877
0   2.9194959644644802
0   1.0008339902603571
0   0.098553595537626215
0   1.0073164057951467
0   1.0017880520074069
0   0.12801314850375067
0   1.9874014871184609
0   1.0149085445991857
0   0.10453358242323574
0   1.0181566728968139
0   1.0167217975322462
0   0.33954767153139942
0   1.0101822578917927
0   1.986115332971139
0   1.1407141288512135
0   1.0312776345472587
0   1.0130153674284132
0   1.9225611048577393
0   0.39523621211164528
0   1.0470276911481287
0   1.9391223078575877
0   1.8108846504136995
0   1.9517103031583054
0   0.41958150869577282
0   1.0959101414137848
0   2.7909674909204374
0   1.0173335919539512
0   0.79012512017165304
0   1.993938789755787
0   1.3133996407771809
0   1.0363765308926287
0   1.8974814306263084
0   1.9920218410600832
0   1.0752424809163981
0   1.9017262735846856
0   2.3697047232976756
0   0.84038401402902352
0   2.0758962695114223
0   1.0654901049098575
0   1.9551580036224623
0   1.8726920140424439
0   1.3126572066739017
0   2.9386802993622423
0   2.0351354997921836
0   1.9864122980397982
0   2.8546459388442482
0   2.0315263748757491
0   2.9564293699583102
0   2.8498493783481358
0   3.8605922958363488

1   1.0235115426858787
1   1.0722864318008756
1   1.1252537242378295
1   1.6533297264110156
1   1.0528377041536152
1   1.4334685487224932
1   1.4080915812796666
1   1.1306780977031108
1   1.6897200217171471
1   1.3618012512013162
1   1.9120077306808274
1   1.2274912438819432
1   1.8783926578407795
1   1.8167608984192185
1   2.842494775661256
1   1.0305589203544625
1   1.9429867211825771
1   1.2437636506352681
1   1.1148234193226563
1   2.0533466795725923
1   1.8724697316262517
1   2.8013419717438643
1   1.2629806301143995
1   1.1120881496369008
1   1.909996169064025
1   1.020257768093416
1   1.3541095839167461
1   2.6055672078319168
1   1.7597994192067414
1   2.0737365649229265
1   1.0547618248532975
1   1.3489142028338448
1   1.3464771378903118
1   1.562197001573467
1   1.3403146202540708
1   1.8425548944749948
1   1.3397243675210444
1   1.4085851210693183
1   1.3949838089940376
1   1.6601484564102087
1   1.7744860188002374
1   1.269527084361934
1   1.5868339726068483
1   1.3313520900343094
1   1.3998580357066253
1   2.7524256664828601
1   1.1211529156717823
1   1.2309079718438287
1   1.7690980535335026
1   1.3392724632876953
1   1.091563962891468
1   1.874379071180118
1   1.817274249965469
1   1.9069651179899645
1   1.8642344580982186
1   1.2438509297123075
1   2.0363185579936554
1   2.1533285759337946
1   2.1310275372857581
1   2.4735305030164638
1   2.4543934404735168
1   1.8089102751807338
1   1.4907891813158567
1   1.9336396168285006
1   2.36021845953579
1   2.9532785869042075
1   1.823067672890117
1   1.6925172481139006
1   1.6533545109811816
1   1.992241187010233
1   2.3123277067327308
1   1.9307874748933123
1   2.0714931260299312
1   2.5394225742409247
1   1.8569444785661036
1   1.7255715719074307
1   1.7421452889301197
1   1.6154115814900285
1   1.8078042065665039
1   1.7262262894130793
1   1.7508168995606828
1   2.6508381057349673
1   2.0212735666667654
1   2.322747913644994
1   2.022350258009439
1   1.8861337225968291
1   1.5058743166577497
1   2.7505121512067059
1   1.8205365281588093
1   2.1946635813775601
1   1.5720533433544359
1   1.3949542401593762
1   1.6201772668788235
1   1.7593569422995059
1   1.2532999977209922
1   2.4256314905215586
1   1.8943386703648786
1   1.4850627464029145
1   1.0650710109894357
1   1.9307771898776571
1   1.2747640200005728
1   1.6526755867186136
1   2.8192253387212993
1   1.7782064237673127
1   1.9877639057450507
1   1.1393267342371622
1   1.336669335909872
1   1.1453324121284389
1   1.9167031178303251
1   1.1029763338249852
1   1.8668053566389369
1   1.8221339714442433
1   1.9177508731641999
1   1.1644662324340074
1   1.0829966053731108
1   1.0685962269492002
1   1.9257780922420853
1   2.1783691805942329
1   1.8981972696798186
1   2.2315205370052222
1   2.1039878833560963
1   1.6677426878192354
1   1.5668012428782458
1   2.4198915712236309
1   1.6401517807186439
1   2.4993510629432123
1   1.4037720767309967
1   1.2439742855389773
1   1.8114796548232981
1   1.8816312502713441
1   1.7637504328373206
1   1.5601593086230374
1   1.8334480558626507
1   1.5090038263839687
1   1.5459060481826734
1   1.7307516351439531
1   1.3364764266269871
1   1.4201927605402103
1   1.8384505229555232
1   2.0766733076686781
1   1.7691575285947154
1   1.7843670473158721
1   1.6793655308282229
1   2.0479366952955265
1   1.8319624121999198
1   2.573605797164447
1   2.0948183838519387
1   2.7330057528187912
1   1.8765489442102194
1   2.4930289453147605
1   1.4653606789734002
1   2.4075062990095861
1   1.6505065179821181
1   1.7144192964828759
1   1.6159735078347222
1   2.0039496909229593
1   1.4560950887722306
1   1.6216117416734708
1   1.5998327533784433
1   1.6409427306706279
1   2.3230333716884108
1   1.5794981685545855
1   1.4519821024923503
1   1.4350983341069197
1   2.4975796333727893
1   1.6840903164423806
1   2.124506753545738
1   1.1936572539780559
1   1.4928878847575544
1   1.7361814167439165
1   1.4176820179882266
1   1.375134859450319
1   1.6138364502258646
1   1.2400215485118871
1   2.3961939879913841
1   1.5960890246421369
1   2.0917619366117894
1   2.238795750070111
1   1.8702419383454494
1   2.1883535452099845
1   1.8688471680924961
1   1.9580655567060234
1   1.1351970573051031
1   1.7459512179981225
1   1.7448496633074346
1   1.060691804465546
1   1.5021466421616831
1   2.2166644098472408
1   1.8961835946587122
1   3.0932787043057743
1   1.7945828104351267
1   1.5252214369384132
1   2.6846291913459988
1   1.2291935641153375
1   2.5807606483995249
1   1.6774958829677415
1   2.3328695026091704
1   2.6891064057294036
1   1.9260629661906097
1   1.1419366090216354
1   1.41950392273181
1   1.6554817292426853
1   1.0581783817203709
1   1.9335676007049356
1   1.0561719232212028
1   1.6802615456334022
1   1.2049011836028183
1   1.2647616187779873
1   1.5475577683753543
1   1.222118502921246
1   1.9643712179962023
1   1.7373298263306762
1   2.0499180559333547
1   1.8764978203136504
1   1.3419931005139034
1   1.5090412376802829
1   1.7956516881300919
1   1.4012811323885763
1   2.3029993006443061
1   1.4724115114029401
1   2.1626084200224849
1   1.8747971134544925
1   1.999265757345658
1   1.9725827900644193
1   1.2554418065613449
1   1.3027135555220584
1   1.2646191731136751
1   1.868338119550256
1   2.0703413744755319
1   2.0492914175543011
1   1.8716338142019149
1   1.2049368004601604
1   1.1636974262909219
1   1.6768645435276799
1   1.6933204821423082
1   1.479774838728404
1   1.6771813483106404
1   1.6967393563300655
1   1.4545765273321414
1   1.3496585486451407
1   1.9221565024348175
1   2.0257454417232994
1   1.8508491876497963
1   2.201203256833844
1   1.7013082820260519
1   1.850228654302525
1   2.4219333631564535
1   1.8363325917607489
1   2.279108939034451
1   1.6136124406789429
1   2.5350309751149234
1   2.4833216709837989
1   2.2282106775389803
1   2.6866518876273484
1   1.3566645414968206
1   2.11451021828046
1   3.2683971770745726
1   2.170927649436353
1   1.650404480276717
1   2.4471264334938363
1   1.6078838850824613
1   1.5177888212295496
1   2.1022035028561215
1   2.3185732217250039
1   1.7072986614222336
1   1.5704722213727198
1   1.7198561376210808
1   2.3670108564639629
1   2.5897996424486731
1   2.0274135240279483
1   2.3593427513883145
1   1.5224409495991438
1   3.8138464985330982
1   1.0789389514088599
1   1.9436007005262752
1   1.1026404439502404
1   1.2219713388331768
1   1.0576758873024383
1   1.7618842319546291
1   1.1373339007187673
1   1.3097823542078433
1   1.7595260202726792
1   1.9150784918116943
1   1.2011575743102969
1   1.3351766317596856
1   2.0516543789182982
1   2.6230393240886576
1   1.5642072442927457
1   1.4655075316911679
1   1.6725880617343205
1   1.9637713656500044
1   1.7839313552761467
1   2.918469265660133
1   1.2502738816873156
1   1.9828832263931075
1   1.0127731133595708
1   1.0266813023224575
1   1.6871714016500765
1   1.0063019468691123
1   1.4266738227248725
1   1.0434857033020546
1   1.7812628039662259
1   1.8039840093671198
1   2.2560364738101617
1   2.4339915576774729
1   1.8664558932423332
1   2.0755417865915922
1   1.5819454551652159
1   1.9783189634995906
1   1.9759117738700818
1   1.1607833497082405
1   1.5255754604664147
1   2.2288878844162445
1   1.932361903150646
1   1.8407995485659518
1   1.1873540078604552
1   1.3410103312644039
1   1.7920274819912079
1   1.8909429820322368
1   1.8003567901946655
1   2.03150621840269
1   1.9116956777759557
1   1.1312276921249194
1   2.4987454021197451
1   1.1379627246819037
1   1.8425648158129184
1   2.0544428453312746
1   1.8272783068913063
1   1.1488069121085105
1   1.2428758834218305
1   1.4073866376392592
1   1.4179928160436357
1   3.6310045747430175
1   1.2176259706191972
1   1.5992420348374745
1   1.3752875327852077
1   1.4043354293061521
1   2.4396728023801662
1   1.3555372731371125
1   1.6328349249040968
1   2.0030601102907388
1   2.7176884255496692
1   1.9831623616354701
1   1.7298815104779601
1   1.308183608085024
1   2.0762452239528928
1   1.9779076128196285
1   1.6809415727553767
1   1.9897991758923581
1   1.30375580810388
1   1.6952421908189468
1   1.0522776536241698
1   1.101513707859779
1   1.5340559496783075
1   1.8287626928859928
1   2.8659073610683832
1   1.7430436832178371
1   1.0187287652855728
1   1.3273836125220717
1   1.8333420697200977
1   1.8878207164958285
1   1.7176181868513245
1   1.299319684635726
1   1.0151579664680745
1   1.5828013815568123
1   1.9154547244141504
1   1.9884407804588955
1   1.0057643652213564
1   1.0042156234137103
1   1.0353347233324419
1   1.3929542040563139
1   1.0282283259182601
1   1.6969593981779116
1   2.257754947954727
1   2.1756128848246932
1   1.382066652915821
1   1.27103508130997
1   1.3304108753940065
1   1.3316648182017532
1   2.5501583795850928
1   2.6490869974040043
1   1.0622855845272066
1   1.1511578631765449
1   1.7374005326219852
1   1.7724964995687658
1   1.9269002696786761
1   1.2540973788265424
1   1.1875134194195456
1   1.2313757799031786
1   1.8275512196742025
1   1.876189326514826
1   1.8768099551289112
1   1.0580034652420718
1   1.0268908131359935
1   1.0747568092075122
1   1.0485865511301184
1   1.0255994655368685
1   1.9785168136486382
1   1.5103776461777696
1   2.3090694706636752
1   2.2463281841143785
1   1.6304355936619643
1   2.1583384894135769
1   1.7955237609537376
1   1.4803637828791374
1   1.8999841892984239
1   1.1798631879076695
1   1.5478288779049474
1   1.3658601389565466
1   1.008885129599965
1   1.0124792865252203
1   1.0164757240854854
1   1.9905962454322461
1   1.0314340685797632
1   1.8332847610024685
1   1.0557260143306195
1   1.9796511807919539
1   1.0337616963622931
1   1.1230562757242013
1   1.3775335782160441
1   2.4791315124789555
1   2.2673423977497484
1   2.4169769910190615
1   2.6727220915245251
1   1.6796206156773579
1   1.5414338143420094
1   1.9144070729415916
1   2.0190459432547669
1   1.6865334603737128
1   1.621693461521506
1   1.4043544645018979
1   1.9932894077574161
1   1.2369807771306431
1   1.6725293612851586
1   3.1526081855895711
1   2.3754398070528127
1   1.2551279815217493
1   2.8150532427754791
1   1.8487050325675964
1   1.8193494039645906
1   1.7176115630154638
1   1.3735391363999678
1   1.092676383307998
1   1.9690388501322236
1   1.0178282855694765
1   1.0231030955732474
1   1.2196407897224772
1   1.1917019209088504
1   1.8162205430955676
1   1.8051065724122339
1   1.0827351288285483
1   1.1053108364887514
1   1.1134043492183379
1   1.9720833001150413
1   1.6702107279873935
1   1.5107055493892383
1   1.8212014778090828
1   1.9791300826895291
1   1.3261932629447803
1   2.4810402574019159
1   1.8618804121375625
1   1.9590857815527793
1   2.9234766388377564
1   1.0137356044935661
1   1.0293024981837011
1   1.0110521050837125
1   1.9109919002112714
1   1.0345892296819938
1   1.1311416491208566
1   1.1524902799675292
1   1.0795502924372502
1   1.8342627573209129
1   1.1978532042541397
1   1.1918013240186562
1   1.0968957227436424
1   1.8539808158332907
1   1.1989996749901459
1   1.8187867784696929
1   1.9480614542876582
1   1.9297763913049475
1   1.2392021031685285
1   1.0870899656457449
1   2.7495842713953333
1   1.5986917352739405
1   1.9557252684127731
1   1.1403826085102076
1   1.8316813889956673
1   1.7631340327076179
1   1.3054923876839954
1   1.993203673512975
1   2.4739112448149139
1   1.941742375224023
1   1.3086913733539796
1   2.0463132784346167
1   1.9929225582274439
1   1.3759342498087792
1   2.6013778198530275
1   2.3742884070071306
1   2.0201753655187673
1   2.8880283846179409
1   2.0476554992146885
1   2.9514380541794885
1   2.8465847693235196
1   3.8672260982080875

2   2.0002681388631069
2   2.0004292149048086
2   2.000933594893032
2   2.1376897056106694
2   2.0088301613092523
2   2.8941452859104748
2   2.0028922716851163
2   2.1088591530595941
2   2.0037831454490354
2   2.9092896797002603
2   2.0011975801837525
2   2.0032271626104112
2   2.8765621418819687
2   2.1418357242248236
2   2.0198913637483833
2   2.010100198206215
2   2.0143463895120148
2   2.0179134676774479
2   2.0153326803065896
2   2.8829555518923469
2   2.1354731059371135
2   2.0034157264162755
2   2.0855967772249282
2   2.9635561264302965
2   2.7269158386785919
2   2.7389348172441266
2   2.0304917323463987
2   2.2879545300269357
2   2.2391438932983934
2   2.4104757334756997
2   2.744838658003053
2   2.1089945638012093
2   3.0594510266581785
2   2.5597262199141015
2   2.3508732184225982
2   2.1127430859461911
2   2.8686912453165068
2   2.4563593160258872
2   2.2913213900439531
2   3.2612410135468988
2   2.3660474732286785
2   2.5713294884555835
2   3.0580955654176489
2   2.3157856561893069
2   2.3654285313101022
2   2.3306045265973347
2   2.2481702298497184
2   2.5915530513182672
2   2.2164043633698265
2   2.1106564825139049
2   2.5211247188491761
2   2.3834274131828583
2   2.0113809805285086
2   2.0019041039943084
2   2.0078330005397489
2   2.0071972083974559
2   2.0551820952075697
2   2.1015605384421874
2   2.916999644706467
2   2.5916768087220667
2   2.3702760560933345
2   2.9654587183142067
2   2.0772204459613746
2   2.0673273573536166
2   2.0213528980951754
2   2.1014271524071075
2   2.3190691368351217
2   2.5167035899637562
2   2.0456090252456298
2   3.0466134752174252
2   2.395928429627765
2   2.0931459634103748
2   3.2792872014431849
2   2.5077605382042552
2   2.9346290986898462
2   2.1105842944051902
2   2.7010398534339548
2   2.0449154180026849
2   2.0772041573621749
2   2.0486443001897716
2   2.1055873812740442
2   2.7406510362958576
2   2.2922717574037605
2   2.2578982352603312
2   2.2491659650580282
2   2.1930739424936054
2   2.0675565861862042
2   2.7533729908011568
2   2.4656341492554108
2   2.0159646614362496
2   2.4235503305023398
2   2.0626936992505613
2   2.6726489922597039
2   2.6854886434174805
2   2.7087866528425497
2   2.7047514679571125
2   2.9855356483194346
2   2.3792906194829619
2   2.6661500536684555
2   2.7008195259820167
2   2.055330453866786
2   2.0026395577581084
2   2.0229173591986691
2   2.0264759714147766
2   2.0737817367570894
2   2.2773841883848776
2   2.1408152972008705
2   2.3254203775665023
2   2.4737519809325765
2   2.8169724821970492
2   2.0301336581797167
2   2.0056308724327123
2   2.984279026224288
2   2.0137744400061037
2   2.0070011547987936
2   2.0035885775922826
2   2.0126389363388739
2   2.0263739692805571
2   2.0580184774670269
2   2.1433487887391998
2   2.5130579940198712
2   2.3610719209321851
2   2.1405472948659399
2   2.4051115989110525
2   2.1218137267499997
2   2.7389987327091743
2   2.6706010268273324
2   3.2703109287016807
2   2.8358034503025009
2   2.3095686683058978
2   3.2362865862331529
2   2.6779309415315145
2   2.2783294256762443
2   2.2781376042299848
2   2.6861752872778188
2   2.372014572898856
2   2.4134222757137977
2   2.3096870102594198
2   2.7375764650720571
2   2.5787303210631252
2   3.7673551641791425
2   2.0162795200823678
2   2.0024781175752779
2   2.0320926102969277
2   2.0026110171330211
2   2.4551971936240045
2   2.5179145059901344
2   2.052449787414095
2   2.2010472956947642
2   2.1187436961396333
2   2.7875631915905963
2   2.0199922714764198
2   2.0008362024577959
2   2.9283422238769541
2   2.6710257524592529
2   2.4046646954301973
2   2.0890931614462454
2   2.0040916159423667
2   2.9928710090189581
2   2.0078834293827503
2   2.0009323499207188
2   2.0046179735635894
2   2.007182728449167
2   2.0104053666495791
2   2.0379889773492659
2   2.9037368416259253
2   2.0068728556851867
2   2.0170242617982557
2   2.1277628252873679
2   3.8145470547108626
2   2.1744892626059209
2   2.2058857268146097
2   2.7017047401522758
2   2.832231445778699
2   2.9356757435788925
2   2.3637047300723841
2   2.0600915279810232
2   2.029916165359301
2   2.0763447904733536
2   2.0588831821221576
2   2.9603075124162967
2   2.0003933422376243
2   2.0047039145379744
2   2.0009108207616126
2   2.0039623571493297
2   2.0017211444323753
2   2.0019787588902451
2   2.0046429715259748
2   2.2026039187593587
2   2.1671699449532817
2   2.6743021979121027
2   2.6902410791988798
2   2.1936404070806361
2   2.2017514114275345
2   2.0259754875196605
2   2.0221996266372253
2   2.0013428384433496
2   2.0118348031789339
2   2.5490128579083029
2   2.7777762433059077
2   2.444433499212137
2   2.1681584248372929
2   2.0981613757093589
2   2.1185840621911241
2   2.0026375008202688
2   2.0460626185880662
2   2.1459324961148574
2   2.2283024221206795
2   2.2267702353528609
2   2.7017049952734076
2   2.818753016125187
2   2.0011775399157639
2   2.0157181072180403
2   2.0384861748074847
2   3.4171317681915045
2   2.879552664227091
2   3.001847033124593
2   2.7771614074135744
2   2.1001510945145987
2   2.0534220046744966
2   2.002124955537016
2   2.0027470003525294
2   2.0006982994790872
2   2.0030769454074595
2   2.0213054519037184
2   2.0017536276700327
2   2.9797634459742532
2   2.0138986835071808
2   2.0028252118788643
2   2.9869876144166212
2   2.0021546805443777
2   2.0045272799966485
2   2.0221663865232213
2   2.0084477562528895
2   2.0189908344915999
2   2.009989044372595
2   2.8713676185274259
2   2.0738477054646483
2   2.1437647957043695
2   2.0510910011774794
2   2.0536440526900117
2   2.5075801356553176
2   2.4543892771579001
2   2.1453891213617435
2   2.2069685534773789
2   2.7524425789357472
2   2.1950392972463106
2   2.9723795604263006
2   2.1569198987518994
2   2.9622179913678313
2   2.8772344569266921
2   3.883689684319517

3   3.0000221777242069
3   3.0000341432486457
3   3.0003231975553502
3   3.0009370117322933
3   3.0001828984739305
3   3.0196003802773501
3   3.0069253416410122
3   3.8807877892514533
3   3.0003992410618121
3   3.1274295242300476
3   3.875044069231131
3   3.1429416444199405
3   3.0009770327439038
3   3.0001233130809331
3   3.0044688955696448
3   3.0003106858786031
3   3.0018310817053866
3   3.0001413250994253
3   3.8058864192550459
3   3.0005421822303417
3   3.0188317494997232
3   3.1745949595117056
3   3.0031191023006412
3   3.0423800445384104
3   3.0077965190010962
3   3.0015253999617246
3   3.7672022042872113
3   3.0002437942114879
3   3.2678267451188669
3   3.0000837656137231
3   3.0026943325056812
3   3.0000424112274522
3   3.0015036950025427
3   3.0025914656992683
3   3.306911630269346
3   3.0022383083553756
3   3.1301562822148279
3   3.6195716073976651
3   3.0046802965177135
3   3.0050483541461293
3   3.0632520017935074
3   3.0077525605912525
3   3.9423057757454805
3   3.0000637721685242
3   3.0001224341958297
3   3.0001697692855869
3   3.0010129469549494
3   3.0000717459904567
3   3.0000101811181832
3   3.7916243596194015
3   3.000032030843093
3   3.249919634249304
3   3.0000100003443948
3   3.0016518181388299
3   3.0001069878601747
3   3.0001353146346132
3   3.000004708059421
3   3.0000201103709525
3   3.0273190655218416
3   3.0000101336563443
3   3.9384604555874931
3   3.0000580936017922
3   3.0505348626288744
3   3.000025596307665
3   3.0000325290485783
3   3.0001660520385296
3   3.0000236151726285
3   3.0000705179845739
3   3.000015764670382
3   3.0947826472216198
3   3.0000613350865537
3   3.9243923979355975

4   4
4   4
4   4
4   4
4   4
4   4.0000000000000009
4   4
4   4
4   4

