-4   4
-4   4
-4   4
-4   4
-4   4
-4   4
-4   4
-4   4
-4   4

-3   3.0000260352846837
-3   3.0000405752546868
-3   3.0003709019698031
-3   3.0010906432017803
-3   3.0001171176905306
-3   3.0236119831424402
-3   3.0078382286599239
-3   3.8618091066687983
-3   3.000452324729308
-3   3.1461534154236266
-3   3.8664787996434598
-3   3.1516175413138501
-3   3.0011528071739915
-3   3.0001392627349124
-3   3.0050368694543899
-3   3.000358992363696
-3   3.0021252073073494
-3   3.0001686160692733
-3   3.7995352272867473
-3   3.0006144217195381
-3   3.0234311515496932
-3   3.1708130966880415
-3   3.0035706759931644
-3   3.0489583839844925
-3   3.0092406772928353
-3   3.0016511530488419
-3   3.765809468841999
-3   3.0002798560966357
-3   3.2672813529358313
-3   3.0000965256039946
-3   3.003126966948837
-3   3.0000489418587257
-3   3.0017243092943859
-3   3.003219701971291
-3   3.3019818784941708
-3   3.0023900267495671
-3   3.1710268181078427
-3   3.5859060617217269
-3   3.0053773785089866
-3   3.005771260210762
-3   3.0714899939301561
-3   3.0087923781600323
-3   3.9344756661560005
-3   3.0000739076250209
-3   3.0001396809153915
-3   3.000196764962666
-3   3.0011676802264358
-3   3.0000805109671234
-3   3.0000119172095827
-3   3.758488633432461
-3   3.0000368872268153
-3   3.2871160471958656
-3   3.0000116873575671
-3   3.0018916397480186
-3   3.0001241609344742
-3   3.0001565415015947
-3   3.000005557149672
-3   3.0000231265241295
-3   3.0308897786536697
-3   3.0000121792135586
-3   3.9314667960882907
-3   3.0000665997366496
-3   3.0556777181837411
-3   3.0000297381859458
-3   3.0000377195229544
-3   3.0001954553209242
-3   3.0000265780215489
-3   3.0000424424643488
-3   3.0000168634489359
-3   3.1033949726773438
-3   3.0000728589190584
-3   3.9173687728973938

-2   2.000313956294677
-2   2.0005133122347218
-2   2.0011587308529162
-2   2.1500916252890225
-2   2.0102278397438487
-2   2.8839220748609593
-2   2.0034398504211097
-2   2.1182913379563488
-2   2.0042963906507167
-2   2.900365787116459
-2   2.0014624470391458
-2   2.8765036188243274
-2   2.0036973632214554
-2   2.138318302606987
-2   2.0234493700606691
-2   2.0117446184104546
-2   2.0185432017769678
-2   2.0221044897774711
-2   2.0162751036178754
-2   2.8664953422005652
-2   2.1513211280734637
-2   2.0040112337736664
-2   2.0965576407823501
-2   2.9587837909206773
-2   2.7115732603747191
-2   2.7050648517856097
-2   2.033947509854845
-2   2.3205426569107814
-2   2.2472838371841179
-2   2.5181810813292853
-2   2.6215811943091665
-2   2.1208235057985472
-2   3.047816817475931
-2   2.5847415195545724
-2   2.2992199688994983
-2   2.139279431227453
-2   2.8666401058961557
-2   2.5042199699040837
-2   2.3227466073567276
-2   3.2038340440893958
-2   2.3683820294353044
-2   2.5414019031114297
-2   3.0502467621963509
-2   2.3420228777630454
-2   2.4122358929215393
-2   2.3274984462827693
-2   2.2190332868061753
-2   2.5798343734321927
-2   2.2403372164197419
-2   2.149676078657023
-2   2.4523791129790631
-2   2.4335293940132061
-2   2.0128013413916142
-2   2.0021993249581018
-2   2.0089062225468166
-2   2.0083587940296734
-2   2.0523334064009582
-2   2.118118252717363
-2   2.9091181297680446
-2   2.5601337967606561
-2   2.3840173818203225
-2   2.9531897323575
-2   2.1041613386316813
-2   2.0790797047785454
-2   2.1416962865183256
-2   2.0240910258028055
-2   2.3036827110797078
-2   2.5268870006658175
-2   2.0569627101130958
-2   3.0036886800849114
-2   2.3773050733559762
-2   2.0843594015951199
-2   3.2155827753354385
-2   2.5999295024964013
-2   2.9109504420366306
-2   2.1429568258222425
-2   2.6918896931744558
-2   2.0512358533077215
-2   2.0906707021357556
-2   2.0809736732357917
-2   2.0850618142300679
-2   2.690861288671349
-2   2.3224165696339489
-2   2.2762339985699307
-2   2.2532546292347049
-2   2.2026766706664187
-2   2.0568240080953069
-2   2.7555432455343838
-2   2.4047999661206201
-2   2.020218526204828
-2   2.4766749091310931
-2   2.0698211250383132
-2   2.669173161350606
-2   2.6829658256740085
-2   2.7089736378361264
-2   2.7049373879030294
-2   2.9839385922994124
-2   2.3798145184027106
-2   2.6548764125358857
-2   2.700198624296279
-2   2.0709760020984005
-2   2.003077362334134
-2   2.0312894013664602
-2   2.0339101510135906
-2   2.0771022633637655
-2   2.2693646760387716
-2   2.1392358164192911
-2   2.2964965655889737
-2   2.4999231752681754
-2   2.8088342540859963
-2   2.0347276887459751
-2   2.0061724837870636
-2   2.981542147255813
-2   2.015715170951955
-2   2.0083371442049764
-2   2.004663549288896
-2   2.0151777806615057
-2   2.0311006656914414
-2   2.0729502130270157
-2   2.1782515577500461
-2   2.509773465557934
-2   2.3456042626709612
-2   2.1508305715564489
-2   2.4178068159672765
-2   2.0900322861975962
-2   2.7654553583359163
-2   2.6223965559419176
-2   3.2541204324501729
-2   2.8567718534594295
-2   2.2933453313397298
-2   3.2289803080531727
-2   2.686489378389795
-2   2.2892107035152556
-2   2.3209329590775054
-2   2.6989555538654519
-2   2.3112530457893996
-2   2.411460464817206
-2   2.3333558221162556
-2   2.7190116479930793
-2   2.6279242407128214
-2   3.7275297079213843
-2   2.0182240301180268
-2   2.0028416546763159
-2   2.0386992706172369
-2   2.0031267782127329
-2   2.4593307595938079
-2   2.4983342238877477
-2   2.0567987658084474
-2   2.208590996025277
-2   2.1349962708675432
-2   2.7740475635422914
-2   2.0242271427007972
-2   2.0009901036754294
-2   2.9206415564329258
-2   2.651872103530581
-2   2.4251863858804974
-2   2.0980607330793042
-2   2.0045783870328462
-2   2.991957350003557
-2   2.0089152524160299
-2   2.0011081384546427
-2   2.0054840981624471
-2   2.0087521588234649
-2   2.0119947921987333
-2   2.0441950205698936
-2   2.8864038330876953
-2   2.0082443325878367
-2   2.0180616153690756
-2   2.1494197882252131
-2   3.7850114496174356
-2   2.1827703983402054
-2   2.2131565473428063
-2   2.7079577770463237
-2   2.8243891200482851
-2   2.9296736419859175
-2   2.3680318384370627
-2   2.0834758152033714
-2   2.0302829507813396
-2   2.0777777211980109
-2   2.0668347690640738
-2   2.9549050187513486
-2   2.0004446650749257
-2   2.0057288485871325
-2   2.0010496037125174
-2   2.0045748127903757
-2   2.0019851682106644
-2   2.0023065917307576
-2   2.0052643477766736
-2   2.2011979371299293
-2   2.1683992414533311
-2   2.6502068926621134
-2   2.6670953407162723
-2   2.2117053141155445
-2   2.2125960626860057
-2   2.0410796308368488
-2   2.0345326896723628
-2   2.001564499763353
-2   2.0138582162123337
-2   2.5761130792622668
-2   2.7593852860001964
-2   2.4039830851876545
-2   2.1776006920712261
-2   2.1107855239453297
-2   2.1310460122359598
-2   2.0030141312795169
-2   2.0499056325106304
-2   2.2276134045055249
-2   2.2301018311222025
-2   2.1512411107554721
-2   2.6968721098547555
-2   2.8167485552507068
-2   2.0014862821982007
-2   2.0442866630175582
-2   2.0173032353424163
-2   3.3606403757336709
-2   2.8712792854860494
-2   3.0625937069274691
-2   2.7700861762961355
-2   2.1161552665831582
-2   2.0466134971073084
-2   2.0022997103801492
-2   2.0031660441903711
-2   2.0008083562813845
-2   2.0035251924020381
-2   2.0248052059711377
-2   2.0020505299932947
-2   2.9764684040039087
-2   2.0161682659361508
-2   2.0032703758169998
-2   2.9848522060833775
-2   2.0024752344967234
-2   2.005113861460309
-2   2.0259448042994439
-2   2.0104182075881467
-2   2.0230246044666225
-2   2.0103584091098576
-2   2.8460362288264371
-2   2.0796717244505261
-2   2.1727083033211616
-2   2.0557989689950902
-2   2.0563857425202818
-2   2.4171030079593216
-2   2.5333863013480662
-2   2.1546643732780764
-2   2.1729333768717627
-2   2.7692266410810689
-2   2.2115696978870161
-2   2.9699248476965683
-2   2.1767462443803978
-2   2.9580853215215068
-2   2.8662272397129787
-2   3.8729984082771889

-1   1.0308737121614355
-1   1.0854290538324316
-1   1.1324829048202565
-1   1.6212520849558154
-1   1.0588883806172167
-1   1.4700568832806833
-1   1.3758027886200881
-1   1.1298270313601053
-1   1.3625394244200979
-1   1.7260862359060587
-1   1.9129882227077886
-1   1.2292887067148122
-1   1.8725377916114554
-1   1.8045987086815196
-1   2.8313865145568373
-1   1.0356621220732776
-1   1.9301429988460441
-1   1.2849675615765477
-1   1.1130795384231698
-1   2.0652594379970157
-1   1.8516757503648247
-1   2.7765490917887492
-1   1.3018676155635518
-1   1.1283081027751487
-1   1.8946610883331569
-1   1.0233356250091188
-1   1.4090854436123885
-1   2.554526331869627
-1   1.7181033705556916
-1   2.0881660481999389
-1   1.0588167987875892
-1   1.3587168403623182
-1   1.3945910348256294
-1   1.6542861334979446
-1   1.1879495694331967
-1   1.8055676211845832
-1   1.3940743570480294
-1   1.4595698726082931
-1   1.3827473549281741
-1   1.6441584420883077
-1   1.7816980192221701
-1   1.2494040801940021
-1   1.6195630259012317
-1   1.3491434480295561
-1   1.3907458020289973
-1   2.7345922654994026
-1   1.1271066658850679
-1   1.2568161495200261
-1   1.7384615981491853
-1   1.3851258535838795
-1   1.1058943937673102
-1   1.8567468763459791
-1   1.7947818350377998
-1   1.9196877505799681
-1   1.894778663997517
-1   1.2973701186298008
-1   2.0164531272776722
-1   2.1360530670458444
-1   2.0909501330743461
-1   2.3231065859090951
-1   2.5894637733942218
-1   1.820820284070507
-1   1.5302303636724175
-1   1.9119183336294401
-1   2.8361569708406935
-1   2.4164256198331482
-1   1.834049485735552
-1   1.7531476689061147
-1   1.6042367616761419
-1   1.9402757290471935
-1   2.2934891260663774
-1   1.8352251909047399
-1   2.1715057982396737
-1   2.5692465331788323
-1   2.0455853409135791
-1   1.6130366683544715
-1   1.7165201486964379
-1   1.6132129131042374
-1   1.8551087963309154
-1   1.6753855167367453
-1   1.7474594305777447
-1   2.679554497519343
-1   2.0315159220508869
-1   2.2443740625944173
-1   2.0952844897599512
-1   1.860367739118149
-1   1.4195438052128517
-1   2.7742381639818969
-1   1.8372726980091536
-1   2.1911770253081624
-1   1.5992884146258266
-1   1.3991321302066331
-1   1.5905757846499791
-1   1.7869700157434236
-1   1.2746783210150996
-1   2.335404165634785
-1   1.893825119380621
-1   1.5391451330867851
-1   1.0776310646760114
-1   1.9628702029641203
-1   1.2718595970921407
-1   1.6992650623355874
-1   2.8096167538239909
-1   1.7468722358573494
-1   1.9891591472197576
-1   1.1603892824458852
-1   1.340476715953266
-1   1.1643097175915367
-1   1.9250110829865545
-1   1.1852511308139237
-1   1.8028662246449074
-1   1.8003915822373644
-1   1.9087527701438791
-1   1.1818726197144778
-1   1.102296665155361
-1   1.0792444205755776
-1   1.9121550604596624
-1   2.1392570482283162
-1   1.9186695110900867
-1   2.2362056891118138
-1   2.1557055882635123
-1   1.6737201421026984
-1   1.5651917782918634
-1   2.4095132671716293
-1   1.5491112228659034
-1   2.541462762663433
-1   1.4287007986724833
-1   1.2587055441637423
-1   1.8012450646830129
-1   1.8696416031618912
-1   1.777114794324901
-1   1.6510527590330821
-1   1.776225964877864
-1   1.5447979016927027
-1   1.4904622094111395
-1   1.7237861939554127
-1   1.3524949598105729
-1   1.4586161591659426
-1   1.8269732674349277
-1   2.0751401125885862
-1   1.7068230596797411
-1   1.6126984957424777
-1   1.8005069624186953
-1   2.0172853112542151
-1   1.8662087903403739
-1   2.5201396125222817
-1   2.1465243138518533
-1   2.7926955435511425
-1   1.5425429293806192
-1   1.4507638302695025
-1   2.6437721800777068
-1   2.4294297065804891
-1   1.6761343844759633
-1   1.7085691803307506
-1   1.6559393919571845
-1   1.9865146869721468
-1   1.4930652533598625
-1   1.5487802654945786
-1   1.6564392897938038
-1   1.6512572375474854
-1   2.2975700906574352
-1   1.621438502234255
-1   1.4427676610874738
-1   1.4431099585732443
-1   2.4594304435833174
-1   1.6955452035039662
-1   2.1432901339333492
-1   1.2140125186102724
-1   1.5180816418243874
-1   1.7230620156765117
-1   1.4254001636610745
-1   1.3648575386822139
-1   1.6182140607860642
-1   1.2923985788562535
-1   2.3642520130208156
-1   1.5784288180320609
-1   2.2573080429040933
-1   2.1131691970994999
-1   1.8197046995495278
-1   2.2039349280043754
-1   1.8642739067992031
-1   1.9503804692809772
-1   1.1549527129507944
-1   1.7422466688869211
-1   1.7401024831462748
-1   1.0718590630189047
-1   2.1950695504843907
-1   2.2162869271567804
-1   1.0837147774390852
-1   3.0879735717608705
-1   1.7955625541765947
-1   1.5247343194788452
-1   2.6827027663065124
-1   1.2293218164127424
-1   2.5630087754332296
-1   1.627386549155323
-1   2.3479336457740971
-1   2.7228850988123283
-1   1.9131620821867945
-1   1.1663862487464871
-1   1.4407563583727296
-1   1.6291796271925381
-1   1.0664739882363232
-1   1.9153392334171579
-1   1.0718304593337873
-1   1.6354538379044383
-1   1.262470965775357
-1   1.2583880739515636
-1   1.6149676000529665
-1   1.2221119024346461
-1   1.9698849210732288
-1   1.7286746822633754
-1   2.0290708568924494
-1   1.8697587497878776
-1   1.3350575578279082
-1   1.5115439126090489
-1   1.7673255096972622
-1   1.4039736561311471
-1   2.2524017577672115
-1   1.5364208141116347
-1   2.1767575994337469
-1   1.8614730487334876
-1   2.0017901259700142
-1   1.9937793104411887
-1   1.2618746884490888
-1   1.3190100843201018
-1   1.2423004686091983
-1   1.8515384637116834
-1   2.0435284511983509
-1   2.0635508237403282
-1   1.8643724619141882
-1   1.2433033789485439
-1   1.1900143388526438
-1   1.6947383511862646
-1   1.7028233846958183
-1   1.4517209454507727
-1   1.6940803960888204
-1   1.6076654843119589
-1   1.5539102052285578
-1   1.3624132691226793
-1   1.8828127037238382
-1   1.871946659518875
-1   2.1213367714378903
-1   2.1021995239457683
-1   1.7553356968085039
-1   1.8431567838208824
-1   2.4183277092085853
-1   1.9307746639283883
-1   2.2138197742378001
-1   1.6246933390134619
-1   2.418693227655289
-1   2.4373411568192274
-1   2.3418852014901685
-1   2.6614170198562812
-1   1.8462711807439085
-1   1.670146868267846
-1   3.236482766632756
-1   2.1747821003720378
-1   1.7167289131788928
-1   2.4406278910517578
-1   1.6789165010266434
-1   1.5201171043197288
-1   2.1696912402437274
-1   2.3363432715518679
-1   1.5911368525925362
-1   1.5578318249449938
-1   1.7491591626174294
-1   2.3366919428869073
-1   2.5177302181296879
-1   2.0520830843692961
-1   2.3837333523442212
-1   1.5759197432294925
-1   3.7874697973712008
-1   1.0963340589397712
-1   1.9320739559236215
-1   1.1212123473004074
-1   1.2245315034357551
-1   1.0701118106796237
-1   1.7707578522318252
-1   1.1372359844583209
-1   1.325087671046878
-1   1.7286715016036638
-1   1.9191046796807538
-1   1.2313081195562603
-1   1.3600474283072848
-1   2.0317709495046548
-1   1.5541491768371913
-1   2.5817128262360627
-1   1.5205583047708893
-1   1.7102862166086896
-1   1.9428109736374672
-1   1.7646390178862377
-1   2.9103615060667121
-1   1.2772160568866191
-1   1.9806920619494917
-1   1.0146392697970867
-1   1.0298455529828083
-1   1.6775613403784111
-1   1.0073680898918125
-1   1.4373741775389031
-1   1.0513204154997056
-1   1.7679743234320124
-1   1.7861260232011023
-1   2.2438598120119773
-1   2.407606587694533
-1   1.88153063758004
-1   2.1145059009002649
-1   1.6009916488590759
-1   1.9720247451938508
-1   1.9708565592026601
-1   1.1765128510568608
-1   1.4710361288827922
-1   2.2686988187490877
-1   1.9283469595225209
-1   1.8329345491463309
-1   1.1977305535675733
-1   1.3567714192619034
-1   1.7917355313315215
-1   1.886094068689868
-1   1.8259424714042765
-1   2.0339089619985962
-1   1.8987110528927471
-1   1.1427741868919077
-1   2.4701327176471652
-1   1.1615938562967483
-1   1.8285049194802587
-1   2.0619799857873935
-1   1.8220914363299143
-1   1.1625879586731691
-1   1.2327563738556466
-1   1.4449537854154035
-1   1.4509313695261148
-1   3.5619421644384088
-1   1.2337180087419584
-1   1.6192955965850722
-1   1.4613571387036228
-1   1.4315615123855503
-1   2.3137604912440235
-1   1.3192321306669319
-1   1.616348527410473
-1   1.9728603755096272
-1   2.698469246143917
-1   2.1319069977666731
-1   1.6200276510496452
-1   1.3187233608879017
-1   2.0534564665917814
-1   1.9734948139462678
-1   1.8455852799821968
-1   1.992247421941566
-1   1.3345608935965809
-1   1.6517858860710279
-1   1.0569923889238806
-1   1.1099793608881308
-1   1.5651455091024462
-1   1.8208209359993628
-1   2.8562216167403158
-1   1.7294112413953924
-1   1.0213391131914271
-1   1.3406835583278949
-1   1.7864957098065042
-1   1.8492202690077661
-1   1.7527194168321114
-1   1.354573354031386
-1   1.0117087433277017
-1   1.5995715128941268
-1   1.9188125260329003
-1   1.9804145631405472
-1   1.0067677104890451
-1   1.004938730013794
-1   1.0414091237015013
-1   1.4251240270286365
-1   1.0331746179106205
-1   1.6666621502972769
-1   2.2312054765929235
-1   2.1577227680984001
-1   1.4309516318898874
-1   1.3775632556923285
-1   1.2607461493049148
-1   1.322174548984028
-1   2.5406115218775716
-1   2.6319375571617152
-1   1.0638218277669715
-1   1.1562115328171332
-1   1.7319057046997632
-1   1.7823943676961238
-1   1.9173661877484456
-1   1.2813877972687988
-1   1.1891828423542026
-1   1.2363359105764182
-1   1.8279298721883586
-1   1.8750921827306257
-1   1.8606751193298452
-1   1.068455468150896
-1   1.0310347290740691
-1   1.0830551219554367
-1   1.0596172502401582
-1   1.033414546799581
-1   1.5472080787952041
-1   1.9634619466470888
-1   2.2288970256359812
-1   2.2148215288314335
-1   1.5243804656843705
-1   2.2544229738860508
-1   1.8418423586495147
-1   1.4569266301880723
-1   1.9261267385003329
-1   1.1730151037562613
-1   1.5683982373578869
-1   1.385654647220983
-1   1.010232121815561
-1   1.0154396704749533
-1   1.0189324846813408
-1   1.9889989493182934
-1   1.0376384493542394
-1   1.8282335777819023
-1   1.0691359038373314
-1   1.9795754204079143
-1   1.0345597355598641
-1   1.1511800828852448
-1   1.3944572179555628
-1   2.4373794941526024
-1   2.2585733395063428
-1   2.425214583774185
-1   2.6554104854049947
-1   1.6924362512792537
-1   1.5915102800178738
-1   2.0645223694924155
-1   2.072043880180642
-1   1.4926313187565525
-1   1.5316616585421805
-1   1.3349160985937025
-1   1.9839610523819067
-1   1.2479667058156803
-1   1.9460517503741093
-1   2.9588481646699987
-1   2.4006832218010934
-1   1.2462913875444754
-1   2.8169634083766102
-1   1.8380860352332289
-1   1.8660286246017832
-1   1.720340795869769
-1   1.3966706834083067
-1   1.1036391508476955
-1   1.966530356895829
-1   1.0207197434406632
-1   1.0278740017019428
-1   1.2249040938827334
-1   1.1975615403137703
-1   1.8066219750676926
-1   1.7693216096915836
-1   1.1212155100370726
-1   1.1189542654555606
-1   1.1354552683835557
-1   1.9670840335113069
-1   1.5956899802311995
-1   1.5936108095996526
-1   1.821293778696897
-1   1.974567655491219
-1   1.3380589994163228
-1   2.4788832280817918
-1   1.8614621041541231
-1   1.9522818193131344
-1   2.9141826891786518
-1   1.0159204005034213
-1   1.0335727363926672
-1   1.0133264385539893
-1   1.8935514262727069
-1   1.0408905781437017
-1   1.1563142188326654
-1   1.1672427134377372
-1   1.0992836020659704
-1   1.8105840373445803
-1   1.1934813344399284
-1   1.2209214837258195
-1   1.1142141309469467
-1   1.840849856551245
-1   1.2252542169593954
-1   1.7907413358857851
-1   1.9369087622164591
-1   1.9225621365111278
-1   1.2302333335866054
-1   1.1384284753598826
-1   2.6871190861163048
-1   1.7068051040467886
-1   1.9280849787954408
-1   1.1980738537291569
-1   1.786532441875734
-1   1.7270220181813771
-1   1.3818331561071464
-1   1.9925065140715632
-1   2.3387513705136489
-1   2.0891234916732584
-1   1.3274452238745873
-1   2.0520321577124427
-1   1.9930646804076249
-1   1.4173073137216585
-1   2.5198593765728208
-1   2.4472232319076235
-1   2.0223323524437853
-1   2.8758896583928197
-1   2.0496595461194427
-1   2.9458110543449365
-1   2.8351285668556407
-1   3.8557854178218109

0   0.038241966337175248
0   1.0027224913154065
0   0.74952146869157521
0   1.0477391048225104
0   1.0030467781865831
0   1.1333553657885054
0   1.0166113131190799
0   0.18366988085364799
0   1.5430834211559521
0   1.0509862562769734
0   1.0035522108454664
0   1.9966505541312771
0   0.62534194775964846
0   1.0293282541496092
0   1.0043561635806062
0   1.2869067947953874
0   1.6658430233338026
0   1.9567732643200246
0   1.7690684598423783
0   2.7939144322865235
0   1.0020307253886003
0   1.6178526657910339
0   1.0036522029514439
0   1.0688168919403875
0   1.1300644255698458
0   1.8762209715721525
0   1.8769611724770043
0   2.7794652470557888
0   0.60379769311007458
0   1.1006250639386652
0   1.2282637130592033
0   1.792555464581179
0   0.33584280181592951
0   1.1110936655461174
0   1.0025874809984778
0   0.71519432352799428
0   2.6672229991416199
0   0.078178559607703813
0   1.8686442932651341
0   1.6205782924177616
0   1.43623407797314
0   1.0025979948553883
0   0.8066028597125896
0   1.9450915546216936
0   1.1094954692395207
0   1.0027070318167137
0   1.9927075173838995
0   1.1245185488406058
0   0.28832730584219912
0   1.6747609792388047
0   1.3650803239056557
0   1.0123634962407313
0   1.9081679647458842
0   1.9375332782312147
0   1.0416489021732604
0   1.0114017863327209
0   1.5006523389992248
0   0.35025180951115564
0   1.0189998099788875
0   1.0771971975408838
0   2.3916300288394106
0   1.0818721986222917
0   1.4937411723421234
0   1.0350170929415394
0   1.0326397999875976
0   1.509609243576425
0   1.1600733736536917
0   1.8127239313430197
0   2.2502979357506234
0   1.186257793800706
0   1.3709492017999492
0   1.036498533372914
0   0.9114650986399051
0   1.8280493408300846
0   1.6274661514768853
0   2.702312598435014
0   1.7696078301817972
0   1.1082514369875527
0   1.0557240646413324
0   2.1469145076090008
0   2.3713325507444898
0   1.6930286945782087
0   1.6282570196044173
0   3.2956486691861278
0   1.8471766343146165
0   1.9496064520753245
0   1.2574194526009759
0   1.9793603748301476
0   1.5126694302563162
0   2.339453838555241
0   1.5717229901348562
0   1.3645249018462304
0   2.0796161559406254
0   1.8007209087701752
0   1.7228628874293843
0   1.690902020530384
0   2.0727804543156401
0   0.6995977630954755
0   2.2017602354265047
0   1.2680340950180606
0   1.9731292978123705
0   1.2273564403692154
0   1.7922478473440422
0   2.2781602389777111
0   1.3672038733308902
0   1.7608463431037578
0   1.5262716112846184
0   1.6451819843907538
0   2.3675156553308709
0   1.6437232061103471
0   1.7295514602192585
0   1.6649145546571198
0   1.4644992190992363
0   1.9398647634394899
0   1.9831863010262385
0   1.212652745248131
0   1.5167605584549757
0   1.6345631784931736
0   1.098434477182668
0   1.1737337193895809
0   1.7537057246489876
0   2.5544138489943076
0   1.3727056946739467
0   1.7283944625564196
0   0.63482259049824208
0   1.2055812579610576
0   2.6695635047102768
0   1.415299947973885
0   1.1180489581131365
0   1.5373208339168665
0   1.3162898446490898
0   1.0135804043258416
0   1.2592847558820552
0   1.397216186864809
0   0.49146718607055218
0   1.0353954715965461
0   1.0496437395543297
0   1.6019715616095209
0   1.0065917838161136
0   1.9704317540365031
0   1.33945383383661
0   1.9533261039415746
0   1.0236743206136705
0   1.1388429995202822
0   1.6159729641777929
0   0.22688858422385472
0   1.0073873841563696
0   1.878772006570105
0   1.8772378243464978
0   2.5065581809439901
0   1.6699377951929915
0   1.9261441650207001
0   0.85592413401238177
0   2.0892599405614862
0   1.5130822352070092
0   1.8490803262113031
0   1.888424532265514
0   0.71054220697363646
0   2.2808489724326599
0   0.63345003015140011
0   1.5794104894193821
0   1.2442842548806792
0   1.1077529776078274
0   1.1244770965528026
0   1.9593936995830523
0   1.812290043759194
0   1.8946822082850079
0   1.1691402936976738
0   1.2313956137801341
0   1.131385816617958
0   1.4326586325089843
0   1.5586917522991519
0   1.7743693489451839
0   2.2061671299439718
0   1.7121371646265615
0   1.6226990194261157
0   1.1781667042034516
0   1.9012941661854912
0   2.1638305110964704
0   1.3726221235029996
0   1.2687753475975196
0   1.0157253193488471
0   2.4210199707121709
0   2.46726569601097
0   1.2091814541374428
0   1.7914788159371264
0   2.7063485212191605
0   1.9560846656516939
0   2.0600026513242002
0   1.0300900358066267
0   1.4882686718674256
0   1.589345282780708
0   1.0934508755934707
0   1.7426152977538436
0   1.5797339323873683
0   1.1715894668500006
0   1.6608229457929391
0   1.8813020744604061
0   2.0206176979328045
0   1.441750366987673
0   1.6611533924454549
0   1.1850600660910016
0   1.5455531529567175
0   1.228616197853061
0   1.3910926287171252
0   1.6380093437565448
0   0.48097451123554669
0   2.2992327346455128
0   2.0247211928355386
0   1.1131862981375682
0   1.239571279901114
0   1.5059561267027575
0   1.4170225974339843
0   1.5514221067993215
0   1.0701392598035799
0   2.0984572843967348
0   1.9614018227224266
0   0.81072514434664233
0   1.8951924220030927
0   1.2031990620176334
0   1.3959870179493867
0   1.3321325443470582
0   1.5663281069279389
0   1.5722624412378452
0   1.9285813496662874
0   1.6680299942406784
0   1.9185718456064977
0   2.1026510603636313
0   1.7385075642700305
0   1.0106318047568579
0   1.035914274872747
0   1.0259536501951576
0   0.97614817459209102
0   1.9851100842670375
0   2.0101554532747667
0   1.9612631743636224
0   1.631604870698331
0   0.2821032603610687
0   2.3574582322692001
0   2.4374678670384
0   1.5560199884913124
0   1.5562845732756503
0   2.2305769378529217
0   2.3317608986831635
0   1.0544253438254385
0   2.4079230251567294
0   2.3637456865538864
0   1.0527148361803405
0   0.88319305691381911
0   1.9534854736785077
0   1.0149991515103165
0   0.090648699495301632
0   1.014664787771743
0   0.65986014971471363
0   1.4483846225400809
0   1.9457152495493735
0   1.0212401465953216
0   1.0077537680539153
0   1.9696183857358034
0   1.0849945696466481
0   1.9130741789414105
0   1.3332087959171344
0   1.3156659871058354
0   1.2107245213803353
0   1.0247258419803338
0   1.3051677892687337
0   1.2734966218202821
0   1.2923801976950953
0   0.85792523791088282
0   1.2978075603611563
0   1.014183864660279
0   1.4122267900322922
0   1.0613313114645915
0   1.6188588960103392
0   0.891638680427844
0   2.1959947740366683
0   2.6620783536972561
0   1.0688316472542598
0   1.9600133039786787
0   1.9478759813190063
0   1.4144599230653514
0   0.60354633873731744
0   1.0142271897262771
0   1.7776894689901144
0   1.2738910611604723
0   1.9784941942543632
0   2.4884617213058813
0   1.4439257852777614
0   1.8752833720356259
0   1.0129608716079201
0   1.0206373325763483
0   0.92607050548861869
0   1.4327867848296016
0   1.9583557512136438
0   1.7618766971384519
0   1.4891566079613039
0   1.6692400404911889
0   1.0511598524223815
0   1.1254141797768691
0   1.5775163140870934
0   1.809414111114132
0   1.073687593757237
0   1.8495706044909395
0   1.7366638763766082
0   1.3918462810249654
0   1.9197522857119829
0   1.677782489680089
0   1.8745853070794154
0   1.8739281929638598
0   2.6159872706146117
0   1.1121152165732306
0   2.274299952746873
0   2.2840793299273692
0   1.9433151826229893
0   2.8553607630992053
0   1.2090231093318238
0   3.2536011370448468
0   1.99535551496407
0   1.928183319767482
0   2.7897422132215426
0   1.6216868706721521
0   1.8601506039695916
0   1.3624090957264241
0   1.5120700120855588
0   0.54912142901082306
0   1.0730910475520665
0   2.3496416725123894
0   1.9506779429710619
0   1.9629705443932659
0   2.0796974915442648
0   1.2992339886868391
0   2.5458216979154313
0   1.9756261215919335
0   2.4291675841023226
0   1.9371430228008495
0   1.0828659625656187
0   0.46783782988260192
0   3.83423068156974
0   1.0169305104454851
0   1.0250152232566607
0   1.9284901114042623
0   0.36047491020340716
0   1.0448032281114314
0   1.0015725657552812
0   1.8559749960490985
0   1.0146639058628699
0   0.25808526287615297
0   1.3691504468287363
0   1.0467117815508873
0   1.4592394062330147
0   1.8167026174229726
0   0.51264293640429881
0   1.0812441002731445
0   1.0629113014633298
0   1.8895730850108445
0   2.0984472378417083
0   1.3632915146270965
0   2.2275400742176035
0   1.799236600099428
0   1.0122974866870087
0   0.79756730711885626
0   1.4924390061317632
0   2.9512177954321719
0   1.6952968082963196
0   1.0046623638884074
0   1.5946119516462214
0   0.98147103121651824
0   1.0143349857186725
0   1.0195889264499367
0   0.8788275222776798
0   1.0046674222815803
0   1.6488493041032712
0   1.0047276768305873
0   1.0883859303942032
0   1.4344268217190206
0   1.4231258042601171
0   1.7497166955630288
0   1.7664195160996257
0   1.7770775928824474
0   1.6742110169424342
0   2.0534558398125435
0   2.5114958721128628
0   1.613116899060687
0   0.99026029063593879
0   1.016101419066989
0   1.002317259654794
0   1.0567597374829196
0   1.3295355778014599
0   2.8372019319532495
0   1.7852973932073919
0   1.7810394226248509
0   1.3151294179564743
0   1.3936895014850403
0   1.0054935562572134
0   1.0152384257136464
0   1.981820231325901
0   1.9932968221028822
0   1.3991921011047761
0   1.757982335318292
0   1.0024487246581675
0   2.8319055117624536
0   0.69758325722529246
0   0.29256659152410014
0   1.0304142035500963
0   1.764738902362744
0   1.5326019472882972
0   1.004170640779954
0   1.9903390985297462
0   1.0683378282376363
0   1.7503822327775334
0   0.78853763718446412
0   3.2805184414169153
0   1.5121755191805488
0   1.5364368489650304
0   1.1477214225759502
0   2.179167998711788
0   1.3936697995996516
0   1.1101837533603807
0   1.0322713397198338
0   1.4128165133278481
0   0.83216471678801684
0   2.5720307208196931
0   1.1511914763553222
0   1.0261567510536844
0   1.480959935282155
0   1.3852931986859061
0   1.3869648495161135
0   1.6699982684858088
0   1.7826541445739443
0   2.4463245554116519
0   2.1158575770606971
0   2.1784104569563789
0   1.189399613809651
0   1.2869802990771364
0   0.63170462546955553
0   0.63149964633509947
0   1.6358248003632196
0   1.994425902388425
0   1.3563125583775881
0   1.0067788136644462
0   1.0052958175968996
0   2.6364882668463832
0   1.7639219328344993
0   1.0113039960531791
0   1.0030237598016889
0   0.72997390214738944
0   0.40637470103691908
0   1.0046079289335992
0   1.9846900215508283
0   1.9750349670022258
0   1.9954759992555893
0   1.0010774154449678
0   1.0039104174891138
0   1.9795813449544224
0   1.915875032470459
0   1.0049853436003848
0   1.0007569879465086
0   0.056593106132498905
0   1.0438175329425201
0   0.030743615921357215
0   0.06174704949557086
0   0.55391147649753458
0   1.0398071899290118
0   1.0051172182257933
0   1.8204543607296388
0   0.33425341896325678
0   1.9410601511807153
0   2.9442628782799338
0   2.8722492823457864
0   1.8832846038120259
0   1.0316344193206171
0   1.0008336249373619
0   1.1176456933639118
0   1.991611964240859
0   1.9495791469981061
0   1.006988218258507
0   1.0301023024674634
0   1.0293242438418464
0   1.418870698750933
0   1.0935207390294814
0   1.0389579091718799
0   1.9310636044654572
0   0.52682269682168847
0   1.0027532177178826
0   1.0029561107943785
0   1.9802054501102115
0   1.9324015048778533
0   1.0722220697603599
0   0.32603423848864299
0   1.0306463638711592
0   1.0058822677352406
0   0.25693873306272752
0   1.0093862898506347
0   0.086928538353420293
0   1.011128707883417
0   0.89704906930449235
0   0.21810867702195502
0   1.3848576103957544
0   0.29824329670490424
0   2.5560799154574574
0   1.6065404271572299
0   1.7809848736735008
0   1.8553931922503111
0   2.183221936568347
0   1.6220580820884298
0   0.39957490787085237
0   1.982938586816017
0   1.9735315841484558
0   1.1509095975726771
0   1.0426956653242452
0   1.1093720790390278
0   0.063043301905674864
0   0.071646817370119464
0   1.004899620853084
0   1.0040545719955316
0   0.6017145955673191
0   1.0050369855494035
0   1.7928314617291821
0   1.0216048999212832
0   0.93611494391361805
0   1.0103584213316901
0   1.9648889239657477
0   1.2135513436365346
0   1.6344938174131141
0   1.0459026490033947
0   0.59293568507687566
0   1.0075667350495472
0   2.7070574263658598
0   1.9314663202492461
0   2.7674524979459005
0   1.8027520867830744
0   0.83709324041634736
0   1.0212362151760279
0   1.87049940945889
0   1.8564139029985767
0   1.349900373018456
0   1.2748788433284093
0   1.993866558695343
0   0.53456897300811557
0   2.5882805439083518
0   1.7756573168635241
0   1.5978629501404837
0   1.1955875467283987
0   0.49453367748991828
0   1.262099990280845
0   2.0778437452539604
0   1.9506639389046998
0   3.0699901008072676
0   1.5102520792856695
0   1.4206127749531496
0   1.9662046889627462
0   1.9951506810013142
0   1.0778469881382855
0   1.326699158246025
0   1.0887570250521827
0   1.9292964831862989
0   0.059834877566131484
0   1.0051145847002445
0   1.0053538161759485
0   0.28614952967177221
0   0.49518670381884256
0   1.0062999295506947
0   1.0047621004852516
0   1.1454430705587677
0   1.7077633801947782
0   1.875593705980561
0   1.6168383931548633
0   1.007685461686769
0   1.1658569752467478
0   1.0259347672200603
0   1.9039243859394404
0   1.6246202292913794
0   1.1176051497534545
0   1.0064689372476332
0   1.1417584620258379
0   1.4215092931795852
0   2.8529469609715048
0   1.9665318973367811
0   1.8260607828095159
0   0.062892473044968145
0   2.9107197880664182
0   0.11113477944962058
0   1.0010763243169862
0   1.0084968343404879
0   1.0020662905907558
0   0.14603726713711174
0   1.9852644165775932
0   1.0176271417486884
0   0.11852953870815874
0   1.0218277139987131
0   1.0200249673200357
0   0.38291785418947011
0   1.0124299581773752
0   1.983774081533729
0   1.0378391040488928
0   1.157047399538512
0   1.0148888018251365
0   1.8676268120112041
0   0.5442051024339527
0   1.0531654608150667
0   1.9260875732987017
0   1.767272280770837
0   1.9422516489327233
0   0.47649295082447274
0   1.1079278908574344
0   2.7545542277284767
0   1.0216666192617418
0   0.88167226635625839
0   1.9930066328160794
0   1.0415899658744532
0   1.3610948785535923
0   1.8803685057648081
0   1.9902208269644994
0   1.0849985557017396
0   1.8164991082775117
0   2.1948307178439239
0   1.0258370909931365
0   2.2608701781048635
0   1.0748853142165815
0   1.9488774985724437
0   1.857791101682877
0   1.3287233892529786
0   2.9309628510362171
0   2.0387777098620861
0   1.9848351848566481
0   2.8380352206256885
0   2.0318031094608608
0   2.9512209790128527
0   2.8408580630298945
0   3.8484117535663254

1   1.0308737121614575
1   1.0854290538324176
1   1.1324829048202278
1   1.6212520849558727
1   1.0588883806172167
1   1.4700568832806058
1   1.3758027886200559
1   1.129827031360513
1   1.3625394244200915
1   1.726086235905735
1   1.9129882227078303
1   1.2292887067148732
1   1.8725377916114803
1   1.8045987086815005
1   2.8313865145568493
1   1.0356621220732791
1   1.9301429988460939
1   1.2849675615764373
1   1.1130795384231607
1   2.0652594379970495
1   1.8516757503648504
1   2.7765490917888398
1   1.3018676155633548
1   1.1283081027751236
1   1.8946610883331489
1   1.0233356250091035
1   1.4090854436124989
1   2.5545263318695852
1   1.7181033705555575
1   2.0881660481998146
1   1.0588167987876502
1   1.3587168403625236
1   1.3945910348257009
1   1.6542861334978967
1   1.1879495694333004
1   1.805567621184621
1   1.3940743570479859
1   1.4595698726082218
1   1.3827473549281968
1   1.6441584420883482
1   1.7816980192221621
1   1.2494040801940134
1   1.6195630259014289
1   1.3491434480295748
1   1.390745802028758
1   2.7345922654993755
1   1.1271066658850373
1   1.2568161495201291
1   1.7384615981491547
1   1.3851258535838438
1   1.1058943937673309
1   1.8567468763459765
1   1.7947818350378011
1   1.9196877505799956
1   1.8947786639974247
1   1.2973701186296471
1   2.0164531272776514
1   2.1360530670460185
1   2.0909501330742719
1   2.3231065859089521
1   2.5894637733944301
1   1.8208202840705527
1   1.5302303636719583
1   1.9119183336292895
1   2.8361569708407393
1   2.4164256198333596
1   1.8340494857357537
1   1.75314766890597
1   1.6042367616761557
1   1.9402757290471726
1   2.2934891260661368
1   1.8352251909050139
1   2.1715057982396968
1   2.5692465331788847
1   2.0455853409135498
1   1.6130366683544923
1   1.7165201486963619
1   1.6132129131044137
1   1.855108796330641
1   1.6753855167371392
1   1.7474594305776252
1   2.6795544975191485
1   2.0315159220508603
1   2.2443740625945039
1   2.0952844897599712
1   1.8603677391179616
1   1.4195438052128149
1   2.7742381639821176
1   1.8372726980092793
1   2.19117702530811
1   1.5992884146258932
1   1.399132130206524
1   1.5905757846499382
1   1.7869700157435249
1   1.2746783210151351
1   2.335404165634837
1   1.8938251193804883
1   1.5391451330867554
1   1.0776310646760288
1   1.9628702029640865
1   1.2718595970922215
1   1.6992650623356558
1   2.8096167538239825
1   1.7468722358573374
1   1.9891591472197776
1   1.1603892824458271
1   1.3404767159532878
1   1.164309717591546
1   1.9250110829865377
1   1.1852511308147144
1   1.8028662246442959
1   1.8003915822374008
1   1.9087527701439115
1   1.1818726197144285
1   1.1022966651553381
1   1.0792444205755714
1   1.91215506045967
1   2.1392570482282642
1   1.9186695110900649
1   2.2362056891119138
1   2.1557055882634502
1   1.6737201421024963
1   1.565191778291847
1   2.4095132671718078
1   1.5491112228659336
1   2.541462762663413
1   1.4287007986724833
1   1.2587055441638413
1   1.8012450646829099
1   1.8696416031618992
1   1.7771147943249006
1   1.6510527590331239
1   1.7762259648778342
1   1.5447979016924207
1   1.4904622094112157
1   1.7237861939554255
1   1.352494959810796
1   1.4586161591659308
1   1.8269732674349428
1   2.0751401125885995
1   1.7068230596797398
1   1.6126984957424186
1   1.8005069624186931
1   2.0172853112541413
1   1.8662087903405871
1   2.5201396125222661
1   2.1465243138517733
1   2.7926955435511456
1   1.5425429293805122
1   1.4507638302694976
1   2.643772180077705
1   2.4294297065805588
1   1.6761343844759611
1   1.7085691803307963
1   1.6559393919571286
1   1.9865146869721402
1   1.4930652533598625
1   1.5487802654947016
1   1.6564392897938922
1   1.6512572375474881
1   2.2975700906572616
1   1.6214385022342701
1   1.4427676610874831
1   1.4431099585732348
1   2.4594304435833281
1   1.6955452035038672
1   2.1432901339334194
1   1.2140125186103021
1   1.5180816418244198
1   1.7230620156765024
1   1.4254001636611202
1   1.3648575386821511
1   1.6182140607860154
1   1.2923985788563916
1   2.3642520130207916
1   1.5784288180320059
1   2.2573080429041124
1   2.1131691970994941
1   1.8197046995494648
1   2.2039349280043981
1   1.8642739067991987
1   1.9503804692809839
1   1.1549527129508068
1   1.7422466688869096
1   1.7401024831462717
1   1.0718590630189078
1   2.195069550484313
1   2.2162869271567929
1   1.0837147774392388
1   3.0879735717608972
1   1.7955625541765827
1   1.524734319478898
1   2.6827027663064831
1   1.2293218164126536
1   2.5630087754327802
1   1.6273865491599793
1   2.3479336457745723
1   2.7228850988092637
1   1.913162082186771
1   1.1663862487465302
1   1.4407563583727288
1   1.6291796271925469
1   1.0664739882363274
1   1.9153392334171668
1   1.0718304593337782
1   1.6354538379044441
1   1.2624709657753648
1   1.2583880739515814
1   1.6149676000529851
1   1.2221119024346481
1   1.9698849210732252
1   1.7286746822634407
1   2.0290708568924574
1   1.8697587497878727
1   1.3350575578278694
1   1.5115439126090591
1   1.7673255096973368
1   1.4039736561310645
1   2.2524017577673106
1   1.5364208141114628
1   2.176757599433687
1   1.8614730487334894
1   2.0017901259700186
1   1.9937793104411985
1   1.2618746884490968
1   1.3190100843200887
1   1.2423004686091947
1   1.8515384637116736
1   2.0435284511982781
1   2.0635508237404028
1   1.8643724619141864
1   1.2433033789485424
1   1.1900143388526456
1   1.6947383511862757
1   1.702823384695821
1   1.4517209454507645
1   1.6940803960888262
1   1.6076654843119997
1   1.5539102052285201
1   1.362413269122684
1   1.8828127037238285
1   1.8719466595189123
1   2.1213367714378841
1   2.1021995239457976
1   1.7553356968084826
1   1.8431567838208855
1   2.4183277092085453
1   1.9307746639284846
1   2.2138197742377135
1   1.6246933390134988
1   2.4186932276551349
1   2.4373411568191825
1   2.3418852014903488
1   2.6614170198563034
1   1.8462711807436909
1   1.6701468682681053
1   3.2364827666327134
1   2.1747821003720378
1   1.7167289131788834
1   2.4406278910517738
1   1.6789165010266167
1   1.5201171043197439
1   2.1696912402438091
1   2.3363432715518648
1   1.591136852592463
1   1.5578318249450072
1   1.7491591626174428
1   2.3366919428869046
1   2.5177302181296701
1   2.0520830843692806
1   2.3837333523442203
1   1.5759197432294867
1   3.7874697973712204
1   1.0963340589397463
1   1.9320739559236215
1   1.1212123473004021
1   1.2245315034357465
1   1.0701118106796144
1   1.7707578522318652
1   1.1372359844583133
1   1.3250876710468493
1   1.7286715016036918
1   1.9191046796807205
1   1.2313081195562603
1   1.3600474283073074
1   2.0317709495046499
1   1.5541491768372122
1   2.5817128262360494
1   1.5205583047709306
1   1.7102862166086643
1   1.9428109736374903
1   1.7646390178862412
1   2.9103615060666965
1   1.2772160568866109
1   1.9806920619494934
1   1.0146392697970903
1   1.0298455529828054
1   1.6775613403784333
1   1.0073680898918129
1   1.437374177538882
1   1.0513204154997047
1   1.7679743234320147
1   1.7861260232011174
1   2.2438598120120705
1   2.4076065876945147
1   1.8815306375798473
1   2.114505900900284
1   1.6009916488592095
1   1.9720247451938184
1   1.9708565592026543
1   1.1765128510568468
1   1.4710361288828637
1   2.268698818749042
1   1.9283469595225262
1   1.8329345491463207
1   1.1977305535675786
1   1.3567714192619007
1   1.7917355313315282
1   1.8860940686898622
1   1.8259424714042551
1   2.0339089619985931
1   1.8987110528927786
1   1.1427741868918944
1   2.4701327176471692
1   1.1615938562967287
1   1.8285049194802618
1   2.0619799857873722
1   1.8220914363298948
1   1.1625879586731886
1   1.2327563738556704
1   1.4449537854154069
1   1.4509313695261299
1   3.5619421644383404
1   1.2337180087419422
1   1.6192955965851974
1   1.4613571387035418
1   1.4315615123855729
1   2.3137604912440826
1   1.3192321306669264
1   1.616348527410409
1   1.9728603755097991
1   2.6984692461439503
1   2.1319069977666776
1   1.6200276510496479
1   1.3187233608878657
1   2.0534564665916837
1   1.9734948139462545
1   1.845585279982159
1   1.9922474219415323
1   1.3345608935965863
1   1.6517858860711074
1   1.0569923889238775
1   1.1099793608881265
1   1.5651455091024746
1   1.820820935999361
1   2.8562216167403016
1   1.7294112413953977
1   1.0213391131914284
1   1.3406835583278971
1   1.7864957098065117
1   1.8492202690078896
1   1.7527194168321212
1   1.3545733540312543
1   1.0117087433276968
1   1.599571512894121
1   1.9188125260329141
1   1.980414563140517
1   1.0067677104890456
1   1.0049387300137926
1   1.0414091237015002
1   1.4251240270286434
1   1.0331746179106385
1   1.666662150297276
1   2.2312054765928968
1   2.1577227680983606
1   1.4309516318898174
1   1.3775632556921495
1   1.2607461493050238
1   1.3221745489843617
1   2.5406115218774734
1   2.6319375571617609
1   1.0638218277670297
1   1.1562115328170488
1   1.731905704699686
1   1.7823943676961669
1   1.9173661877484172
1   1.2813877972688077
1   1.1891828423541191
1   1.2363359105764338
1   1.8279298721884674
1   1.8750921827306879
1   1.8606751193297879
1   1.0684554681508946
1   1.0310347290740762
1   1.083055121955435
1   1.0596172502401575
1   1.0334145467996105
1   1.5472080787951428
1   1.9634619466471079
1   2.2288970256361091
1   2.2148215288313207
1   1.5243804656846192
1   2.2544229738857737
1   1.8418423586494099
1   1.4569266301882875
1   1.9261267385003498
1   1.1730151037562639
1   1.5683982373579304
1   1.3856546472209559
1   1.010232121815561
1   1.0154396704749609
1   1.0189324846813337
1   1.9889989493183107
1   1.0376384493542159
1   1.8282335777818597
1   1.069135903837338
1   1.9795754204081537
1   1.034559735559871
1   1.1511800828850087
1   1.3944572179554908
1   2.4373794941525149
1   2.2585733395063872
1   2.4252145837743182
1   2.6554104854049352
1   1.6924362512794309
1   1.5915102800179692
1   2.0645223694923911
1   2.0720438801808996
1   1.4926313187564217
1   1.5316616585421285
1   1.3349160985932564
1   1.9839610523819511
1   1.247966705815593
1   1.9460517503742674
1   2.9588481646699036
1   2.4006832218011103
1   1.2462913875445263
1   2.8169634083765249
1   1.838086035233288
1   1.8660286246018654
1   1.7203407958696713
1   1.3966706834083349
1   1.1036391508476919
1   1.9665303568958232
1   1.0207197434406576
1   1.027874001701977
1   1.2249040938827351
1   1.1975615403139479
1   1.8066219750679391
1   1.7693216096899271
1   1.1212155100390224
1   1.1189542654552249
1   1.1354552683838317
1   1.9670840335112105
1   1.5956899802312505
1   1.5936108095995771
1   1.8212937786969805
1   1.974567655491235
1   1.3380589994164072
1   2.4788832280817643
1   1.8614621041541004
1   1.9522818193131526
1   2.9141826891786451
1   1.0159204005034235
1   1.0335727363926919
1   1.0133264385539813
1   1.8935514262726434
1   1.0408905781437423
1   1.1563142188326778
1   1.1672427134377557
1   1.0992836020660448
1   1.8105840373446704
1   1.1934813344397963
1   1.2209214837256219
1   1.1142141309469291
1   1.8408498565512139
1   1.2252542169592888
1   1.7907413358857944
1   1.9369087622165857
1   1.9225621365112517
1   1.2302333335867028
1   1.1384284753597256
1   2.6871190861161169
1   1.7068051040470058
1   1.9280849787955652
1   1.1980738537291031
1   1.7865324418751407
1   1.727022018181402
1   1.3818331561078745
1   1.9925065140715832
1   2.3387513705135756
1   2.0891234916733374
1   1.3274452238744023
1   2.0520321577122935
1   1.9930646804076386
1   1.4173073137215264
1   2.5198593765736303
1   2.4472232319068601
1   2.0223323524439496
1   2.8758896583928153
1   2.0496595461194178
1   2.9458110543449822
1   2.8351285668556732
1   3.8557854178218145

2   2.0003139562946819
2   2.0005133122347245
2   2.0011587308529171
2   2.1500916252889937
2   2.0102278397438491
2   2.8839220748609851
2   2.0034398504211071
2   2.1182913379563413
2   2.0042963906507123
2   2.9003657871164568
2   2.0014624470391484
2   2.8765036188243389
2   2.0036973632214585
2   2.1383183026069816
2   2.0234493700606668
2   2.0117446184104542
2   2.0185432017769847
2   2.0221044897774738
2   2.0162751036178728
2   2.8664953422004991
2   2.1513211280735289
2   2.0040112337736646
2   2.0965576407823479
2   2.9587837909206769
2   2.7115732603747409
2   2.705064851785473
2   2.0339475098548414
2   2.3205426569110612
2   2.2472838371841126
2   2.5181810813291166
2   2.6215811943093152
2   2.1208235057985685
2   3.0478168174758644
2   2.5847415195545116
2   2.2992199688995614
2   2.1392794312274606
2   2.8666401058961966
2   2.5042199699040171
2   2.3227466073566219
2   3.2038340440894189
2   2.3683820294354065
2   2.5414019031114679
2   3.0502467621963594
2   2.3420228777630516
2   2.4122358929214385
2   2.3274984462827666
2   2.219033286806178
2   2.5798343734322109
2   2.2403372164198299
2   2.1496760786570008
2   2.4523791129789578
2   2.4335293940132492
2   2.012801341391611
2   2.0021993249581014
2   2.0089062225468171
2   2.0083587940296765
2   2.0523334064009449
2   2.118118252717395
2   2.9091181297680526
2   2.5601337967606304
2   2.3840173818203194
2   2.9531897323574956
2   2.1041613386316858
2   2.0790797047785454
2   2.1416962865183078
2   2.0240910258028055
2   2.3036827110797429
2   2.5268870006658219
2   2.0569627101130932
2   3.003688680084974
2   2.377305073356021
2   2.0843594015950737
2   3.2155827753353883
2   2.5999295024964386
2   2.910950442036544
2   2.1429568258222709
2   2.6918896931744762
2   2.0512358533077184
2   2.0906707021357605
2   2.0809736732358131
2   2.0850618142300505
2   2.6908612886713246
2   2.3224165696339383
2   2.2762339985699351
2   2.2532546292347173
2   2.20267667066642
2   2.0568240080953148
2   2.7555432455343811
2   2.4047999661207347
2   2.0202185262048116
2   2.4766749091309732
2   2.0698211250383216
2   2.6691731613506171
2   2.6829658256740112
2   2.7089736378361033
2   2.7049373879029908
2   2.9839385922993955
2   2.3798145184027599
2   2.654876412535895
2   2.7001986242962936
2   2.0709760020984054
2   2.0030773623341345
2   2.0312894013664593
2   2.0339101510135902
2   2.077102263363765
2   2.2693646760387765
2   2.1392358164193044
2   2.2964965655889351
2   2.499923175268207
2   2.8088342540859901
2   2.0347276887459746
2   2.0061724837870623
2   2.9815421472558161
2   2.0157151709519532
2   2.0083371442049756
2   2.0046635492888951
2   2.0151777806615079
2   2.0311006656914432
2   2.0729502130270077
2   2.1782515577500368
2   2.5097734655579305
2   2.3456042626709834
2   2.1508305715564759
2   2.4178068159673316
2   2.0900322861975198
2   2.7654553583359447
2   2.6223965559418771
2   3.2541204324501489
2   2.8567718534594473
2   2.2933453313397272
2   3.228980308053178
2   2.6864893783898003
2   2.2892107035152542
2   2.3209329590774872
2   2.6989555538654431
2   2.3112530457894058
2   2.4114604648171936
2   2.3333558221162507
2   2.7190116479930957
2   2.6279242407128414
2   3.7275297079213843
2   2.0182240301180272
2   2.0028416546763181
2   2.0386992706172369
2   2.0031267782127311
2   2.4593307595938114
2   2.498334223887742
2   2.0567987658084443
2   2.2085909960252885
2   2.1349962708675467
2   2.7740475635422888
2   2.0242271427007954
2   2.0009901036754294
2   2.9206415564329542
2   2.6518721035306565
2   2.4251863858804157
2   2.0980607330792678
2   2.0045783870328457
2   2.9919573500035632
2   2.0089152524160219
2   2.0011081384546441
2   2.0054840981624471
2   2.0087521588234645
2   2.011994792198732
2   2.0441950205698927
2   2.88640383308767
2   2.0082443325878434
2   2.0180616153690685
2   2.1494197882252473
2   3.7850114496174587
2   2.1827703983401716
2   2.2131565473428099
2   2.707957777046361
2   2.8243891200482847
2   2.9296736419859086
2   2.3680318384370267
2   2.0834758152033781
2   2.0302829507813365
2   2.0777777211980113
2   2.0668347690640831
2   2.9549050187513473
2   2.000444665074927
2   2.0057288485871307
2   2.0010496037125169
2   2.0045748127903775
2   2.0019851682106649
2   2.002306591730759
2   2.0052643477766727
2   2.2011979371299386
2   2.1683992414533466
2   2.6502068926621387
2   2.6670953407162954
2   2.2117053141154908
2   2.2125960626859875
2   2.0410796308368209
2   2.0345326896723761
2   2.0015644997633562
2   2.0138582162123351
2   2.5761130792624041
2   2.7593852860001125
2   2.403983085187515
2   2.1776006920713034
2   2.1107855239453279
2   2.1310460122359967
2   2.0030141312795098
2   2.0499056325105953
2   2.2276134045056049
2   2.2301018311221954
2   2.1512411107553615
2   2.6968721098548083
2   2.8167485552507232
2   2.00148628219821
2   2.0442866630175796
2   2.0173032353423945
2   3.3606403757336634
2   2.8712792854860654
2   3.0625937069274189
2   2.7700861762961786
2   2.1161552665830623
2   2.0466134971073919
2   2.002299710380155
2   2.0031660441903707
2   2.0008083562813836
2   2.003525192402039
2   2.0248052059711572
2   2.0020505299932965
2   2.9764684040038998
2   2.016168265936169
2   2.0032703758169945
2   2.9848522060833624
2   2.00247523449673
2   2.0051138614603103
2   2.0259448042994466
2   2.010418207588089
2   2.0230246044666158
2   2.0103584091098727
2   2.8460362288264811
2   2.0796717244505634
2   2.1727083033211669
2   2.0557989689950866
2   2.0563857425203271
2   2.4171030079590645
2   2.5333863013482665
2   2.154664373277992
2   2.1729333768718071
2   2.7692266410810897
2   2.2115696978869739
2   2.9699248476965652
2   2.1767462443803871
2   2.9580853215214455
2   2.8662272397130018
2   3.8729984082772413

3   3.0000260352846837
3   3.0000405752546855
3   3.0003709019698048
3   3.001090643201783
3   3.0001171176905297
3   3.0236119831424415
3   3.0078382286599239
3   3.8618091066687912
3   3.0004523247293089
3   3.146153415423639
3   3.8664787996434633
3   3.151617541313847
3   3.0011528071739919
3   3.0001392627349128
3   3.0050368694543899
3   3.0003589923636964
3   3.0021252073073499
3   3.0001686160692742
3   3.7995352272867358
3   3.0006144217195381
3   3.0234311515496879
3   3.1708130966880592
3   3.003570675993164
3   3.0489583839844903
3   3.0092406772928348
3   3.0016511530488428
3   3.7658094688420007
3   3.0002798560966344
3   3.267281352935826
3   3.0000965256039964
3   3.0031269669488379
3   3.0000489418587266
3   3.0017243092943855
3   3.003219701971291
3   3.3019818784941672
3   3.0023900267495676
3   3.1710268181078436
3   3.5859060617217278
3   3.0053773785089866
3   3.005771260210762
3   3.0714899939301561
3   3.0087923781600323
3   3.9344756661559988
3   3.0000739076250205
3   3.0001396809153911
3   3.0001967649626673
3   3.0011676802264375
3   3.0000805109671238
3   3.0000119172095832
3   3.7584886334324583
3   3.0000368872268144
3   3.2871160471958674
3   3.0000116873575653
3   3.0018916397480178
3   3.0001241609344742
3   3.0001565415015947
3   3.0000055571496724
3   3.0000231265241299
3   3.0308897786536853
3   3.0000121792135603
3   3.931466796088273
3   3.0000665997366514
3   3.0556777181837593
3   3.0000297381859462
3   3.0000377195229553
3   3.0001954553209242
3   3.0000265780215494
3   3.0000424424643488
3   3.0000168634489364
3   3.1033949726772958
3   3.0000728589190575
3   3.9173687728974294

4   4
4   4
4   4
4   4
4   4
4   4
4   4
4   4
4   4

