-3.5   3.4999999999999991
-3.5   3.5
-3.5   3.5
-3.5   3.4999999999999996
-3.5   3.4999999999999996
-3.5   3.4999999999999996
-3.5   3.4999999999999996
-3.5   3.4999999999999996

-2.5   2.5000704652394319
-2.5   2.5000923000491189
-2.5   2.5013616506542102
-2.5   2.5050920334655142
-2.5   2.5057576895437985
-2.5   2.5597564130900885
-2.5   3.4150103983243829
-2.5   2.8973471267271265
-2.5   3.1442486432265011
-2.5   2.5166322097904539
-2.5   2.5293090771309998
-2.5   2.5148469071740922
-2.5   2.5071145683622471
-2.5   2.5010833375030854
-2.5   2.5007247296798627
-2.5   2.5068532078716843
-2.5   3.0702342605766546
-2.5   2.5107723773419814
-2.5   3.0992060070696033
-2.5   2.5037176765278439
-2.5   2.5666956604458764
-2.5   2.6981031176323564
-2.5   2.8763052618765776
-2.5   2.7689740815311747
-2.5   2.5031067650312986
-2.5   2.5700670309152365
-2.5   2.5134775167628955
-2.5   2.500296319149196
-2.5   2.5021183487945629
-2.5   2.5000685500402384
-2.5   3.4745440023096181
-2.5   2.5003644218193557
-2.5   2.5172566223897848
-2.5   2.5029233042069983
-2.5   2.5007033799038272
-2.5   3.4921050912749965
-2.5   2.5000224277794212
-2.5   2.5014274750432612
-2.5   2.5000794701251796
-2.5   2.505865349520624
-2.5   2.50003032669964
-2.5   2.5004282152518571
-2.5   2.5008974034771607
-2.5   2.500076339723575
-2.5   2.500068842947039
-2.5   2.6944417423008789
-2.5   3.3451673705739724
-2.5   2.5000300087772249
-2.5   2.5002758083098682
-2.5   2.5000490787306964
-2.5   2.5000410429893716
-2.5   2.500587551845181
-2.5   2.500018292416871
-2.5   2.6007149451617715
-2.5   2.500081868274088
-2.5   3.4218815391981954

-1.5   1.5010771038813076
-1.5   1.5029219916066046
-1.5   1.6421195877511772
-1.5   1.5105014978562266
-1.5   2.3962957619111318
-1.5   1.5405198352131553
-1.5   1.5079827195318947
-1.5   2.4549156220741808
-1.5   1.5061639889804175
-1.5   2.2960490766595347
-1.5   1.7489583262701585
-1.5   1.5360311371645663
-1.5   1.5178753730299928
-1.5   1.5205945358459503
-1.5   1.5470329743783071
-1.5   2.4736380604345904
-1.5   1.6199331812928182
-1.5   1.8403432586648991
-1.5   2.1336168857327111
-1.5   2.0214433395985862
-1.5   1.8286091947476195
-1.5   1.8250731574274814
-1.5   1.5352984670856733
-1.5   3.3506478123695924
-1.5   1.6701593502052159
-1.5   2.7176721754951569
-1.5   2.257527313145026
-1.5   2.020392525423337
-1.5   2.4927054654725871
-1.5   2.2673541262008179
-1.5   1.7146246973974102
-1.5   1.7792207649117326
-1.5   1.9528581510255929
-1.5   2.1839572969391399
-1.5   2.2320412816890483
-1.5   1.6046163483550075
-1.5   2.4302594133929003
-1.5   1.5495415806239228
-1.5   1.5307036191251853
-1.5   1.5064024279343
-1.5   1.5176747803058963
-1.5   2.478246465728204
-1.5   1.5157995298244589
-1.5   1.52869177908845
-1.5   2.4425548450948762
-1.5   1.5577413520818597
-1.5   2.4288289917356658
-1.5   1.5701483581227613
-1.5   1.5021953558571735
-1.5   1.5449755964938094
-1.5   1.5168226164371506
-1.5   1.9524402075263385
-1.5   1.9524500777519878
-1.5   1.5538097754233049
-1.5   1.9930697798005368
-1.5   1.9540097721652354
-1.5   2.0573999062202919
-1.5   2.0470455800954537
-1.5   2.3811648342958489
-1.5   2.0649337686754792
-1.5   2.1023043635471188
-1.5   2.171283222598781
-1.5   2.6225353869090529
-1.5   2.4060694070913864
-1.5   1.8480760472544433
-1.5   1.8649338947364971
-1.5   2.1071425361515961
-1.5   2.1888666703153357
-1.5   2.0667204741191751
-1.5   2.2159128858947792
-1.5   2.0479006668113349
-1.5   2.2980386298542053
-1.5   2.2489930411547814
-1.5   2.0103881821562162
-1.5   1.505461902579079
-1.5   1.5124202191566525
-1.5   1.5218688246725303
-1.5   1.5027434781154509
-1.5   1.5196145611690297
-1.5   1.5734200844106168
-1.5   2.3774615784435307
-1.5   2.2076254138683771
-1.5   1.7147406208009537
-1.5   1.8864109583399511
-1.5   1.9533185779992088
-1.5   2.1876148862184284
-1.5   2.4264524519067234
-1.5   1.5098058104730274
-1.5   1.5145912460463014
-1.5   3.2413345841049543
-1.5   2.2686663181267726
-1.5   1.8995331446665058
-1.5   1.6083725561332631
-1.5   1.7126077640767874
-1.5   2.4316969647858433
-1.5   1.5528603498320681
-1.5   2.3094236534024422
-1.5   1.7607205525305134
-1.5   2.4344125482875487
-1.5   1.5521323094185395
-1.5   1.5162931925770362
-1.5   1.6036802213505128
-1.5   2.987274615057061
-1.5   2.4018817492529103
-1.5   1.5110864783681883
-1.5   2.2888043864597987
-1.5   1.5201046634064057
-1.5   1.518872486472965
-1.5   2.4590500120869456
-1.5   2.0506039631575486
-1.5   1.9386247280294366
-1.5   2.1110805154588586
-1.5   2.0395343251280011
-1.5   1.599079871732493
-1.5   1.502342191420758
-1.5   1.5088623813242883
-1.5   1.5044930526208091
-1.5   1.5051416224544063
-1.5   1.5053036515324902
-1.5   1.7517143394347245
-1.5   1.7298781061724551
-1.5   1.5387014249656779
-1.5   2.3270470819114513
-1.5   2.2830998145511749
-1.5   1.5045023882230066
-1.5   1.5426224908550035
-1.5   2.0994168691885862
-1.5   2.0744007541700431
-1.5   1.9907145823670125
-1.5   1.9949739639443109
-1.5   1.504491446475571
-1.5   1.5047442451415356
-1.5   1.5081246953267624
-1.5   1.9810834511033906
-1.5   1.9138543315962204
-1.5   1.8785173447366312
-1.5   1.5141721810062041
-1.5   1.9736561444210738
-1.5   2.1050791438970977
-1.5   3.3688199086238
-1.5   2.4888467672810104
-1.5   1.5013542600076586
-1.5   1.594741647171567
-1.5   1.5086903277390014
-1.5   1.5017332766533524
-1.5   1.5141793785905366
-1.5   1.5053633877806978
-1.5   1.5729630607759253
-1.5   1.5029560513660916
-1.5   2.4370202141304875
-1.5   1.5057105185357558
-1.5   2.4934153545401134
-1.5   1.5017940356536119
-1.5   1.544033831679358
-1.5   1.5265428071251486
-1.5   1.5011654019288101
-1.5   1.5448987933822589
-1.5   2.2907567639504069
-1.5   1.7496840664730424
-1.5   1.6544245720638848
-1.5   1.8358207580464154
-1.5   2.1397445614038144
-1.5   1.6952914615778321
-1.5   2.4635873987142753
-1.5   1.6560541148109875
-1.5   2.4717914862655301
-1.5   2.3908235491514658
-1.5   3.3953731789438746

-0.5   0.52926942058883575
-0.5   0.60309887578518317
-0.5   1.2793576420381678
-0.5   0.91409859157416395
-0.5   0.98669004860995724
-0.5   0.87781665843847012
-0.5   1.3196155986567448
-0.5   1.4246177643447095
-0.5   1.3159689526896687
-0.5   2.3589569806497468
-0.5   1.263898760558914
-0.5   0.91904395746074186
-0.5   1.4841784253943093
-0.5   2.4381920716389458
-0.5   0.59844997477170891
-0.5   1.4813547078382692
-0.5   0.63003968182332293
-0.5   1.3549327605600192
-0.5   0.54047513606615927
-0.5   2.0746968112394066
-0.5   1.4241448142825945
-0.5   1.3319021936034279
-0.5   0.55799717544329241
-0.5   0.85982428349518059
-0.5   1.4876289689343514
-0.5   1.2048131505270576
-0.5   1.2144670091090617
-0.5   1.301490753441348
-0.5   0.56573577769068573
-0.5   1.9310327660467879
-0.5   1.4337766937215066
-0.5   1.7968856647129412
-0.5   0.820852005598107
-0.5   1.7729746108208939
-0.5   2.0567695644118134
-0.5   1.9917702155390402
-0.5   1.1892971572541853
-0.5   1.6271398264333712
-0.5   2.0867915797417762
-0.5   1.5572478981646465
-0.5   2.2840687875190513
-0.5   1.489795367089827
-0.5   1.4170310389565846
-0.5   1.980843563376141
-0.5   1.0838577304681025
-0.5   2.8880769469765033
-0.5   2.0084106006883946
-0.5   1.7482307594844579
-0.5   1.8944655477242103
-0.5   1.7252893434075549
-0.5   1.3256653026708058
-0.5   1.647032843796429
-0.5   1.6114850062978912
-0.5   1.5177271452192564
-0.5   1.5720009622091227
-0.5   1.5061499776093146
-0.5   1.8293972663710751
-0.5   1.4649537102500034
-0.5   1.8105706952414677
-0.5   1.0968621709894149
-0.5   2.3716261981890985
-0.5   0.65649946276115023
-0.5   1.423182951977005
-0.5   0.95114781868206966
-0.5   0.66996756437882476
-0.5   1.2453639747306158
-0.5   0.75428335907836708
-0.5   1.4619322240093304
-0.5   1.3837535908294134
-0.5   1.6962495350150584
-0.5   1.4336541404771688
-0.5   0.5940591566512412
-0.5   1.7897300841425219
-0.5   1.4248724363314187
-0.5   1.891381001190827
-0.5   1.3810002172440927
-0.5   1.7186702865207075
-0.5   1.0699238759197156
-0.5   2.1624192350919973
-0.5   1.1479231628288094
-0.5   1.0199690127256233
-0.5   1.1252089536190568
-0.5   1.3047720509526852
-0.5   1.4845867413104614
-0.5   0.60248520661433824
-0.5   1.2204073101000876
-0.5   1.5002436445891512
-0.5   1.4999146186050396
-0.5   0.73423007266285367
-0.5   1.0058177256208269
-0.5   1.3906537742164695
-0.5   1.4554394262166528
-0.5   1.4657984622316882
-0.5   0.66415055394198164
-0.5   1.8535321664734852
-0.5   1.8881660095955439
-0.5   1.2268707798362677
-0.5   2.094052711633053
-0.5   1.5042976644031079
-0.5   1.8105836447489136
-0.5   1.7288493964760425
-0.5   1.6806144275251578
-0.5   1.8765499993047414
-0.5   1.729881530182964
-0.5   1.5739104401162112
-0.5   1.9097740226015723
-0.5   1.9755518424555745
-0.5   1.6643963884420132
-0.5   1.7728235077114971
-0.5   2.1815448077766586
-0.5   2.0408647396160831
-0.5   1.5091653450625944
-0.5   1.6641999901662672
-0.5   1.6453813046471986
-0.5   1.3609013509563319
-0.5   1.4415615142320231
-0.5   2.0862987120730998
-0.5   2.0268406061614055
-0.5   2.2247277557285332
-0.5   1.8568130534125569
-0.5   2.1906721328127765
-0.5   0.54190668798862074
-0.5   0.57098857554735605
-0.5   1.2042028246105672
-0.5   0.95616409078842879
-0.5   1.4920046810451486
-0.5   0.54714908076178581
-0.5   0.69131967102121705
-0.5   1.4132165436229582
-0.5   1.4835244873803419
-0.5   1.4972990113355329
-0.5   1.6001048733924277
-0.5   1.4506025557122413
-0.5   1.972969866284354
-0.5   1.224843541048245
-0.5   1.195677097968378
-0.5   2.4269287376232946
-0.5   1.4541939441664649
-0.5   1.3807128667634798
-0.5   1.2673504407664327
-0.5   2.1249847795280501
-0.5   2.3243732709696259
-0.5   1.4899693440873669
-0.5   0.95003376236445658
-0.5   1.485920038217301
-0.5   1.4835461812285375
-0.5   1.4042025137499126
-0.5   3.0427407344421078
-0.5   1.1382414650995383
-0.5   1.4855948386292974
-0.5   2.0390486976496409
-0.5   1.4723680581134604
-0.5   1.4744612618551167
-0.5   0.9745402950466433
-0.5   2.0407161443973134
-0.5   0.74531167327815817
-0.5   1.4387309625744078
-0.5   1.1853408316426925
-0.5   1.0528973881724681
-0.5   2.3250513475680021
-0.5   0.98653459512899366
-0.5   2.3086499469051271
-0.5   0.7673973540677097
-0.5   1.4796473018700407
-0.5   1.448860805600785
-0.5   0.72278449196968442
-0.5   1.8921948408787039
-0.5   1.9178810277036198
-0.5   0.76925644524972969
-0.5   1.3939379576129451
-0.5   2.9957226901988703
-0.5   1.6205862219897424
-0.5   1.5859637179211408
-0.5   1.4888030941065242
-0.5   1.262024995710183
-0.5   1.4034292013099803
-0.5   2.3532280575517599
-0.5   1.0640848308367898
-0.5   1.8507472348180998
-0.5   1.7760290616900272
-0.5   1.1318256175234389
-0.5   1.8547644196525015
-0.5   1.7335108286701071
-0.5   0.84257687519077873
-0.5   0.83553039659889961
-0.5   1.4712843690099711
-0.5   0.53565972629288461
-0.5   0.77045413800741436
-0.5   1.4906347350760658
-0.5   1.3763770671493845
-0.5   1.4952618039048704
-0.5   0.5519614015012011
-0.5   0.54126014691780111
-0.5   1.3190304872435652
-0.5   1.4583407801866082
-0.5   0.8207923821613603
-0.5   0.59839541448341715
-0.5   1.6729904230564872
-0.5   1.9318477121912481
-0.5   1.714110028095746
-0.5   2.1288911725727537
-0.5   2.1749644596077142
-0.5   1.4456521439328209
-0.5   0.57658172423960474
-0.5   0.57788305462782263
-0.5   0.60965410298678724
-0.5   1.4795768004741063
-0.5   0.52125225475622239
-0.5   0.70425541059410723
-0.5   1.5207791223201959
-0.5   1.8623585360281769
-0.5   2.2997332492288418
-0.5   1.5191485611062885
-0.5   1.5030031618082349
-0.5   1.4610916626527894
-0.5   0.8507277099517303
-0.5   1.4189953147014673
-0.5   0.97322640357833867
-0.5   0.633717115233422
-0.5   1.2597815930459684
-0.5   0.5081767916716402
-0.5   0.51879693438257513
-0.5   0.54092838278388156
-0.5   0.5650526585645137
-0.5   1.0820658586591263
-0.5   1.0209827930535225
-0.5   1.1192928867798975
-0.5   1.8872170860569275
-0.5   2.4043926162112892
-0.5   1.7554133228337392
-0.5   2.3386350852008593
-0.5   1.6293050553910429
-0.5   2.714083885400171
-0.5   0.80870319439556759
-0.5   1.890642642186382
-0.5   1.5454945592203009
-0.5   0.94994877146118428
-0.5   1.4501939932253862
-0.5   1.5470055138793359
-0.5   0.92047758288706638
-0.5   1.2863766513945047
-0.5   0.57243026546427411
-0.5   1.4691025586735769
-0.5   0.76239704667698449
-0.5   1.0584774859878845
-0.5   0.51940823065029607
-0.5   1.2031173464406884
-0.5   0.92674014024716267
-0.5   1.3507115322877827
-0.5   1.4138652528341682
-0.5   1.4920691586156614
-0.5   2.2885366507961695
-0.5   0.93074824027124681
-0.5   1.4676423216246754
-0.5   2.3793435013367343
-0.5   0.52090928051959939
-0.5   0.5700420779025559
-0.5   1.4818979486514077
-0.5   0.5965475711291206
-0.5   0.54945491102868993
-0.5   0.73394479111471878
-0.5   1.4990306778865528
-0.5   1.4204560159077082
-0.5   1.4100301975332321
-0.5   0.60829768077791724
-0.5   2.2756297287673206
-0.5   1.4975765300626989
-0.5   1.1564273642119471
-0.5   0.79853381886424657
-0.5   1.5028624456516049
-0.5   1.4261393504382842
-0.5   2.3966609195080513
-0.5   0.87192268848599075
-0.5   1.618117044095555
-0.5   1.5160927750247946
-0.5   2.384541239274069
-0.5   1.5891777652986412
-0.5   2.4742918137451548
-0.5   2.3835650913778439
-0.5   3.3835288084572084

0.5   0.52926942058878979
0.5   0.60309887578518273
0.5   1.2793576420381965
0.5   0.91409859157401141
0.5   0.98669004860997922
0.5   0.87781665843860668
0.5   1.3196155986566875
0.5   1.4246177643447162
0.5   1.315968952689716
0.5   2.3589569806497583
0.5   1.2638987605591554
0.5   0.9190439574604421
0.5   1.4841784253943138
0.5   2.4381920716389467
0.5   0.59844997477169937
0.5   1.4813547078382685
0.5   0.63003968182331427
0.5   1.3549327605600094
0.5   0.54047513606614461
0.5   2.074696811239332
0.5   1.4241448142827331
0.5   1.3319021936033828
0.5   0.5579971754432782
0.5   0.85982428349526829
0.5   1.4876289689343567
0.5   1.2048131505270336
0.5   1.2144670091090812
0.5   1.3014907534413451
0.5   0.56573577769066485
0.5   1.9310327660467363
0.5   1.4337766937214473
0.5   1.7968856647129763
0.5   0.82085200559832039
0.5   1.7729746108209485
0.5   2.0567695644118094
0.5   1.9917702155388706
0.5   1.1892971572543565
0.5   1.6271398264333867
0.5   2.0867915797418308
0.5   1.557247898164646
0.5   2.2840687875191059
0.5   1.4897953670898196
0.5   1.4170310389565073
0.5   1.9808435633761605
0.5   1.0838577304679984
0.5   2.8880769469765299
0.5   2.0084106006884155
0.5   1.748230759484267
0.5   1.894465547724177
0.5   1.7252893434077006
0.5   1.3256653026708187
0.5   1.6470328437964428
0.5   1.6114850062978761
0.5   1.5177271452193044
0.5   1.5720009622092777
0.5   1.5061499776092857
0.5   1.8293972663709184
0.5   1.464953710250035
0.5   1.8105706952414158
0.5   1.0968621709894453
0.5   2.3716261981891198
0.5   0.65649946276112114
0.5   1.4231829519769763
0.5   0.95114781868204501
0.5   0.66996756437887584
0.5   1.2453639747306218
0.5   0.75428335907839039
0.5   1.4619322240093273
0.5   1.3837535908294116
0.5   1.6962495350150708
0.5   1.4336541404771692
0.5   0.59405915665122855
0.5   1.7897300841425099
0.5   1.4248724363314291
0.5   1.8913810011908407
0.5   1.3810002172440994
0.5   1.7186702865207084
0.5   1.0699238759197074
0.5   2.1624192350919795
0.5   1.1479231628288142
0.5   1.0199690127256442
0.5   1.1252089536190832
0.5   1.3047720509526577
0.5   1.4845867413104645
0.5   0.60248520661433802
0.5   1.2204073101000827
0.5   1.5002436445891481
0.5   1.4999146186050725
0.5   0.73423007266280615
0.5   1.0058177256208238
0.5   1.3906537742164635
0.5   1.4554394262166381
0.5   1.4657984622316795
0.5   0.66415055394198763
0.5   1.8535321664735136
0.5   1.8881660095955617
0.5   1.2268707798362817
0.5   2.0940527116330285
0.5   1.5042976644031327
0.5   1.8105836447489141
0.5   1.7288493964760492
0.5   1.6806144275251489
0.5   1.876549999304709
0.5   1.7298815301829973
0.5   1.5739104401161819
0.5   1.9097740226016016
0.5   1.9755518424555683
0.5   1.6643963884420354
0.5   1.7728235077114758
0.5   2.1815448077766333
0.5   2.040864739615976
0.5   1.5091653450626064
0.5   1.6641999901664053
0.5   1.6453813046471693
0.5   1.3609013509562566
0.5   1.4415615142321296
0.5   2.0862987120729066
0.5   2.0268406061616053
0.5   2.2247277557284835
0.5   1.8568130534125888
0.5   2.1906721328127814
0.5   0.54190668798862052
0.5   0.57098857554735427
0.5   1.2042028246105339
0.5   0.95616409078847142
0.5   1.4920046810451493
0.5   0.54714908076179114
0.5   0.69131967102134961
0.5   1.4132165436228783
0.5   1.483524487380341
0.5   1.4972990113355298
0.5   1.6001048733924206
0.5   1.4506025557122404
0.5   1.9729698662843611
0.5   1.2248435410482412
0.5   1.1956770979683771
0.5   2.4269287376232889
0.5   1.4541939441664384
0.5   1.3807128667634896
0.5   1.2673504407664651
0.5   2.1249847795280532
0.5   2.3243732709696263
0.5   1.4899693440873576
0.5   0.95003376236445081
0.5   1.4859200382173028
0.5   1.4835461812285591
0.5   1.4042025137499323
0.5   3.042740734442106
0.5   1.1382414650995389
0.5   1.4855948386293008
0.5   2.0390486976496374
0.5   1.4723680581134562
0.5   1.4744612618551172
0.5   0.97454029504668194
0.5   2.040716144397297
0.5   0.74531167327815329
0.5   1.4387309625744091
0.5   1.1853408316427012
0.5   1.0528973881724737
0.5   2.3250513475680092
0.5   0.98653459512897057
0.5   2.3086499469051316
0.5   0.76739735406771881
0.5   1.4796473018700402
0.5   1.4488608056007914
0.5   0.72278449196967776
0.5   1.8921948408787057
0.5   1.9178810277036273
0.5   0.76925644524975123
0.5   1.3939379576129505
0.5   2.9957226901988685
0.5   1.6205862219897358
0.5   1.5859637179211439
0.5   1.4888030941065298
0.5   1.2620249957101719
0.5   1.4034292013099816
0.5   2.3532280575517555
0.5   1.0640848308369708
0.5   1.8507472348180869
0.5   1.7760290616899126
0.5   1.1318256175234682
0.5   1.8547644196524935
0.5   1.7335108286701137
0.5   0.84257687519075319
0.5   0.83553039659888606
0.5   1.4712843690099795
0.5   0.53565972629288838
0.5   0.77045413800751139
0.5   1.4906347350760683
0.5   1.3763770671493221
0.5   1.4952618039048744
0.5   0.55196140150119821
0.5   0.54126014691779356
0.5   1.3190304872435821
0.5   1.4583407801866126
0.5   0.82079238216134809
0.5   0.59839541448341316
0.5   1.6729904230564578
0.5   1.9318477121912467
0.5   1.7141100280958304
0.5   2.1288911725727555
0.5   2.1749644596076734
0.5   1.4456521439328265
0.5   0.57658172423961895
0.5   0.57788305462785106
0.5   0.60965410298675282
0.5   1.4795768004741028
0.5   0.52125225475622217
0.5   0.70425541059414165
0.5   1.520779122319766
0.5   1.8623585360285233
0.5   2.2997332492288178
0.5   1.5191485611063245
0.5   1.503003161808278
0.5   1.4610916626527914
0.5   0.85072770995172253
0.5   1.4189953147014456
0.5   0.97322640357833801
0.5   0.63371711523341356
0.5   1.2597815930459846
0.5   0.5081767916716402
0.5   0.51879693438255736
0.5   0.54092838278388222
0.5   0.56505265856452835
0.5   1.0820658586590164
0.5   1.0209827930533286
0.5   1.1192928867800276
0.5   1.8872170860569284
0.5   2.4043926162112665
0.5   1.7554133228338888
0.5   2.3386350852006768
0.5   1.6293050553910082
0.5   2.7140838854003886
0.5   0.80870319439577365
0.5   1.8906426421867004
0.5   1.5454945592201024
0.5   0.94994877146065604
0.5   1.4501939932253312
0.5   1.5470055138793679
0.5   0.92047758288717474
0.5   1.2863766513944708
0.5   0.57243026546427189
0.5   1.4691025586735931
0.5   0.76239704667699604
0.5   1.0584774859878996
0.5   0.51940823065028763
0.5   1.2031173464406155
0.5   0.92674014024706408
0.5   1.3507115322877754
0.5   1.4138652528341862
0.5   1.4920691586156551
0.5   2.2885366507962708
0.5   0.93074824027119729
0.5   1.4676423216246945
0.5   2.3793435013367596
0.5   0.52090928051960561
0.5   0.57004207790257699
0.5   1.4818979486513952
0.5   0.5965475711291246
0.5   0.54945491102871191
0.5   0.73394479111478095
0.5   1.4990306778865607
0.5   1.4204560159076838
0.5   1.4100301975331924
0.5   0.60829768077782531
0.5   2.2756297287672562
0.5   1.4975765300627211
0.5   1.1564273642120968
0.5   0.79853381886406205
0.5   1.5028624456515747
0.5   1.4261393504384907
0.5   2.3966609195080109
0.5   0.87192268848601584
0.5   1.6181170440955635
0.5   1.5160927750248852
0.5   2.3845412392739913
0.5   1.5891777652986105
0.5   2.4742918137451553
0.5   2.3835650913778448
0.5   3.3835288084572159

1.5   1.5010771038813093
1.5   1.5029219916066063
1.5   1.6421195877512105
1.5   1.5105014978562235
1.5   2.3962957619111052
1.5   1.5405198352131491
1.5   1.5079827195318956
1.5   2.454915622074191
1.5   1.5061639889804153
1.5   2.2960490766594841
1.5   1.7489583262702202
1.5   1.5360311371645636
1.5   1.5178753730299959
1.5   1.5205945358459507
1.5   1.5470329743783076
1.5   2.4736380604345931
1.5   1.6199331812928257
1.5   1.8403432586648805
1.5   2.1336168857327293
1.5   2.0214433395985809
1.5   1.8286091947476537
1.5   1.8250731574274632
1.5   1.5352984670856751
1.5   3.3506478123695933
1.5   1.6701593502052914
1.5   2.717672175495109
1.5   2.2575273131450073
1.5   2.0203925254233455
1.5   2.4927054654725924
1.5   2.2673541262008365
1.5   1.7146246973973729
1.5   1.7792207649117682
1.5   1.9528581510255649
1.5   2.1839572969391341
1.5   2.2320412816890567
1.5   1.6046163483550182
1.5   2.4302594133928896
1.5   1.5495415806239223
1.5   1.5307036191251839
1.5   1.5064024279343013
1.5   1.5176747803058874
1.5   2.4782464657282102
1.5   1.5157995298244553
1.5   1.5286917790884473
1.5   2.4425548450948824
1.5   1.5577413520818788
1.5   2.4288289917356543
1.5   1.5701483581227578
1.5   1.5021953558571735
1.5   1.5449755964938117
1.5   1.5168226164371439
1.5   1.9524402075263421
1.5   1.9524500777519909
1.5   1.5538097754232276
1.5   1.9930697798005452
1.5   1.954009772165298
1.5   2.0573999062202746
1.5   2.0470455800954488
1.5   2.3811648342958831
1.5   2.0649337686754805
1.5   2.1023043635470917
1.5   2.1712832225987815
1.5   2.6225353869090728
1.5   2.4060694070913722
1.5   1.8480760472544326
1.5   1.8649338947364611
1.5   2.1071425361516156
1.5   2.1888666703153463
1.5   2.0667204741191094
1.5   2.2159128858946726
1.5   2.0479006668115423
1.5   2.2980386298542026
1.5   2.2489930411547729
1.5   2.0103881821562055
1.5   1.5054619025790785
1.5   1.5124202191566538
1.5   1.5218688246725303
1.5   1.5027434781154523
1.5   1.5196145611690302
1.5   1.5734200844106181
1.5   2.3774615784435293
1.5   2.2076254138683882
1.5   1.714740620800951
1.5   1.8864109583399351
1.5   1.9533185779992128
1.5   2.1876148862184235
1.5   2.4264524519067234
1.5   1.5098058104730292
1.5   1.5145912460463018
1.5   3.2413345841049619
1.5   2.2686663181267899
1.5   1.8995331446664934
1.5   1.608372556133252
1.5   1.7126077640767741
1.5   2.4316969647858433
1.5   1.5528603498320681
1.5   2.3094236534024501
1.5   1.7607205525305099
1.5   2.4344125482875532
1.5   1.5521323094185422
1.5   1.5162931925770371
1.5   1.603680221350519
1.5   2.9872746150570437
1.5   2.4018817492529014
1.5   1.5110864783681812
1.5   2.2888043864598187
1.5   1.5201046634064079
1.5   1.5188724864729641
1.5   2.4590500120869425
1.5   2.050603963157561
1.5   1.9386247280294642
1.5   2.1110805154588315
1.5   2.0395343251279869
1.5   1.5990798717324926
1.5   1.5023421914207571
1.5   1.5088623813242883
1.5   1.50449305262081
1.5   1.5051416224544081
1.5   1.5053036515324894
1.5   1.7517143394347401
1.5   1.7298781061724608
1.5   1.5387014249656863
1.5   2.3270470819114468
1.5   2.2830998145511558
1.5   1.5045023882230057
1.5   1.5426224908550106
1.5   2.0994168691886648
1.5   2.0744007541700742
1.5   1.9907145823669254
1.5   1.9949739639442727
1.5   1.5044914464755745
1.5   1.504744245141536
1.5   1.5081246953267642
1.5   1.9810834511033999
1.5   1.9138543315962009
1.5   1.8785173447366454
1.5   1.5141721810062752
1.5   1.9736561444210801
1.5   2.1050791438970311
1.5   3.3688199086237933
1.5   2.4888467672810104
1.5   1.5013542600076586
1.5   1.5947416471715812
1.5   1.5086903277390071
1.5   1.5017332766533533
1.5   1.5141793785905429
1.5   1.5053633877807009
1.5   1.5729630607759084
1.5   1.5029560513660902
1.5   2.4370202141304911
1.5   1.505710518535758
1.5   2.4934153545401125
1.5   1.5017940356536097
1.5   1.5440338316793465
1.5   1.5265428071251526
1.5   1.5011654019288123
1.5   1.5448987933822589
1.5   2.2907567639503563
1.5   1.7496840664731188
1.5   1.6544245720638862
1.5   1.8358207580464216
1.5   2.1397445614038153
1.5   1.6952914615778285
1.5   2.4635873987142785
1.5   1.6560541148110626
1.5   2.4717914862654928
1.5   2.390823549151456
1.5   3.3953731789438599

2.5   2.5000704652394332
2.5   2.5000923000491198
2.5   2.5013616506542093
2.5   2.5050920334655138
2.5   2.5057576895437972
2.5   2.5597564130900992
2.5   3.415010398324374
2.5   2.8973471267271056
2.5   3.1442486432265158
2.5   2.5166322097904406
2.5   2.5293090771310127
2.5   2.5148469071740966
2.5   2.5071145683622476
2.5   2.5010833375030863
2.5   2.5007247296798627
2.5   2.5068532078716852
2.5   3.0702342605766626
2.5   2.510772377341969
2.5   3.0992060070696148
2.5   2.5037176765278444
2.5   2.566695660445879
2.5   2.6981031176323458
2.5   2.8763052618765808
2.5   2.7689740815311779
2.5   2.5031067650313021
2.5   2.5700670309152196
2.5   2.5134775167628955
2.5   2.5002963191491951
2.5   2.5021183487945624
2.5   2.5000685500402393
2.5   3.4745440023096181
2.5   2.5003644218193553
2.5   2.5172566223897839
2.5   2.5029233042069974
2.5   2.5007033799038267
2.5   3.4921050912749978
2.5   2.5000224277794221
2.5   2.5014274750432608
2.5   2.5000794701251787
2.5   2.5058653495206227
2.5   2.5000303266996391
2.5   2.5004282152518562
2.5   2.5008974034771621
2.5   2.5000763397235763
2.5   2.500068842947039
2.5   2.6944417423008886
2.5   3.3451673705739653
2.5   2.5000300087772249
2.5   2.5002758083098686
2.5   2.5000490787306977
2.5   2.5000410429893716
2.5   2.5005875518451801
2.5   2.5000182924168715
2.5   2.6007149451617879
2.5   2.5000818682740893
2.5   3.4218815391981878

3.5   3.4999999999999991
3.5   3.5
3.5   3.5
3.5   3.4999999999999996
3.5   3.4999999999999996
3.5   3.4999999999999996
3.5   3.4999999999999996
3.5   3.4999999999999996

