-2.5   2.5
-2.5   2.5
-2.5   2.5
-2.5   2.5
-2.5   2.5000000000000004
-2.5   2.5000000000000004

-1.5   1.5026549458216416
-1.5   1.514550582427896
-1.5   1.5461682476362557
-1.5   1.5339292680964207
-1.5   2.3669586904710034
-1.5   1.6220266158990109
-1.5   2.3797016311777526
-1.5   1.6418924395649186
-1.5   1.5001247517724261
-1.5   1.5232768791499733
-1.5   1.5238797333658427
-1.5   1.5342227915034905
-1.5   1.5065462053435357
-1.5   2.2275302466355185
-1.5   2.0558892243529021
-1.5   1.8026359469057693
-1.5   2.0163665794633037
-1.5   1.5027882307482279
-1.5   1.5146943469016181
-1.5   1.5055550471516583
-1.5   1.5010857964376094
-1.5   1.61040549084034
-1.5   2.4110038609392332
-1.5   1.5001282055070773
-1.5   1.5049750633297108
-1.5   1.5044487956906898
-1.5   1.5000769551012714
-1.5   1.6656317245252592
-1.5   1.5002364852523598
-1.5   2.3791890014715453

-0.5   0.61219525249439211
-0.5   0.57324021817324766
-0.5   1.4174033529472232
-0.5   1.4457770890928643
-0.5   0.60629977421255443
-0.5   0.71164248482019143
-0.5   1.2050113539197329
-0.5   1.4066335538388308
-0.5   1.6312924357371803
-0.5   0.96627425687953861
-0.5   1.5401729118917831
-0.5   1.30114076436046
-0.5   1.068306270520555
-0.5   1.6267740301734785
-0.5   1.8796712644192741
-0.5   1.483408419619108
-0.5   1.4542441101860635
-0.5   0.71457471932774874
-0.5   0.59201049304781006
-0.5   1.4451428059180798
-0.5   0.5739106313795217
-0.5   1.4830539188899083
-0.5   0.60814470712116986
-0.5   1.0511111983605061
-0.5   1.1528234835724729
-0.5   1.4595813475798858
-0.5   1.2925551688222401
-0.5   1.1465777214475934
-0.5   2.0274253627465235
-0.5   1.4226218676981865
-0.5   1.2660217545539731
-0.5   2.3302590546121889
-0.5   0.73933271987863858
-0.5   1.4693049573113208
-0.5   0.54744587768929875
-0.5   1.4965029943263823
-0.5   1.4730231820480748
-0.5   0.54342135150671966
-0.5   0.78489270514433618
-0.5   1.1502814817083669
-0.5   0.87901100237084528
-0.5   1.0307545306722445
-0.5   1.3028430961216395
-0.5   2.1423100862120092
-0.5   1.4374825004533662
-0.5   1.0169623317973386
-0.5   0.55753020986942148
-0.5   0.50684968895765548
-0.5   0.54631958217158116
-0.5   0.5672815408832883
-0.5   1.4135205883290765
-0.5   0.64466909053433086
-0.5   1.448278058690466
-0.5   0.6190900301854152
-0.5   0.85537601739787039
-0.5   0.73387468713149895
-0.5   1.3624639562837833
-0.5   1.495478178773278
-0.5   1.4082655281959355
-0.5   2.383311105366094

0.5   0.61219525249439255
0.5   0.57324021817324744
0.5   1.4174033529472205
0.5   1.4457770890928623
0.5   0.60629977421255821
0.5   0.71164248482019299
0.5   1.2050113539197291
0.5   1.4066335538388313
0.5   1.6312924357371816
0.5   0.96627425687954482
0.5   1.5401729118917755
0.5   1.3011407643604571
0.5   1.0683062705205619
0.5   1.6267740301734803
0.5   1.8796712644192706
0.5   1.4834084196191075
0.5   1.4542441101860644
0.5   0.71457471932774874
0.5   0.59201049304780962
0.5   1.4451428059180815
0.5   0.57391063137952547
0.5   1.4830539188899059
0.5   0.60814470712116941
0.5   1.0511111983605046
0.5   1.1528234835724731
0.5   1.4595813475798869
0.5   1.2925551688222414
0.5   1.1465777214475958
0.5   2.0274253627465217
0.5   1.422621867698189
0.5   1.2660217545539731
0.5   2.3302590546121862
0.5   0.73933271987863858
0.5   1.4693049573113199
0.5   0.54744587768929875
0.5   1.4965029943263826
0.5   1.4730231820480739
0.5   0.54342135150672055
0.5   0.78489270514433729
0.5   1.1502814817083704
0.5   0.8790110023708575
0.5   1.030754530672243
0.5   1.3028430961216291
0.5   2.1423100862120048
0.5   1.4374825004533656
0.5   1.0169623317973471
0.5   0.5575302098694217
0.5   0.50684968895765548
0.5   0.54631958217157983
0.5   0.56728154088328342
0.5   1.4135205883290787
0.5   0.64466909053432997
0.5   1.4482780586904682
0.5   0.6190900301854112
0.5   0.85537601739788194
0.5   0.73387468713150761
0.5   1.3624639562837786
0.5   1.4954781787732789
0.5   1.4082655281959364
0.5   2.3833111053660918

1.5   1.5026549458216412
1.5   1.5145505824278964
1.5   1.5461682476362548
1.5   1.5339292680964198
1.5   2.3669586904709998
1.5   1.6220266158990126
1.5   2.3797016311777526
1.5   1.6418924395649217
1.5   1.5001247517724261
1.5   1.5232768791499729
1.5   1.5238797333658423
1.5   1.5342227915034901
1.5   1.5065462053435352
1.5   2.2275302466355189
1.5   2.0558892243529008
1.5   1.8026359469057689
1.5   2.0163665794633046
1.5   1.5027882307482274
1.5   1.5146943469016172
1.5   1.5055550471516583
1.5   1.5010857964376094
1.5   1.6104054908403387
1.5   2.4110038609392332
1.5   1.5001282055070773
1.5   1.5049750633297099
1.5   1.5044487956906902
1.5   1.50007695510127
1.5   1.6656317245252623
1.5   1.5002364852523575
1.5   2.3791890014715396

2.5   2.5
2.5   2.5
2.5   2.5
2.5   2.5
2.5   2.5000000000000004
2.5   2.5000000000000004

