0   -40.5751   0.0517425   0.0292698   0.0859205   0.17405   0.0176465   0.282741   0.0176465   0.17405   0.0859205   0.0292698   0.0517425   
1   -51.9637   0.0111485   0.0270465   0.0661593   0.12282   0.173719   0.198213   0.173719   0.12282   0.0661593   0.0270465   0.0111485   
2   -53.0771   0.0095325   0.0244628   0.0644086   0.123729   0.175987   0.203761   0.175987   0.123729   0.0644086   0.0244628   0.0095325   
3   -53.286   0.0136635   0.0340012   0.0764277   0.124017   0.162138   0.179506   0.162138   0.124017   0.0764277   0.0340012   0.0136635   
4   -53.253   0.0148264   0.0345495   0.0805195   0.121305   0.163359   0.170882   0.163359   0.121305   0.0805195   0.0345495   0.0148264   
5   -53.1996   0.0165013   0.0368979   0.08438   0.119411   0.161048   0.163524   0.161048   0.119411   0.08438   0.0368979   0.0165013   
6   -53.253   0.0148264   0.0345495   0.0805195   0.121305   0.163359   0.170882   0.163359   0.121305   0.0805195   0.0345495   0.0148264   
7   -53.286   0.0136635   0.0340012   0.0764277   0.124017   0.162138   0.179506   0.162138   0.124017   0.0764277   0.0340012   0.0136635   
8   -53.0771   0.0095325   0.0244628   0.0644086   0.123729   0.175987   0.203761   0.175987   0.123729   0.0644086   0.0244628   0.0095325   
9   -51.9637   0.0111485   0.0270465   0.0661593   0.12282   0.173719   0.198213   0.173719   0.12282   0.0661593   0.0270465   0.0111485   
10   -40.5751   0.0517425   0.0292698   0.0859205   0.17405   0.0176465   0.282741   0.0176465   0.17405   0.0859205   0.0292698   0.0517425   
