-2.5   2.5
-2.5   2.4999999999999996
-2.5   2.5000000000000004
-2.5   2.5
-2.5   2.4999999999999996
-2.5   2.5

-1.5   1.510508073208801
-1.5   1.5818118462943724
-1.5   1.7269195558796002
-1.5   1.5328243219673392
-1.5   2.0635295548430839
-1.5   1.6813049090078103
-1.5   2.2757729151091146
-1.5   1.8243746387361188
-1.5   1.5089850322938343
-1.5   1.6791316991155671
-1.5   1.6019168827914254
-1.5   1.630873036333079
-1.5   1.5236588817483612
-1.5   2.0275563750214483
-1.5   2.1133289888037639
-1.5   1.7750675180694677
-1.5   1.863250846124989
-1.5   1.5105376897511444
-1.5   1.5889445906023991
-1.5   1.5386621840547048
-1.5   1.507321899462458
-1.5   1.6889405371695498
-1.5   2.2949560993233864
-1.5   1.5008951819694123
-1.5   1.5207432934078269
-1.5   1.5143961060515365
-1.5   1.5022688013469043
-1.5   1.848881824232274
-1.5   1.5002894981671253
-1.5   2.2222425487830226

-0.5   1.1008332344411462
-0.5   0.94977863761614878
-0.5   0.70751073146556931
-0.5   1.1754513925040491
-0.5   1.3315822568523867
-0.5   0.81266724135708768
-0.5   1.2248476974974218
-0.5   1.361765680357188
-0.5   1.1767533842721936
-0.5   1.3927356440440495
-0.5   1.1570108640638028
-0.5   1.1138065522808271
-0.5   1.5778957704973378
-0.5   1.6286737461914331
-0.5   1.2247301812076241
-0.5   1.5257714487999587
-0.5   1.5488416651843169
-0.5   1.1554680527724837
-0.5   0.945675231318861
-0.5   1.11925146827011
-0.5   1.1195694054266745
-0.5   1.3377708381526814
-0.5   1.074820231335591
-0.5   1.1873849112291539
-0.5   0.92623627655090179
-0.5   0.96443721819680039
-0.5   1.4709050852887906
-0.5   1.2512195741947463
-0.5   1.1524888015759736
-0.5   1.363376237477155
-0.5   2.0015153831897914
-0.5   2.1373173086389978
-0.5   0.98063095969691605
-0.5   1.4119527840451687
-0.5   0.66214673583142969
-0.5   1.4420096732516292
-0.5   1.5385464298639278
-0.5   1.3548161986658742
-0.5   0.65650789892816031
-0.5   1.3367327716335404
-0.5   0.79087019270005476
-0.5   1.1321555060663848
-0.5   1.1964435522304742
-0.5   1.2147836131827443
-0.5   0.97020778140836073
-0.5   1.8225532257766193
-0.5   0.64814014144991727
-0.5   0.55277456038822792
-0.5   0.75119530495109088
-0.5   0.7145674955182828
-0.5   1.0771000685391539
-0.5   1.140409675369314
-0.5   1.1728630116543772
-0.5   0.94783817313493546
-0.5   0.98711524797688832
-0.5   0.8475863585686163
-0.5   1.2703441215340128
-0.5   1.448269142997054
-0.5   1.302185206490269
-0.5   2.2621036822287834

0.5   1.1008332344411422
0.5   0.94977863761614767
0.5   0.70751073146557308
0.5   1.1754513925040462
0.5   1.331582256852389
0.5   0.81266724135708723
0.5   1.2248476974974196
0.5   1.3617656803571896
0.5   1.1767533842721978
0.5   1.3927356440440459
0.5   1.1570108640638048
0.5   1.1138065522808291
0.5   1.5778957704973369
0.5   1.6286737461914313
0.5   1.2247301812076254
0.5   1.5257714487999561
0.5   1.5488416651843111
0.5   1.1554680527724899
0.5   0.94567523131886255
0.5   1.1192514682701078
0.5   1.119569405426674
0.5   1.3377708381526816
0.5   1.0748202313355857
0.5   1.187384911229159
0.5   0.92623627655090113
0.5   0.9644372181968015
0.5   1.4709050852887893
0.5   1.2512195741947441
0.5   1.1524888015759733
0.5   1.3633762374771543
0.5   2.0015153831897918
0.5   2.1373173086389974
0.5   0.98063095969691738
0.5   1.4119527840451691
0.5   0.6621467358314288
0.5   1.442009673251629
0.5   1.5385464298639246
0.5   1.3548161986658782
0.5   0.65650789892816208
0.5   1.3367327716335382
0.5   0.79087019270004077
0.5   1.1321555060664037
0.5   1.196443552230495
0.5   1.2147836131827321
0.5   0.97020778140833208
0.5   1.8225532257766162
0.5   0.64814014144992016
0.5   0.55277456038822881
0.5   0.751195304951084
0.5   0.71456749551828902
0.5   1.0771000685391579
0.5   1.1404096753693151
0.5   1.1728630116543777
0.5   0.94783817313493213
0.5   0.98711524797690187
0.5   0.84758635856859899
0.5   1.2703441215340183
0.5   1.4482691429970511
0.5   1.302185206490261
0.5   2.262103682228779

1.5   1.510508073208801
1.5   1.581811846294372
1.5   1.7269195558796149
1.5   1.532824321967341
1.5   2.0635295548430745
1.5   1.6813049090078098
1.5   2.2757729151091146
1.5   1.8243746387361197
1.5   1.5089850322938339
1.5   1.6791316991155676
1.5   1.6019168827914259
1.5   1.6308730363330795
1.5   1.5236588817483616
1.5   2.0275563750214474
1.5   2.1133289888037621
1.5   1.7750675180694686
1.5   1.863250846124989
1.5   1.510537689751144
1.5   1.5889445906024
1.5   1.5386621840547052
1.5   1.5073218994624584
1.5   1.6889405371695503
1.5   2.2949560993233868
1.5   1.5008951819694127
1.5   1.5207432934078269
1.5   1.5143961060515339
1.5   1.5022688013469043
1.5   1.8488818242322749
1.5   1.5002894981671253
1.5   2.2222425487830217

2.5   2.5
2.5   2.4999999999999996
2.5   2.5000000000000004
2.5   2.5
2.5   2.4999999999999996
2.5   2.5

