-2   2
-2   2
-2   2
-2   2
-2   2.0000000000000004

-1   1.3202722244950795
-1   1.1274595004031793
-1   1.1709458244505129
-1   1.7177789958059453
-1   1.0280223447184516
-1   1.2498585843793921
-1   1.3873506940819202
-1   1.238794467658513
-1   1.4255345935201853
-1   1.4909069640789805
-1   1.2752502259009251
-1   1.3789747544409947
-1   1.2041644355404508
-1   1.145896170648125
-1   1.4750401098592716
-1   1.4692013329311595
-1   1.061778964631098
-1   1.0344738092642671
-1   1.0054481121635224
-1   1.6306679483819941

0   0.87204326685258549
0   1.0000000000000007
0   0.051331707679832861
0   1.0000000000000007
0   1.4458783515920899
0   1
0   1.0000000000000007
0   1.1055922505262339
0   1.0000000000000007
0   0.99999999999999933
0   1.0000000000000002
0   0.34472329244862854
0   1.3740987491201269
0   0.99999999999999978
0   1.6352327618930342
0   1.0000000000000007
0   1.4458783515920899
0   1.0000000000000002
0   0.99999999999999978
0   0.99999999999999978
0   0.35811195526743089
0   0.34472329244862732
0   1.0000000000000011
0   0.99999999999999978
0   0.98913009223414372
0   0.99999999999999889
0   0.0628177139736672
0   1.0000000000000018
0   1.0000000000000016
0   1.5355615293067792

1   1.3202722244950786
1   1.1274595004031789
1   1.1709458244505118
1   1.7177789958059435
1   1.0280223447184507
1   1.2498585843793926
1   1.3873506940819218
1   1.2387944676585136
1   1.4255345935201849
1   1.4909069640789796
1   1.2752502259009246
1   1.3789747544409943
1   1.2041644355404499
1   1.1458961706481243
1   1.4750401098592714
1   1.4692013329311591
1   1.0617789646310984
1   1.0344738092642671
1   1.0054481121635213
1   1.6306679483819932

2   2
2   2
2   2
2   2
2   2.0000000000000004

