0   -40.3686   0.0517519   0.0292753   0.0859174   0.174048   0.0176448   0.282726   0.0176448   0.174048   0.0859174   0.0292753   0.0517519   
1   -51.6843   0.0111521   0.027054   0.0661672   0.122821   0.173707   0.198197   0.173707   0.122821   0.0661672   0.027054   0.0111521   
2   -52.7845   0.00953466   0.0244692   0.0644123   0.123728   0.175984   0.203743   0.175984   0.123728   0.0644123   0.0244692   0.00953466   
3   -52.9874   0.0137039   0.0340384   0.0764775   0.123966   0.162091   0.179447   0.162091   0.123966   0.0764775   0.0340384   0.0137039   
4   -52.9518   0.014799   0.0345245   0.0804193   0.121373   0.163328   0.171113   0.163328   0.121373   0.0804193   0.0345245   0.014799   
5   -52.8965   0.0163168   0.0366558   0.0840334   0.119572   0.161376   0.164092   0.161376   0.119572   0.0840334   0.0366558   0.0163168   
6   -52.9518   0.014799   0.0345245   0.0804193   0.121373   0.163328   0.171113   0.163328   0.121373   0.0804193   0.0345245   0.014799   
7   -52.9874   0.0137039   0.0340384   0.0764775   0.123966   0.162091   0.179447   0.162091   0.123966   0.0764775   0.0340384   0.0137039   
8   -52.7845   0.00953466   0.0244692   0.0644123   0.123728   0.175984   0.203743   0.175984   0.123728   0.0644123   0.0244692   0.00953466   
9   -51.6843   0.0111521   0.027054   0.0661672   0.122821   0.173707   0.198197   0.173707   0.122821   0.0661672   0.027054   0.0111521   
10   -40.3686   0.0517519   0.0292753   0.0859174   0.174048   0.0176448   0.282726   0.0176448   0.174048   0.0859174   0.0292753   0.0517519   
