0   -30.2346   0.0293384   0.113035   1.14974e-06   0.24807   0.109556   0.109556   0.24807   1.14974e-06   0.113035   0.0293384   
1   -39.0945   0.0157952   0.0379247   0.0893584   0.1551   0.201821   0.201821   0.1551   0.0893584   0.0379247   0.0157952   
2   -39.6749   0.0147234   0.0377489   0.0918606   0.154737   0.20093   0.20093   0.154737   0.0918606   0.0377489   0.0147234   
3   -39.7303   0.0207486   0.0449646   0.10164   0.146835   0.185812   0.185812   0.146835   0.10164   0.0449646   0.0207486   
4   -39.6225   0.0193649   0.0470206   0.10153   0.149754   0.182331   0.182331   0.149754   0.10153   0.0470206   0.0193649   
5   -39.6225   0.0193649   0.0470206   0.10153   0.149754   0.182331   0.182331   0.149754   0.10153   0.0470206   0.0193649   
6   -39.7303   0.0207486   0.0449646   0.10164   0.146835   0.185812   0.185812   0.146835   0.10164   0.0449646   0.0207486   
7   -39.6749   0.0147234   0.0377489   0.0918606   0.154737   0.20093   0.20093   0.154737   0.0918606   0.0377489   0.0147234   
8   -39.0945   0.0157952   0.0379247   0.0893584   0.1551   0.201821   0.201821   0.1551   0.0893584   0.0379247   0.0157952   
9   -30.2346   0.0293384   0.113035   1.14974e-06   0.24807   0.109556   0.109556   0.24807   1.14974e-06   0.113035   0.0293384   
