-1.5   1.4999999999999998
-1.5   1.5
-1.5   1.4999999999999998
-1.5   1.4999999999999998

-0.5   0.53541860516106254
-0.5   0.49999999999999989
-0.5   1.4947133846589538
-0.5   0.49999999999999989
-0.5   1.4792213625046846
-0.5   0.50967081253694224
-0.5   1.4999999999999998
-0.5   0.49999999999999989
-0.5   0.50528160745704387
-0.5   0.55016994086221094
-0.5   0.5
-0.5   1.4745446205854336

0.5   0.53541860516106232
0.5   0.5
0.5   1.4947133846589531
0.5   0.5
0.5   1.4792213625046851
0.5   0.50967081253694246
0.5   1.5000000000000004
0.5   0.49999999999999978
0.5   0.50528160745704387
0.5   0.55016994086221072
0.5   0.50000000000000022
0.5   1.4745446205854351

1.5   1.4999999999999998
1.5   1.5
1.5   1.4999999999999998
1.5   1.4999999999999998

