-2   2
-2   2
-2   2.0000000000000004
-2   2.0000000000000009
-2   2.0000000000000004

-1   1.0145161750113851
-1   1.0074294637730614
-1   1.0488272159471799
-1   1.9525818658350964
-1   1.9708785892466669
-1   1.0117584784309914
-1   1.0390301866588227
-1   1.0009205126072045
-1   1.1214462727235257
-1   1.911502457690665
-1   1.0057792970631112
-1   1.0184884065539848
-1   1.937281620379411
-1   1.0009261963045659
-1   1.0952410423982546
-1   1.0042499693455484
-1   1.0004477348984853
-1   1.0464957779342834
-1   1.0000635796048565
-1   1.9690819600997953

0   0.030598699782768635
0   0.99999999999999978
0   0.99999999999999956
0   0.18284359182726262
0   0.99999999999999978
0   1.5595597619237487
0   0.99999999999999978
0   1.8929995181198427
0   1.0000000000000007
0   1
0   0.24700092351036274
0   1.0000000000000002
0   0.0081472100332662389
0   1
0   1.9924144900785863
0   0.99999999999999978
0   0.99999999999999933
0   1.5595597619237487
0   1.0000000000000007
0   0.99999999999999956
0   0.99999999999999933
0   0.0036594125633921948
0   0.0081472100332660169
0   0.99999999999999978
0   0.021641440693710656
0   1.0000000000000004
0   0.16247529166250629
0   1
0   0.99999999999999978
0   1.9578336958615425

1   1.0145161750113856
1   1.0074294637730621
1   1.0488272159471814
1   1.9525818658350969
1   1.9708785892466656
1   1.011758478430991
1   1.0390301866588239
1   1.0009205126072045
1   1.1214462727235279
1   1.911502457690665
1   1.0057792970631114
1   1.0184884065539852
1   1.9372816203794119
1   1.0009261963045661
1   1.0952410423982546
1   1.0042499693455482
1   1.0004477348984848
1   1.0464957779342856
1   1.000063579604856
1   1.9690819600997931

2   2
2   2
2   2.0000000000000004
2   2.0000000000000009
2   2.0000000000000004

