0   -36.3417   0.0519592   0.0293964   0.0858494   0.173994   0.0176075   0.282388   0.0176075   0.173994   0.0858494   0.0293964   0.0519592   
1   -46.2363   0.011233   0.0272228   0.0663448   0.122836   0.173453   0.197822   0.173453   0.122836   0.0663448   0.0272228   0.011233   
2   -47.0801   0.00959016   0.0246287   0.0645156   0.123718   0.17589   0.203314   0.17589   0.123718   0.0645156   0.0246287   0.00959016   
3   -47.168   0.0146902   0.0349201   0.0778134   0.12259   0.161178   0.177616   0.161178   0.12259   0.0778134   0.0349201   0.0146902   
4   -47.0892   0.0140195   0.0340554   0.0777779   0.123361   0.162281   0.177012   0.162281   0.123361   0.0777779   0.0340554   0.0140195   
5   -47.0348   0.0101542   0.0254784   0.0709218   0.12217   0.177693   0.187165   0.177693   0.12217   0.0709218   0.0254784   0.0101542   
6   -47.0892   0.0140195   0.0340554   0.0777779   0.123361   0.162281   0.177012   0.162281   0.123361   0.0777779   0.0340554   0.0140195   
7   -47.168   0.0146902   0.0349201   0.0778134   0.12259   0.161178   0.177616   0.161178   0.12259   0.0778134   0.0349201   0.0146902   
8   -47.0801   0.00959016   0.0246287   0.0645156   0.123718   0.17589   0.203314   0.17589   0.123718   0.0645156   0.0246287   0.00959016   
9   -46.2363   0.011233   0.0272228   0.0663448   0.122836   0.173453   0.197822   0.173453   0.122836   0.0663448   0.0272228   0.011233   
10   -36.3417   0.0519592   0.0293964   0.0858494   0.173994   0.0176075   0.282388   0.0176075   0.173994   0.0858494   0.0293964   0.0519592   
