-4   4
-4   4.0000000000000009
-4   4
-4   4
-4   4
-4   4
-4   4
-4   4
-4   4

-3   3.0000204113506617
-3   3.0000312316712234
-3   3.0003007757827156
-3   3.0008659271778377
-3   3.0002955208124842
-3   3.0177395764644017
-3   3.0064887425471452
-3   3.8897130601721939
-3   3.0003746845433095
-3   3.1184479405729766
-3   3.8794076320860178
-3   3.1384545978996901
-3   3.0008968491898904
-3   3.0001157591537542
-3   3.0041967955314317
-3   3.0002881640646737
-3   3.0016946914148366
-3   3.0001290019326947
-3   3.8090558646394905
-3   3.0005075898806632
-3   3.0162173090982138
-3   3.1765840617196504
-3   3.0029067706261054
-3   3.0392843567806982
-3   3.007138746945107
-3   3.0014612862836332
-3   3.7678285263817504
-3   3.000226831060214
-3   3.268094727812469
-3   3.0000777981873221
-3   3.0024936717877293
-3   3.0000393645363079
-3   3.0013999556042052
-3   3.0023223510743571
-3   3.3109463986783654
-3   3.0021453173875927
-3   3.1080659030973075
-3   3.6360958575466249
-3   3.0043544165634883
-3   3.004708030323223
-3   3.0592765378810833
-3   3.0072555002454817
-3   3.9460538313777
-3   3.0000590676139547
-3   3.0001142733099018
-3   3.0001572258448808
-3   3.0009405875985817
-3   3.0000675340747391
-3   3.0000093882121579
-3   3.8077453903561729
-3   3.0000297520252062
-3   3.2315757915647105
-3   3.0000092246033847
-3   3.0015389789369249
-3   3.0000990222103456
-3   3.0001254303539722
-3   3.0000043324147909
-3   3.0000186962149291
-3   3.0256074400595683
-3   3.0000092124245108
-3   3.941862547187494
-3   3.0000540921379426
-3   3.0479980401004427
-3   3.000023676746491
-3   3.0000301184723619
-3   3.0001526347682619
-3   3.0000221820623212
-3   3.0000839988587851
-3   3.0000151667340678
-3   3.0904688781603133
-3   3.000056095060355
-3   3.9278989632692269

-2   2.0002476774654836
-2   2.0004009003853063
-2   2.0008367042592705
-2   2.1314371501555249
-2   2.0081769547300121
-2   2.8992405751022865
-2   2.0026455884707728
-2   2.1040786945194894
-2   2.0035368121491621
-2   2.9137187137636933
-2   2.0010852905585299
-2   2.0030046382994904
-2   2.8763326116157515
-2   2.1437921392448502
-2   2.0182674332601218
-2   2.0093415113822162
-2   2.0126025044869897
-2   2.0161046990371099
-2   2.0147482292181014
-2   2.8906664230330978
-2   2.1277565963135636
-2   2.0031456155439709
-2   2.0802326284844384
-2   2.9658577107373021
-2   2.7336347920899464
-2   2.7556686873541789
-2   2.0307708624467424
-2   2.2714934385115861
-2   2.359195868288996
-2   2.2343668819836173
-2   2.8034391975908428
-2   2.1039552513181752
-2   3.0612747199518058
-2   2.5412013184994207
-2   2.3817210083446678
-2   2.1011289367746984
-2   2.8705522202884453
-2   2.4320911300342627
-2   2.2762328885958514
-2   3.2898187367273959
-2   2.3647923983852581
-2   2.5855234800768616
-2   3.0609453036896008
-2   2.3017019346757883
-2   2.3427515788705304
-2   2.3324634274521885
-2   2.2653633599112797
-2   2.5919582724234695
-2   2.2041802515115623
-2   2.0948288851543082
-2   2.5548231998915658
-2   2.358410703349398
-2   2.0107115714722923
-2   2.0017670260461817
-2   2.0073265727005078
-2   2.0066608578187237
-2   2.0569750357858423
-2   2.0939499659282594
-2   2.9199899496043762
-2   2.6066360824647741
-2   2.3633959410365288
-2   2.9701989249239502
-2   2.0664228988428799
-2   2.0619305289804561
-2   2.0200108595190214
-2   2.0835241554505131
-2   2.3235943723220029
-2   2.5109158726323391
-2   2.0399057934047957
-2   3.0677864061418774
-2   2.4048280904291652
-2   2.0987846339406566
-2   3.292163312138491
-2   2.4830147601380914
-2   2.9449659357893299
-2   2.0980704776872039
-2   2.7055332576171587
-2   2.0420023584115508
-2   2.0710065726530691
-2   2.036967933546741
-2   2.1171735172192303
-2   2.7613381195836735
-2   2.2756835349261628
-2   2.2482521816344234
-2   2.2462695584747854
-2   2.1888218998233469
-2   2.0740828041281945
-2   2.7517624194461301
-2   2.5012847837110805
-2   2.0141330841820215
-2   2.3907356349614886
-2   2.0592475500373149
-2   2.6742666445334096
-2   2.6866601630932947
-2   2.7086754989921187
-2   2.7046500711107417
-2   2.98630261974166
-2   2.3790323425963531
-2   2.6706804068394723
-2   2.7010878965712983
-2   2.0488870400280974
-2   2.0024380837714291
-2   2.0196917621406207
-2   2.0232674755730797
-2   2.0710139266664775
-2   2.2811770887201019
-2   2.1417317471236625
-2   2.3398735874176362
-2   2.460161957019666
-2   2.8210638985463596
-2   2.0279857433779021
-2   2.005368134394943
-2   2.9855243253414825
-2   2.0128481791232895
-2   2.0063985641704343
-2   2.0031263210222536
-2   2.0115136047829285
-2   2.0242364230451555
-2   2.0520989976274393
-2   2.1283405568987628
-2   2.5127418811412601
-2   2.3655849418927781
-2   2.1361629143324965
-2   2.3778438902865311
-2   2.1658149929582335
-2   2.7264805083967247
-2   2.6932229283391207
-2   3.2749836488920425
-2   2.8271207032687813
-2   2.3187160438265715
-2   3.2379384533332698
-2   2.6725926153619719
-2   2.2588021323698584
-2   2.2730291073629165
-2   2.6779700109828388
-2   2.4018649585583018
-2   2.4166195442005769
-2   2.2970249042776172
-2   2.7466718398992294
-2   2.5544880666041356
-2   3.7858279948555671
-2   2.0153234112175924
-2   2.0023105276026589
-2   2.0291746755477682
-2   2.0023810252449041
-2   2.4528239556790417
-2   2.5275716019380501
-2   2.0502429235281583
-2   2.1968034926924873
-2   2.1109741893813183
-2   2.7945281496010428
-2   2.0180795739893145
-2   2.0007663295116687
-2   2.9321527430443766
-2   2.68137836194887
-2   2.3934374222928527
-2   2.0846058510043064
-2   2.0038555337339825
-2   2.9933076352426444
-2   2.0073927737391846
-2   2.0008535002719219
-2   2.0042280765054916
-2   2.0064948437891648
-2   2.0096653096254258
-2   2.0350963839389911
-2   2.9118048910604677
-2   2.0062582486692873
-2   2.0164410309606833
-2   2.1175388508904076
-2   3.8284043122297042
-2   2.1700666982275538
-2   2.2019585397617081
-2   2.6995448094329322
-2   2.8362964202186669
-2   2.9386102814747734
-2   2.3606211262861114
-2   2.0499700737831286
-2   2.029664022511771
-2   2.0753469140863032
-2   2.0550784691530763
-2   2.9628632343485424
-2   2.0003692242610192
-2   2.0042559319461395
-2   2.0008461656616614
-2   2.00367640581922
-2   2.0015979442809968
-2   2.0018273262486068
-2   2.0043538903033338
-2   2.2033632394589628
-2   2.1665063774749762
-2   2.6859320928195234
-2   2.7017539476237245
-2   2.1828997122418108
-2   2.1937904365798966
-2   2.0210915359009527
-2   2.0181642827743103
-2   2.0012393207408268
-2   2.010900398020933
-2   2.5348884661470263
-2   2.7874239457894614
-2   2.4647627479667547
-2   2.1627272659995098
-2   2.0920110376627297
-2   2.1124015357611303
-2   2.0024473071788558
-2   2.0439832950725245
-2   2.0785475423693707
-2   2.2274250798444144
-2   2.2887453694041819
-2   2.7033556897455342
-2   2.8197278060322835
-2   2.0010516157387972
-2   2.0149971388623227
-2   2.0358422076753815
-2   3.4462817686158487
-2   2.8837134935943931
-2   2.9694052596173584
-2   2.7807090003717581
-2   2.0922900436010829
-2   2.0565098089048508
-2   2.0020361006400758
-2   2.0025511159134308
-2   2.0006475754096402
-2   2.0028648390249826
-2   2.0196798332910744
-2   2.0016171751154079
-2   2.981293561625157
-2   2.0128480656821184
-2   2.0026182000155464
-2   2.9879751151817153
-2   2.0020037410047888
-2   2.0042448972684088
-2   2.0204301086531391
-2   2.0075619223400758
-2   2.0171989853597276
-2   2.0097883382319242
-2   2.8828764288291628
-2   2.0707805569318483
-2   2.1305021007465159
-2   2.0487055832844629
-2   2.0523839163178335
-2   2.5532846646649983
-2   2.4123221492287863
-2   2.1409000799836586
-2   2.2313891531288443
-2   2.7367231970337329
-2   2.1868275620656603
-2   2.9735345979885883
-2   2.1480390517879133
-2   2.9641571486678386
-2   2.8827842971231084
-2   3.88896905895131

-1   1.020479229516666
-1   1.0661693236007301
-1   1.1211050661777429
-1   1.6691082868441955
-1   1.0498931068009172
-1   1.4160414443930005
-1   1.4302834182497404
-1   1.1348753805181013
-1   1.6622964632612383
-1   1.3611313026294305
-1   1.9102159371998964
-1   1.2283293382475948
-1   1.8804834679477787
-1   1.8231711609711279
-1   2.8480550612815891
-1   1.0282291693978489
-1   1.9486048803937002
-1   1.2244981862362574
-1   1.1244007110590508
-1   2.0417721507508375
-1   1.8822788439730957
-1   2.8132009472919886
-1   1.2446424211308913
-1   1.1044179298341359
-1   1.9170465706040525
-1   1.0188376677705397
-1   1.3254134397672204
-1   2.62811414586412
-1   1.7812215199042174
-1   2.0700478846052452
-1   1.052754044745291
-1   1.3413848009715228
-1   1.3235697586627324
-1   1.4756836737297485
-1   1.4511527777764783
-1   1.8567819174465492
-1   1.3133484275645633
-1   1.3872989279213681
-1   1.4017400266681324
-1   1.6687143853819491
-1   1.7696310336800152
-1   1.2783644825623086
-1   1.5707353214552739
-1   1.3224690139266282
-1   1.4049236123338187
-1   2.7612900443239012
-1   1.1184400048147134
-1   1.2186030887716977
-1   1.7834602580212802
-1   1.0848101816665072
-1   1.3170124117895292
-1   1.8830567589730212
-1   1.8306391959085713
-1   1.8968344992781092
-1   1.8528887318059368
-1   1.2203938233863016
-1   2.0439462245877906
-1   2.1421228544253434
-1   2.1687496121701257
-1   2.5694515699243134
-1   2.3593189865511168
-1   1.802040592884568
-1   1.472330731018008
-1   1.9439271463962831
-1   2.1726887758841031
-1   3.1317570779878787
-1   1.8201511500482281
-1   1.6601497875277929
-1   1.6731883932478278
-1   2.0095538803970876
-1   2.3137330423655316
-1   1.9862081092850512
-1   2.0319666355624086
-1   2.5143472204215489
-1   1.7421676274978197
-1   1.7484288411054005
-1   1.8138891696767696
-1   1.6104730309543376
-1   1.793713232481827
-1   1.7419846182546834
-1   1.7556284796450337
-1   2.6341578473316449
-1   2.0130718711767281
-1   2.3667611497061536
-1   1.9578343960680558
-1   1.8978820307843356
-1   1.5817759775284403
-1   2.7385863998872582
-1   1.8112023602837306
-1   2.1957649480935064
-1   1.5570758170939252
-1   1.3940809512051695
-1   1.6366805580527966
-1   1.7434773885667112
-1   1.2420371126679319
-1   2.4687348884608782
-1   1.8956731103838251
-1   1.4582988521360694
-1   1.9152239904189132
-1   1.0596750325122255
-1   1.2775071068098471
-1   1.628859524283139
-1   2.822814187743881
-1   1.7934877008499366
-1   1.9867776230667871
-1   1.1297403825611716
-1   1.3354798432703481
-1   1.1364232187050685
-1   1.9117076807705584
-1   1.08055660338721
-1   1.8848324885794163
-1   1.8322732945923565
-1   1.9222832309227149
-1   1.1557518871990122
-1   1.0746392587863474
-1   1.0636446815749308
-1   1.9323315123915088
-1   2.1991540468769055
-1   2.2286132091369519
-1   1.8882413461724785
-1   2.0771505230460288
-1   1.6639408801046547
-1   1.5716545996984039
-1   2.4228163059867938
-1   1.6879747226385242
-1   2.4750056281679575
-1   1.3905055520496514
-1   1.2372375772759989
-1   1.8172031361446717
-1   1.8878626507320653
-1   1.5136619607602704
-1   1.7570369708977611
-1   1.8592379458501531
-1   1.4873784994650969
-1   1.5278471608564113
-1   1.7336920203100092
-1   1.3827755521434544
-1   1.4083283308537977
-1   1.8429931283747423
-1   2.0702741240981068
-1   1.8131278819036267
-1   1.77098186702375
-1   1.7190431038055292
-1   2.0594833782175281
-1   1.8231199753003411
-1   2.5936783094196274
-1   2.0576634510438447
-1   2.7021406129384951
-1   2.2871360462186843
-1   2.1806079719031972
-1   1.4724018673107744
-1   2.3861374839169254
-1   1.6406379452894462
-1   1.7214832985331929
-1   1.5932241071136031
-1   2.0103085843026132
-1   1.4364516462040218
-1   1.661929625831724
-1   1.5701072348683152
-1   1.6345710406692167
-1   2.3321201443559949
-1   1.5605271290476321
-1   1.457046528171263
-1   1.4309204912338938
-1   2.5155498346869414
-1   1.6789812440605365
-1   2.1146216956216972
-1   1.1845069140500701
-1   1.4786561226053758
-1   1.7419916858224229
-1   1.4145195635666252
-1   1.3846238495165359
-1   1.6137573735945216
-1   1.215193656371458
-1   2.4108676712751547
-1   1.6040820349742821
-1   2.0795142359320371
-1   2.2283567833269329
-1   1.898681192132222
-1   2.178092115147876
-1   1.8707975181123433
-1   1.9617830805570828
-1   1.1263193581698341
-1   1.7475979661926813
-1   1.7468848915528872
-1   1.055892179288149
-1   1.0987856140381405
-1   2.2165034720073602
-1   2.1802938219697094
-1   3.095789471135812
-1   1.7941528667902742
-1   1.5255476101561816
-1   2.6855464272672664
-1   1.2294858693881121
-1   2.5889839097001648
-1   1.7007445494084905
-1   2.3256127844678769
-1   2.6727830381916204
-1   1.9318133469366447
-1   1.1311092877431768
-1   1.4087051320708832
-1   1.6682657252374353
-1   1.0541883921473079
-1   1.9413016087075081
-1   1.0497776999449711
-1   1.7022252998749945
-1   1.179898155748373
-1   1.2662778849528638
-1   1.5131778824107966
-1   1.2209470145445227
-1   1.9613417926022785
-1   1.7410355567640363
-1   2.060655576191317
-1   1.8797404138241141
-1   1.3458822517269271
-1   1.5078960329396129
-1   1.8114823246184537
-1   1.4018850398939946
-1   2.3280214876030931
-1   1.4380963625184755
-1   2.152194373978666
-1   1.8881592734770121
-1   1.9980495005210641
-1   1.9473375051507231
-1   1.2531918785133698
-1   1.3091157821799104
-1   1.2727312550276033
-1   1.8754977932126602
-1   2.0834923474490314
-1   2.0416889844087063
-1   1.87529227062715
-1   1.1871828612905821
-1   1.1515410390982908
-1   1.6578107737788446
-1   1.6867737412730084
-1   1.5054686540181725
-1   1.6674549738514028
-1   1.741615296871299
-1   1.4031054188434553
-1   1.3448315738031007
-1   1.9317428977583879
-1   1.9894726922850956
-1   1.8517727643132682
-1   2.2369121995004204
-1   1.6715916305893268
-1   1.8540257522858714
-1   2.4243931530424754
-1   1.8024302822933027
-1   2.2967923741921297
-1   1.6074852083917794
-1   2.5309732914909189
-1   2.5049846007807441
-1   2.2511592885484712
-1   2.6953411726524878
-1   1.1996004950804424
-1   2.2302393719683455
-1   3.2767484370662641
-1   2.1694970150214483
-1   1.6165247031129524
-1   2.4449295806055877
-1   1.5754595380005605
-1   1.5181325466923692
-1   2.0711910804755234
-1   2.2852698215338716
-1   1.7874201092835373
-1   1.5775772186294632
-1   1.7109642919877563
-1   2.3825007210909344
-1   2.6230651395490128
-1   2.0195887452397643
-1   2.3429403635094639
-1   1.4950081638727588
-1   3.826014786106601
-1   1.0716492073600938
-1   1.9485594018381907
-1   1.0940114540393695
-1   1.2250412999720934
-1   1.052279706031678
-1   1.7554430731677018
-1   1.1359829724336306
-1   1.3018851487930854
-1   1.774485649741576
-1   1.9141396246617459
-1   1.1867427364011474
-1   1.3221758978980809
-1   2.0608196197471651
-1   2.6425316644363201
-1   1.569574128313818
-1   1.4387985870276334
-1   1.6546366552765948
-1   1.9729172283450267
-1   1.7935750418851661
-1   2.9223814871039182
-1   1.2367917224238587
-1   1.9839317736745916
-1   1.0119028011763407
-1   1.0251480281334302
-1   1.6923551529141623
-1   1.0058133408766261
-1   1.4208443704481122
-1   1.0399152629133253
-1   1.7885042449350759
-1   1.8140189367720785
-1   2.2625026294666548
-1   2.4469068612368412
-1   1.8577611539762051
-1   2.0548544026227233
-1   1.5758325838254947
-1   1.9776439166111639
-1   1.9780434579893651
-1   1.1532372874508088
-1   1.559573792366816
-1   2.2038023008153473
-1   1.9343979384820389
-1   1.8437313505431838
-1   1.1822302327610681
-1   1.334985761938281
-1   1.7925311486548945
-1   1.8934436489918287
-1   1.7865016612523288
-1   2.0299388069036177
-1   1.917907198614011
-1   1.125377293797897
-1   2.5130869197887473
-1   1.1269546725863846
-1   1.849751894697695
-1   2.0503654132781644
-1   1.8298496484353524
-1   1.1421542212274636
-1   1.2448091650094435
-1   1.3906565089911338
-1   1.4022845582493964
-1   3.6622275598230027
-1   1.2092097402658335
-1   1.5811213584501767
-1   1.3537576735683923
-1   1.395028822705757
-1   2.4643511895914481
-1   1.4143682196078891
-1   1.6401540744950749
-1   2.0090964708748791
-1   2.7254286209723508
-1   1.6533354952595021
-1   2.0404006411158462
-1   1.3028261822134546
-1   2.0855204938210274
-1   1.9817093798770204
-1   1.9876823441204015
-1   1.590128894429423
-1   1.2900488220402193
-1   1.7165602564620484
-1   1.0499062398826955
-1   1.0960079497216935
-1   1.5193263223112865
-1   1.8328851777935147
-1   2.8706428462059419
-1   1.7501885138135265
-1   1.0174961043715405
-1   1.3202499740876079
-1   1.8558708053444319
-1   1.9038753068670577
-1   1.7010678730265725
-1   1.2749643471254268
-1   1.0270293937758812
-1   1.5662566761106058
-1   1.9153010500171215
-1   1.9910646461364991
-1   1.0053050559870866
-1   1.003885809566448
-1   1.0325402685548495
-1   1.3764622504266153
-1   1.0259875136488492
-1   1.7122774982946471
-1   2.2700389578275324
-1   2.1835867380849066
-1   1.3519242885483513
-1   1.2076388691736544
-1   1.3722772167626114
-1   1.3429841002569931
-1   2.5543838110727788
-1   2.6573575600263801
-1   1.0628265545041466
-1   1.1503881864881533
-1   1.7391795929667753
-1   1.7678663621292832
-1   1.930271693632621
-1   1.2401821130916453
-1   1.187007462800586
-1   1.2290306481550608
-1   1.8279933214420954
-1   1.8765362611989218
-1   1.88463792025656
-1   1.0532155825985972
-1   1.0249400781065787
-1   1.0706967838905577
-1   1.0439008671014995
-1   1.022654055239991
-1   1.9852884884354776
-1   1.4874041895431542
-1   2.3504814977399406
-1   2.2606007824444863
-1   1.6881981965758164
-1   2.1041311835751828
-1   1.7695732205571071
-1   1.4951746339003766
-1   1.8880338678907802
-1   1.1840992692626124
-1   1.536742157607895
-1   1.3553527366663656
-1   1.0082605834684437
-1   1.011222249664496
-1   1.0153319434202954
-1   1.9913046617917241
-1   1.0285884510315666
-1   1.836045992289391
-1   1.0500182321864993
-1   1.9802372845165945
-1   1.0332087688644551
-1   1.1109797205088998
-1   1.3683855056273353
-1   2.4991183429021047
-1   2.2711755427245421
-1   2.4114649490584874
-1   2.6794795268189069
-1   1.6727216598600534
-1   1.5352871306554419
-1   1.5622880227525755
-1   1.8224409911005512
-1   2.0273703510096834
-1   1.831970412320707
-1   1.4410609309171261
-1   2.0005974575683876
-1   1.2344126207575452
-1   1.5694726044747234
-1   3.2165804325803595
-1   2.3607645881552113
-1   1.2602969600671745
-1   2.8142157983453155
-1   1.853506629821331
-1   1.796218347756751
-1   1.7164924519510585
-1   1.3616930178282645
-1   1.08748571430567
-1   1.9703087822297447
-1   1.0164974602357582
-1   1.0209614534437212
-1   1.2167753541867257
-1   1.1883831242542151
-1   1.8209679457839067
-1   1.816633949412255
-1   1.0722616641511384
-1   1.0988234146517706
-1   1.1034914524167554
-1   1.9743104520210926
-1   1.7108225138297617
-1   1.462840599428521
-1   1.8213053678052984
-1   1.9811191087995752
-1   1.3199297343290723
-1   2.4822965103637968
-1   1.8623726160066725
-1   1.9622246604215872
-1   2.9279324521016066
-1   1.0127223926460227
-1   1.0273034428656487
-1   1.0100442646363061
-1   1.9188637846005552
-1   1.0317549471592768
-1   1.1196723618059725
-1   1.1451484654699127
-1   1.0709217270711826
-1   1.845434479598159
-1   1.1991688631554089
-1   1.1778301535654123
-1   1.0889707040589558
-1   1.8592767280368045
-1   1.1874546444107921
-1   1.832019626789501
-1   1.9528122049882124
-1   1.9330824293477096
-1   1.2309355013093719
-1   2.7765127697639076
-1   1.0758438290991008
-1   1.9642257434594184
-1   1.5498071557586313
-1   1.119043565983272
-1   1.8502257805935631
-1   1.7810192106025298
-1   1.2717282004867638
-1   1.9936205797308624
-1   2.5422231551167589
-1   1.8586518531500165
-1   1.2987825325952862
-1   2.0429183075968806
-1   1.9929696554835687
-1   1.3571743611571587
-1   2.6424780541426944
-1   2.3353194410036222
-1   2.0190917490814169
-1   2.8939133516404554
-1   2.0468326631015588
-1   2.9541619105125272
-1   2.8524219829965984
-1   3.8729076199872186

0   0.030602355578566276
0   1.0024870802198818
0   0.65147628992684226
0   1.0352703388228277
0   1.0023790785791156
0   1.3027250316856653
0   1.0124079061978521
0   0.15115364185440971
0   1.4183655376075688
0   1.0027369273192799
0   1.0489729343915124
0   1.9976348142934475
0   0.59848764550367006
0   1.0268055282604605
0   1.0033826725574355
0   1.7041066145979991
0   1.2613428272462124
0   1.9654460249004195
0   1.7773742535674351
0   2.8180644835626292
0   1.0016454160761015
0   1.6941430015965802
0   1.0027370505770765
0   0.92734831088640912
0   1.1177309117857734
0   1.9063174111717549
0   1.9023480551335377
0   2.8128175509253448
0   0.49047290936959009
0   1.1979580071216456
0   1.0859898420599348
0   1.8272607157137646
0   0.29244140357335557
0   1.0880865823491541
0   1.0018300411020458
0   0.659254009611981
0   2.6961557122870157
0   0.068420028365993146
0   1.8849937126558904
0   1.6370915370093102
0   1.4198789397153113
0   1.0019953696410695
0   0.79382760386846773
0   1.0020869711813647
0   1.9549843049639168
0   1.0896239197611233
0   1.9946523022968101
0   1.0891030661206746
0   0.23521640038191838
0   1.7258131661030984
0   1.0106069839699918
0   1.3238553905774091
0   1.9516597819073138
0   1.9815972364982475
0   1.030419167834798
0   0.79764037335431404
0   1.5072586268182868
0   0.28093419632724792
0   1.0140997893200057
0   2.4491813994380287
0   1.0574474100977407
0   0.73174749609217793
0   1.0276462889056914
0   1.7310068492123944
0   1.0367342632859011
0   1.1305013843850948
0   1.5493056137385133
0   1.8318464689386245
0   1.1431045001658282
0   2.3454370836743359
0   1.310674667647634
0   1.0166830591934135
0   0.73166445195337437
0   1.7842243309477288
0   1.5948059551460894
0   2.7626033054728873
0   1.7851496017751733
0   1.2060716852473512
0   1.8998294398533146
0   1.0337577536895728
0   2.5568992099999508
0   1.7338414648574125
0   1.7044348001930385
0   3.3841203597624214
0   1.9623460242353294
0   1.8444191020962895
0   1.1474475014045755
0   1.889422618709125
0   1.4355129464663861
0   2.3135101094649815
0   1.6783275249745566
0   1.2616268011341254
0   2.1112968152113831
0   1.7191538291738397
0   1.7603871316016995
0   2.0518921743220546
0   1.6063481893254332
0   0.58747698802501058
0   2.3953416299550447
0   1.2960551914361329
0   1.180694103388084
0   1.9680018845514167
0   1.8367416020715623
0   2.3308716966602652
0   1.3611859037406027
0   1.7215417427684585
0   1.6458509426787238
0   1.3566497995673024
0   2.5476221676864315
0   1.7341861138814667
0   1.5179375088036977
0   1.678233856128009
0   1.37109346713189
0   2.0457972466739847
0   1.7036805986389565
0   1.5303069085170491
0   1.5039180654173241
0   1.6106570223681977
0   1.0890225343163367
0   1.1461360623468626
0   2.0470089593533416
0   2.3190371276956196
0   1.3409722938765634
0   1.7507346699776254
0   0.552436999212786
0   1.1449482745563666
0   2.7354173890775875
0   1.2033251537766452
0   1.0742545381119672
0   1.5255714870089179
0   1.0321830972293764
0   1.6071583585355973
0   1.2323816216807582
0   1.2629452783661974
0   0.43145372442951457
0   1.0298968841302572
0   1.0406038114402127
0   1.6804743025840172
0   1.0057894533945284
0   1.9749044021161426
0   1.9632685230204063
0   1.311282588505071
0   1.0186739581844741
0   1.1145381354986157
0   1.5707675346045358
0   1.0061607453254953
0   0.18669117321184847
0   1.9185651250982843
0   1.9018259786891711
0   2.474371453295769
0   1.8349311903953045
0   1.9381792339831536
0   0.54256526092110735
0   2.0612009723245874
0   1.5633025451029603
0   1.8580187414410365
0   1.9665920520253808
0   0.56359850539962841
0   2.2452750052738102
0   0.68836158599152575
0   1.0979019223474067
0   1.7523488547415793
0   1.0955847436327488
0   1.2125072918820825
0   1.9271897456515599
0   1.7346410366404266
0   1.8229840748839745
0   1.1155994101736628
0   1.2931291840928698
0   1.129653095263335
0   1.312172042111335
0   1.3998538900659663
0   1.9242534591392384
0   2.2720974644436147
0   1.6996340830097107
0   1.5862468779179419
0   1.1696599141926352
0   1.9288009296522763
0   2.2359540392935577
0   1.3724420839022673
0   1.1638073189278642
0   0.95923514707693158
0   2.5492641008642503
0   2.5494710211782721
0   1.2446430774676911
0   1.8230592222998361
0   2.7437434527738218
0   2.0654269505664078
0   1.8126224357860581
0   1.0637751786325438
0   1.5216199446933318
0   1.6040698492908718
0   1.0656563940882502
0   1.6461445198661444
0   1.5111611689739166
0   1.155346751783259
0   1.6234011834451954
0   1.8939626751938374
0   2.1000992050004186
0   1.4324931318662566
0   1.7043591873536803
0   1.2032065300739465
0   1.611046943899368
0   1.1062129041028683
0   1.3095699388304112
0   1.7102717500269211
0   0.39420270087090692
0   2.2614431835487099
0   2.0167859064346785
0   1.1004672371260975
0   1.1982181541243355
0   1.5833652993268235
0   1.3708750397817659
0   1.4826656807029719
0   1.0813953086758443
0   2.1823839145301749
0   1.9703507942590246
0   0.75330110875086387
0   1.8836837789016441
0   1.4406558438668688
0   1.1555824427284627
0   1.3512308188759858
0   1.8904961006748762
0   1.6855366820147921
0   1.5625760039440251
0   1.5632195399012789
0   1.938905677725701
0   2.0894759704319283
0   1.7606483862000926
0   1.0064968948986648
0   1.0300342602811183
0   1.0202856743432878
0   0.48551173114108059
0   1.9833046145632398
0   2.0112644694652113
0   1.9655159248697558
0   1.8843857982864485
0   0.24654757805416805
0   2.359610479877631
0   2.4375957012508778
0   1.5565495850073057
0   1.5566537243027905
0   2.246587658913163
0   2.3377914732021283
0   1.0504376140485292
0   2.4041917107144632
0   2.3655127144630237
0   1.0426786403605972
0   0.88158490505567921
0   1.9627402689741795
0   1.0127851238369798
0   0.075841304733449411
0   1.0121311693777069
0   0.97827060837683821
0   1.2032447409112119
0   1.9584043276486232
0   1.0176170230898403
0   1.0061803499204176
0   1.9768929489887195
0   1.0707168817248884
0   1.9402345400315397
0   1.3005394750469093
0   1.3012125983850831
0   1.1721029680195745
0   1.0085203422023261
0   1.3102264606268557
0   1.3248823071961748
0   1.0555016622644233
0   1.3617975378423923
0   1.039286887459735
0   1.3536362452723829
0   0.99053387741159216
0   1.3501044160850892
0   1.630747994811153
0   2.2284057830846655
0   2.49661562236607
0   1.0316677462154518
0   1.0188959689076933
0   1.9294891279657653
0   1.9567481054146638
0   1.3368433614311253
0   0.56992434599182951
0   1.0113111719849659
0   1.8656123615899398
0   1.7377016028272383
0   1.9826701734939816
0   2.2144346811257085
0   1.3410015778619493
0   1.885851283598027
0   1.009553484899423
0   1.0178461620059014
0   0.78299468490107493
0   1.1295858370390468
0   1.9754455450512136
0   1.8477011283575289
0   1.7329501292199998
0   1.6597718685176956
0   1.0448311473304963
0   1.0119973391874415
0   1.5568663390734554
0   1.0283184142562987
0   1.850559947599923
0   1.8660444971176564
0   1.7428846344587701
0   1.3727688432299765
0   1.8942661031744965
0   1.7376484071126308
0   1.8548719185598053
0   1.9490561407764582
0   2.5313806131116943
0   2.238733064808498
0   1.0020513230087797
0   2.4171924183334164
0   1.8725370587691637
0   2.8955600653343034
0   1.2037621497140185
0   3.2613384340132301
0   2.0719034176435782
0   2.8272370880765374
0   1.9398966077811144
0   1.5100873230915082
0   1.8883396500821386
0   1.3036010058243603
0   0.49475734624420253
0   1.5435677480654988
0   1.0572072510836019
0   2.3563356287184791
0   1.8954920715335448
0   1.9445249108462885
0   2.0610890810623594
0   1.302125440819919
0   2.6348305704437691
0   2.43829913259035
0   1.9887099461461246
0   1.9273729718144432
0   1.0701967833815089
0   0.41699264221645616
0   3.8644924064869244
0   1.0146146549285024
0   1.0195456498248567
0   1.9368264870312344
0   0.30344719927809172
0   1.0012905347736085
0   1.0355286336387584
0   1.8875572561300551
0   1.0126808621928769
0   0.18413480339311517
0   1.2061959500372073
0   1.0386411059606095
0   1.5600779470095119
0   1.8585027398706528
0   0.44205101271891434
0   1.0670727046799549
0   1.0545800731740023
0   1.9129610779931787
0   2.2674741472954092
0   1.3977695049233758
0   2.0652067432122418
0   1.7676749025572569
0   1.0100365540479948
0   0.75105195114453682
0   1.4954039279395974
0   1.7220983812358046
0   2.9594890952511577
0   1.0040537452215712
0   1.6475532745373602
0   0.89834833822959714
0   1.0118291924170206
0   1.0163980432709874
0   0.8675393593115448
0   1.0036526496804925
0   1.6551479806465395
0   1.0037400175625681
0   1.0520128462785308
0   1.500759434433975
0   1.4763146073335038
0   1.7825214956542843
0   1.8529324173908721
0   1.8129493739289928
0   1.657944173266928
0   1.9713202510563677
0   2.4643371260325724
0   1.6138121302909254
0   0.91980428872167397
0   0.96185679361257126
0   1.0016181287184414
0   1.0770676911387898
0   1.3337956211945745
0   2.8261702756942606
0   1.8536607952838486
0   1.7819149088702728
0   1.3029027175910455
0   1.3107499342106388
0   1.0042266419010113
0   1.0091652241053479
0   1.9797903457082509
0   1.9947511828775997
0   1.3972173570516571
0   1.7901513866511642
0   1.0018323339459432
0   2.8438328352889695
0   0.63174060613278904
0   0.25351135046522422
0   1.0230906963814714
0   1.7732706454197391
0   1.4421156239907629
0   1.003187983445597
0   1.9925329226822668
0   1.0489575450760431
0   1.6886531743846787
0   0.60494894192994031
0   3.5259085132052101
0   1.43338979932243
0   1.0094630583721818
0   1.5815666397098371
0   2.0588620133339055
0   1.5702864773836365
0   1.0120544500290689
0   1.2054495345441296
0   1.544569517553386
0   0.75520747726105464
0   1.1211247355131873
0   2.5185359357780404
0   1.1421527261434405
0   1.4151648741695921
0   1.3612539196156488
0   1.7011917528861331
0   1.4187404121813219
0   1.7775641452695856
0   2.3020417800710211
0   2.2366120401904857
0   2.1410913931591993
0   1.13025024616879
0   1.3044937422254177
0   0.70427323655117657
0   0.5812968167573962
0   1.6028346965761568
0   1.9975983041315497
0   1.3125670423158877
0   1.0084454732530865
0   1.0046283004012444
0   2.6604739714051693
0   1.7901403481730411
0   1.0088218262460131
0   1.0023965313172691
0   0.66869145552114051
0   0.39926108594784293
0   1.9759352198561975
0   1.0033590797185512
0   1.9797064258243835
0   1.9966645097476476
0   1.0008490028221193
0   1.0031527442830293
0   1.9876215562244508
0   1.9199243855262886
0   1.0040112323488644
0   1.0006558372817913
0   0.045354080477175596
0   1.0344450797642404
0   0.02549539964749381
0   0.049019212852246197
0   0.47678267239648409
0   1.0312561669433657
0   1.0041171086374752
0   1.8539773257936054
0   0.26957679152879888
0   2.9554501424658315
0   1.9533377087692312
0   1.9107513393200888
0   2.8970502758671453
0   1.0357190358472561
0   1.0009173093080792
0   1.0893272762897432
0   1.994380296265704
0   1.8413103129300068
0   1.0113439261666737
0   1.0081836224347021
0   1.0321666143670964
0   1.5713541506794315
0   1.0724415092742916
0   1.0291419840337157
0   1.9421249354385117
0   0.49233199648664372
0   1.0021981405633165
0   1.0021734183520294
0   1.9822570240814432
0   1.9471644126610581
0   1.0579286261669316
0   0.28190825763239691
0   1.0245130005448031
0   1.0047507104763986
0   0.2082459379993219
0   1.0086720819940942
0   0.064684709048474454
0   1.0084536510455115
0   0.79628517265463472
0   0.1281185454165864
0   1.2767132128505314
0   0.20937151581575464
0   1.6765973767281923
0   2.609466633583033
0   2.0468711013053107
0   1.8372482223373652
0   2.0975879567849818
0   1.57144536508227
0   0.36093969046150698
0   1.9859890293749829
0   1.9848456071933254
0   1.1266560814091364
0   1.0328354650308469
0   1.0884515711900333
0   0.052379182977848049
0   0.059433333845729797
0   1.0038469236474254
0   1.0033865973410723
0   0.57323160988395405
0   1.0033963042579117
0   1.8076840832865098
0   1.0160915660987495
0   0.92158928352098957
0   1.0073708891609661
0   1.9710886598546034
0   1.1884546557397304
0   1.637894289791729
0   1.0337872555015564
0   1.0059098778922551
0   0.53526553180961178
0   2.7663953340977838
0   1.9451249214054442
0   2.8321917472822924
0   1.8347151257386258
0   0.80075125471020514
0   1.018733819203425
0   1.8833682769338185
0   1.8829337978998693
0   1.2714171393404305
0   1.1449587711927416
0   0.58012176877947974
0   1.7294756667451665
0   2.6405323294572942
0   2.0847864488569279
0   1.573263390671892
0   1.1265515181194135
0   0.43345539776608655
0   1.1875732619132335
0   3.0988185878052259
0   2.1602963277634348
0   1.9683865515821175
0   1.4731990934221912
0   1.4281785962738656
0   1.945872486549884
0   1.9955982953814688
0   0.93294662760057356
0   1.3025007433588736
0   1.0732574040671843
0   1.9407579154962469
0   0.04810042204529108
0   1.0041323791325387
0   1.0043396060461873
0   0.24025393291947827
0   0.4505258369543973
0   1.0045502539803031
0   1.0044823712206232
0   1.1005627118119978
0   1.8881764352585968
0   1.8842649494379575
0   1.4570949966034099
0   1.0066980980021845
0   1.2036708901067814
0   1.0204810758449412
0   1.871325903123656
0   1.7480014081008015
0   1.0072379097302089
0   0.91074570986355141
0   1.1261118508819934
0   1.4315542302174691
0   2.8554427970770435
0   1.9699501816413991
0   1.8531781159862359
0   0.052978012850718903
0   2.9237280805051062
0   1.0007311223983937
0   0.092540313724681633
0   1.0067733448518543
0   1.0016592226156789
0   0.11945006612001974
0   1.9883841401896989
0   1.0136804120885903
0   0.097860952698432091
0   1.016501524914162
0   1.0152365559487064
0   0.3187739947520517
0   1.0093649293383988
0   1.987194607017901
0   1.1326042984278359
0   1.0283504154770089
0   1.0121372330188776
0   1.9385695403607595
0   0.34366527564873961
0   1.0440558874484138
0   1.9448236163931258
0   1.830016227665622
0   1.956017287307533
0   0.3927056258001228
0   1.0899965124843183
0   2.8077026763432715
0   1.0155929686975422
0   0.74604183760170528
0   1.9943536171423997
0   1.2907240635493944
0   1.0336482130673486
0   1.9046521013305036
0   1.9928276082242777
0   1.0706320621465617
0   1.9258515210423361
0   2.4577615306482037
0   1.9723988969742359
0   0.77316664726864204
0   1.0612394319977614
0   1.9581500770326414
0   1.8800068533369534
0   2.9423635993932367
0   1.3043915055546371
0   2.0333213238233978
0   1.9871864605698346
0   2.8626853339706377
0   2.0314286132048043
0   2.9589454234635788
0   2.8545718597691754
0   3.8666148552717283

1   1.0204792295166514
1   1.0661693236007497
1   1.1211050661777513
1   1.669108286844232
1   1.0498931068009765
1   1.4160414443930072
1   1.4302834182497508
1   1.1348753805187599
1   1.6622964632607413
1   1.3611313026292342
1   1.9102159371999745
1   1.2283293382476148
1   1.880483467947776
1   1.8231711609711456
1   2.8480550612815589
1   1.0282291693978323
1   1.9486048803936624
1   1.2244981862363193
1   1.1244007110591292
1   2.0417721507507474
1   1.8822788439730997
1   2.8132009472920667
1   1.2446424211308218
1   1.1044179298341268
1   1.9170465706040223
1   1.0188376677705386
1   1.3254134397669539
1   2.6281141458643504
1   1.7812215199044106
1   2.0700478846050889
1   1.0527540447453363
1   1.3413848009712721
1   1.3235697586628123
1   1.4756836737302859
1   1.4511527777758639
1   1.8567819174466167
1   1.3133484275646188
1   1.3872989279212853
1   1.4017400266681732
1   1.6687143853819477
1   1.7696310336800067
1   1.2783644825624036
1   1.5707353214556878
1   1.3224690139266668
1   1.4049236123332927
1   2.7612900443238662
1   1.1184400048147185
1   1.2186030887719559
1   1.7834602580211318
1   1.0848101816665063
1   1.3170124117895483
1   1.8830567589729883
1   1.8306391959085606
1   1.8968344992781594
1   1.8528887318059994
1   1.220393823386424
1   2.043946224587661
1   2.1421228544247715
1   2.1687496121706658
1   2.5694515699242086
1   2.3593189865511572
1   1.8020405928844965
1   1.4723307310177509
1   1.9439271463962569
1   2.1726887758819515
1   3.1317570779896529
1   1.8201511500481549
1   1.6601497875279723
1   1.6731883932483389
1   2.0095538803965058
1   2.3137330423648015
1   1.9862081092859247
1   2.0319666355625206
1   2.5143472204216581
1   1.742167627497615
1   1.7484288411052598
1   1.8138891696769508
1   1.6104730309543989
1   1.7937132324816663
1   1.7419846182547594
1   1.7556284796449728
1   2.6341578473315375
1   2.0130718711767783
1   2.3667611497063583
1   1.957834396067974
1   1.8978820307840243
1   1.5817759775284848
1   2.7385863998874318
1   1.8112023602837972
1   2.1957649480934549
1   1.5570758170936667
1   1.3940809512051224
1   1.6366805580530905
1   1.7434773885666375
1   1.2420371126680501
1   2.4687348884604945
1   1.8956731103838576
1   1.4582988521365892
1   1.9152239904189421
1   1.059675032512142
1   1.2775071068098538
1   1.6288595242831665
1   2.822814187743889
1   1.7934877008498908
1   1.9867776230668017
1   1.1297403825611159
1   1.3354798432703912
1   1.1364232187049403
1   1.9117076807705247
1   1.0805566033871172
1   1.8848324885795531
1   1.8322732945923712
1   1.9222832309226732
1   1.1557518871990573
1   1.07463925878633
1   1.0636446815749356
1   1.9323315123914893
1   2.1991540468768807
1   2.2286132091368303
1   1.8882413461726104
1   2.0771505230461988
1   1.6639408801044104
1   1.5716545996984146
1   2.4228163059868724
1   1.6879747226384989
1   2.4750056281679549
1   1.3905055520496474
1   1.2372375772759883
1   1.8172031361446841
1   1.8878626507320684
1   1.5136619607602837
1   1.7570369708977527
1   1.8592379458501527
1   1.487378499465136
1   1.5278471608565609
1   1.7336920203100088
1   1.3827755521432747
1   1.4083283308537995
1   1.8429931283747307
1   2.0702741240981015
1   1.8131278819035739
1   1.7709818670237749
1   1.7190431038055674
1   2.059483378217557
1   1.8231199753003926
1   2.5936783094195017
1   2.0576634510437164
1   2.7021406129385466
1   2.2871360462185915
1   2.1806079719034708
1   1.4724018673108048
1   2.3861374839168605
1   1.6406379452894702
1   1.721483298533188
1   1.5932241071135946
1   2.0103085843025523
1   1.4364516462040402
1   1.6619296258316143
1   1.5701072348684821
1   1.6345710406692056
1   2.3321201443558417
1   1.56052712904784
1   1.4570465281712934
1   1.4309204912338824
1   2.5155498346868934
1   1.6789812440604996
1   2.1146216956217665
1   1.1845069140500748
1   1.4786561226053765
1   1.7419916858224229
1   1.4145195635665011
1   1.3846238495165246
1   1.6137573735946247
1   1.2151936563713457
1   2.4108676712751436
1   1.6040820349742964
1   2.0795142359320837
1   2.2283567833269502
1   1.8986811921322051
1   2.1780921151479156
1   1.8707975181123548
1   1.9617830805570704
1   1.126319358169825
1   1.7475979661926662
1   1.7468848915528938
1   1.0558921792881582
1   1.0987856140382843
1   2.2165034720073611
1   2.1802938219696339
1   3.0957894711358303
1   1.7941528667902431
1   1.5255476101561549
1   2.6855464272671958
1   1.2294858693881427
1   2.5889839097003495
1   1.7007445494091713
1   2.3256127844677295
1   2.6727830381911679
1   1.9318133469366727
1   1.1311092877431397
1   1.4087051320708106
1   1.6682657252374957
1   1.0541883921472981
1   1.9413016087074917
1   1.0497776999449666
1   1.7022252998750527
1   1.1798981557483728
1   1.2662778849528789
1   1.5131778824107345
1   1.2209470145445263
1   1.961341792602278
1   1.7410355567640048
1   2.0606555761912371
1   1.8797404138241047
1   1.3458822517269207
1   1.5078960329396809
1   1.8114823246185527
1   1.401885039894029
1   2.3280214876031957
1   1.4380963625183836
1   2.15219437397859
1   1.8881592734769992
1   1.9980495005210606
1   1.9473375051506805
1   1.2531918785133394
1   1.3091157821799313
1   1.2727312550276002
1   1.8754977932126815
1   2.083492347448979
1   2.041688984408796
1   1.8752922706271442
1   1.1871828612905837
1   1.1515410390982863
1   1.6578107737788503
1   1.6867737412730004
1   1.5054686540181885
1   1.6674549738513784
1   1.7416152968713057
1   1.403105418843448
1   1.3448315738030798
1   1.9317428977583879
1   1.9894726922850907
1   1.8517727643132376
1   2.2369121995004213
1   1.6715916305893699
1   1.8540257522858972
1   2.424393153042443
1   1.8024302822933347
1   2.2967923741921208
1   1.6074852083917852
1   2.530973291490866
1   2.5049846007807277
1   2.2511592885485694
1   2.6953411726524652
1   1.1996004950804311
1   2.2302393719683522
1   3.2767484370662672
1   2.1694970150214763
1   1.616524703112963
1   2.4449295806055309
1   1.5754595380006036
1   1.5181325466924118
1   2.0711910804754381
1   2.2852698215340808
1   1.7874201092833362
1   1.5775772186294623
1   1.7109642919877546
1   2.382500721090941
1   2.623065139549015
1   2.0195887452397838
1   2.3429403635094364
1   1.4950081638727626
1   3.8260147861065743
1   1.0716492073601365
1   1.9485594018381898
1   1.0940114540393699
1   1.2250412999720921
1   1.0522797060316775
1   1.7554430731676987
1   1.1359829724336459
1   1.3018851487930967
1   1.7744856497415409
1   1.9141396246617584
1   1.1867427364011518
1   1.322175897898088
1   2.0608196197471638
1   2.6425316644363113
1   1.5695741283138256
1   1.4387985870276097
1   1.6546366552765739
1   1.972917228345024
1   1.7935750418851755
1   2.9223814871039093
1   1.2367917224238547
1   1.9839317736745912
1   1.0119028011763413
1   1.0251480281334318
1   1.6923551529141805
1   1.0058133408766254
1   1.4208443704481011
1   1.0399152629133184
1   1.7885042449350981
1   1.814018936772031
1   2.2625026294666766
1   2.4469068612369056
1   1.8577611539760386
1   2.054854402622674
1   1.5758325838256071
1   1.977643916611183
1   1.9780434579893673
1   1.1532372874508174
1   1.5595737923668835
1   2.2038023008152696
1   1.9343979384820442
1   1.843731350543222
1   1.1822302327610643
1   1.3349857619382881
1   1.7925311486549034
1   1.8934436489918385
1   1.7865016612523399
1   2.0299388069036159
1   1.9179071986140239
1   1.1253772937978992
1   2.51308691978873
1   1.1269546725863699
1   1.8497518946977052
1   2.0503654132781635
1   1.8298496484353222
1   1.1421542212274514
1   1.2448091650094844
1   1.3906565089911598
1   1.402284558249373
1   3.662227559822985
1   1.2092097402658366
1   1.5811213584502677
1   1.3537576735684358
1   1.3950288227056402
1   2.4643511895912855
1   1.414368219608082
1   1.6401540744951166
1   2.0090964708749408
1   2.7254286209723269
1   1.6533354952594426
1   2.040400641115875
1   1.3028261822134015
1   2.0855204938210106
1   1.9817093798769712
1   1.9876823441204015
1   1.5901288944295726
1   1.2900488220401751
1   1.716560256462035
1   1.0499062398826904
1   1.0960079497214441
1   1.5193263223116085
1   1.8328851777935187
1   2.8706428462058713
1   1.7501885138135003
1   1.0174961043715369
1   1.3202499740876397
1   1.8558708053443236
1   1.9038753068671284
1   1.7010678730266502
1   1.27496434712534
1   1.0270293937760209
1   1.5662566761105583
1   1.9153010500171064
1   1.9910646461365049
1   1.0053050559870846
1   1.0038858095664471
1   1.0325402685548548
1   1.3764622504265602
1   1.0259875136488441
1   1.7122774982946831
1   2.2700389578276736
1   2.1835867380850762
1   1.3519242885482941
1   1.2076388691736186
1   1.3722772167624402
1   1.3429841002571385
1   2.5543838110726185
1   2.6573575600263797
1   1.0628265545042161
1   1.1503881864880408
1   1.7391795929666358
1   1.7678663621292938
1   1.9302716936326672
1   1.240182113091753
1   1.1870074628006824
1   1.229030648154992
1   1.8279933214421247
1   1.8765362611988556
1   1.8846379202565728
1   1.0532155825985963
1   1.0249400781065776
1   1.0706967838905475
1   1.0439008671014554
1   1.0226540552399965
1   1.9852884884354904
1   1.4874041895430707
1   2.3504814977399664
1   2.2606007824447185
1   1.6881981965759141
1   2.1041311835751557
1   1.7695732205568784
1   1.4951746339003564
1   1.8880338678905741
1   1.1840992692626233
1   1.536742157608058
1   1.3553527366664111
1   1.0082605834684504
1   1.0112222496644971
1   1.0153319434202792
1   1.9913046617917183
1   1.0285884510315835
1   1.8360459922894075
1   1.0500182321865119
1   1.9802372845164635
1   1.0332087688644558
1   1.1109797205089671
1   1.3683855056274794
1   2.499118342902066
1   2.2711755427245577
1   2.4114649490585496
1   2.6794795268188545
1   1.6727216598603176
1   1.535287130655524
1   1.5622880227528326
1   1.8224409911004162
1   2.0273703510089733
1   1.8319704123200089
1   1.4410609309177482
1   2.0005974575684924
1   1.2344126207575963
1   1.5694726044753691
1   3.21658043258009
1   2.3607645881553556
1   1.2602969600670333
1   2.8142157983452836
1   1.8535066298212821
1   1.7962183477567808
1   1.7164924519511358
1   1.3616930178282223
1   1.0874857143056917
1   1.9703087822297554
1   1.0164974602357706
1   1.0209614534437437
1   1.2167753541866189
1   1.1883831242542726
1   1.8209679457839685
1   1.8166339494127755
1   1.0722616641501839
1   1.0988234146518003
1   1.1034914524163884
1   1.9743104520214261
1   1.7108225138297772
1   1.4628405994284581
1   1.8213053678053246
1   1.9811191087995645
1   1.3199297343293861
1   2.4822965103637933
1   1.8623726160064882
1   1.9622246604215916
1   2.9279324521015719
1   1.0127223926460212
1   1.0273034428656644
1   1.0100442646363117
1   1.9188637846006888
1   1.0317549471593028
1   1.1196723618057438
1   1.1451484654698876
1   1.0709217270710614
1   1.8454344795983846
1   1.1991688631555952
1   1.1778301535651441
1   1.0889707040589174
1   1.8592767280367144
1   1.1874546444108927
1   1.8320196267894184
1   1.9528122049882195
1   1.9330824293475173
1   1.2309355013095762
1   2.7765127697640861
1   1.0758438290989689
1   1.9642257434595058
1   1.5498071557584843
1   1.1190435659830862
1   1.8502257805935876
1   1.7810192106027638
1   1.2717282004867694
1   1.9936205797308784
1   2.5422231551174117
1   1.8586518531490843
1   1.2987825325954692
1   2.0429183075967656
1   1.9929696554829919
1   1.3571743611575866
1   2.6424780541431345
1   2.3353194410035245
1   2.0190917490811939
1   2.8939133516404438
1   2.0468326631015268
1   2.9541619105125703
1   2.8524219829966166
1   3.8729076199872212

2   2.000247677465484
2   2.0004009003853063
2   2.0008367042592705
2   2.1314371501555121
2   2.0081769547300121
2   2.8992405751023003
2   2.0026455884707723
2   2.1040786945194858
2   2.0035368121491621
2   2.9137187137636875
2   2.0010852905585317
2   2.0030046382994908
2   2.8763326116156831
2   2.1437921392449293
2   2.0182674332601231
2   2.0093415113822219
2   2.0126025044869831
2   2.0161046990371103
2   2.014748229218096
2   2.8906664230330423
2   2.1277565963136413
2   2.0031456155439722
2   2.0802326284844397
2   2.9658577107373008
2   2.7336347920899273
2   2.7556686873542788
2   2.0307708624467549
2   2.2714934385113579
2   2.3591958682893708
2   2.2343668819836271
2   2.8034391975907011
2   2.103955251318157
2   3.0612747199517352
2   2.5412013184993691
2   2.3817210083447398
2   2.1011289367746668
2   2.8705522202883564
2   2.4320911300342454
2   2.2762328885959437
2   3.289818736727204
2   2.364792398385605
2   2.5855234800768687
2   3.0609453036896173
2   2.3017019346757563
2   2.3427515788704198
2   2.332463427452264
2   2.2653633599112579
2   2.5919582724235148
2   2.2041802515116058
2   2.0948288851542576
2   2.5548231998915609
2   2.3584107033493749
2   2.010711571472291
2   2.0017670260461835
2   2.0073265727005105
2   2.0066608578187264
2   2.0569750357858014
2   2.0939499659282701
2   2.9199899496044051
2   2.6066360824647616
2   2.3633959410365324
2   2.9701989249239613
2   2.0664228988428612
2   2.0619305289804553
2   2.020010859519024
2   2.0835241554505317
2   2.3235943723219772
2   2.510915872632336
2   2.0399057934047962
2   3.0677864061418632
2   2.4048280904291754
2   2.0987846339406442
2   3.292163312138483
2   2.4830147601381256
2   2.944965935789301
2   2.0980704776872408
2   2.7055332576171427
2   2.0420023584115525
2   2.0710065726530766
2   2.036967933546741
2   2.1171735172192174
2   2.7613381195836748
2   2.2756835349261926
2   2.2482521816344097
2   2.2462695584747707
2   2.1888218998233571
2   2.0740828041282211
2   2.7517624194461168
2   2.501284783711081
2   2.014133084182026
2   2.3907356349614841
2   2.0592475500373157
2   2.674266644533402
2   2.6866601630933142
2   2.7086754989921271
2   2.7046500711107027
2   2.9863026197417319
2   2.379032342596259
2   2.6706804068395087
2   2.7010878965713006
2   2.0488870400280912
2   2.0024380837714282
2   2.0196917621406176
2   2.0232674755730784
2   2.071013926666478
2   2.281177088720117
2   2.1417317471236506
2   2.3398735874175856
2   2.4601619570197033
2   2.8210638985463721
2   2.0279857433778976
2   2.0053681343949412
2   2.9855243253414829
2   2.0128481791232882
2   2.0063985641704334
2   2.0031263210222563
2   2.0115136047829298
2   2.0242364230451573
2   2.052098997627442
2   2.1283405568987708
2   2.5127418811412667
2   2.3655849418927737
2   2.1361629143325112
2   2.3778438902865608
2   2.1658149929582202
2   2.7264805083967398
2   2.6932229283390954
2   3.2749836488920452
2   2.827120703268736
2   2.3187160438265755
2   3.237938453333292
2   2.6725926153619715
2   2.2588021323698544
2   2.2730291073629076
2   2.6779700109828255
2   2.4018649585583032
2   2.4166195442005933
2   2.2970249042775959
2   2.7466718398992374
2   2.5544880666041472
2   3.785827994855568
2   2.015323411217592
2   2.0023105276026589
2   2.0291746755477664
2   2.0023810252449055
2   2.452823955679055
2   2.5275716019380354
2   2.0502429235281632
2   2.1968034926924851
2   2.1109741893813165
2   2.7945281496010428
2   2.0180795739893158
2   2.0007663295116718
2   2.9321527430444028
2   2.6813783619488558
2   2.3934374222928705
2   2.0846058510042753
2   2.0038555337339825
2   2.993307635242644
2   2.0073927737391886
2   2.0008535002719219
2   2.0042280765054934
2   2.0064948437891665
2   2.0096653096254236
2   2.0350963839389924
2   2.911804891060469
2   2.006258248669285
2   2.0164410309606899
2   2.1175388508904094
2   3.8284043122297025
2   2.1700666982274868
2   2.2019585397617627
2   2.6995448094329864
2   2.8362964202186189
2   2.9386102814747819
2   2.3606211262861212
2   2.0499700737831139
2   2.0296640225117728
2   2.0753469140863157
2   2.0550784691530732
2   2.9628632343485455
2   2.00036922426102
2   2.004255931946139
2   2.0008461656616618
2   2.0036764058192209
2   2.0015979442809981
2   2.001827326248609
2   2.0043538903033409
2   2.2033632394589628
2   2.1665063774749691
2   2.6859320928195372
2   2.7017539476237564
2   2.182899712241777
2   2.1937904365798624
2   2.0210915359009536
2   2.0181642827743165
2   2.0012393207408268
2   2.0109003980209312
2   2.5348884661470499
2   2.7874239457896932
2   2.4647627479667462
2   2.1627272659992114
2   2.092011037662699
2   2.1124015357611317
2   2.002447307178858
2   2.043983295072533
2   2.0785475423694075
2   2.2274250798444131
2   2.2887453694041717
2   2.7033556897455147
2   2.8197278060322852
2   2.0010516157387999
2   2.0149971388623218
2   2.0358422076753642
2   3.4462817686157527
2   2.8837134935943753
2   2.9694052596175244
2   2.7807090003717261
2   2.0922900436011589
2   2.0565098089048055
2   2.0020361006400749
2   2.0025511159134335
2   2.0006475754096389
2   2.0028648390249844
2   2.0196798332910908
2   2.0016171751154093
2   2.9812935616251446
2   2.012848065682129
2   2.002618200015545
2   2.9879751151817033
2   2.0020037410047875
2   2.004244897268407
2   2.0204301086531524
2   2.0075619223401282
2   2.017198985359725
2   2.0097883382319206
2   2.8828764288291282
2   2.0707805569318962
2   2.1305021007465106
2   2.0487055832844452
2   2.0523839163181061
2   2.5532846646641634
2   2.4123221492293876
2   2.1409000799838673
2   2.2313891531284016
2   2.7367231970339683
2   2.1868275620656017
2   2.9735345979886012
2   2.1480390517878112
2   2.9641571486679164
2   2.8827842971231488
2   3.8889690589513082

3   3.0000204113506608
3   3.0000312316712248
3   3.0003007757827156
3   3.0008659271778368
3   3.0002955208124868
3   3.0177395764644177
3   3.0064887425471474
3   3.8897130601721956
3   3.0003746845433081
3   3.1184479405729579
3   3.879407632086016
3   3.1384545978996954
3   3.0008968491898913
3   3.0001157591537528
3   3.0041967955314335
3   3.0002881640646746
3   3.0016946914148375
3   3.000129001932696
3   3.8090558646394692
3   3.0005075898806624
3   3.0162173090982121
3   3.176584061719673
3   3.0029067706261054
3   3.0392843567806995
3   3.0071387469451074
3   3.0014612862836341
3   3.7678285263817504
3   3.0002268310602149
3   3.2680947278124717
3   3.0000777981873235
3   3.0024936717877293
3   3.000039364536307
3   3.0013999556042061
3   3.0023223510743575
3   3.3109463986783498
3   3.0021453173875932
3   3.1080659030973412
3   3.6360958575466098
3   3.0043544165634888
3   3.0047080303232234
3   3.0592765378810869
3   3.0072555002454813
3   3.9460538313776974
3   3.0000590676139547
3   3.0001142733099027
3   3.0001572258448808
3   3.0009405875985826
3   3.0000675340747405
3   3.0000093882121566
3   3.8077453903561942
3   3.0000297520252062
3   3.2315757915646834
3   3.0000092246033829
3   3.0015389789369245
3   3.0000990222103447
3   3.0001254303539704
3   3.0000043324147918
3   3.0000186962149296
3   3.0256074400595687
3   3.0000092124245104
3   3.9418625471875002
3   3.0000540921379417
3   3.047998040100433
3   3.0000236767464914
3   3.0000301184723619
3   3.0001526347682619
3   3.0000221820623203
3   3.0000839988587829
3   3.0000151667340655
3   3.0904688781603218
3   3.0000560950603532
3   3.9278989632692163

4   4
4   4.0000000000000009
4   4
4   4
4   4
4   4
4   4
4   4
4   4

