-3   3.0000000000000004
-3   3
-3   3
-3   3.0000000000000004
-3   3.0000000000000004
-3   3.0000000000000004
-3   3

-2   2.0000274219559717
-2   2.0020167898456678
-2   2.0027233415974779
-2   2.0056447287938082
-2   2.0151794959603042
-2   2.9410427344848027
-2   2.0035214812901549
-2   2.0661260936718993
-2   2.9209241572714046
-2   2.0069573517161543
-2   2.0859993197748574
-2   2.0468213687695833
-2   2.0021885567303443
-2   2.3577643045052681
-2   2.0006894412182916
-2   2.0004202226766616
-2   2.1546839725598748
-2   2.5481973090351278
-2   2.0195775712936817
-2   2.0010892999817207
-2   2.9363174587341447
-2   2.043154603804016
-2   2.0008058834774882
-2   2.0317056564302955
-2   2.0000010999722364
-2   2.9906031861864508
-2   2.000129595608946
-2   2.0028206797858119
-2   2.0000636361841173
-2   2.0002606717020761
-2   2.0077652977709777
-2   2.000235409974334
-2   2.9226553100897168
-2   2.0001151901888226
-2   2.0969906873997406
-2   2.0000160579788679
-2   2.0003259607316388
-2   2.0014615513642093
-2   2.0000133419210795
-2   2.0954593228610219
-2   2.0000887808270122
-2   2.9286369186873551

-1   1.0080327414858383
-1   1.0903476860966044
-1   1.0096380225112176
-1   1.9367525187013306
-1   1.0135051656324991
-1   1.9808514300307256
-1   1.0175243924826392
-1   1.1017182551017797
-1   1.9345418354580204
-1   1.0386782901685878
-1   1.1222097193707437
-1   1.537508032351206
-1   1.9151112062404785
-1   1.578803966617734
-1   2.1284100593047044
-1   2.1271162037652611
-1   1.459154440115173
-1   1.1887480714769314
-1   1.4467336572205689
-1   1.7039461101507016
-1   2.4146124566512803
-1   1.6718407589136559
-1   1.2293923649219687
-1   2.0320002418859779
-1   1.8688944294561689
-1   1.7384568416376398
-1   1.1544901625324768
-1   1.0388363624221224
-1   1.0038740526121344
-1   1.99828860805551
-1   1.0688615800600905
-1   1.4916503741365001
-1   1.5042679188773862
-1   1.6781094515698305
-1   1.7834378992822746
-1   1.9118364887846346
-1   1.5273927768899545
-1   1.3546991802854607
-1   1.5203786953616882
-1   1.6429598927912745
-1   1.7170593366713001
-1   1.2974838085729459
-1   1.7516165810945266
-1   1.8907405250799094
-1   1.0217432554563002
-1   1.1225457720494594
-1   1.6231174066653193
-1   1.5198632323881922
-1   1.0509574334684086
-1   1.9193195213513885
-1   2.923437822127454
-1   1.0377719780644437
-1   1.9682787371590962
-1   1.4314377813020556
-1   1.5317589479092426
-1   1.7849219985702387
-1   1.5767265326082942
-1   1.8223136408717409
-1   1.9682967173391752
-1   1.2535521746156189
-1   2.3890251969070908
-1   1.0032130670551673
-1   1.0575327669834322
-1   1.5621501373541857
-1   1.5573087168009683
-1   1.0090637708126291
-1   1.9657820548550977
-1   1.0047485918233487
-1   1.02609101414604
-1   1.6411789843066185
-1   1.3096417161380176
-1   1.7128980777045593
-1   1.2202965425435743
-1   1.1121406652744374
-1   1.3163798268599016
-1   1.9740659267551264
-1   1.9780359587399814
-1   1.0475677113476696
-1   1.0113029111324066
-1   1.1550037906708714
-1   2.1805607249140917
-1   1.7314708909176919
-1   2.2435623901963906
-1   1.0028164725707371
-1   1.3576458206384343
-1   1.8250358093982619
-1   1.0172202755060029
-1   1.0069623166120358
-1   1.0032838137430402
-1   1.0097685856228533
-1   1.9938250502796451
-1   1.031574625492838
-1   1.0111069473331473
-1   1.9717255191053695
-1   1.0281274691223599
-1   1.020331319961892
-1   1.0807533575417707
-1   1.7391987367914856
-1   1.3224277371792661
-1   1.204393136407939
-1   1.9369976688975177
-1   1.1471488264288452
-1   1.984979039439708
-1   1.9220604284048148
-1   2.9167649122026456

0   0.02023216563059016
0   1.0030768911905217
0   0.4362016414962947
0   1.0034446171495817
0   1.0024604279380143
0   1.8648890293669367
0   1.0016300921640977
0   1.9901293767517547
0   1.0031763328045231
0   0.51262995037860404
0   0.0395985011833484
0   1.002251106115043
0   1.0268851868043387
0   1.8400421666241376
0   0.033172104173006312
0   1.0072198039867961
0   1.2962263087580095
0   1.9849352115506242
0   1.309262046166523
0   1.7260851289781645
0   1.175652341630286
0   2.3850815133323238
0   1.0027884692699509
0   1.9473966825990301
0   1.4571339477875103
0   1.3688603382969717
0   2.0077582242779974
0   1.1357044661534295
0   1.3089878736518663
0   0.64785210935126436
0   1.0417962241071697
0   2.0539728727939566
0   1.7194103783099002
0   1.9364601232540677
0   0.40115806513498331
0   1.0001374713199116
0   0.093999949979077124
0   1.0023158127106009
0   1.0214054137885014
0   1.8992041670824134
0   1.0021030125758603
0   1.302034439172187
0   1.3020791297691574
0   0.36699909238894346
0   1.0118793489371061
0   0.84665224304634701
0   1.0006626157452401
0   1.1576648777803571
0   0.98665906314387075
0   2.0292713472686041
0   1.9515567988035856
0   1.0024166321921177
0   1.2305016959717843
0   1.5054234514905289
0   1.2034878376007845
0   1.6349523970429507
0   1.4869992414007822
0   1.8728925984128959
0   1.4147414520131478
0   1.0065090734584676
0   0.086044487135511383
0   1.9821887584562861
0   1.008522422983954
0   1.0614065787050193
0   1.0479442426920571
0   1.9857597917762999
0   1.0015536816968849
0   0.72084329515945478
0   2.9414118463807442
0   1.752033933175551
0   1.0004113882543755
0   1.9850641965259559
0   1.9891579773791124
0   1.01758484492943
0   0.02575861341326191
0   1.3043674648157813
0   1.3037803640833336
0   0.074567371172110208
0   1.0003298984768856
0   2.7855251931102809
0   1.3027560560970599
0   1.1306772123657736
0   1.9991930796483914
0   1.0031526669700763
0   1.0001279322220744
0   1.0000478623861677
0   1.9959511279008595
0   0.0069744957134177943
0   1.0025166104145244
0   0.35494527865979231
0   1.0008927085434904
0   0.12377239192940981
0   1.0013663578631442
0   0.15365493824496268
0   1.9020984696544843
0   1.9514675059849673
0   1.0001976031277651
0   1.0002877918596953
0   1.0048811322875046
0   1.9859063501955312
0   1.9778961055472206
0   1.0347737133181876
0   1.0001900798412751
0   0.16506534129155337
0   0.08046839028123165
0   1.0242342191431462
0   2.6054075868110291
0   1.5527821646423767
0   0.10356214046913315
0   1.0005114100886876
0   0.93135043080150814
0   1.0006016375694133
0   1.9695371228082186
0   1.6499188871187767
0   0.074326204234075988
0   0.022072625221099762
0   1.0002350136239151
0   1.0071904670615759
0   1.0007590233581329
0   1.0042417815621736
0   0.94663760468284974
0   0.074204980497589279
0   1.0055036666696604
0   1.0000702417274292
0   1.6063534406496114
0   1.9741896475181506
0   0.021303063170420189
0   1.0001776473341126
0   0.24646583197082972
0   1.0000459429637207
0   1.0103503619044651
0   1.9993870460785788
0   0.38264546985565429
0   1.0422438388531241
0   1.000016642568426
0   1.9124554668775415
0   1.1407654913229914
0   1.9939345707355978
0   1.9265001431086168
0   2.9097033245822517

1   1.0080327414858372
1   1.0903476860966059
1   1.0096380225112218
1   1.9367525187013244
1   1.013505165632504
1   1.9808514300307247
1   1.0175243924826429
1   1.101718255101775
1   1.9345418354580213
1   1.0386782901685896
1   1.1222097193707432
1   1.5375080323512438
1   1.9151112062404785
1   1.5788039666177318
1   2.1284100593047897
1   2.1271162037651545
1   1.4591544401151824
1   1.1887480714769378
1   1.4467336572205796
1   1.7039461101506865
1   2.4146124566512812
1   1.6718407589136377
1   1.22939236492198
1   2.0320002418859771
1   1.8688944294561631
1   1.738456841637638
1   1.1544901625324782
1   1.0388363624221217
1   1.0038740526121346
1   1.9982886080555109
1   1.0688615800600887
1   1.4916503741365075
1   1.5042679188773915
1   1.6781094515698443
1   1.7834378992822715
1   1.9118364887846346
1   1.527392776889958
1   1.3546991802854547
1   1.5203786953616869
1   1.6429598927912714
1   1.7170593366713067
1   1.2974838085729494
1   1.7516165810945301
1   1.8907405250798845
1   1.0217432554562993
1   1.1225457720494596
1   1.6231174066653189
1   1.5198632323881913
1   1.05095743346841
1   1.9193195213513898
1   2.9234378221274597
1   1.0377719780644432
1   1.9682787371590922
1   1.4314377813020525
1   1.5317589479092422
1   1.7849219985702409
1   1.5767265326082973
1   1.8223136408717453
1   1.9682967173391837
1   1.2535521746156115
1   2.3890251969070824
1   1.0032130670551664
1   1.0575327669834338
1   1.5621501373541875
1   1.5573087168009616
1   1.009063770812634
1   1.9657820548550964
1   1.0047485918233481
1   1.0260910141460429
1   1.641178984306602
1   1.3096417161379725
1   1.7128980777045926
1   1.2202965425435601
1   1.1121406652744397
1   1.3163798268599363
1   1.9740659267551282
1   1.9780359587399845
1   1.0475677113476702
1   1.0113029111324068
1   1.1550037906708541
1   2.1805607249140952
1   1.7314708909176928
1   2.243562390196395
1   1.0028164725707363
1   1.3576458206384354
1   1.8250358093982642
1   1.0172202755059989
1   1.0069623166120349
1   1.0032838137430404
1   1.0097685856228527
1   1.9938250502796406
1   1.0315746254928417
1   1.0111069473331584
1   1.9717255191053678
1   1.0281274691223576
1   1.0203313199618915
1   1.0807533575417601
1   1.7391987367914328
1   1.3224277371793431
1   1.2043931364079201
1   1.9369976688975221
1   1.1471488264288552
1   1.9849790394397036
1   1.9220604284048162
1   2.9167649122026384

2   2.0000274219559713
2   2.0020167898456664
2   2.0027233415974797
2   2.0056447287938064
2   2.0151794959603055
2   2.941042734484804
2   2.0035214812901549
2   2.0661260936718997
2   2.9209241572714033
2   2.0069573517161543
2   2.085999319774861
2   2.0468213687695838
2   2.0021885567303443
2   2.3577643045052632
2   2.0006894412182912
2   2.0004202226766616
2   2.1546839725597184
2   2.5481973090352676
2   2.0195775712936825
2   2.0010892999817216
2   2.9363174587341452
2   2.0431546038040165
2   2.0008058834774878
2   2.0317056564302942
2   2.0000010999722364
2   2.9906031861864499
2   2.000129595608946
2   2.0028206797858119
2   2.0000636361841169
2   2.0002606717020757
2   2.0077652977709768
2   2.0002354099743318
2   2.9226553100897155
2   2.0001151901888217
2   2.0969906873997393
2   2.0000160579788675
2   2.0003259607316375
2   2.001461551364208
2   2.0000133419210795
2   2.0954593228610174
2   2.0000887808270122
2   2.9286369186873586

3   3.0000000000000004
3   3
3   3
3   3.0000000000000004
3   3.0000000000000004
3   3.0000000000000004
3   3

