0   -30.353   0.0523869   0.0296461   0.0857093   0.173881   0.0175309   0.281692   0.0175309   0.173881   0.0857093   0.0296461   0.0523869   
1   -38.1343   0.0114099   0.0275876   0.066729   0.122863   0.172903   0.197016   0.172903   0.122863   0.066729   0.0275876   0.0114099   
2   -38.5983   0.00976384   0.0250909   0.064899   0.123743   0.175446   0.202114   0.175446   0.123743   0.064899   0.0250909   0.00976384   
3   -38.5359   0.0169994   0.037033   0.0816978   0.118898   0.159969   0.170806   0.159969   0.118898   0.0816978   0.037033   0.0169994   
4   -38.4228   0.0119032   0.0323473   0.072203   0.126125   0.163619   0.187605   0.163619   0.126125   0.072203   0.0323473   0.0119032   
5   -38.4498   0.00877058   0.0217381   0.0629383   0.124076   0.179263   0.206428   0.179263   0.124076   0.0629383   0.0217381   0.00877058   
6   -38.4228   0.0119032   0.0323473   0.072203   0.126125   0.163619   0.187605   0.163619   0.126125   0.072203   0.0323473   0.0119032   
7   -38.5359   0.0169994   0.037033   0.0816978   0.118898   0.159969   0.170806   0.159969   0.118898   0.0816978   0.037033   0.0169994   
8   -38.5983   0.00976384   0.0250909   0.064899   0.123743   0.175446   0.202114   0.175446   0.123743   0.064899   0.0250909   0.00976384   
9   -38.1343   0.0114099   0.0275876   0.066729   0.122863   0.172903   0.197016   0.172903   0.122863   0.066729   0.0275876   0.0114099   
10   -30.353   0.0523869   0.0296461   0.0857093   0.173881   0.0175309   0.281692   0.0175309   0.173881   0.0857093   0.0296461   0.0523869   
