0   -40.0589   0.0517662   0.0292837   0.0859127   0.174044   0.0176422   0.282703   0.0176422   0.174044   0.0859127   0.0292837   0.0517662   
1   -51.2652   0.0111576   0.0270654   0.0661793   0.122822   0.17369   0.198171   0.17369   0.122822   0.0661793   0.0270654   0.0111576   
2   -52.3457   0.009538   0.0244791   0.064418   0.123727   0.17598   0.203716   0.17598   0.123727   0.064418   0.0244791   0.009538   
3   -52.5394   0.0137662   0.0340956   0.076555   0.123886   0.162019   0.179355   0.162019   0.123886   0.076555   0.0340956   0.0137662   
4   -52.5002   0.0147559   0.0344873   0.0802627   0.121481   0.163277   0.171472   0.163277   0.121481   0.0802627   0.0344873   0.0147559   
5   -52.4421   0.0159967   0.0362187   0.0834292   0.119831   0.161983   0.165083   0.161983   0.119831   0.0834292   0.0362187   0.0159967   
6   -52.5002   0.0147559   0.0344873   0.0802627   0.121481   0.163277   0.171472   0.163277   0.121481   0.0802627   0.0344873   0.0147559   
7   -52.5394   0.0137662   0.0340956   0.076555   0.123886   0.162019   0.179355   0.162019   0.123886   0.076555   0.0340956   0.0137662   
8   -52.3457   0.009538   0.0244791   0.064418   0.123727   0.17598   0.203716   0.17598   0.123727   0.064418   0.0244791   0.009538   
9   -51.2652   0.0111576   0.0270654   0.0661793   0.122822   0.17369   0.198171   0.17369   0.122822   0.0661793   0.0270654   0.0111576   
10   -40.0589   0.0517662   0.0292837   0.0859127   0.174044   0.0176422   0.282703   0.0176422   0.174044   0.0859127   0.0292837   0.0517662   
