-2.5   2.4999999999999996
-2.5   2.4999999999999996
-2.5   2.5
-2.5   2.5
-2.5   2.5
-2.5   2.5

-1.5   1.5097810275042352
-1.5   1.5760110951316704
-1.5   1.7029837250897737
-1.5   1.5351740362511905
-1.5   2.0914873056623087
-1.5   1.6789568253454625
-1.5   2.2816450950438392
-1.5   1.8183094492198242
-1.5   1.5075184422416008
-1.5   1.6630177427661099
-1.5   1.5964026279309604
-1.5   1.6216007088612048
-1.5   1.521335631242664
-1.5   2.0488407699199103
-1.5   2.1149630640459067
-1.5   1.7777512733811549
-1.5   1.8694388542986982
-1.5   1.51006611203921
-1.5   1.581162826938896
-1.5   1.5350143245724741
-1.5   1.5066369661351104
-1.5   1.6881599706016419
-1.5   2.3013314605416353
-1.5   1.500799994449074
-1.5   1.519528294617611
-1.5   1.5148413902001554
-1.5   1.5019189992889577
-1.5   1.8387640158838732
-1.5   1.5003146048058857
-1.5   2.2308281306434457

-0.5   1.0863324711543019
-0.5   0.92809723432373237
-0.5   0.74839642572080378
-0.5   1.1832255666169251
-0.5   1.2990862131348433
-0.5   0.8314041822439393
-0.5   1.2020729740960909
-0.5   1.3615521117357063
-0.5   1.4204382027225091
-0.5   1.1769277245580461
-0.5   1.1592894138967675
-0.5   1.1019546567684153
-0.5   1.6026312929446869
-0.5   1.6359840705334898
-0.5   1.2329764367696023
-0.5   1.5168961823961102
-0.5   1.5436395264191045
-0.5   1.1411389969500572
-0.5   0.90702222325868576
-0.5   1.1156835348906027
-0.5   1.1422946787530592
-0.5   1.3580227562538623
-0.5   1.0176689948881437
-0.5   1.2260869691223268
-0.5   0.90908742460197445
-0.5   0.95954226554682354
-0.5   1.4693852655552695
-0.5   1.2906457512204368
-0.5   1.1175974818385064
-0.5   1.3853254220007509
-0.5   1.9900800696218108
-0.5   2.1508766669223123
-0.5   0.97334079917270544
-0.5   1.4156375129732248
-0.5   0.65361317607454139
-0.5   1.445637836708576
-0.5   1.5231745300048383
-0.5   1.3645475256372082
-0.5   0.60297555437459449
-0.5   1.3598047912088871
-0.5   0.78588353806356581
-0.5   1.1788461148241718
-0.5   1.1794303775694599
-0.5   1.2121864110200276
-0.5   1.0019991021083674
-0.5   1.7969139302599784
-0.5   0.64172559173309063
-0.5   0.54687349420989229
-0.5   0.72985909041461494
-0.5   0.70005677916480091
-0.5   1.103230872443193
-0.5   1.108089534414505
-0.5   1.1971955604024314
-0.5   0.95310199652548167
-0.5   0.98831158633631566
-0.5   0.82142829373293336
-0.5   1.2750012822004508
-0.5   1.4539764551980809
-0.5   1.3056232629680666
-0.5   2.268836294148203

0.5   1.0863324711543036
0.5   0.92809723432373037
0.5   0.74839642572080223
0.5   1.1832255666169278
0.5   1.2990862131348457
0.5   0.83140418224394463
0.5   1.2020729740960847
0.5   1.3615521117357037
0.5   1.420438202722514
0.5   1.1769277245580492
0.5   1.1592894138967702
0.5   1.1019546567684142
0.5   1.6026312929446855
0.5   1.6359840705334934
0.5   1.2329764367695937
0.5   1.516896182396116
0.5   1.5436395264191161
0.5   1.1411389969500465
0.5   0.90702222325868442
0.5   1.1156835348906016
0.5   1.1422946787530603
0.5   1.3580227562538625
0.5   1.0176689948881643
0.5   1.2260869691223102
0.5   0.90908742460197622
0.5   0.95954226554682265
0.5   1.4693852655552702
0.5   1.2906457512204323
0.5   1.1175974818385088
0.5   1.3853254220007518
0.5   1.9900800696218108
0.5   2.1508766669223114
0.5   0.97334079917270588
0.5   1.4156375129732262
0.5   0.65361317607454139
0.5   1.4456378367085794
0.5   1.5231745300048387
0.5   1.364547525637207
0.5   0.6029755543745976
0.5   1.3598047912088853
0.5   0.78588353806354827
0.5   1.1788461148241909
0.5   1.1794303775694639
0.5   1.2121864110200307
0.5   1.0019991021083618
0.5   1.7969139302599775
0.5   0.64172559173309196
0.5   0.5468734942098914
0.5   0.72985909041461206
0.5   0.70005677916480735
0.5   1.1032308724431974
0.5   1.1080895344145036
0.5   1.1971955604024263
0.5   0.95310199652548677
0.5   0.988311586336307
0.5   0.82142829373294446
0.5   1.2750012822004426
0.5   1.4539764551980769
0.5   1.305623262968068
0.5   2.268836294148203

1.5   1.5097810275042343
1.5   1.5760110951316686
1.5   1.7029837250897795
1.5   1.5351740362511896
1.5   2.0914873056623033
1.5   1.6789568253454634
1.5   2.2816450950438405
1.5   1.8183094492198264
1.5   1.5075184422416004
1.5   1.6630177427661113
1.5   1.5964026279309609
1.5   1.6216007088612034
1.5   1.5213356312426636
1.5   2.0488407699199103
1.5   2.1149630640459041
1.5   1.7777512733811562
1.5   1.8694388542987008
1.5   1.5100661120392096
1.5   1.5811628269388973
1.5   1.5350143245724737
1.5   1.5066369661351096
1.5   1.688159970601641
1.5   2.3013314605416308
1.5   1.5007999944490731
1.5   1.5195282946176105
1.5   1.5148413902001554
1.5   1.5019189992889581
1.5   1.8387640158838723
1.5   1.5003146048058862
1.5   2.2308281306434457

2.5   2.4999999999999996
2.5   2.4999999999999996
2.5   2.5
2.5   2.5
2.5   2.5
2.5   2.5

