-1.5   1.5
-1.5   1.5
-1.5   1.5
-1.5   1.5

-0.5   0.66333617469928319
-0.5   0.49999999999999989
-0.5   1.4782037394079526
-0.5   0.5
-0.5   1.397025930238698
-0.5   0.53854215113093673
-0.5   1.5
-0.5   0.5
-0.5   0.52369017023611253
-0.5   0.71293717753418084
-0.5   0.50000000000000022
-0.5   1.3806710422272532

0.5   0.66333617469928297
0.5   0.50000000000000022
0.5   1.478203739407953
0.5   0.5
0.5   1.3970259302386987
0.5   0.53854215113093651
0.5   1.5
0.5   0.5
0.5   0.52369017023611253
0.5   0.71293717753418107
0.5   0.5
0.5   1.380671042227251

1.5   1.5
1.5   1.5
1.5   1.5
1.5   1.5

