-3.5   3.4999999999999996
-3.5   3.5
-3.5   3.5
-3.5   3.4999999999999996
-3.5   3.4999999999999996
-3.5   3.4999999999999996
-3.5   3.4999999999999996
-3.5   3.5

-2.5   2.5001526036829831
-2.5   2.5001619437116385
-2.5   2.502515780167708
-2.5   2.510050429437233
-2.5   2.5086787388918026
-2.5   2.6060728785316325
-2.5   3.3393977890989159
-2.5   2.8268007944471649
-2.5   3.1938770531934124
-2.5   2.5259663479610817
-2.5   2.564086062068839
-2.5   2.525335163991461
-2.5   2.5103842700538785
-2.5   2.5023416500413909
-2.5   2.5014031607564013
-2.5   2.5132427782799742
-2.5   3.0684641212060493
-2.5   2.5076295976179361
-2.5   3.0953323136999691
-2.5   2.5057824692812547
-2.5   2.5676136008348593
-2.5   2.6965290184484796
-2.5   2.8746450586692256
-2.5   2.7698481483756781
-2.5   2.5038643701508252
-2.5   2.5706965586473691
-2.5   2.5248771709138045
-2.5   2.5005274158568831
-2.5   2.5024895534103058
-2.5   2.500135886636603
-2.5   3.4498875051099875
-2.5   2.5007727333973806
-2.5   2.537175017771292
-2.5   2.5052895642151012
-2.5   2.5012056506578664
-2.5   3.484883416915066
-2.5   2.5000435772596563
-2.5   2.5036284796406321
-2.5   2.5001545513650432
-2.5   2.5105340695131901
-2.5   2.5000652581799439
-2.5   2.5007885350874792
-2.5   2.5017620225105137
-2.5   2.5001404425732199
-2.5   2.5001303285378165
-2.5   2.7487425779848671
-2.5   3.2981828406394147
-2.5   2.5000517520535626
-2.5   2.5005025458267922
-2.5   2.5000941595835693
-2.5   2.5000697253392992
-2.5   2.5003495860843974
-2.5   2.5000223710153295
-2.5   2.6453165341066849
-2.5   2.5001672444764242
-2.5   3.3862884857896036

-1.5   1.5041451254027849
-1.5   1.506964862307953
-1.5   1.7102714975292885
-1.5   1.5187570592282702
-1.5   2.3391325493082493
-1.5   1.5710400234014332
-1.5   1.5156309935905785
-1.5   2.4200608387564184
-1.5   1.5086155491236948
-1.5   2.3433407673526778
-1.5   1.6626274046164133
-1.5   1.5700980162354119
-1.5   1.5365417644256096
-1.5   1.541855722703116
-1.5   1.5961577495540449
-1.5   2.4446439312381449
-1.5   1.7071122239018148
-1.5   1.8183463496285781
-1.5   2.0145125972613749
-1.5   1.9486264649804719
-1.5   1.9457081003068568
-1.5   1.8428244036580677
-1.5   1.5515813812374168
-1.5   3.2278462306623554
-1.5   1.9693722166734506
-1.5   2.4323270954321781
-1.5   2.0782064759193606
-1.5   2.1669580402743058
-1.5   2.4688399186219048
-1.5   2.2975364618510765
-1.5   1.7656913497276205
-1.5   1.9440238256287028
-1.5   2.0067853155175084
-1.5   2.1346669485457053
-1.5   2.2610895527316615
-1.5   1.6444206330920546
-1.5   2.3722497428667566
-1.5   1.5870269381097306
-1.5   1.5564938644380595
-1.5   1.5105992960833943
-1.5   1.5270931590839552
-1.5   2.4615354558297868
-1.5   1.5240815186510486
-1.5   1.566118661361644
-1.5   2.40825652456454
-1.5   1.5648721392901646
-1.5   2.3872907127764313
-1.5   1.6135054271822002
-1.5   1.5040477207498797
-1.5   1.5837264768536263
-1.5   1.9510554491210272
-1.5   1.9516365211527975
-1.5   1.5655535039832102
-1.5   1.9739227258259793
-1.5   1.9521032181212066
-1.5   1.5311046792020861
-1.5   2.0557815905109944
-1.5   2.0500349427045639
-1.5   2.3901371479909077
-1.5   2.0532183971783686
-1.5   2.0871650821443781
-1.5   2.1708162792136179
-1.5   2.6321444975101884
-1.5   2.4036634933836125
-1.5   1.8467995382411444
-1.5   1.8612636511707912
-1.5   2.1037729095917741
-1.5   2.1943115241942719
-1.5   2.0703140603800168
-1.5   2.1822897201764921
-1.5   2.0707813059142692
-1.5   2.2904532508070621
-1.5   2.250552335157336
-1.5   2.0102845264263189
-1.5   1.5104877168276389
-1.5   1.5241207939357899
-1.5   1.5413357236152496
-1.5   1.5057377458182946
-1.5   1.5396269375020561
-1.5   1.618304481470163
-1.5   2.2444986233450002
-1.5   1.8888802978488424
-1.5   1.8780965491325361
-1.5   2.1841038497403269
-1.5   1.9337707558571764
-1.5   2.3583328473235734
-1.5   2.2780066408671469
-1.5   1.5854574431884458
-1.5   1.5256708511676886
-1.5   2.9604269299061663
-1.5   2.2678187345429395
-1.5   2.2037288780843278
-1.5   1.5254306554057142
-1.5   1.790646132399377
-1.5   2.3991582019649096
-1.5   1.5943260542854909
-1.5   2.2443565670052958
-1.5   1.8402938259839878
-1.5   2.3898849608796313
-1.5   1.5816776041485809
-1.5   1.5414916148333782
-1.5   1.8001621990466909
-1.5   2.8171123394014761
-1.5   2.2378397978305777
-1.5   1.5218647228756943
-1.5   2.4670800617595763
-1.5   1.5234500221618865
-1.5   1.530170874817697
-1.5   2.4086917387487978
-1.5   1.9768963732676523
-1.5   1.9565453654689575
-1.5   2.1105283602343317
-1.5   2.1040708013135352
-1.5   1.639128278398188
-1.5   1.5053188191550624
-1.5   1.5163552937747591
-1.5   1.5081175091487036
-1.5   1.5080698727804558
-1.5   1.5082212780439077
-1.5   1.7489551495630868
-1.5   1.7346789141435375
-1.5   1.5791138713654469
-1.5   2.3182923486183991
-1.5   2.2511385898357266
-1.5   1.5092341474173896
-1.5   1.6196879148627326
-1.5   1.9794901945106576
-1.5   1.8755825381593705
-1.5   2.0987686704096071
-1.5   2.1311354845026056
-1.5   1.5170461570745077
-1.5   1.5088519311469968
-1.5   1.5135900537531319
-1.5   1.9587202797605738
-1.5   1.9217183778842224
-1.5   1.8743899380690605
-1.5   2.0102134431047136
-1.5   1.9699563050701623
-1.5   1.7047542112343512
-1.5   3.294973303804055
-1.5   2.4809821522973632
-1.5   1.5079344097692409
-1.5   1.6651941980808744
-1.5   1.5109076079685049
-1.5   1.5032079047063314
-1.5   1.5261947015193154
-1.5   1.5096066917987034
-1.5   1.6050998936416812
-1.5   1.5051890044317915
-1.5   2.4023292591177245
-1.5   1.5113460084032448
-1.5   2.4875357218263301
-1.5   1.5029951562524277
-1.5   1.5784522855150507
-1.5   1.5537550752788896
-1.5   1.5032487509770651
-1.5   1.5638918846018535
-1.5   2.0920418096841868
-1.5   1.9616483664491131
-1.5   1.7013766402354507
-1.5   1.667196990040873
-1.5   1.7510179112868709
-1.5   2.2005990496061432
-1.5   1.7714667051914574
-1.5   2.4513007504877891
-1.5   2.4512934083591018
-1.5   2.3451820274557691
-1.5   3.3516368325634827

-0.5   0.62131996733925465
-0.5   0.71459809825828269
-0.5   1.174534664841099
-0.5   0.94343733295496945
-0.5   1.0277402396142585
-0.5   0.93246855255177818
-0.5   1.3623047082142865
-0.5   1.4124139402467915
-0.5   1.2442921178420694
-0.5   2.3077565112972818
-0.5   1.1335646892262063
-0.5   1.097108842942305
-0.5   1.4705499119581888
-0.5   2.3889473387989741
-0.5   0.69534284641436739
-0.5   1.4606454004808198
-0.5   1.2433356694551396
-0.5   0.72204097958502667
-0.5   0.5689730044110155
-0.5   2.1313486613686194
-0.5   1.411387890303097
-0.5   1.2536985915729875
-0.5   1.043303031027484
-0.5   0.68570332895657837
-0.5   1.0820616168402464
-0.5   1.4777930678505105
-0.5   1.3230818520976122
-0.5   1.2618001751904875
-0.5   1.7000667101600206
-0.5   0.62717838637306067
-0.5   1.4219160035034852
-0.5   1.9230846345536388
-0.5   1.1011114116056795
-0.5   1.7831027176869987
-0.5   1.8334767906717202
-0.5   2.1270854892329716
-0.5   1.0741742904377589
-0.5   1.8044095648270262
-0.5   2.0214632856826391
-0.5   1.5813566976904796
-0.5   1.6226291095150787
-0.5   1.824711336866049
-0.5   1.3873740577954512
-0.5   1.9457595455650671
-0.5   1.4099628420628625
-0.5   2.6938415079040015
-0.5   2.0046612909340653
-0.5   1.5140534718678782
-0.5   1.410044338141444
-0.5   1.9051712788155344
-0.5   1.8544581909040425
-0.5   1.6703696261095931
-0.5   1.8445574772139541
-0.5   1.4761404464721481
-0.5   1.3050081866619636
-0.5   1.7320240871875012
-0.5   2.0118346372704012
-0.5   1.3006020552756321
-0.5   1.9023681617859607
-0.5   1.1195416958825459
-0.5   2.2546581437404645
-0.5   0.7309256772604753
-0.5   1.1227496610001366
-0.5   1.3686071472967212
-0.5   0.77399858017509793
-0.5   1.1678961704495936
-0.5   0.90651767024377539
-0.5   1.4341075788411228
-0.5   1.3234192240365279
-0.5   1.6245240193890234
-0.5   1.397647423598493
-0.5   0.60314058956060834
-0.5   1.8495195429088951
-0.5   1.5653976663428564
-0.5   1.3786340948109612
-0.5   1.3106082797295513
-0.5   2.0628240430084985
-0.5   1.4003938861283205
-0.5   1.9287802828896896
-0.5   1.0105967998176388
-0.5   1.0395408710456555
-0.5   1.347338493015662
-0.5   1.3424808392336534
-0.5   1.4732154565480646
-0.5   0.69946272030844892
-0.5   1.4998536052089373
-0.5   1.5001499843675372
-0.5   1.1105677075071461
-0.5   0.91927899512762878
-0.5   1.3696057985932513
-0.5   1.3819013844841823
-0.5   1.2835607573632108
-0.5   1.3831425790478225
-0.5   1.8461961891487815
-0.5   1.8765450699249313
-0.5   0.98977900475768399
-0.5   2.0718223348509741
-0.5   1.0479616195659911
-0.5   1.5087083170477613
-0.5   1.706434875835726
-0.5   1.7195240296490417
-0.5   1.6869255441822708
-0.5   1.8765232670688454
-0.5   1.7052524424789253
-0.5   1.5349335934048676
-0.5   1.8752073167148811
-0.5   1.9786771080646601
-0.5   1.6518519869289676
-0.5   1.7411156681196145
-0.5   2.1806151583188922
-0.5   1.9612429952156152
-0.5   1.7087503719989732
-0.5   1.5126533269052214
-0.5   1.6402740331521461
-0.5   1.3107507455447831
-0.5   1.4824856405962219
-0.5   2.0146263798628383
-0.5   2.0977731491706955
-0.5   2.2531015944888648
-0.5   1.9401222318594189
-0.5   2.184606991645162
-0.5   0.57888741291965529
-0.5   0.62902730263738782
-0.5   1.1093421889078672
-0.5   1.4846727058579892
-0.5   1.0663057498711579
-0.5   0.58018697109960038
-0.5   0.68014623157080245
-0.5   1.4433105207305856
-0.5   1.4768242692657461
-0.5   1.4920548839095005
-0.5   1.4693409044934926
-0.5   1.400219584889363
-0.5   2.1930328281051485
-0.5   1.3702534866678109
-0.5   1.1100446002619473
-0.5   2.4045793011432655
-0.5   1.3367349707980094
-0.5   1.5124959344213953
-0.5   1.4355077125621656
-0.5   1.9117155234387937
-0.5   2.2430717292801101
-0.5   1.4355308204088901
-0.5   1.0024660623076436
-0.5   1.2889740640413365
-0.5   1.4387426701900128
-0.5   1.5061958207566262
-0.5   3.071986073147225
-0.5   1.0842127685167546
-0.5   1.479891726863096
-0.5   1.9357693446980995
-0.5   1.6604689085855626
-0.5   1.6261808689223103
-0.5   0.91172735412472239
-0.5   2.0340965267043294
-0.5   0.91163093392014161
-0.5   1.3852809312317176
-0.5   1.149783180849294
-0.5   1.1557553842564097
-0.5   2.3187732120827156
-0.5   0.85743945645394692
-0.5   2.2836278717932155
-0.5   0.85148039375888263
-0.5   1.4683817460093196
-0.5   1.8264279542434316
-0.5   1.8168727500728261
-0.5   1.3430570521514431
-0.5   0.75662652497884841
-0.5   0.80174354133475068
-0.5   1.3708464383753294
-0.5   2.9993154610222863
-0.5   1.7506275504534026
-0.5   1.3327861391198625
-0.5   1.5074151481513831
-0.5   1.7066016327900728
-0.5   1.3621532591853125
-0.5   2.3105965529215493
-0.5   1.6184126417695106
-0.5   1.6858985086514751
-0.5   1.4032140537754831
-0.5   1.376556693005816
-0.5   1.6396448486583246
-0.5   1.6613771151761307
-0.5   0.99815986502656395
-0.5   0.90413231673897099
-0.5   1.4553764750096343
-0.5   0.57593060075009195
-0.5   0.84518035800490021
-0.5   1.4868627553169385
-0.5   1.3472643039813439
-0.5   1.4901514100599977
-0.5   0.59359002658981241
-0.5   0.5822999294435911
-0.5   1.2697344549740568
-0.5   1.4081976323813064
-0.5   0.89787731961737038
-0.5   0.69391053797952895
-0.5   1.7797209368871254
-0.5   1.9271738147174804
-0.5   1.6107238312817684
-0.5   2.1057512125821329
-0.5   2.127477349775285
-0.5   1.4201407826187229
-0.5   0.64062323855875092
-0.5   0.6320162571441319
-0.5   0.672469584946499
-0.5   1.4690494120960769
-0.5   0.54592625640617065
-0.5   0.8583205741651867
-0.5   1.4807538896690646
-0.5   1.849567014461154
-0.5   2.1036885155381806
-0.5   1.5102227931200485
-0.5   1.4604256056842533
-0.5   1.0406923809336042
-0.5   1.4673463799789725
-0.5   1.4195718021331714
-0.5   1.0333320084666082
-0.5   0.71177774424343898
-0.5   1.2865361299367295
-0.5   0.51642936737172951
-0.5   0.53437777222001381
-0.5   0.60517096729926845
-0.5   0.77025137699604485
-0.5   1.3563531635349135
-0.5   1.1791109869298728
-0.5   0.91596814901756862
-0.5   1.7143160232249439
-0.5   2.3132177265086571
-0.5   2.3699650868526732
-0.5   1.680723470519522
-0.5   1.5829393339018245
-0.5   2.2083373874090828
-0.5   1.9144127846548953
-0.5   1.4062377599085936
-0.5   1.7377430393577167
-0.5   0.77906030044277208
-0.5   1.3673554122637497
-0.5   1.6575055650691466
-0.5   1.0107765376059923
-0.5   1.3407530727768417
-0.5   0.61056708720531683
-0.5   1.4398652145498541
-0.5   0.8987893035814154
-0.5   1.0150074520733181
-0.5   0.52469345770256193
-0.5   1.1412071746501473
-0.5   1.1142033994635956
-0.5   1.2474574398437623
-0.5   1.3649017389062377
-0.5   1.4860199241792251
-0.5   1.1287100006916213
-0.5   2.2062043290376696
-0.5   1.5231598233688599
-0.5   2.3105848596381953
-0.5   0.53886210305498317
-0.5   0.62857399324273766
-0.5   1.4694474012208334
-0.5   0.69380378059089809
-0.5   0.57297359670108383
-0.5   0.89362063672087211
-0.5   1.4857536025697216
-0.5   1.3544576724816799
-0.5   1.3313775144684661
-0.5   0.71588580913405542
-0.5   2.0636087644310797
-0.5   1.4441307689797622
-0.5   0.93774563507551423
-0.5   1.5346385434507916
-0.5   1.4818096221864721
-0.5   1.3996940150138797
-0.5   1.0181782153381593
-0.5   2.2604920324654714
-0.5   1.7753754544055864
-0.5   1.5246715312231038
-0.5   2.3172375112739547
-0.5   1.6053204428999202
-0.5   2.45689751529454
-0.5   2.3506638909854045
-0.5   3.3353455308363231

0.5   0.62131996733913408
0.5   0.71459809825834508
0.5   1.1745346648411834
0.5   0.94343733295492349
0.5   1.0277402396142468
0.5   0.93246855255175354
0.5   1.3623047082143749
0.5   1.4124139402467986
0.5   1.2442921178419692
0.5   2.3077565112972884
0.5   1.1335646892262154
0.5   1.0971088429423093
0.5   1.4705499119581931
0.5   2.3889473387989693
0.5   0.69534284641435629
0.5   1.4606454004808165
0.5   1.2433356694551523
0.5   0.72204097958501134
0.5   0.56897300441103016
0.5   2.1313486613686217
0.5   1.411387890303075
0.5   1.2536985915729604
0.5   1.0433030310275111
0.5   0.68570332895650599
0.5   1.0820616168402508
0.5   1.4777930678505085
0.5   1.3230818520977057
0.5   1.2618001751904386
0.5   1.7000667101599944
0.5   0.62717838637305312
0.5   1.4219160035034737
0.5   1.9230846345536565
0.5   1.1011114116056271
0.5   1.7831027176870116
0.5   1.8334767906716762
0.5   2.1270854892329485
0.5   1.0741742904378864
0.5   1.8044095648270053
0.5   2.0214632856826387
0.5   1.5813566976904934
0.5   1.6226291095150915
0.5   1.824711336866105
0.5   1.3873740577954825
0.5   1.9457595455650716
0.5   1.4099628420628636
0.5   2.6938415079040174
0.5   2.0046612909340973
0.5   1.5140534718678751
0.5   1.4100443381413503
0.5   1.9051712788154709
0.5   1.8544581909039883
0.5   1.6703696261096148
0.5   1.8445574772139532
0.5   1.476140446472171
0.5   1.3050081866620045
0.5   1.7320240871876149
0.5   2.0118346372704026
0.5   1.3006020552754658
0.5   1.9023681617859904
0.5   1.119541695882541
0.5   2.254658143740452
0.5   0.73092567726045865
0.5   1.1227496610001277
0.5   1.3686071472966868
0.5   0.77399858017514456
0.5   1.1678961704496484
0.5   0.90651767024381846
0.5   1.4341075788410456
0.5   1.3234192240365241
0.5   1.6245240193890642
0.5   1.3976474235984966
0.5   0.60314058956059746
0.5   1.8495195429088591
0.5   1.5653976663428768
0.5   1.3786340948109175
0.5   1.310608279729605
0.5   2.062824043008491
0.5   1.4003938861281524
0.5   1.9287802828898033
0.5   1.0105967998176273
0.5   1.0395408710456764
0.5   1.3473384930156795
0.5   1.3424808392336385
0.5   1.4732154565480611
0.5   0.69946272030845424
0.5   1.4998536052089315
0.5   1.5001499843675332
0.5   1.1105677075071418
0.5   0.91927899512764011
0.5   1.3696057985932255
0.5   1.3819013844841792
0.5   1.2835607573632275
0.5   1.3831425790478353
0.5   1.8461961891487939
0.5   1.8765450699249033
0.5   0.98977900475772085
0.5   2.0718223348509994
0.5   1.0479616195659713
0.5   1.5087083170477866
0.5   1.7064348758356984
0.5   1.7195240296490537
0.5   1.6869255441822864
0.5   1.8765232670688365
0.5   1.705252442478947
0.5   1.5349335934048525
0.5   1.8752073167148784
0.5   1.978677108064669
0.5   1.6518519869289512
0.5   1.7411156681196047
0.5   2.1806151583188691
0.5   1.961242995215037
0.5   1.7087503719996313
0.5   1.5126533269052178
0.5   1.6402740331521262
0.5   1.3107507455447769
0.5   1.4824856405962175
0.5   2.014626379863043
0.5   2.0977731491705205
0.5   2.2531015944888728
0.5   1.9401222318594109
0.5   2.1846069916451678
0.5   0.57888741291965529
0.5   0.6290273026373927
0.5   1.1093421889078687
0.5   1.4846727058579867
0.5   1.0663057498711539
0.5   0.58018697109960016
0.5   0.68014623157079579
0.5   1.4433105207305896
0.5   1.4768242692657445
0.5   1.4920548839095045
0.5   1.4693409044934893
0.5   1.4002195848893597
0.5   2.1930328281051534
0.5   1.370253486667806
0.5   1.1100446002619317
0.5   2.4045793011432659
0.5   1.3367349707980252
0.5   1.5124959344214046
0.5   1.4355077125621789
0.5   1.9117155234387804
0.5   2.2430717292801017
0.5   1.4355308204088888
0.5   1.0024660623076556
0.5   1.2889740640413458
0.5   1.4387426701900081
0.5   1.5061958207566257
0.5   3.0719860731471864
0.5   1.0842127685168204
0.5   1.4798917268631051
0.5   1.9357693446980795
0.5   1.6604689085855657
0.5   1.6261808689223303
0.5   0.91172735412470951
0.5   2.0340965267043263
0.5   0.91163093392014405
0.5   1.3852809312317198
0.5   1.1497831808492849
0.5   1.1557553842564083
0.5   2.3187732120827156
0.5   0.85743945645395159
0.5   2.2836278717932132
0.5   0.85148039375888462
0.5   1.4683817460093178
0.5   1.8264279542434272
0.5   1.8168727500728279
0.5   1.3430570521514393
0.5   0.7566265249788473
0.5   0.80174354133475068
0.5   1.3708464383753298
0.5   2.9993154610222872
0.5   1.7506275504533941
0.5   1.3327861391198765
0.5   1.5074151481513889
0.5   1.7066016327900582
0.5   1.3621532591853158
0.5   2.3105965529215489
0.5   1.6184126417695071
0.5   1.6858985086514915
0.5   1.4032140537754501
0.5   1.3765566930058626
0.5   1.6396448486583246
0.5   1.6613771151761201
0.5   0.99815986502650933
0.5   0.90413231673896099
0.5   1.4553764750096312
0.5   0.5759306007500915
0.5   0.84518035800488156
0.5   1.4868627553169356
0.5   1.3472643039813572
0.5   1.4901514100599955
0.5   0.59359002658981086
0.5   0.58229992944360176
0.5   1.2697344549740246
0.5   1.4081976323813006
0.5   0.89787731961740458
0.5   0.69391053797953628
0.5   1.7797209368871094
0.5   1.9271738147174662
0.5   1.6107238312818142
0.5   2.1057512125821463
0.5   2.1274773497752597
0.5   1.4201407826187171
0.5   0.64062323855873826
0.5   0.63201625714413567
0.5   0.67246958494652409
0.5   1.4690494120960775
0.5   0.5459262564061651
0.5   0.85832057416517249
0.5   1.4807538896693366
0.5   1.8495670144609311
0.5   2.1036885155381939
0.5   1.5102227931200103
0.5   1.4604256056842917
0.5   1.0406923809336115
0.5   1.4673463799789244
0.5   1.419571802133188
0.5   1.0333320084666202
0.5   0.71177774424344809
0.5   1.2865361299367148
0.5   0.51642936737173373
0.5   0.53437777222001626
0.5   0.60517096729924424
0.5   0.77025137699613944
0.5   1.356353163534959
0.5   1.1791109869299412
0.5   0.9159681490175966
0.5   1.7143160232248515
0.5   2.3132177265086398
0.5   2.3699650868526785
0.5   1.6807234705195202
0.5   1.5829393339018138
0.5   2.2083373874091086
0.5   1.9144127846549259
0.5   1.406237759908745
0.5   1.7377430393575506
0.5   0.77906030044280739
0.5   1.367355412263719
0.5   1.6575055650690689
0.5   1.0107765376060303
0.5   1.3407530727768782
0.5   0.61056708720529906
0.5   1.439865214549811
0.5   0.89878930358151043
0.5   1.0150074520733143
0.5   0.52469345770256015
0.5   1.1412071746499928
0.5   1.1142033994636733
0.5   1.2474574398437428
0.5   1.3649017389062994
0.5   1.4860199241792356
0.5   1.1287100006915782
0.5   2.2062043290376958
0.5   1.5231598233688817
0.5   2.3105848596381868
0.5   0.53886210305498805
0.5   0.62857399324273056
0.5   1.4694474012208403
0.5   0.69380378059096071
0.5   0.57297359670099102
0.5   0.89362063672084835
0.5   1.4857536025697251
0.5   1.3544576724817106
0.5   1.3313775144684388
0.5   0.71588580913398281
0.5   2.0636087644310512
0.5   1.4441307689798937
0.5   0.93774563507537478
0.5   1.5346385434508591
0.5   1.4818096221864772
0.5   1.3996940150139001
0.5   1.0181782153382517
0.5   2.260492032465776
0.5   1.7753754544052067
0.5   1.5246715312230856
0.5   2.3172375112739378
0.5   1.6053204428999752
0.5   2.4568975152945183
0.5   2.3506638909853783
0.5   3.3353455308363102

1.5   1.5041451254027836
1.5   1.5069648623079508
1.5   1.7102714975292832
1.5   1.5187570592282693
1.5   2.3391325493082555
1.5   1.571040023401419
1.5   1.5156309935905745
1.5   2.4200608387564322
1.5   1.5086155491236921
1.5   2.3433407673525988
1.5   1.6626274046165115
1.5   1.5700980162354088
1.5   1.536541764425611
1.5   1.5418557227031133
1.5   1.5961577495540453
1.5   2.4446439312381405
1.5   1.7071122239018139
1.5   1.818346349628587
1.5   2.0145125972613771
1.5   1.9486264649804719
1.5   1.9457081003068524
1.5   1.8428244036580512
1.5   1.5515813812374359
1.5   3.2278462306623621
1.5   1.9693722166734386
1.5   2.4323270954321132
1.5   2.0782064759193677
1.5   2.1669580402743116
1.5   2.4688399186219172
1.5   2.2975364618510534
1.5   1.7656913497275917
1.5   1.9440238256288076
1.5   2.0067853155174928
1.5   2.1346669485457292
1.5   2.2610895527316641
1.5   1.6444206330920572
1.5   2.3722497428667473
1.5   1.5870269381097297
1.5   1.5564938644380564
1.5   1.5105992960833956
1.5   1.5270931590839636
1.5   2.4615354558297762
1.5   1.5240815186510521
1.5   1.5661186613616476
1.5   2.4082565245645413
1.5   1.5648721392901637
1.5   2.3872907127764362
1.5   1.6135054271821976
1.5   1.5040477207498801
1.5   1.5837264768536237
1.5   1.9510554491210255
1.5   1.9516365211527944
1.5   1.5655535039832071
1.5   1.9739227258259793
1.5   1.9521032181212146
1.5   1.5311046792020875
1.5   2.0557815905109909
1.5   2.0500349427045577
1.5   2.3901371479909201
1.5   2.0532183971783691
1.5   2.087165082144355
1.5   2.1708162792136192
1.5   2.6321444975101875
1.5   2.403663493383613
1.5   1.8467995382411511
1.5   1.8612636511708023
1.5   2.1037729095917794
1.5   2.1943115241942595
1.5   2.07031406038015
1.5   2.1822897201764055
1.5   2.0707813059142341
1.5   2.2904532508070776
1.5   2.2505523351573244
1.5   2.0102845264263243
1.5   1.5104877168276389
1.5   1.5241207939357895
1.5   1.5413357236152496
1.5   1.5057377458182946
1.5   1.5396269375020539
1.5   1.6183044814701661
1.5   2.2444986233450126
1.5   1.8888802978488348
1.5   1.8780965491325592
1.5   2.1841038497403038
1.5   1.933770755857172
1.5   2.3583328473235685
1.5   2.2780066408671433
1.5   1.5854574431884538
1.5   1.5256708511676851
1.5   2.9604269299061849
1.5   2.2678187345429452
1.5   2.2037288780843212
1.5   1.5254306554057133
1.5   1.7906461323993752
1.5   2.3991582019649096
1.5   1.5943260542854918
1.5   2.2443565670052861
1.5   1.8402938259840029
1.5   2.3898849608796278
1.5   1.5816776041485823
1.5   1.5414916148333777
1.5   1.8001621990466785
1.5   2.8171123394014774
1.5   2.2378397978305853
1.5   1.5218647228756916
1.5   2.4670800617595772
1.5   1.523450022161887
1.5   1.5301708748177001
1.5   2.4086917387487969
1.5   1.9768963732676652
1.5   1.9565453654689646
1.5   2.1105283602343268
1.5   2.1040708013135188
1.5   1.6391282783981826
1.5   1.5053188191550624
1.5   1.5163552937747546
1.5   1.5081175091487053
1.5   1.5080698727804589
1.5   1.5082212780439099
1.5   1.7489551495630762
1.5   1.7346789141435353
1.5   1.5791138713654158
1.5   2.3182923486183973
1.5   2.2511385898357497
1.5   1.5092341474173874
1.5   1.6196879148626957
1.5   1.9794901945107064
1.5   1.875582538159438
1.5   2.0987686704095596
1.5   2.1311354845025683
1.5   1.5170461570745011
1.5   1.5088519311469963
1.5   1.5135900537531275
1.5   1.9587202797605805
1.5   1.9217183778842117
1.5   1.8743899380690925
1.5   2.0102134431047056
1.5   1.9699563050705633
1.5   1.7047542112338947
1.5   3.2949733038040425
1.5   2.4809821522973659
1.5   1.5079344097692529
1.5   1.6651941980808749
1.5   1.5109076079684987
1.5   1.5032079047063309
1.5   1.5261947015193176
1.5   1.5096066917987043
1.5   1.6050998936416554
1.5   1.5051890044317906
1.5   2.4023292591177432
1.5   1.5113460084032488
1.5   2.4875357218263319
1.5   1.5029951562524286
1.5   1.5784522855150449
1.5   1.5537550752788802
1.5   1.5032487509770691
1.5   1.5638918846018632
1.5   2.0920418096841669
1.5   1.9616483664491398
1.5   1.7013766402355213
1.5   1.66719699004096
1.5   1.7510179112868705
1.5   2.200599049606065
1.5   1.7714667051914628
1.5   2.4513007504878019
1.5   2.451293408359088
1.5   2.3451820274557535
1.5   3.3516368325634565

2.5   2.5001526036829849
2.5   2.5001619437116389
2.5   2.5025157801677067
2.5   2.5100504294372326
2.5   2.5086787388918026
2.5   2.6060728785316449
2.5   3.3393977890989075
2.5   2.8268007944471729
2.5   3.1938770531934013
2.5   2.5259663479610941
2.5   2.5640860620688235
2.5   2.5253351639914627
2.5   2.5103842700538781
2.5   2.5023416500413904
2.5   2.5014031607564018
2.5   2.5132427782799751
2.5   3.0684641212060519
2.5   2.5076295976179361
2.5   3.0953323136999646
2.5   2.5057824692812538
2.5   2.567613600834862
2.5   2.6965290184484796
2.5   2.8746450586692274
2.5   2.7698481483756785
2.5   2.5038643701508323
2.5   2.5706965586473638
2.5   2.524877170913804
2.5   2.5005274158568831
2.5   2.5024895534103058
2.5   2.5001358866366035
2.5   3.4498875051099889
2.5   2.500772733397381
2.5   2.5371750177712924
2.5   2.5052895642151003
2.5   2.5012056506578664
2.5   3.4848834169150638
2.5   2.5000435772596559
2.5   2.5036284796406307
2.5   2.5001545513650441
2.5   2.5105340695131897
2.5   2.5000652581799443
2.5   2.5007885350874792
2.5   2.5017620225105146
2.5   2.5001404425732203
2.5   2.500130328537816
2.5   2.7487425779848764
2.5   3.2981828406394076
2.5   2.5000517520535626
2.5   2.5005025458267922
2.5   2.5000941595835684
2.5   2.5000697253393005
2.5   2.5003495860843996
2.5   2.50002237101533
2.5   2.6453165341066605
2.5   2.5001672444764247
2.5   3.386288485789624

3.5   3.4999999999999996
3.5   3.5
3.5   3.5
3.5   3.4999999999999996
3.5   3.4999999999999996
3.5   3.4999999999999996
3.5   3.4999999999999996
3.5   3.5

