0   -46.4607   0.051514   0.0291363   0.0859955   0.174109   0.0176877   0.283114   0.0176877   0.174109   0.0859955   0.0291363   0.051514   
1   -59.9264   0.0110629   0.0268664   0.06597   0.122803   0.173991   0.198614   0.173991   0.122803   0.06597   0.0268664   0.0110629   
2   -61.4154   0.00948789   0.0243269   0.0643451   0.123757   0.176012   0.204142   0.176012   0.123757   0.0643451   0.0243269   0.00948789   
3   -61.8025   0.0128012   0.0331686   0.0754848   0.124954   0.163424   0.180335   0.163424   0.124954   0.0754848   0.0331686   0.0128012   
4   -61.8491   0.0152557   0.0353093   0.0822258   0.120554   0.163203   0.166903   0.163203   0.120554   0.0822258   0.0353093   0.0152557   
5   -61.8571   0.0182343   0.0385351   0.0876762   0.1171   0.159441   0.158026   0.159441   0.1171   0.0876762   0.0385351   0.0182343   
6   -61.8491   0.0152557   0.0353093   0.0822258   0.120554   0.163203   0.166903   0.163203   0.120554   0.0822258   0.0353093   0.0152557   
7   -61.8025   0.0128012   0.0331686   0.0754848   0.124954   0.163424   0.180335   0.163424   0.124954   0.0754848   0.0331686   0.0128012   
8   -61.4154   0.00948789   0.0243269   0.0643451   0.123757   0.176012   0.204142   0.176012   0.123757   0.0643451   0.0243269   0.00948789   
9   -59.9264   0.0110629   0.0268664   0.06597   0.122803   0.173991   0.198614   0.173991   0.122803   0.06597   0.0268664   0.0110629   
10   -46.4607   0.051514   0.0291363   0.0859955   0.174109   0.0176877   0.283114   0.0176877   0.174109   0.0859955   0.0291363   0.051514   
