-3.5   3.4999999999999996
-3.5   3.5
-3.5   3.5
-3.5   3.5
-3.5   3.5
-3.5   3.5
-3.5   3.4999999999999996
-3.5   3.4999999999999996

-2.5   2.5000648355023571
-2.5   2.5000866145091032
-2.5   2.5012711285683618
-2.5   2.504711906297107
-2.5   2.5054802140956776
-2.5   2.5559912615574034
-2.5   3.4208469460112698
-2.5   2.9071464126810973
-2.5   3.1364260382072948
-2.5   2.5163181404573636
-2.5   2.5262836877209236
-2.5   2.5139629466819993
-2.5   2.5067837200754126
-2.5   2.5009947490397817
-2.5   2.5006737107443406
-2.5   2.5063731919242178
-2.5   3.0703827087913358
-2.5   2.5111374556519563
-2.5   3.0993839654640754
-2.5   2.5035383698920817
-2.5   2.5666077791965889
-2.5   2.6982542638417413
-2.5   2.8764665169234336
-2.5   2.7688864578129331
-2.5   2.5030379529243949
-2.5   2.5700027040218942
-2.5   2.5125724226739385
-2.5   2.50027766220142
-2.5   2.5020554840749907
-2.5   2.5000636566203061
-2.5   3.4763535254011142
-2.5   2.500335670037316
-2.5   2.5158909479514264
-2.5   2.5027346046086132
-2.5   2.5006614072660827
-2.5   3.4926534177533339
-2.5   2.5000208413512843
-2.5   2.5012930604311299
-2.5   2.500073841847799
-2.5   2.5054835952507366
-2.5   2.5000279012964648
-2.5   2.500399935386127
-2.5   2.500832924036831
-2.5   2.5000713087306252
-2.5   2.5000641090941467
-2.5   2.6883168628382776
-2.5   3.3503391633974937
-2.5   2.5000282150261115
-2.5   2.5002578636110515
-2.5   2.5000456623098608
-2.5   2.5000386006287809
-2.5   2.500587825229752
-2.5   2.5000176554859737
-2.5   2.5963174384970156
-2.5   2.5000756578546439
-2.5   3.4253616277929502

-1.5   1.5010189913739014
-1.5   1.5026612449905397
-1.5   1.6352873261200314
-1.5   1.5098214411004252
-1.5   2.4016144363526668
-1.5   1.5379445218287793
-1.5   1.5074115462301947
-1.5   2.4577802610926041
-1.5   1.5059187171988424
-1.5   2.2867888004441164
-1.5   1.7623206247788548
-1.5   1.5334373765678198
-1.5   1.5165524418531882
-1.5   1.5190867997893771
-1.5   1.5434479892832993
-1.5   2.4755671414713576
-1.5   1.6109412174494335
-1.5   1.8412013347127298
-1.5   2.1462161683952745
-1.5   2.0317666990216492
-1.5   1.8146885688874632
-1.5   1.8214557257805049
-1.5   1.5345649644977883
-1.5   3.3592985949326684
-1.5   1.6466680395890205
-1.5   2.74404841389478
-1.5   2.2688943980340279
-1.5   2.0174054609223111
-1.5   2.4838544846931931
-1.5   2.2642236017275468
-1.5   1.7080417541225783
-1.5   1.7648181474041569
-1.5   1.9490066162616388
-1.5   2.1910151614303506
-1.5   2.2297264076180823
-1.5   1.6005970717010993
-1.5   2.4348650258157871
-1.5   1.546439571341951
-1.5   1.5286759067101183
-1.5   1.5060524153847403
-1.5   1.5168073359751002
-1.5   2.4795803044760896
-1.5   1.5150534767606474
-1.5   1.5259214456918246
-1.5   2.4456405032214343
-1.5   1.5563362083702574
-1.5   2.4325706241080094
-1.5   1.5662654240934857
-1.5   1.5020635062747445
-1.5   1.5418985563806968
-1.5   1.5153041959968845
-1.5   1.9524627171558389
-1.5   1.9524785938272298
-1.5   1.5193331267532781
-1.5   1.994596662313441
-1.5   1.9824305164038281
-1.5   2.0575009352916185
-1.5   2.0467981514254481
-1.5   2.3803710321629881
-1.5   2.0661031972726409
-1.5   2.1036376459658093
-1.5   2.1713010725569108
-1.5   2.6214350241717161
-1.5   2.4061058771315529
-1.5   1.8481845493334679
-1.5   1.8652779072369214
-1.5   2.1074581353519664
-1.5   2.1883189643284799
-1.5   2.0665005632802047
-1.5   2.2183956893698493
-1.5   2.0462312366109168
-1.5   2.2987721373122043
-1.5   2.2488317095868022
-1.5   2.0103918636481115
-1.5   1.5050840891839004
-1.5   1.5115483049649976
-1.5   1.5203694346140568
-1.5   1.5025445287059189
-1.5   1.5181808696094454
-1.5   1.5692679204887057
-1.5   2.3876219254161852
-1.5   2.2378266946995842
-1.5   1.6992719206585956
-1.5   1.8539092924732521
-1.5   1.9559020512741356
-1.5   2.1809666323752785
-1.5   2.4306659749143384
-1.5   1.5065531488347434
-1.5   1.5138342290640239
-1.5   3.2614746320738845
-1.5   2.2617427733103339
-1.5   1.874073537523667
-1.5   1.6261987041347243
-1.5   1.7041138540245786
-1.5   2.4347659023852821
-1.5   1.5494710553811886
-1.5   2.3164006642004829
-1.5   1.7519513509367841
-1.5   2.4381945268812171
-1.5   1.5494842503340336
-1.5   1.5147841479521045
-1.5   1.5919131876041375
-1.5   3.0058057654342467
-1.5   2.4113262625613405
-1.5   1.5103278258816157
-1.5   2.2667967440789911
-1.5   1.5197168232666383
-1.5   1.5178731899978364
-1.5   2.4622377532611788
-1.5   2.0602231815644863
-1.5   1.9391477919635896
-1.5   2.1110043815104533
-1.5   2.0304142536735998
-1.5   1.5948399855986386
-1.5   1.5022605066268779
-1.5   1.5083082932860026
-1.5   1.5041879649311274
-1.5   1.5048709592897866
-1.5   1.5050310399328919
-1.5   1.7517813956371966
-1.5   1.7292720215918549
-1.5   1.5344080462999621
-1.5   2.3279192425169764
-1.5   2.2865092796300042
-1.5   1.5041654423333526
-1.5   1.5385657437409312
-1.5   2.1139165884911484
-1.5   2.0946378499771003
-1.5   1.9762385716747586
-1.5   1.9768052840968036
-1.5   1.5038094797257426
-1.5   1.5044292851848149
-1.5   1.5076552161150496
-1.5   1.9838485748659043
-1.5   1.9115052914523689
-1.5   1.8809837288104041
-1.5   1.5169650148745051
-1.5   1.9707133253261899
-1.5   2.1002997385936379
-1.5   3.3743270467341118
-1.5   2.4893561868579517
-1.5   1.5013488479174408
-1.5   1.5885908322931823
-1.5   1.5084726143023448
-1.5   1.5016185075501252
-1.5   1.5132338092888657
-1.5   1.505020981516672
-1.5   1.5696286768715653
-1.5   1.5027755240725393
-1.5   2.4402644212441751
-1.5   1.50529666480297
-1.5   2.4938652857127925
-1.5   1.5016892667660406
-1.5   1.5411624199062115
-1.5   1.5244711317904631
-1.5   1.5010598570090865
-1.5   1.5429876170266028
-1.5   2.307220208599853
-1.5   1.7309310921015926
-1.5   1.6502860555167831
-1.5   1.8724398650605218
-1.5   2.111263068078491
-1.5   1.6886754522962688
-1.5   2.4646377269027671
-1.5   1.6487108258471261
-1.5   2.473327445965666
-1.5   2.395555205672304
-1.5   3.3996010191928092

-0.5   0.52581278796307829
-0.5   0.59490484277929179
-0.5   1.2871155355201112
-0.5   0.90155568246657136
-0.5   0.99307108877066108
-0.5   1.3104003838706624
-0.5   0.8728782699047688
-0.5   1.4248710174098271
-0.5   1.324188614233182
-0.5   2.3638110056564732
-0.5   1.2780332558798815
-0.5   0.8985389466112399
-0.5   1.4852411714845835
-0.5   2.4421636570283964
-0.5   0.59136745959631143
-0.5   1.4828250325995567
-0.5   0.62208293304784634
-0.5   1.3662579188892523
-0.5   0.53826299351228113
-0.5   2.0668069063072902
-0.5   1.4269458834084521
-0.5   1.3408828092848288
-0.5   0.55464797900926799
-0.5   0.84106586624158197
-0.5   1.4883539878832754
-0.5   1.223362721870112
-0.5   1.1880910139666645
-0.5   1.307777467945185
-0.5   0.5613211781636398
-0.5   1.9579772503867598
-0.5   1.4360299224639255
-0.5   1.7719682658984293
-0.5   0.80032092291224899
-0.5   1.7735878983077966
-0.5   2.0529869272310228
-0.5   1.9984876910826936
-0.5   1.2017227647453819
-0.5   1.6148195142861375
-0.5   2.0791381359340595
-0.5   1.554820796353241
-0.5   2.3294154734565615
-0.5   1.4816711279882473
-0.5   1.4206320095337579
-0.5   1.9853486562303071
-0.5   1.0558511731029063
-0.5   2.9070616000380043
-0.5   2.0039653801705808
-0.5   1.7727152896008742
-0.5   1.895915331707688
-0.5   1.7046466868642027
-0.5   1.3158033686869812
-0.5   1.6437322248214046
-0.5   1.5840345597323382
-0.5   1.5221998722258374
-0.5   1.610601184241669
-0.5   1.4748442734752356
-0.5   1.7992097995362366
-0.5   1.4943609374926761
-0.5   1.7976562546345618
-0.5   1.0961317345913073
-0.5   2.3801875723296981
-0.5   0.64962476102069666
-0.5   1.4279576931414044
-0.5   0.93567006095588989
-0.5   0.66038175077671624
-0.5   1.2532517444748199
-0.5   0.73986760587404188
-0.5   1.4650814536653221
-0.5   1.3903790368318274
-0.5   1.7062200483677481
-0.5   1.435295279163461
-0.5   0.59436951401971561
-0.5   1.7796651867542876
-0.5   1.4299331977223413
-0.5   1.9314113488296871
-0.5   1.3880577427558274
-0.5   1.6676679190541583
-0.5   1.040833070112569
-0.5   2.18085682260591
-0.5   1.1634841760281236
-0.5   1.019261084756854
-0.5   1.1003731072142007
-0.5   1.3007114369501105
-0.5   1.48551723360438
-0.5   0.59517655343167797
-0.5   1.2354455837654865
-0.5   0.72020850954316606
-0.5   1.5008431910757385
-0.5   1.5000759178663192
-0.5   0.98125925607530795
-0.5   1.3972589320669391
-0.5   1.455655552415553
-0.5   1.4674460204590676
-0.5   0.65560096924434874
-0.5   1.8533139748408378
-0.5   1.8878967146936443
-0.5   1.2296694032289364
-0.5   2.0950871146930172
-0.5   1.5037956035375486
-0.5   1.8163328845925499
-0.5   1.7308323339805902
-0.5   1.6801733445391092
-0.5   1.8763067602449222
-0.5   1.7320423099594251
-0.5   1.5769786583119934
-0.5   1.9124129378722037
-0.5   1.975255696601228
-0.5   1.6657888249579713
-0.5   1.7762392716422841
-0.5   2.1813297371452434
-0.5   2.0452146308915031
-0.5   1.5088442343386732
-0.5   1.6622776862068518
-0.5   1.6456006977009756
-0.5   1.390231551608315
-0.5   1.4426892148290877
-0.5   2.1064195555398002
-0.5   2.0060025699753949
-0.5   2.2129453144280791
-0.5   2.1911295135000053
-0.5   1.8365530164368638
-0.5   0.53915302933936227
-0.5   0.5663952414345963
-0.5   1.2163130013127541
-0.5   0.94127816169161882
-0.5   1.4925455373303178
-0.5   0.54443868090076397
-0.5   0.69645388309691336
-0.5   1.4084291551640709
-0.5   1.484340321721185
-0.5   1.4975071657426984
-0.5   1.6181554206156004
-0.5   1.4554715534546521
-0.5   1.9473507620615367
-0.5   1.2088980864095726
-0.5   1.200226677733401
-0.5   2.4272538211137835
-0.5   1.4716476120743425
-0.5   1.3746038394383495
-0.5   1.2436588752855351
-0.5   2.3312259063276688
-0.5   2.1421393554693586
-0.5   1.4921873010224909
-0.5   0.94205960003733846
-0.5   1.4860223905423973
-0.5   1.5225616139085609
-0.5   1.4079741167273363
-0.5   3.025316985867994
-0.5   1.1460902512218762
-0.5   1.4870744641051239
-0.5   2.0466581712982448
-0.5   1.4523759747659633
-0.5   1.4585061715545202
-0.5   0.98012751157505962
-0.5   2.0435903617218591
-0.5   0.7307811646426523
-0.5   1.4430862856380209
-0.5   1.1830869487823537
-0.5   1.0420128258512973
-0.5   2.3229920838834834
-0.5   1.0089035594491427
-0.5   2.3115105525431834
-0.5   0.75828233315641902
-0.5   1.4806946185923566
-0.5   1.4507511756854619
-0.5   0.7150834744222756
-0.5   1.9037293468266951
-0.5   1.9315265154618979
-0.5   0.7796093187394908
-0.5   1.3977971792407782
-0.5   2.9906924600743494
-0.5   1.604252372324654
-0.5   1.6038501427633025
-0.5   1.4863623216150148
-0.5   1.2195123445982317
-0.5   1.4077079231352871
-0.5   2.3573325282093593
-0.5   1.0251221323238913
-0.5   1.8860839955993405
-0.5   1.7875415129601913
-0.5   1.0850233705045791
-0.5   1.8744617502528889
-0.5   1.7334765751033858
-0.5   0.83751901283166941
-0.5   0.82695786047324837
-0.5   1.4726505800117324
-0.5   0.53283300977628145
-0.5   0.7623250335857179
-0.5   1.4910267012921858
-0.5   1.3797799116384766
-0.5   1.4956063013724179
-0.5   0.54865197614014161
-0.5   0.53847751369162866
-0.5   1.3244391357978451
-0.5   1.461891818063394
-0.5   0.81203555224167734
-0.5   0.59102165946333218
-0.5   1.6623929898435588
-0.5   1.9311835995074365
-0.5   1.7235070731259872
-0.5   2.1316522960891651
-0.5   2.1787732852732429
-0.5   1.4480092523152897
-0.5   0.57170428117597494
-0.5   0.57377396481221354
-0.5   0.60390306947294015
-0.5   1.4805649380039503
-0.5   0.51962228108749087
-0.5   0.69123506945472246
-0.5   1.5221087834086608
-0.5   1.8649017167575614
-0.5   2.3142596577651444
-0.5   1.5214832620245176
-0.5   1.5018857158241548
-0.5   1.4622223286141642
-0.5   0.83329460433906855
-0.5   1.4215622673335975
-0.5   0.97126279547988337
-0.5   0.62660579672580097
-0.5   1.2556237869769278
-0.5   0.50762773139221573
-0.5   0.51755914872349651
-0.5   0.53728009455227244
-0.5   0.55728395900786332
-0.5   1.0437015973851231
-0.5   1.0019840668488356
-0.5   1.1515778123459175
-0.5   1.8953664125861147
-0.5   2.4094832928254628
-0.5   1.7647860613525421
-0.5   2.3294279235731858
-0.5   1.6326209738253299
-0.5   2.7491128473096245
-0.5   0.77691961551691668
-0.5   1.8708661165112943
-0.5   1.5281464210154629
-0.5   1.0012056542348668
-0.5   1.4511027741257549
-0.5   1.5361747587463985
-0.5   0.91402328377892372
-0.5   1.2773319788400328
-0.5   0.56905005614149839
-0.5   1.4712334298034839
-0.5   0.7490731107146622
-0.5   1.0666092085361587
-0.5   0.51891546736909433
-0.5   1.1883146952007138
-0.5   0.92634533174010669
-0.5   1.3597382934715483
-0.5   1.418690199592566
-0.5   1.4925469188299745
-0.5   2.2922804271379675
-0.5   0.9112658912328937
-0.5   1.4688719842410349
-0.5   2.3853903578451408
-0.5   0.51951828404388611
-0.5   0.56553630743741956
-0.5   1.4829300915941777
-0.5   0.58974709599341346
-0.5   0.54694659843041982
-0.5   0.71940685683490435
-0.5   1.4989452111703334
-0.5   1.4259796475859965
-0.5   1.4173733615531361
-0.5   0.60050357706157032
-0.5   2.2950465696094664
-0.5   1.4984504886414058
-0.5   1.1148829600053345
-0.5   0.78837873145566606
-0.5   1.5032436794653581
-0.5   1.4290844993903915
-0.5   2.4053913638829614
-0.5   0.85991632251221373
-0.5   1.6073724594312395
-0.5   1.5152833849576242
-0.5   2.3903717753807965
-0.5   1.5875223449784985
-0.5   2.4757704216038041
-0.5   2.3873218293001988
-0.5   3.388152511983185

0.5   0.52581278796309783
0.5   0.59490484277927802
0.5   1.2871155355200883
0.5   0.90155568246672813
0.5   0.99307108877070749
0.5   1.3104003838706662
0.5   0.87287826990453943
0.5   1.424871017409856
0.5   1.3241886142331547
0.5   2.3638110056565038
0.5   1.2780332558800143
0.5   0.89853894661106692
0.5   1.4852411714845879
0.5   2.4421636570283884
0.5   0.59136745959629566
0.5   1.482825032599552
0.5   0.62208293304783302
0.5   1.3662579188892605
0.5   0.53826299351230955
0.5   2.0668069063072072
0.5   1.4269458834085496
0.5   1.3408828092848164
0.5   0.55464797900927421
0.5   0.84106586624158441
0.5   1.4883539878832734
0.5   1.2233627218702452
0.5   1.1880910139664886
0.5   1.3077774679452256
0.5   0.56132117816360205
0.5   1.9579772503868171
0.5   1.436029922463957
0.5   1.7719682658983831
0.5   0.80032092291220369
0.5   1.7735878983077815
0.5   2.0529869272310197
0.5   1.9984876910827816
0.5   1.2017227647452464
0.5   1.6148195142860078
0.5   2.0791381359341763
0.5   1.5548207963532508
0.5   2.3294154734563768
0.5   1.4816711279882269
0.5   1.4206320095339995
0.5   1.9853486562302742
0.5   1.0558511731029112
0.5   2.9070616000380265
0.5   2.0039653801706079
0.5   1.772715289601023
0.5   1.8959153317076667
0.5   1.7046466868641201
0.5   1.3158033686870076
0.5   1.6437322248213531
0.5   1.5840345597322849
0.5   1.522199872225773
0.5   1.6106011842417072
0.5   1.4748442734755147
0.5   1.7992097995362344
0.5   1.4943609374924003
0.5   1.7976562546345987
0.5   1.0961317345913106
0.5   2.3801875723296941
0.5   0.64962476102069155
0.5   1.4279576931414335
0.5   0.93567006095588368
0.5   0.66038175077666894
0.5   1.2532517444748144
0.5   0.73986760587406653
0.5   1.4650814536653067
0.5   1.3903790368318236
0.5   1.7062200483677739
0.5   1.435295279163439
0.5   0.5943695140197458
0.5   1.7796651867542717
0.5   1.4299331977223424
0.5   1.9314113488297435
0.5   1.3880577427558218
0.5   1.6676679190540589
0.5   1.0408330701125628
0.5   2.1808568226059228
0.5   1.1634841760281629
0.5   1.0192610847569019
0.5   1.1003731072141936
0.5   1.3007114369500832
0.5   1.4855172336043778
0.5   0.59517655343167819
0.5   1.2354455837654847
0.5   0.7202085095431956
0.5   1.5008431910757416
0.5   1.5000759178663148
0.5   0.98125925607530529
0.5   1.3972589320669189
0.5   1.4556555524155375
0.5   1.467446020459064
0.5   0.65560096924435296
0.5   1.8533139748408405
0.5   1.8878967146936505
0.5   1.2296694032289435
0.5   2.0950871146929995
0.5   1.5037956035375486
0.5   1.8163328845925468
0.5   1.7308323339806084
0.5   1.6801733445391149
0.5   1.8763067602449359
0.5   1.7320423099594371
0.5   1.5769786583119796
0.5   1.912412937872237
0.5   1.9752556966012178
0.5   1.6657888249579837
0.5   1.7762392716422473
0.5   2.1813297371452576
0.5   2.0452146308915591
0.5   1.5088442343386865
0.5   1.6622776862067994
0.5   1.6456006977009925
0.5   1.3902315516083186
0.5   1.442689214829397
0.5   2.1064195555395941
0.5   2.0060025699755832
0.5   2.2129453144278677
0.5   2.1911295134999773
0.5   1.8365530164368451
0.5   0.53915302933936271
0.5   0.56639524143459696
0.5   1.2163130013127381
0.5   0.9412781616916408
0.5   1.4925455373303158
0.5   0.54443868090075909
0.5   0.69645388309683165
0.5   1.4084291551641259
0.5   1.484340321721185
0.5   1.4975071657426955
0.5   1.6181554206156075
0.5   1.4554715534546496
0.5   1.9473507620615389
0.5   1.208898086409552
0.5   1.2002266777333781
0.5   2.4272538211137897
0.5   1.4716476120743456
0.5   1.3746038394383497
0.5   1.2436588752855418
0.5   2.3312259063276701
0.5   2.1421393554693595
0.5   1.4921873010225055
0.5   0.94205960003733114
0.5   1.4860223905423913
0.5   1.5225616139085827
0.5   1.4079741167273401
0.5   3.0253169858679634
0.5   1.1460902512218951
0.5   1.4870744641051215
0.5   2.0466581712982537
0.5   1.4523759747659741
0.5   1.4585061715545078
0.5   0.9801275115750665
0.5   2.0435903617218485
0.5   0.73078116464265119
0.5   1.4430862856380182
0.5   1.1830869487823423
0.5   1.0420128258513084
0.5   2.322992083883483
0.5   1.008903559449142
0.5   2.3115105525431749
0.5   0.75828233315642124
0.5   1.4806946185923624
0.5   1.4507511756854605
0.5   0.71508347442227294
0.5   1.9037293468267129
0.5   1.9315265154618992
0.5   0.77960931873949635
0.5   1.397797179240782
0.5   2.9906924600743361
0.5   1.6042523723246545
0.5   1.6038501427632972
0.5   1.4863623216150119
0.5   1.2195123445982394
0.5   1.4077079231352829
0.5   2.3573325282093585
0.5   1.0251221323239008
0.5   1.8860839955993587
0.5   1.7875415129601775
0.5   1.0850233705045718
0.5   1.8744617502529048
0.5   1.7334765751033601
0.5   0.83751901283167762
0.5   0.82695786047324416
0.5   1.4726505800117329
0.5   0.53283300977628256
0.5   0.7623250335857692
0.5   1.4910267012921865
0.5   1.3797799116384357
0.5   1.495606301372413
0.5   0.54865197614013961
0.5   0.5384775136916411
0.5   1.3244391357978438
0.5   1.4618918180633931
0.5   0.81203555224168089
0.5   0.59102165946333662
0.5   1.6623929898435792
0.5   1.9311835995073965
0.5   1.7235070731259232
0.5   2.1316522960892019
0.5   2.178773285273278
0.5   1.4480092523152797
0.5   0.5717042811759605
0.5   0.57377396481221465
0.5   0.6039030694729679
0.5   1.4805649380039585
0.5   0.51962228108749375
0.5   0.69123506945472357
0.5   1.5221087834071514
0.5   1.8649017167588449
0.5   2.3142596577651209
0.5   1.5214832620245224
0.5   1.5018857158241761
0.5   1.4622223286141653
0.5   0.8332946043390177
0.5   1.4215622673336361
0.5   0.97126279547992356
0.5   0.62660579672581918
0.5   1.2556237869768778
0.5   0.50762773139221262
0.5   0.51755914872351605
0.5   0.537280094552262
0.5   0.55728395900785466
0.5   1.0437015973851256
0.5   1.001984066849086
0.5   1.1515778123459242
0.5   1.8953664125860366
0.5   2.4094832928254513
0.5   1.7647860613524236
0.5   2.329427923573173
0.5   1.6326209738253561
0.5   2.7491128473097159
0.5   0.77691961551677879
0.5   1.870866116511166
0.5   1.5281464210153568
0.5   1.001205654235128
0.5   1.4511027741258571
0.5   1.5361747587463879
0.5   0.91402328377892039
0.5   1.2773319788400039
0.5   0.56905005614148574
0.5   1.4712334298034797
0.5   0.74907311071465577
0.5   1.0666092085361103
0.5   0.51891546736909722
0.5   1.1883146952007357
0.5   0.92634533174006206
0.5   1.3597382934715545
0.5   1.4186901995925703
0.5   1.4925469188299418
0.5   2.2922804271380195
0.5   0.91126589123287549
0.5   1.4688719842410454
0.5   2.3853903578451416
0.5   0.51951828404388567
0.5   0.565536307437428
0.5   1.4829300915941765
0.5   0.58974709599342101
0.5   0.54694659843041826
0.5   0.71940685683498051
0.5   1.4989452111703228
0.5   1.425979647586046
0.5   1.4173733615531618
0.5   0.60050357706136115
0.5   2.2950465696094846
0.5   1.498450488641434
0.5   1.1148829600052967
0.5   0.78837873145544379
0.5   1.5032436794653612
0.5   1.4290844993907308
0.5   2.4053913638828219
0.5   0.85991632251218086
0.5   1.6073724594312493
0.5   1.5152833849576659
0.5   2.3903717753807703
0.5   1.5875223449784452
0.5   2.475770421603797
0.5   2.3873218293002108
0.5   3.3881525119832165

1.5   1.5010189913739014
1.5   1.5026612449905392
1.5   1.6352873261200007
1.5   1.5098214411004256
1.5   2.4016144363526881
1.5   1.5379445218287908
1.5   1.5074115462301929
1.5   2.4577802610926014
1.5   1.5059187171988402
1.5   2.2867888004440169
1.5   1.7623206247789804
1.5   1.5334373765678193
1.5   1.5165524418531917
1.5   1.5190867997893736
1.5   1.5434479892832971
1.5   2.4755671414713527
1.5   1.6109412174494224
1.5   1.8412013347127787
1.5   2.1462161683952865
1.5   2.031766699021603
1.5   1.8146885688874685
1.5   1.8214557257805022
1.5   1.5345649644977777
1.5   3.3592985949326768
1.5   1.6466680395889788
1.5   2.7440484138948307
1.5   2.2688943980340324
1.5   2.0174054609223258
1.5   2.4838544846931385
1.5   2.264223601727521
1.5   1.7080417541226245
1.5   1.7648181474041849
1.5   1.9490066162616264
1.5   2.1910151614303115
1.5   2.2297264076180743
1.5   1.6005970717011029
1.5   2.4348650258157982
1.5   1.5464395713419563
1.5   1.5286759067101161
1.5   1.5060524153847394
1.5   1.5168073359751046
1.5   2.4795803044760905
1.5   1.5150534767606443
1.5   1.5259214456918282
1.5   2.4456405032214326
1.5   1.5563362083702423
1.5   2.4325706241080143
1.5   1.5662654240934866
1.5   1.5020635062747441
1.5   1.5418985563806991
1.5   1.5153041959968858
1.5   1.9524627171558357
1.5   1.9524785938272258
1.5   1.5193331267533212
1.5   1.9945966623134308
1.5   1.9824305164037761
1.5   2.0575009352916256
1.5   2.0467981514254605
1.5   2.3803710321629303
1.5   2.0661031972726533
1.5   2.1036376459658457
1.5   2.1713010725568909
1.5   2.621435024171741
1.5   2.4061058771316146
1.5   1.8481845493334741
1.5   1.8652779072368912
1.5   2.1074581353519699
1.5   2.1883189643284302
1.5   2.0665005632801861
1.5   2.218395689369832
1.5   2.0462312366109483
1.5   2.298772137312207
1.5   2.2488317095868195
1.5   2.0103918636481155
1.5   1.5050840891839004
1.5   1.5115483049649971
1.5   1.5203694346140555
1.5   1.5025445287059185
1.5   1.5181808696094468
1.5   1.5692679204887066
1.5   2.3876219254161852
1.5   2.2378266946995899
1.5   1.6992719206585889
1.5   1.8539092924732454
1.5   1.9559020512741512
1.5   2.1809666323752661
1.5   2.4306659749143331
1.5   1.506553148834747
1.5   1.5138342290640208
1.5   3.2614746320738894
1.5   2.2617427733103539
1.5   1.8740735375236692
1.5   1.6261987041347021
1.5   1.7041138540245759
1.5   2.4347659023852786
1.5   1.5494710553811886
1.5   2.3164006642004793
1.5   1.7519513509367863
1.5   2.4381945268812162
1.5   1.5494842503340296
1.5   1.5147841479521005
1.5   1.5919131876041357
1.5   3.005805765434244
1.5   2.4113262625613379
1.5   1.5103278258816117
1.5   2.2667967440789916
1.5   1.5197168232666369
1.5   1.5178731899978359
1.5   2.462237753261177
1.5   2.06022318156448
1.5   1.9391477919635567
1.5   2.1110043815104942
1.5   2.0304142536736074
1.5   1.5948399855986288
1.5   1.5022605066268779
1.5   1.5083082932859999
1.5   1.5041879649311287
1.5   1.5048709592897853
1.5   1.5050310399328914
1.5   1.7517813956372019
1.5   1.7292720215918536
1.5   1.5344080462999647
1.5   2.3279192425169812
1.5   2.2865092796299917
1.5   1.5041654423333513
1.5   1.5385657437409326
1.5   2.113916588491108
1.5   2.0946378499770275
1.5   1.9762385716747999
1.5   1.9768052840968808
1.5   1.5038094797257422
1.5   1.5044292851848127
1.5   1.5076552161150536
1.5   1.9838485748658963
1.5   1.9115052914523312
1.5   1.8809837288104179
1.5   1.516965014874458
1.5   1.970713325326201
1.5   2.1002997385936855
1.5   3.3743270467341415
1.5   2.4893561868579526
1.5   1.5013488479174413
1.5   1.5885908322931619
1.5   1.5084726143023435
1.5   1.5016185075501256
1.5   1.5132338092888706
1.5   1.5050209815166755
1.5   1.5696286768715733
1.5   1.5027755240725384
1.5   2.4402644212441671
1.5   1.5052966648029704
1.5   2.4938652857127925
1.5   1.5016892667660398
1.5   1.5411624199062213
1.5   1.5244711317904636
1.5   1.5010598570090861
1.5   1.5429876170266077
1.5   2.3072202085998725
1.5   1.7309310921015548
1.5   1.6502860555168937
1.5   1.8724398650604348
1.5   2.1112630680784625
1.5   1.6886754522962524
1.5   2.4646377269027755
1.5   1.6487108258470866
1.5   2.4733274459657046
1.5   2.3955552056723173
1.5   3.3996010191928123

2.5   2.5000648355023585
2.5   2.5000866145091023
2.5   2.5012711285683626
2.5   2.5047119062971079
2.5   2.5054802140956784
2.5   2.5559912615574096
2.5   3.420846946011264
2.5   2.9071464126812199
2.5   3.1364260382071811
2.5   2.5163181404573751
2.5   2.5262836877209143
2.5   2.513962946682001
2.5   2.5067837200754139
2.5   2.5009947490397826
2.5   2.5006737107443411
2.5   2.5063731919242174
2.5   3.0703827087913318
2.5   2.5111374556519674
2.5   3.0993839654640691
2.5   2.5035383698920763
2.5   2.5666077791966004
2.5   2.6982542638417413
2.5   2.8764665169234291
2.5   2.7688864578129246
2.5   2.5030379529243998
2.5   2.5700027040218969
2.5   2.5125724226739394
2.5   2.5002776622014213
2.5   2.5020554840749907
2.5   2.5000636566203074
2.5   3.4763535254011177
2.5   2.5003356700373169
2.5   2.5158909479514286
2.5   2.5027346046086141
2.5   2.5006614072660831
2.5   3.4926534177533357
2.5   2.5000208413512857
2.5   2.5012930604311299
2.5   2.5000738418478003
2.5   2.5054835952507362
2.5   2.5000279012964661
2.5   2.5003999353861279
2.5   2.500832924036831
2.5   2.5000713087306252
2.5   2.5000641090941476
2.5   2.6883168628382905
2.5   3.3503391633974835
2.5   2.5000282150261119
2.5   2.5002578636110524
2.5   2.5000456623098626
2.5   2.5000386006287814
2.5   2.5005878252297511
2.5   2.5000176554859741
2.5   2.5963174384970218
2.5   2.5000756578546444
2.5   3.4253616277929466

3.5   3.4999999999999996
3.5   3.5
3.5   3.5
3.5   3.5
3.5   3.5
3.5   3.5
3.5   3.4999999999999996
3.5   3.4999999999999996

