-1.5   1.4999999999999998
-1.5   1.5
-1.5   1.4999999999999998
-1.5   1.5

-0.5   0.51118597821808853
-0.5   0.49999999999999989
-0.5   1.4981690865419346
-0.5   0.5
-0.5   1.4934741062769017
-0.5   0.50337886922098551
-0.5   1.4999999999999993
-0.5   0.49999999999999989
-0.5   0.50178036767478829
-0.5   0.51598187225435566
-0.5   0.49999999999999967
-0.5   1.4920672633321188

0.5   0.51118597821808853
0.5   0.50000000000000022
0.5   1.498169086541935
0.5   0.5
0.5   1.4934741062769021
0.5   0.50337886922098596
0.5   1.5000000000000004
0.5   0.49999999999999989
0.5   0.50178036767478806
0.5   0.5159818722543561
0.5   0.49999999999999989
0.5   1.4920672633321188

1.5   1.4999999999999998
1.5   1.5
1.5   1.4999999999999998
1.5   1.5

