-2   2.0000000000000004
-2   2.0000000000000009
-2   2.0000000000000004
-2   2
-2   2

-1   1.0125180334983868
-1   1.006546987439024
-1   1.0457887903904306
-1   1.9570568393016803
-1   1.9751431236043815
-1   1.0098970581876003
-1   1.0331964959422226
-1   1.0008144650884847
-1   1.1073801917940511
-1   1.9223347458419515
-1   1.0049907210151698
-1   1.0161855107103752
-1   1.9441664837606312
-1   1.0008022108457943
-1   1.0852986835328617
-1   1.0036665111660312
-1   1.0003922491189821
-1   1.0412258954923963
-1   1.000056342087188
-1   1.9727107551332219

0   0.026518644569072825
0   0.99999999999999956
0   0.99999999999999889
0   1.0000000000000002
0   0.16914411542192853
0   1.5598195575811649
0   0.999999999999998
0   1.9048236130097278
0   1.0000000000000002
0   1.0000000000000002
0   0.22115645110776849
0   1
0   0.0070930784443201667
0   1.0000000000000007
0   1.9933717356026852
0   1
0   0.99999999999999978
0   1.5598195575811635
0   0.99999999999999933
0   1.0000000000000004
0   1.0000000000000007
0   0.0032062896480058445
0   0.0070930784443201667
0   1.0000000000000007
0   0.018678188205317969
0   1.0000000000000016
0   0.14762622157462235
0   1.000000000000002
0   1.0000000000000004
0   1.9623596539537447

1   1.0125180334983863
1   1.0065469874390229
1   1.0457887903904315
1   1.9570568393016794
1   1.9751431236043824
1   1.0098970581875999
1   1.0331964959422217
1   1.0008144650884847
1   1.1073801917940491
1   1.9223347458419511
1   1.0049907210151698
1   1.0161855107103743
1   1.9441664837606298
1   1.0008022108457943
1   1.0852986835328617
1   1.003666511166031
1   1.0003922491189816
1   1.0412258954923967
1   1.000056342087188
1   1.9727107551332201

2   2.0000000000000004
2   2.0000000000000009
2   2.0000000000000004
2   2
2   2

