-3.5   3.5
-3.5   3.4999999999999996
-3.5   3.4999999999999996
-3.5   3.5
-3.5   3.5
-3.5   3.5
-3.5   3.5
-3.5   3.4999999999999996

-2.5   2.5001767072985732
-2.5   2.5001791413454257
-2.5   2.5028112575587271
-2.5   2.5113313056185262
-2.5   2.5092853983154662
-2.5   2.6174757163611475
-2.5   3.3198259317353709
-2.5   2.8167980402922037
-2.5   3.1994885524920957
-2.5   2.5346955914551579
-2.5   2.5669664640608243
-2.5   2.527836064242746
-2.5   2.5109938693098095
-2.5   2.5026957357244268
-2.5   2.5015848184209895
-2.5   2.5149584219543373
-2.5   3.0680388514708028
-2.5   2.5071042883235641
-2.5   3.0940108261926964
-2.5   2.5062613949735062
-2.5   2.5678082643484279
-2.5   2.6961961292221561
-2.5   2.8742988302686285
-2.5   2.7700238810909719
-2.5   2.5040337760721441
-2.5   2.5708192372398826
-2.5   2.5277384115052617
-2.5   2.5005850294635952
-2.5   2.502496381365888
-2.5   2.5001547609731003
-2.5   3.4430738240139305
-2.5   2.5008885630322961
-2.5   2.5430203303894419
-2.5   2.5058860452464278
-2.5   2.5013264018862156
-2.5   3.4829695997738437
-2.5   2.5000492519349971
-2.5   2.5043410896091807
-2.5   2.500174704536319
-2.5   2.5116594273995916
-2.5   2.5000753250881314
-2.5   2.5008808915651932
-2.5   2.5019948854809479
-2.5   2.500156884456632
-2.5   2.50014636787746
-2.5   2.7582260601713875
-2.5   3.2897291055403164
-2.5   2.5000570684978203
-2.5   2.5005601966006097
-2.5   2.5001061358310905
-2.5   2.5000764133736211
-2.5   2.5002539903911956
-2.5   2.5000225500443505
-2.5   2.6543283248861589
-2.5   2.5001906068027941
-2.5   3.3790261171634501

-1.5   1.5057785531129491
-1.5   1.5081964168959807
-1.5   1.7232354534726793
-1.5   1.5207410206329559
-1.5   2.3269113170703828
-1.5   1.5781489397746395
-1.5   1.5176905773618303
-1.5   2.411620245167061
-1.5   1.5091300320009728
-1.5   2.3467276297510087
-1.5   1.6510308980826296
-1.5   1.5784595091467128
-1.5   1.54240526048393
-1.5   1.5479452967334755
-1.5   1.6092971669696108
-1.5   2.4348478326058745
-1.5   1.7207239426335739
-1.5   1.8143896710396947
-1.5   1.9943440251867832
-1.5   1.9393660106125061
-1.5   1.9648224709230595
-1.5   1.8430962524013568
-1.5   1.5610441039283494
-1.5   3.18933827066936
-1.5   2.0112238555846238
-1.5   2.0994476278638903
-1.5   2.3892877492534019
-1.5   2.1560160176789451
-1.5   2.442449094673095
-1.5   2.3039312482012506
-1.5   1.7735993886050152
-1.5   1.9817057834390899
-1.5   2.0221426909074336
-1.5   2.1287100937335484
-1.5   2.268096400461971
-1.5   1.6523758041898486
-1.5   2.3577089918139147
-1.5   1.5960383579782533
-1.5   1.5631007821201481
-1.5   1.5116279655768747
-1.5   1.5291422247207684
-1.5   2.4572950173002361
-1.5   1.5259823677498328
-1.5   1.5750808269644412
-1.5   2.4006517650792758
-1.5   1.5654555321572237
-1.5   2.3780916706998747
-1.5   1.6230990256162507
-1.5   1.504636085023733
-1.5   1.5933672933031393
-1.5   1.9508622530279935
-1.5   1.9513724158114942
-1.5   1.6204125595058696
-1.5   1.9731582357352573
-1.5   1.9049970962991685
-1.5   1.5324838772771545
-1.5   2.0552069954675671
-1.5   2.0508384690869632
-1.5   2.392117081536798
-1.5   2.0508828069214435
-1.5   2.0836642471755487
-1.5   2.1706424392107984
-1.5   2.63369849692873
-1.5   2.4026283155382555
-1.5   1.8464933332818609
-1.5   1.8604696307309365
-1.5   2.1030400695413705
-1.5   2.1954030553011168
-1.5   2.0714144306379683
-1.5   2.1727932519627386
-1.5   2.0774038487351434
-1.5   2.2888738676052243
-1.5   2.2508497953744677
-1.5   2.0102466254982465
-1.5   1.5118489737674778
-1.5   1.5272934416145221
-1.5   1.5464026972108007
-1.5   1.5066335938482642
-1.5   1.5454053294540215
-1.5   1.6274728806877206
-1.5   2.2119908946579492
-1.5   1.9253697155528853
-1.5   1.8251677377205424
-1.5   2.2215926853066037
-1.5   1.9311794010002608
-1.5   2.3461264253121294
-1.5   2.3025989666952262
-1.5   1.5999234283897446
-1.5   1.5291030400242582
-1.5   2.8835626195320496
-1.5   2.2609280303798038
-1.5   2.2737865142752454
-1.5   1.5203794385895395
-1.5   1.8036098536890468
-1.5   2.392170552781264
-1.5   1.6044328115884485
-1.5   2.2322798980482066
-1.5   1.8546764685962409
-1.5   2.3793655013704025
-1.5   1.5883650921931172
-1.5   1.5499019429533059
-1.5   1.8546905220193755
-1.5   2.7850370911725908
-1.5   2.1885588327726002
-1.5   1.5248864169598302
-1.5   1.5240719536005805
-1.5   2.4950142241519027
-1.5   1.5327638954553433
-1.5   2.3924022199515762
-1.5   1.9657781477473448
-1.5   1.9674350094372284
-1.5   2.1102864688087997
-1.5   2.1125888446394923
-1.5   1.6459927058576835
-1.5   1.5071229204283068
-1.5   1.5184926121221176
-1.5   1.5089094019132978
-1.5   1.5086874224291003
-1.5   1.5088327813821336
-1.5   1.7483089736284581
-1.5   1.7354558353524587
-1.5   1.5865193683223695
-1.5   2.3164144455107349
-1.5   2.2449897335390077
-1.5   1.5105790582205691
-1.5   1.6500502126300698
-1.5   1.960237078151239
-1.5   1.8290608344475716
-1.5   2.1136147136856556
-1.5   2.1499966156425883
-1.5   1.5211007528941072
-1.5   1.5099327652461425
-1.5   1.5148465067123027
-1.5   1.9550428969852436
-1.5   1.9213898979636919
-1.5   1.8756291657689443
-1.5   2.0222793250014099
-1.5   2.0508303983115872
-1.5   1.616301539483842
-1.5   3.2739756581723629
-1.5   2.4783499703298539
-1.5   1.5126530351795471
-1.5   1.6798927113378048
-1.5   1.5113761557814693
-1.5   1.5035902259214775
-1.5   1.5292517644010606
-1.5   1.5106624274262961
-1.5   1.6110237347868712
-1.5   1.5057477006059954
-1.5   2.3949440279080587
-1.5   1.5128924534052759
-1.5   2.4859870191744338
-1.5   1.5032697889419611
-1.5   1.5865375020220616
-1.5   1.5607737789318756
-1.5   1.5041191449529747
-1.5   1.5677251279146045
-1.5   2.0481538571149547
-1.5   2.0055242776948443
-1.5   1.7113825250442645
-1.5   1.6571764043233781
-1.5   1.7586641254796729
-1.5   2.179992484384278
-1.5   1.8084550736285827
-1.5   2.4484348580322552
-1.5   2.4460823435611028
-1.5   2.3365577541665603
-1.5   3.3424815542751705

-0.5   0.66506109156158222
-0.5   0.74282811703116969
-0.5   1.1375225505498319
-0.5   0.93378587556378734
-0.5   1.0464704565214376
-0.5   0.94549916566829251
-0.5   1.364065531558172
-0.5   1.4087072915374077
-0.5   1.2330374115254565
-0.5   2.2962566490443694
-0.5   1.1116222012892105
-0.5   1.1263904496198289
-0.5   1.4670538565109181
-0.5   2.3767177571911957
-0.5   0.72196941022777206
-0.5   1.4551152998964205
-0.5   1.2206379779547409
-0.5   0.74241040162253302
-0.5   0.57704235581291696
-0.5   2.1360395314981293
-0.5   1.2429895850598132
-0.5   1.4155590695323528
-0.5   1.0777066787033807
-0.5   0.80397285015740705
-0.5   0.99034139331443272
-0.5   1.4749937643380264
-0.5   1.3299182609764522
-0.5   1.2593890312431486
-0.5   1.6603939749422993
-0.5   0.65048457895431122
-0.5   1.4257104830052298
-0.5   1.9184977182668517
-0.5   1.1704728190810119
-0.5   1.7995184668685549
-0.5   1.7734877672450935
-0.5   2.1401856029936481
-0.5   1.0584220903972983
-0.5   1.8494017551713124
-0.5   1.9789335468836153
-0.5   1.5862319286013449
-0.5   1.6518085445405681
-0.5   1.7400056918489795
-0.5   1.3799894153838428
-0.5   1.9567599749422873
-0.5   1.4930491208539347
-0.5   2.6434887109273504
-0.5   1.9785711965348769
-0.5   1.4770449905335008
-0.5   1.423482406173852
-0.5   1.9148303503863868
-0.5   1.8650517348074667
-0.5   1.673320018223575
-0.5   1.8816718098486005
-0.5   1.4705539859116521
-0.5   1.2785512034266731
-0.5   1.7653769349962856
-0.5   2.0264315833742796
-0.5   1.2853389034849625
-0.5   1.9166045848730908
-0.5   1.1273731877909718
-0.5   2.2219685785340109
-0.5   0.74737526881523841
-0.5   1.162752925103131
-0.5   1.3564821136867251
-0.5   0.79600618794692157
-0.5   1.1519382435466696
-0.5   0.93714610254175268
-0.5   1.4314458036978368
-0.5   1.3136454219449911
-0.5   1.6129360270782449
-0.5   1.3856851273704414
-0.5   1.8555633530098032
-0.5   0.60655818343337464
-0.5   1.5221118141215908
-0.5   1.3707529174257544
-0.5   1.300356068871602
-0.5   2.0987687264904324
-0.5   1.9857453939859706
-0.5   1.3220837648261459
-0.5   0.98740503240290955
-0.5   1.0483418110830969
-0.5   1.3857073588041759
-0.5   1.3490784287678095
-0.5   1.4704031061231067
-0.5   0.72513814814765087
-0.5   1.4998647779438066
-0.5   1.5002773871737869
-0.5   1.0994225736069032
-0.5   1.2346970166219187
-0.5   1.4063700967540202
-0.5   1.1170779824676407
-0.5   1.2764111410598729
-0.5   1.3941246094905682
-0.5   1.840135220799493
-0.5   1.8624121370918929
-0.5   1.1485553013832484
-0.5   2.0614943370863066
-0.5   0.92086032133165618
-0.5   1.5094162787294803
-0.5   1.7012609255408639
-0.5   1.6844095298118704
-0.5   1.6886894571254158
-0.5   1.8757555202600531
-0.5   1.6995485265588606
-0.5   1.5247817743761147
-0.5   1.8673307080070942
-0.5   1.9793490616134379
-0.5   1.6497696871125216
-0.5   1.735222415539472
-0.5   2.1795167502034327
-0.5   1.9111537410235653
-0.5   1.749907862563743
-0.5   1.5134373097942282
-0.5   1.6383693388519953
-0.5   1.3326528344634827
-0.5   1.4879445489192558
-0.5   2.011810560302262
-0.5   2.1001955471201317
-0.5   2.2522450614263199
-0.5   1.9463511655304679
-0.5   2.1829958255922026
-0.5   0.58900602633763666
-0.5   0.64384580232799182
-0.5   1.0961049549710686
-0.5   1.4826119521589884
-0.5   1.0809378203977713
-0.5   0.58859509169791502
-0.5   0.68520043471281644
-0.5   1.4472944582298628
-0.5   1.4769853299155131
-0.5   1.4887842149260286
-0.5   1.3937364538662904
-0.5   1.45480772001282
-0.5   1.3911582344948967
-0.5   2.2247620828110235
-0.5   1.0928396116972197
-0.5   2.3943230694624638
-0.5   1.3262340423610093
-0.5   1.5540093907139303
-0.5   1.4560823795467108
-0.5   1.860131346870177
-0.5   2.223193372115321
-0.5   1.4088375128587842
-0.5   1.0059720125916836
-0.5   1.2735073323665977
-0.5   1.469391008745176
-0.5   1.5127743951708719
-0.5   3.0614833397289312
-0.5   1.0785823455430439
-0.5   1.5042068661356032
-0.5   1.8918965802912804
-0.5   1.6947978363683855
-0.5   1.6530219266654429
-0.5   0.89863534859978067
-0.5   2.036387622630015
-0.5   0.94904529975087337
-0.5   1.3737395558004661
-0.5   1.1352502409161891
-0.5   1.1751669773787119
-0.5   2.3129414576206022
-0.5   0.84599297257396633
-0.5   2.2788904816128213
-0.5   0.86658636038933179
-0.5   1.4661405715868658
-0.5   1.8038567219423682
-0.5   1.7992158757841294
-0.5   1.3346512816099076
-0.5   0.76456650834626161
-0.5   0.8195978608957819
-0.5   1.3691192649075781
-0.5   2.991005660424535
-0.5   1.7698407148020028
-0.5   1.2955943692764555
-0.5   1.5099685086660051
-0.5   1.7760158048729608
-0.5   1.354846699129528
-0.5   2.3007483757043654
-0.5   1.5922968782506381
-0.5   1.6694871519825725
-0.5   1.4591264635399388
-0.5   1.3937574538708855
-0.5   1.5997596600184583
-0.5   1.5499338373833664
-0.5   1.1555823680343629
-0.5   0.91681542573451491
-0.5   1.4509222832131927
-0.5   0.5873224471929348
-0.5   0.85878881541506447
-0.5   1.4861757674192215
-0.5   1.3424833510238903
-0.5   1.4885930849298599
-0.5   0.60415170140255281
-0.5   0.59746751138918075
-0.5   1.2585735445235455
-0.5   1.3946029429580427
-0.5   0.91149408595074477
-0.5   0.71769084693444918
-0.5   1.7984498913208697
-0.5   1.9238456983676948
-0.5   1.5906984101752562
-0.5   2.1017382980994643
-0.5   2.1152001202412114
-0.5   1.4147966306598252
-0.5   0.65786686625915736
-0.5   0.64604723918920293
-0.5   0.68627128817577576
-0.5   1.4668188220551905
-0.5   0.55359270898185087
-0.5   0.89401204929209444
-0.5   1.4689566326826453
-0.5   1.8461975972270745
-0.5   2.0505310629580209
-0.5   1.5112863465071582
-0.5   1.4428853153297643
-0.5   1.0837455493379722
-0.5   1.4706811249561893
-0.5   1.4254814424388289
-0.5   1.0535778056212952
-0.5   0.72891766790471735
-0.5   1.2895714377768877
-0.5   0.51926810601593187
-0.5   0.53831524464855018
-0.5   0.62914294434441964
-0.5   0.85279160458442926
-0.5   1.3911010516097078
-0.5   1.1951175588438785
-0.5   0.9357193410632505
-0.5   1.6574121549477034
-0.5   2.2686721584762299
-0.5   2.3620187134523611
-0.5   1.6617813928990977
-0.5   1.5738662120211133
-0.5   2.0623182800736353
-0.5   1.9133580205480314
-0.5   1.5642336162913884
-0.5   1.7735125345894742
-0.5   0.77239488385413879
-0.5   1.346312988861714
-0.5   1.678673527913467
-0.5   1.0323561589890922
-0.5   1.3466451612662216
-0.5   0.61933385121471485
-0.5   1.4315065464697028
-0.5   0.92665582404116953
-0.5   1.0126130780162783
-0.5   0.52595091315772402
-0.5   1.1028937829158882
-0.5   1.1671265490922644
-0.5   1.2239643837738907
-0.5   1.3568471050087347
-0.5   1.4844386964729563
-0.5   1.1673253720955135
-0.5   2.1589591492438118
-0.5   1.5744543230797818
-0.5   2.2945122554031911
-0.5   0.54355038247254384
-0.5   0.64413761999889796
-0.5   1.4663553924835842
-0.5   0.72287033138989898
-0.5   0.57568382981823474
-0.5   0.92773962819923472
-0.5   1.4728456840565001
-0.5   1.3227022511195592
-0.5   1.3384779095622619
-0.5   0.74555906249453718
-0.5   2.0258915700628211
-0.5   1.3846372919923873
-0.5   1.0211511413567973
-0.5   1.5900576648862588
-0.5   1.4700685460687259
-0.5   1.3950825243568759
-0.5   1.0590014343023801
-0.5   2.2233545997806186
-0.5   1.8146683945553388
-0.5   1.5264856044133506
-0.5   1.6088627678614262
-0.5   2.3017818927745646
-0.5   2.4528344088746494
-0.5   2.3450122219433429
-0.5   3.3251861476983877

0.5   0.66506109156172033
0.5   0.74282811703111906
0.5   1.1375225505497357
0.5   0.93378587556386505
0.5   1.0464704565213687
0.5   0.94549916566836045
0.5   1.3640655315581964
0.5   1.4087072915374044
0.5   1.2330374115254086
0.5   2.2962566490443712
0.5   1.1116222012892745
0.5   1.126390449619765
0.5   1.4670538565109157
0.5   2.3767177571912037
0.5   0.72196941022778227
0.5   1.4551152998964136
0.5   1.220637977954709
0.5   0.74241040162253613
0.5   0.57704235581290608
0.5   2.1360395314982101
0.5   1.2429895850598127
0.5   1.4155590695322713
0.5   1.0777066787033893
0.5   0.80397285015763753
0.5   0.99034139331417537
0.5   1.4749937643380213
0.5   1.3299182609764699
0.5   1.2593890312431859
0.5   1.6603939749423198
0.5   0.65048457895436584
0.5   1.4257104830050911
0.5   1.9184977182667717
0.5   1.1704728190812517
0.5   1.7995184668684976
0.5   1.773487767245038
0.5   2.1401856029937267
0.5   1.058422090397285
0.5   1.8494017551714403
0.5   1.9789335468836131
0.5   1.5862319286013533
0.5   1.651808544540557
0.5   1.7400056918487348
0.5   1.3799894153842163
0.5   1.9567599749422269
0.5   1.4930491208537058
0.5   2.6434887109274392
0.5   1.9785711965349044
0.5   1.4770449905334841
0.5   1.4234824061739011
0.5   1.914830350386358
0.5   1.8650517348074347
0.5   1.673320018223603
0.5   1.881671809848616
0.5   1.4705539859116479
0.5   1.2785512034265858
0.5   1.7653769349962865
0.5   2.0264315833743147
0.5   1.2853389034849512
0.5   1.9166045848730593
0.5   1.1273731877909761
0.5   2.2219685785340415
0.5   0.7473752688152171
0.5   1.1627529251031221
0.5   1.3564821136867364
0.5   0.7960061879469027
0.5   1.1519382435466821
0.5   0.93714610254162611
0.5   1.4314458036979236
0.5   1.3136454219449925
0.5   1.6129360270782498
0.5   1.3856851273704449
0.5   1.8555633530097935
0.5   0.60655818343336865
0.5   1.5221118141215539
0.5   1.370752917425756
0.5   1.3003560688716072
0.5   2.098768726490456
0.5   1.9857453939859346
0.5   1.3220837648262043
0.5   0.98740503240292066
0.5   1.0483418110830649
0.5   1.3857073588041635
0.5   1.3490784287678279
0.5   1.4704031061231062
0.5   0.72513814814764932
0.5   1.4998647779438019
0.5   1.5002773871737873
0.5   1.0994225736068859
0.5   1.2346970166220252
0.5   1.4063700967540211
0.5   1.117077982467509
0.5   1.2764111410598988
0.5   1.3941246094905642
0.5   1.8401352207994779
0.5   1.8624121370919204
0.5   1.1485553013832537
0.5   2.0614943370862853
0.5   0.92086032133163376
0.5   1.5094162787295131
0.5   1.7012609255408431
0.5   1.6844095298118846
0.5   1.6886894571254141
0.5   1.875755520260046
0.5   1.6995485265588757
0.5   1.5247817743761432
0.5   1.8673307080071102
0.5   1.979349061613437
0.5   1.6497696871125362
0.5   1.7352224155394604
0.5   2.1795167502034039
0.5   1.9111537410243491
0.5   1.7499078625628814
0.5   1.5134373097942428
0.5   1.6383693388520091
0.5   1.3326528344635176
0.5   1.4879445489192686
0.5   2.0118105603023766
0.5   2.100195547120014
0.5   2.2522450614263012
0.5   1.9463511655304435
0.5   2.1829958255922035
0.5   0.58900602633763777
0.5   0.64384580232799538
0.5   1.0961049549710835
0.5   1.4826119521589869
0.5   1.0809378203977567
0.5   0.58859509169791369
0.5   0.68520043471281666
0.5   1.4472944582298648
0.5   1.4769853299155127
0.5   1.4887842149260302
0.5   1.3937364538662813
0.5   1.4548077200128042
0.5   1.3911582344949009
0.5   2.2247620828110382
0.5   1.0928396116972157
0.5   2.3943230694624669
0.5   1.3262340423610131
0.5   1.554009390713921
0.5   1.4560823795467099
0.5   1.8601313468701881
0.5   2.2231933721153214
0.5   1.4088375128587878
0.5   1.0059720125916911
0.5   1.2735073323666066
0.5   1.4693910087451667
0.5   1.5127743951708723
0.5   3.0614833397289325
0.5   1.0785823455430619
0.5   1.5042068661355938
0.5   1.8918965802912862
0.5   1.6947978363683598
0.5   1.6530219266654456
0.5   0.89863534859979977
0.5   2.0363876226300111
0.5   0.94904529975087759
0.5   1.3737395558004668
0.5   1.1352502409161889
0.5   1.1751669773787072
0.5   2.3129414576206115
0.5   0.845992972573961
0.5   2.2788904816128279
0.5   0.86658636038933157
0.5   1.4661405715868663
0.5   1.8038567219423673
0.5   1.7992158757841388
0.5   1.3346512816099148
0.5   0.76456650834626205
0.5   0.81959786089577591
0.5   1.3691192649075696
0.5   2.9910056604245336
0.5   1.7698407148020046
0.5   1.2955943692764229
0.5   1.5099685086660046
0.5   1.7760158048729848
0.5   1.3548466991295298
0.5   2.300748375704381
0.5   1.5922968782506328
0.5   1.6694871519825987
0.5   1.4591264635399213
0.5   1.3937574538709336
0.5   1.5997596600184401
0.5   1.5499338373834686
0.5   1.1555823680341828
0.5   0.91681542573450558
0.5   1.4509222832131974
0.5   0.58732244719293591
0.5   0.85878881541505669
0.5   1.486175767419218
0.5   1.3424833510238965
0.5   1.4885930849298594
0.5   0.6041517014025517
0.5   0.59746751138914722
0.5   1.2585735445235509
0.5   1.3946029429580424
0.5   0.91149408595077408
0.5   0.71769084693445806
0.5   1.7984498913208959
0.5   1.9238456983676615
0.5   1.5906984101752748
0.5   2.1017382980994985
0.5   2.1152001202411785
0.5   1.4147966306598592
0.5   0.65786686625915136
0.5   0.64604723918918916
0.5   0.68627128817572824
0.5   1.4668188220551894
0.5   0.55359270898185731
0.5   0.89401204929211886
0.5   1.4689566326831343
0.5   1.8461975972266966
0.5   2.0505310629580444
0.5   1.5112863465070814
0.5   1.4428853153297427
0.5   1.0837455493379937
0.5   1.470681124956184
0.5   1.4254814424388584
0.5   1.0535778056213039
0.5   0.72891766790472112
0.5   1.289571437776889
0.5   0.51926810601593498
0.5   0.5383152446485695
0.5   0.62914294434441276
0.5   0.85279160458443481
0.5   1.3911010516096713
0.5   1.1951175588437613
0.5   0.93571934106328358
0.5   1.6574121549477869
0.5   2.2686721584762766
0.5   2.3620187134523838
0.5   1.661781392899131
0.5   1.5738662120210987
0.5   2.0623182800734599
0.5   1.9133580205480349
0.5   1.5642336162912662
0.5   1.7735125345897909
0.5   0.77239488385411703
0.5   1.3463129888616592
0.5   1.678673527913467
0.5   1.0323561589890276
0.5   1.3466451612662123
0.5   0.61933385121471574
0.5   1.4315065464696579
0.5   0.92665582404123281
0.5   1.0126130780162941
0.5   0.52595091315769205
0.5   1.1028937829159682
0.5   1.1671265490921678
0.5   1.2239643837739189
0.5   1.3568471050086606
0.5   1.4844386964729677
0.5   1.1673253720955761
0.5   2.1589591492439122
0.5   1.5744543230796393
0.5   2.2945122554032071
0.5   0.54355038247252918
0.5   0.64413761999893504
0.5   1.4663553924835537
0.5   0.72287033138976486
0.5   0.57568382981839217
0.5   0.92773962819923383
0.5   1.4728456840565223
0.5   1.322702251119491
0.5   1.3384779095622379
0.5   0.74555906249450121
0.5   2.0258915700629565
0.5   1.3846372919927492
0.5   1.0211511413562984
0.5   1.5900576648861056
0.5   1.4700685460687473
0.5   1.3950825243568983
0.5   1.0590014343024059
0.5   2.223354599780448
0.5   1.8146683945556226
0.5   1.5264856044133417
0.5   1.6088627678614431
0.5   2.3017818927745868
0.5   2.4528344088746508
0.5   2.345012221943342
0.5   3.3251861476983828

1.5   1.5057785531129539
1.5   1.5081964168959825
1.5   1.7232354534726988
1.5   1.5207410206329599
1.5   2.3269113170703672
1.5   1.5781489397746506
1.5   1.5176905773618272
1.5   2.4116202451670556
1.5   1.509130032000972
1.5   2.3467276297510113
1.5   1.6510308980826269
1.5   1.5784595091467124
1.5   1.5424052604839313
1.5   1.547945296733479
1.5   1.6092971669696103
1.5   2.4348478326058944
1.5   1.7207239426335619
1.5   1.8143896710396787
1.5   1.9943440251867908
1.5   1.9393660106126438
1.5   1.9648224709229214
1.5   1.8430962524013488
1.5   1.5610441039283409
1.5   3.1893382706693783
1.5   2.0112238555846425
1.5   2.0994476278639129
1.5   2.3892877492533655
1.5   2.1560160176789638
1.5   2.4424490946731496
1.5   2.3039312482012351
1.5   1.7735993886050312
1.5   1.9817057834390761
1.5   2.0221426909074207
1.5   2.1287100937335155
1.5   2.2680964004619701
1.5   1.6523758041898517
1.5   2.3577089918139178
1.5   1.5960383579782573
1.5   1.5631007821201388
1.5   1.5116279655768747
1.5   1.5291422247207644
1.5   2.457295017300237
1.5   1.5259823677498328
1.5   1.575080826964435
1.5   2.4006517650792771
1.5   1.5654555321572348
1.5   2.3780916706998734
1.5   1.623099025616249
1.5   1.5046360850237339
1.5   1.593367293303142
1.5   1.9508622530279949
1.5   1.9513724158114965
1.5   1.6204125595058914
1.5   1.9731582357352582
1.5   1.9049970962991516
1.5   1.5324838772771567
1.5   2.0552069954675596
1.5   2.0508384690869659
1.5   2.3921170815368118
1.5   2.0508828069214546
1.5   2.0836642471755442
1.5   2.1706424392107868
1.5   2.6336984969287371
1.5   2.4026283155382377
1.5   1.8464933332818627
1.5   1.860469630730929
1.5   2.1030400695413509
1.5   2.1954030553011155
1.5   2.0714144306379767
1.5   2.1727932519627733
1.5   2.0774038487351003
1.5   2.2888738676052465
1.5   2.2508497953744695
1.5   2.0102466254982492
1.5   1.5118489737674765
1.5   1.5272934416145225
1.5   1.5464026972108016
1.5   1.5066335938482642
1.5   1.5454053294540242
1.5   1.6274728806877192
1.5   2.2119908946579594
1.5   1.9253697155528764
1.5   1.8251677377205446
1.5   2.2215926853066028
1.5   1.9311794010002648
1.5   2.3461264253121339
1.5   2.3025989666952289
1.5   1.5999234283897419
1.5   1.5291030400242609
1.5   2.8835626195320527
1.5   2.2609280303798069
1.5   2.2737865142752391
1.5   1.5203794385895368
1.5   1.8036098536890486
1.5   2.3921705527812676
1.5   1.6044328115884521
1.5   2.2322798980481919
1.5   1.8546764685962587
1.5   2.3793655013704016
1.5   1.5883650921931252
1.5   1.5499019429532996
1.5   1.8546905220193763
1.5   2.7850370911725837
1.5   2.1885588327726024
1.5   1.5248864169598253
1.5   1.5240719536005836
1.5   2.4950142241519182
1.5   1.5327638954553429
1.5   2.3924022199515758
1.5   1.9657781477473546
1.5   1.9674350094372324
1.5   2.1102864688088019
1.5   2.1125888446394883
1.5   1.645992705857684
1.5   1.5071229204283081
1.5   1.5184926121221154
1.5   1.5089094019133018
1.5   1.5086874224291011
1.5   1.5088327813821336
1.5   1.7483089736284496
1.5   1.7354558353524707
1.5   1.5865193683223797
1.5   2.3164144455107269
1.5   2.2449897335390103
1.5   1.5105790582205683
1.5   1.6500502126300076
1.5   1.9602370781512763
1.5   1.8290608344476609
1.5   2.1136147136856356
1.5   2.1499966156425638
1.5   1.5211007528940934
1.5   1.5099327652461456
1.5   1.514846506712304
1.5   1.9550428969852462
1.5   1.9213898979637083
1.5   1.8756291657688924
1.5   2.0222793250014632
1.5   2.0508303983114495
1.5   1.6163015394840063
1.5   3.2739756581723403
1.5   2.4783499703298553
1.5   1.5126530351795502
1.5   1.6798927113378097
1.5   1.5113761557814631
1.5   1.5035902259214811
1.5   1.5292517644010593
1.5   1.5106624274262987
1.5   1.6110237347866629
1.5   1.5057477006059963
1.5   2.394944027908219
1.5   1.5128924534052794
1.5   2.4859870191744369
1.5   1.5032697889419633
1.5   1.5865375020220722
1.5   1.5607737789318823
1.5   1.504119144952984
1.5   1.5677251279145907
1.5   2.0481538571148876
1.5   2.005524277694914
1.5   1.7113825250442929
1.5   1.6571764043233959
1.5   1.7586641254796755
1.5   2.1799924843842251
1.5   1.8084550736286089
1.5   2.4484348580322344
1.5   2.4460823435611205
1.5   2.3365577541665656
1.5   3.3424815542751634

2.5   2.5001767072985737
2.5   2.5001791413454248
2.5   2.5028112575587285
2.5   2.511331305618528
2.5   2.5092853983154657
2.5   2.6174757163611444
2.5   3.3198259317353771
2.5   2.8167980402922161
2.5   3.1994885524920877
2.5   2.5346955914551321
2.5   2.5669664640608438
2.5   2.5278360642427455
2.5   2.5109938693098068
2.5   2.5026957357244268
2.5   2.5015848184209903
2.5   2.5149584219543373
2.5   3.0680388514708019
2.5   2.5071042883235717
2.5   3.0940108261926942
2.5   2.5062613949735062
2.5   2.5678082643484328
2.5   2.6961961292221557
2.5   2.8742988302686454
2.5   2.770023881090971
2.5   2.5040337760721409
2.5   2.5708192372398591
2.5   2.527738411505263
2.5   2.5005850294635961
2.5   2.5024963813658876
2.5   2.5001547609731007
2.5   3.4430738240139296
2.5   2.5008885630322952
2.5   2.543020330389441
2.5   2.5058860452464282
2.5   2.5013264018862156
2.5   3.4829695997738437
2.5   2.5000492519349971
2.5   2.5043410896091811
2.5   2.5001747045363185
2.5   2.511659427399592
2.5   2.5000753250881309
2.5   2.5008808915651923
2.5   2.5019948854809479
2.5   2.5001568844566329
2.5   2.5001463678774609
2.5   2.758226060171395
2.5   3.2897291055403133
2.5   2.5000570684978203
2.5   2.5005601966006088
2.5   2.5001061358310901
2.5   2.5000764133736224
2.5   2.5002539903911964
2.5   2.5000225500443509
2.5   2.6543283248861842
2.5   2.5001906068027941
2.5   3.3790261171634315

3.5   3.5
3.5   3.4999999999999996
3.5   3.4999999999999996
3.5   3.5
3.5   3.5
3.5   3.5
3.5   3.5
3.5   3.4999999999999996

