0   -39.0263   0.0518156   0.0293125   0.0858965   0.174031   0.0176333   0.282622   0.0176333   0.174031   0.0858965   0.0293125   0.0518156   
1   -49.8683   0.0111767   0.0271053   0.0662212   0.122826   0.17363   0.198083   0.17363   0.122826   0.0662212   0.0271053   0.0111767   
2   -50.8829   0.00955011   0.0245145   0.0644392   0.123724   0.175962   0.20362   0.175962   0.123724   0.0644392   0.0245145   0.00955011   
3   -51.0467   0.0139886   0.0342977   0.07684   0.123593   0.161782   0.178997   0.161782   0.123593   0.07684   0.0342977   0.0139886   
4   -50.9955   0.0145934   0.0343662   0.0796855   0.121899   0.163063   0.172787   0.163063   0.121899   0.0796855   0.0343662   0.0145934   
5   -50.9303   0.0144637   0.0338916   0.0804752   0.12083   0.165351   0.169977   0.165351   0.12083   0.0804752   0.0338916   0.0144637   
6   -50.9955   0.0145934   0.0343662   0.0796855   0.121899   0.163063   0.172787   0.163063   0.121899   0.0796855   0.0343662   0.0145934   
7   -51.0467   0.0139886   0.0342977   0.07684   0.123593   0.161782   0.178997   0.161782   0.123593   0.07684   0.0342977   0.0139886   
8   -50.8829   0.00955011   0.0245145   0.0644392   0.123724   0.175962   0.20362   0.175962   0.123724   0.0644392   0.0245145   0.00955011   
9   -49.8683   0.0111767   0.0271053   0.0662212   0.122826   0.17363   0.198083   0.17363   0.122826   0.0662212   0.0271053   0.0111767   
10   -39.0263   0.0518156   0.0293125   0.0858965   0.174031   0.0176333   0.282622   0.0176333   0.174031   0.0858965   0.0293125   0.0518156   
