-4   4
-4   4
-4   4
-4   4
-4   4
-4   4
-4   4
-4   4
-4   4

-3   3.0000278655779375
-3   3.0000436596018929
-3   3.0003929754713776
-3   3.0011628002062736
-3   3.000144747110149
-3   3.0255193780898484
-3   3.0082535554759207
-3   3.8530462290335494
-3   3.0004773630933022
-3   3.1546200723570252
-3   3.8628013203357261
-3   3.1552875121795187
-3   3.0012364913877065
-3   3.0001465993433407
-3   3.0052950496187942
-3   3.0003815230963125
-3   3.0022630907463159
-3   3.0001817261750756
-3   3.7967625737161894
-3   3.0006472400545454
-3   3.0251502872798235
-3   3.1692606424862091
-3   3.0037796267883161
-3   3.051993776177798
-3   3.0099287237055465
-3   3.0017048995137481
-3   3.7651391316715772
-3   3.000296524995508
-3   3.2670389259218457
-3   3.0001024585404492
-3   3.0033297293283656
-3   3.0000519860061234
-3   3.0018263579260545
-3   3.0035378757500202
-3   3.3005405223420152
-3   3.0024369153542434
-3   3.1879474451738812
-3   3.5711189040515441
-3   3.0057018216918694
-3   3.0061051699244974
-3   3.0752016828327933
-3   3.0092657015702842
-3   3.9309186072085396
-3   3.0000786552258587
-3   3.0001476102764628
-3   3.0002093947724351
-3   3.0012396268492387
-3   3.0000844844553076
-3   3.0000127439689264
-3   3.7437805834672391
-3   3.0000391367254333
-3   3.3034098870084891
-3   3.0000124844273639
-3   3.0020025234908236
-3   3.0001322089767593
-3   3.0001664518157289
-3   3.0000059749038055
-3   3.0000245254442874
-3   3.0325106895078378
-3   3.0000131638670413
-3   3.9283343364514645
-3   3.0000705327794615
-3   3.0579509309146586
-3   3.0000316806705922
-3   3.0000401489567259
-3   3.0002094544464879
-3   3.0000279100403988
-3   3.0000306975395814
-3   3.0000172982808162
-3   3.1071456432444773
-3   3.0000783556969273
-3   3.9142995590898693

-2   2.0003364044500751
-2   2.0005647718471486
-2   2.001271774148945
-2   2.1554543476020416
-2   2.010877457020475
-2   2.8794489220983017
-2   2.0037036624465396
-2   2.1223490789178614
-2   2.0045287168886601
-2   2.8964435551159471
-2   2.0015975393560241
-2   2.8762815884213522
-2   2.0039136672063722
-2   2.1369144577063399
-2   2.0251422752070982
-2   2.0125205606378342
-2   2.0207226591928049
-2   2.0241988919631315
-2   2.0165749829424353
-2   2.8588297977500878
-2   2.1584103785900499
-2   2.0042971723298666
-2   2.1014200287057214
-2   2.956631830174846
-2   2.7046423100222854
-2   2.6901911147171949
-2   2.0363915076347801
-2   2.3345556312933073
-2   2.2502707232182222
-2   2.5644663476653062
-2   2.5675320109624651
-2   2.1271311490653044
-2   3.0394051390653232
-2   2.5906786484051492
-2   2.2807268456376528
-2   2.1524088741881808
-2   2.8664875938692713
-2   2.5246534878556006
-2   2.3368255690509785
-2   3.1787549817316756
-2   2.3693654236684076
-2   2.5277842053224435
-2   3.0458825747303346
-2   2.3526402032605587
-2   2.4332585277976224
-2   2.3264250111366751
-2   2.2082442227625285
-2   2.570107557666768
-2   2.2504591691593392
-2   2.1700942096264764
-2   2.4221940119203218
-2   2.4551333565542715
-2   2.0134622694535689
-2   2.0023376853789552
-2   2.00940155609507
-2   2.0089059537397391
-2   2.0513603281210591
-2   2.1259403294414905
-2   2.9048293534619543
-2   2.5455997318085242
-2   2.3900651464149445
-2   2.9463401659848398
-2   2.118641078210421
-2   2.0846496853630745
-2   2.160199264775938
-2   2.0252890127143925
-2   2.2950989418696368
-2   2.5308305300597076
-2   2.0617109403158596
-2   2.9846577759836665
-2   2.3689141572066736
-2   2.0816302414933756
-2   3.1745211142575456
-2   2.653346071644807
-2   2.8970867587882143
-2   2.1629857792080598
-2   2.6877839642228198
-2   2.0542279787897271
-2   2.0970502686985477
-2   2.0983385857575976
-2   2.0777484356089166
-2   2.6657610289670233
-2   2.3338633923217902
-2   2.2837443002705617
-2   2.2544578270832845
-2   2.2074840466548666
-2   2.0529085343673197
-2   2.756062769636344
-2   2.3825358137248087
-2   2.0223558806474453
-2   2.4950707730756942
-2   2.0730422679691922
-2   2.667540001325277
-2   2.6817840585006607
-2   2.7090397398046191
-2   2.7050105241254325
-2   2.9832139197624521
-2   2.3800466315561191
-2   2.6488213478657179
-2   2.6998892071623555
-2   2.0791943304948699
-2   2.0032842770368413
-2   2.0359455641160604
-2   2.0375934138059053
-2   2.0774178902984861
-2   2.2656424645098272
-2   2.1386880646490258
-2   2.2839678168677233
-2   2.5108582770404899
-2   2.8052818864418407
-2   2.0368645342988154
-2   2.0064169762002066
-2   2.9802358995698683
-2   2.0165997240620568
-2   2.0089793819154997
-2   2.0052005390149303
-2   2.0164241108495569
-2   2.033376496083164
-2   2.0812626608514084
-2   2.1955646033192524
-2   2.5062788495907009
-2   2.3360894468565965
-2   2.155838718456033
-2   2.3448384543536256
-2   2.1656584905320617
-2   2.7774763435447247
-2   2.6001576016164378
-2   3.2450194508423453
-2   2.866955603804842
-2   2.2870881970440475
-2   3.2245674847578005
-2   2.6894246023753978
-2   2.2944645236824002
-2   2.3406416162169021
-2   2.7032392698475194
-2   2.284546116117661
-2   2.4121540436597688
-2   2.3430594318117492
-2   2.7108138301969711
-2   2.6496934168941917
-2   3.7089256443136316
-2   2.0190815793854138
-2   2.0030133606747653
-2   2.0419493856271176
-2   2.0033778171538499
-2   2.4609043222598852
-2   2.4896519381236848
-2   2.0586672793585277
-2   2.2115165388359532
-2   2.1423817836381946
-2   2.7682974343223621
-2   2.0262539988021091
-2   2.001063714877767
-2   2.917252348038446
-2   2.6441216738647588
-2   2.4333958728517295
-2   2.1019631434740229
-2   2.0047969121462303
-2   2.9915409954368477
-2   2.0093879368564962
-2   2.0011932960323469
-2   2.0059022270267071
-2   2.0095292868493404
-2   2.0127375866146155
-2   2.0470829460814866
-2   2.8783446645629085
-2   2.0089077057886366
-2   2.0184565304666835
-2   2.1593445799087951
-2   3.7713616246670396
-2   2.186156969995412
-2   2.2161023833476845
-2   2.7114078455153865
-2   2.8210694753593852
-2   2.9269970521791384
-2   2.3690418228303702
-2   2.0950343457551446
-2   2.0303894010960102
-2   2.0782997534546386
-2   2.0704486169774396
-2   2.9524167801466459
-2   2.0004685136139484
-2   2.0062382039924285
-2   2.0011144745995439
-2   2.004860005368061
-2   2.0021082223153339
-2   2.0024608189405519
-2   2.0055580394401611
-2   2.200619925463922
-2   2.1689002844823393
-2   2.6394014038543827
-2   2.6569652081894275
-2   2.2172966739050555
-2   2.2141843807613264
-2   2.0509474195398485
-2   2.042552849814991
-2   2.0016680772281643
-2   2.0148097277897121
-2   2.5875004583373169
-2   2.7517575069717917
-2   2.3863955983673555
-2   2.1811168632155433
-2   2.1164160970102017
-2   2.1365195742661975
-2   2.0031671770892401
-2   2.0513984353025156
-2   2.2443823493226587
-2   2.2309193340941036
-2   2.1375839609311864
-2   2.6941465703354237
-2   2.8158438509388137
-2   2.0016511158802062
-2   2.0470795211467485
-2   2.0180855633791537
-2   3.3367493297036157
-2   2.8676588144683217
-2   3.0874127665382725
-2   2.7670037855788734
-2   2.1231000463329428
-2   2.0435438235319272
-2   2.002374619307421
-2   2.003360974473162
-2   2.0008603098836719
-2   2.0037310701951507
-2   2.0264414474601451
-2   2.0021909270287601
-2   2.9749269781688783
-2   2.0172337905474995
-2   2.0034785085698394
-2   2.9838486476967345
-2   2.0026231986653515
-2   2.005378734373001
-2   2.0277310150163101
-2   2.0113640051954755
-2   2.0249904225386071
-2   2.0105122646929372
-2   2.8339818454580241
-2   2.0820653821737647
-2   2.18634336600861
-2   2.0578227215640936
-2   2.057675322337075
-2   2.3795887533482696
-2   2.5643259122346129
-2   2.1587982039302527
-2   2.1625903575845147
-2   2.2188669637281451
-2   2.7719114082483127
-2   2.9687912593477095
-2   2.1863688976722093
-2   2.9561793460879016
-2   2.8614641630717346
-2   3.8682713648680283

-1   1.0347100448972644
-1   1.0915366629214283
-1   1.1351295414200993
-1   1.6070047905936176
-1   1.0615984670902225
-1   1.4870132267506162
-1   1.3660293007590072
-1   1.1317289084400046
-1   1.3619533283888328
-1   1.7357412463439825
-1   1.9126266267702072
-1   1.2316202436349233
-1   1.8693496112213372
-1   1.7995488181963717
-1   1.0380992580269195
-1   2.8265294274272543
-1   1.9237871911872775
-1   1.304074384103401
-1   1.1154014125806722
-1   2.0684522562144965
-1   1.8421276278964771
-1   2.7652542170010479
-1   1.3197802661748115
-1   1.1357657936453971
-1   1.8874249337178273
-1   1.0247946883122936
-1   1.4316173638708023
-1   2.5295778664445554
-1   1.7008775064682
-1   2.0973524647987656
-1   1.0607773398044325
-1   1.3612917647021328
-1   1.4162301648893489
-1   1.6690565655450307
-1   1.1483516092500798
-1   1.7845677483040405
-1   1.4182108084877214
-1   1.4865010195441246
-1   1.3777905652516822
-1   1.6376366370610511
-1   1.7839550285475223
-1   1.2400359703748169
-1   1.6326094140430456
-1   1.3570092755344896
-1   1.3884634224200134
-1   2.7267275508394553
-1   1.1299777036391385
-1   1.2687574808701292
-1   1.7241898240393492
-1   1.4056060787161968
-1   1.1124887525303699
-1   1.8490265262879353
-1   1.7866760733371718
-1   1.9226760185966025
-1   1.9105256949012088
-1   1.3237137124141913
-1   2.0061700731464467
-1   2.118789777438427
-1   2.0811409568749952
-1   2.2812055662220705
-1   2.623146162699439
-1   1.8253600636861806
-1   1.5489265364621554
-1   1.9020766273478888
-1   2.9472585240086993
-1   2.2453099056587185
-1   1.841225312549807
-1   1.7772667106177846
-1   1.5772337138612773
-1   1.9133081386524124
-1   2.2791924767011138
-1   1.801584256556449
-1   2.2220832240031401
-1   2.5756547138047305
-1   2.106103177913853
-1   1.5720895773075916
-1   1.7265714995794559
-1   1.6057318907316431
-1   1.8830031959151037
-1   1.6439083210076646
-1   1.7484494416540288
-1   2.6899604403990143
-1   2.0335692771715785
-1   2.2144720675441869
-1   2.1124419830182242
-1   1.8486540423899913
-1   1.4016156331191381
-1   2.7842412233317853
-1   1.8438426676626918
-1   2.188981714799537
-1   1.6099781093363581
-1   1.4014057684432391
-1   1.5792642512282309
-1   1.7976932667304815
-1   1.2835059198364243
-1   2.2946982258085686
-1   1.8946064515099454
-1   1.5628264680430295
-1   1.0839654163799926
-1   1.9767880222677334
-1   1.2710809415054907
-1   1.7191581732955195
-1   2.8046201270897684
-1   1.7329456959302401
-1   1.9894648958465799
-1   1.1705566023335834
-1   1.3424565370441623
-1   1.1731297313847033
-1   1.9280582714627763
-1   1.2436587801269563
-1   1.7563127219991892
-1   1.7901826176455913
-1   1.9048687990686801
-1   1.1894563418575435
-1   1.1119414009207651
-1   1.0842293204862175
-1   1.906058504341634
-1   2.1230750883814129
-1   1.9277900897529867
-1   2.2378720333069682
-1   2.1775311824196919
-1   1.675711064185414
-1   1.5678562440064976
-1   2.4030528191481184
-1   1.5113298390822791
-1   2.5574379237002889
-1   1.4384014839898782
-1   1.2661281584073654
-1   1.7968069511675782
-1   1.8647989547685668
-1   1.7819072123669533
-1   1.6872785541475981
-1   1.7515453468242055
-1   1.5550529883997415
-1   1.461761896803627
-1   1.7202462272924941
-1   1.3713983980308742
-1   1.4761320104049904
-1   1.8208352204335156
-1   2.0722861846492444
-1   1.6889864494252684
-1   1.5892061091904077
-1   1.8043278181927658
-1   2.0026180880355664
-1   1.8875260904714679
-1   2.4926380533505661
-1   2.1579968711420543
-1   2.8170977950934373
-1   1.532818467153434
-1   1.4448002359139818
-1   2.6178426159004102
-1   2.4336911330717448
-1   1.689287704590293
-1   1.7104916477711667
-1   1.6703219388924726
-1   1.9773874097494057
-1   1.5085070223219628
-1   1.5222049823194062
-1   1.6773810207198356
-1   1.6548542341495307
-1   2.2843646690062851
-1   1.6409392786430037
-1   1.4390526445888931
-1   1.4465011116280746
-1   2.4418250017406704
-1   1.7011644454509676
-1   2.1501030847065632
-1   1.2271597264668535
-1   1.5295788681538856
-1   1.7142658802643758
-1   1.4293574558685946
-1   1.3634051465166792
-1   1.6216864044955193
-1   1.3162060924298276
-1   2.3490761078666087
-1   1.5699421281168093
-1   2.2645242341474128
-1   2.1213458939368866
-1   1.8004804197206425
-1   2.2086980138446068
-1   1.8619102724154319
-1   1.9472563188507932
-1   1.1651772299073935
-1   1.7399767715039705
-1   1.7373384458873016
-1   1.0779855996645378
-1   2.2067474630731234
-1   2.2154869806707436
-1   1.0667328870901394
-1   3.0855287546038555
-1   1.7960448880146838
-1   1.5245898138551119
-1   2.6818211778639416
-1   1.2296427425586363
-1   2.5546723580023971
-1   1.6072232196557503
-1   2.3547344060490558
-1   2.7359716852091247
-1   1.9068479226466759
-1   1.1784053185660914
-1   1.4499305806058542
-1   1.617322003982689
-1   1.0702406630775103
-1   1.9061129839642832
-1   1.0801059239401103
-1   1.6155043171094037
-1   1.2903231587002015
-1   1.2545586246399443
-1   1.6434824131750023
-1   1.2213796447655247
-1   1.9720901862412825
-1   1.7244643431863267
-1   2.0202188331381601
-1   1.8666850263983696
-1   1.3324412280136118
-1   1.5127230378879086
-1   1.7561849385556858
-1   1.4065993201728111
-1   2.2307738886308317
-1   1.5614937522539809
-1   2.1802518999854548
-1   1.8693302569026691
-1   2.0029397308539543
-1   1.9838150413288855
-1   1.2655808332653313
-1   1.3368329754161998
-1   1.2308150044102351
-1   1.8432057757501545
-1   2.0315399965997787
-1   2.0694393769694281
-1   1.861240124803111
-1   1.2611911203568746
-1   1.2024110156506709
-1   1.6997612388042915
-1   1.7060598452848716
-1   1.4430122273486792
-1   1.7006467317585465
-1   1.5710156826936537
-1   1.5933738441171208
-1   1.3693846200219089
-1   1.8563138946810196
-1   1.8914106841071296
-1   2.1657932335133729
-1   2.0530641540605052
-1   1.7764511352503365
-1   1.840243417842307
-1   2.4173363334749687
-1   1.9796972711408425
-1   2.1742721052374594
-1   1.6286967653686153
-1   2.2404761433445985
-1   2.5141026537909692
-1   2.416043873541601
-1   1.9388045725774035
-1   2.6512140989267037
-1   1.5640283828294597
-1   3.2171700191078116
-1   2.1768048497433155
-1   1.7451585884677172
-1   2.4320791090673812
-1   1.7141139190071142
-1   1.5228366387272585
-1   2.2017521223378598
-1   2.3282250827177928
-1   1.5546671296328953
-1   1.5528915283264584
-1   1.7656411032710091
-1   2.3238990998545486
-1   2.4844224138083719
-1   2.0694329872349257
-1   2.388238677674086
-1   1.5985634148535786
-1   3.7749297478819459
-1   1.105451957162358
-1   1.926225589437407
-1   1.1299217404547102
-1   1.2287564945494467
-1   1.0762093849802048
-1   1.7735119359857632
-1   1.1360501772874148
-1   1.3315873318967506
-1   1.7153298962798558
-1   1.9212919548784497
-1   1.2449595062037515
-1   1.3704348348134263
-1   2.0224892111020227
-1   1.5500121717108026
-1   2.5627062145334296
-1   1.5451497759896449
-1   1.7273050674356072
-1   1.9327221176585319
-1   1.7562367488221433
-1   2.9066866759299375
-1   1.2889334131822179
-1   1.9796950384424732
-1   1.0155114407378285
-1   1.0312672868305128
-1   1.6736483855484923
-1   1.0078740424603869
-1   1.44168917497446
-1   1.0550557171248016
-1   1.7626129583416117
-1   1.7791098917277779
-1   2.238821846748865
-1   2.3959134120519336
-1   1.8868493014816554
-1   2.1306470426071549
-1   1.6146254542263425
-1   1.9643583961645903
-1   1.9682380491714286
-1   1.1836827547447075
-1   1.452637261213598
-1   2.2820153643640246
-1   1.8283168125282803
-1   1.9265320473478598
-1   1.2024561490778178
-1   1.3658875487003928
-1   1.7925632562010483
-1   1.8839941199809069
-1   1.8363290396325023
-1   2.0340436813788769
-1   1.8928237081356607
-1   1.1477484045415229
-1   2.4575570631909893
-1   1.1726173377742299
-1   1.822558873720757
-1   2.0647826766115993
-1   1.8195771141340127
-1   1.1688983396339399
-1   1.224537275212918
-1   1.4643893982369089
-1   1.4662485391585314
-1   3.5284463041194591
-1   1.2403572574290023
-1   1.6205807734263304
-1   1.5322078118329521
-1   1.4471772342649483
-1   2.2317623876728696
-1   1.3082196817398688
-1   1.6279133094461442
-1   1.9643713171727035
-1   2.1623800212222974
-1   2.6889716692857948
-1   1.5966119029296042
-1   1.323183060349659
-1   2.0419464560828291
-1   1.9773487990084773
-1   1.9033063725753139
-1   1.9926513166162745
-1   1.349160688157008
-1   1.635929614730959
-1   1.0590346117922183
-1   1.1124988507811207
-1   1.5795438623178639
-1   1.8174649022395122
-1   2.8518869550603707
-1   1.7237174066682504
-1   1.0225425943188213
-1   1.3461156971297648
-1   1.7662750871227124
-1   1.8296382063438146
-1   1.7677813249767009
-1   1.3811969590775861
-1   1.0117352026869091
-1   1.6052917962551443
-1   1.9218659679649424
-1   1.9754265648803688
-1   1.0072439024857354
-1   1.0052833276846267
-1   1.0442765594539709
-1   1.4388402076911693
-1   1.0355551730691077
-1   1.653690943924536
-1   2.2186501701068697
-1   2.1491247719468056
-1   1.4493754767210405
-1   1.4124776870897966
-1   1.2410826410221365
-1   1.3218979488353437
-1   2.5359242275520808
-1   2.6241269206723206
-1   1.0654239630608744
-1   1.1594925953013184
-1   1.7288870614860916
-1   1.792587621558817
-1   1.9070163180766002
-1   1.2929480379737406
-1   1.1901648632753317
-1   1.2385882396583627
-1   1.8286649665744727
-1   1.8744671426417066
-1   1.8534926284552515
-1   1.073407149746606
-1   1.0329472627893432
-1   1.0867495690093334
-1   1.0652942681718482
-1   1.038020891990461
-1   1.5595943656613165
-1   1.956193008741431
-1   2.1952914575562357
-1   2.1997128916162043
-1   1.4825748321720735
-1   2.290999438403468
-1   1.8595608032080726
-1   1.4498218600882546
-1   1.9383914468868344
-1   1.1706170320164975
-1   1.5767955984685091
-1   1.3938155176285005
-1   1.0108649046888931
-1   1.0169562646991053
-1   1.0200839895103901
-1   1.9881909645901752
-1   1.040608532259234
-1   1.8261687682140542
-1   1.0759925331662699
-1   1.9802010752596382
-1   1.034787711715945
-1   1.1654882143951375
-1   1.4012582074076569
-1   2.4179693438235876
-1   2.2542074272033337
-1   2.4275603116198483
-1   2.6450878264160811
-1   1.6984651503686177
-1   1.7632058696616877
-1   2.0728644781483574
-1   1.9296626251393501
-1   1.4775801064236913
-1   1.5353857331318288
-1   1.3067530424050242
-1   1.9807356012222606
-1   1.2546840863250273
-1   2.0911953405893424
-1   2.8416521816202605
-1   2.4101154827530524
-1   1.2429878589929058
-1   2.8177646290445169
-1   1.8331521940494837
-1   1.8866232904655909
-1   1.721632900094002
-1   1.4065476090826901
-1   1.1086826892915924
-1   1.9654495422510241
-1   1.0220865247966711
-1   1.0301723014721798
-1   1.2270207079621196
-1   1.1998046627323025
-1   1.8023629825926455
-1   1.740503099341681
-1   1.1554715927643922
-1   1.1252029877956109
-1   1.1460875598739875
-1   1.9646506617378363
-1   1.5677080351507442
-1   1.6232172083078575
-1   1.821590496073366
-1   1.9723006410699178
-1   1.3429861653000461
-1   2.4780818518896566
-1   1.9490769802400791
-1   1.8614977891680007
-1   2.9099562671217614
-1   1.0169449080016058
-1   1.0355590206345853
-1   1.0144410049528572
-1   1.88518674872814
-1   1.0439480299366795
-1   1.1682673092857765
-1   1.1736827321689414
-1   1.10891165692909
-1   1.7996935830503227
-1   1.1908314387753973
-1   1.2339792517334411
-1   1.1224810448565656
-1   1.8338223065065056
-1   1.2383204419352911
-1   1.7778661337479784
-1   1.9312664409610685
-1   1.9190886609479891
-1   1.2085953663288225
-1   1.179290259945186
-1   2.6561099479304109
-1   1.7580417273960594
-1   1.9090556547492992
-1   1.2323465077466171
-1   1.7636074330246791
-1   1.7112918243485367
-1   1.418261965267628
-1   1.9922894961507951
-1   2.2841102026700311
-1   2.1424857658081353
-1   1.3351467430953035
-1   2.0537742442103726
-1   1.9932238668306934
-1   1.4373173996341855
-1   2.4861371693921153
-1   2.4754756680336585
-1   2.0232712563649606
-1   2.8704411860813952
-1   2.0507162236646383
-1   2.94328210966068
-1   2.8302142791943981
-1   3.8507551029480904

0   0.041128481115917381
0   1.0029225575095901
0   0.77590080517368687
0   1.0516332990241206
0   1.0032643800427696
0   1.0838831452829238
0   1.0180027332282782
0   0.19365403917686463
0   1.5747910169171244
0   1.0510845835110583
0   1.0038222469170328
0   1.9963121844530267
0   0.63400015364628803
0   1.0299034299079206
0   1.0046768465483087
0   1.2946796146173187
0   1.654200367951987
0   1.9540035069839639
0   1.767518559353928
0   2.7866254901691572
0   1.0021551013676908
0   1.595220286402105
0   1.0039686746050984
0   1.1084108538799644
0   1.1335439800112255
0   1.8662323790484745
0   1.8688609708553785
0   2.7694855365460302
0   0.6386639058153587
0   1.1049348219987498
0   1.2367321456896034
0   1.7817413077332191
0   0.3485303659217639
0   1.1184563278877984
0   1.0028855701939758
0   0.73083591425399752
0   2.6589400339661466
0   0.081758065967415416
0   1.8636724841739936
0   1.6160863837559898
0   1.4401976101842078
0   1.0027989943620526
0   0.8094884392349917
0   1.9419597064419101
0   1.1156667388706678
0   1.0029064324678472
0   1.992016247759707
0   1.1367094341867223
0   0.30525684416353038
0   1.6654317596727375
0   1.3735611211616598
0   1.0128970371281274
0   1.8805717823994201
0   1.9329827370322046
0   1.0455223548622536
0   1.0693331038798015
0   1.4988357893378024
0   0.37165487751337423
0   1.021021217194906
0   1.082268644008908
0   2.3750951128020712
0   1.2009755760829519
0   1.3911737724331903
0   1.0378169672339037
0   1.0314695937368532
0   1.4987430020673658
0   1.1692060005009277
0   1.8082545331942814
0   2.2227347983086974
0   1.2003235530084586
0   1.386791514763041
0   1.0433111394039243
0   0.96920225363433032
0   1.8408613955851165
0   1.6233131107838608
0   2.6791571967562708
0   1.0865684244027392
0   1.7657121789396677
0   1.0717553670054645
0   2.2336036188350299
0   2.2946236854185966
0   1.6809340103401551
0   1.6098899401680438
0   3.2686897528862766
0   1.842659047261018
0   1.945737675431356
0   1.2956253100343911
0   2.0065724951587764
0   1.5387407150274588
0   1.4960166508834079
0   2.3417014661763589
0   1.4564197827463359
0   2.0638830688271357
0   1.8612087624304099
0   1.7087715194486703
0   1.6753528351639591
0   2.0691685773795392
0   0.72990500541496561
0   2.1458927017284997
0   1.2628848246455195
0   1.9694585462406962
0   1.2419191135645227
0   1.7783365040274592
0   2.2606130100001707
0   1.3678738531603361
0   1.7726683327341917
0   1.5596492076677095
0   1.6464351829472292
0   2.3219406300405474
0   1.6154176429382718
0   1.8105392896967274
0   1.6631221211101321
0   1.4922837657004819
0   1.8897657741292191
0   1.9902115456831559
0   1.2129849841157687
0   1.5197075665898496
0   1.639851469701314
0   1.1011415766082182
0   1.1820455811988118
0   1.6988435901905761
0   2.592755444190793
0   1.3814372139173292
0   1.721817617496693
0   0.65982450085949873
0   1.2262947757135625
0   2.6479060123843907
0   1.4608637915827123
0   1.1254631510960009
0   1.5193422865057231
0   1.2634758296301489
0   1.0148632376469404
0   1.2670505285150935
0   1.4323916814780515
0   0.50901536718217866
0   1.0370545929345583
0   1.0524837214594875
0   1.5769097437912634
0   1.0068233230709236
0   1.9690272083533529
0   1.3510704078289242
0   1.9500996759009226
0   1.0252873784798582
0   1.1459455869860271
0   1.6279160776915047
0   0.23933012062901537
0   1.0080203611451688
0   1.8685365283372768
0   1.8694703455480455
0   2.5145408231835593
0   1.6027455870258986
0   1.9224265635559212
0   0.9588446609822483
0   2.0923221841352597
0   1.5045808407403887
0   1.8460628863179314
0   1.8669156130304234
0   0.75294370751050765
0   2.2888103550539847
0   0.61633677881160742
0   1.5389792434712422
0   1.2572784892643805
0   1.1050277045851744
0   1.1341257201085526
0   1.8328697241545004
0   1.9683488905006463
0   1.9058188460463077
0   1.1860143764590627
0   1.2160082490441939
0   1.1348010857561144
0   1.471703530814356
0   1.5973681205262453
0   1.7324837485854512
0   1.7154071098966939
0   2.1798148836361251
0   1.6303584152072839
0   1.1815901268428102
0   1.8920275803005149
0   2.14469812816158
0   1.3724648870023195
0   1.3026265654372271
0   1.0324034978074645
0   2.3844695296391554
0   2.441510336337787
0   1.2000609690063628
0   1.7824473158291982
0   1.9141882961013348
0   2.6943610799652027
0   2.1313897373407009
0   1.0207770489589745
0   1.4832766195358238
0   1.578314835042955
0   1.1014978718101196
0   1.603369158089698
0   1.762546128125726
0   1.176889148203373
0   1.6705655943203626
0   1.87946552232009
0   1.9999538220682873
0   1.4440794798089689
0   1.6501956991113031
0   1.1775778057391608
0   1.526732470743108
0   1.261703549847758
0   1.4154354366549835
0   1.6199268899660599
0   0.50812447311910369
0   2.3080141739514932
0   2.0273720864526048
0   1.1167710232801433
0   1.2510307607521298
0   1.4856872233069234
0   1.4290809018256467
0   1.5672511386944858
0   1.0673976085754691
0   2.0759819411758138
0   1.9582201847414265
0   0.82765083465434364
0   1.8975823712855608
0   1.5595914004134084
0   1.5609014126715555
0   1.2164064029723485
0   1.3932809538337785
0   1.34294109809512
0   1.9373033451601853
0   1.6634174840028546
0   1.9124078210880593
0   2.1060210853054575
0   1.7321825694861874
0   1.01229650237348
0   1.0378045725631879
0   1.0277640448716703
0   1.1828433721413472
0   1.9851260920074099
0   2.0096539363871302
0   1.9599607658145017
0   1.4779826531275151
0   0.29521738908476158
0   2.356781980784282
0   2.4370630304884928
0   1.5558635424178036
0   1.5562094147675363
0   2.2257666285966651
0   2.3298487892088624
0   1.0556259891445985
0   2.4090295827354216
0   2.3631827095333668
0   1.0559544383942505
0   0.88359866166264167
0   1.9505472654393303
0   1.0156526550960181
0   0.095217900989350346
0   1.0154405837707208
0   0.62257157645266248
0   1.4747026680612023
0   1.9414188419679737
0   1.0223590265459988
0   1.0082734975025514
0   1.9671120092591203
0   1.0895043294273261
0   1.9010508504188217
0   1.3413650021933583
0   1.318876716951088
0   1.2232307243444287
0   1.0293845968483537
0   1.305045198105407
0   1.3153075534568339
0   1.2849444791787279
0   1.2671712457542328
0   0.70754320000414883
0   1.0098918093055611
0   1.5040035736093875
0   1.0496426433484962
0   1.6161528038554924
0   0.86801081708798011
0   2.1860272964648186
0   2.6753899503564993
0   1.0821840608651085
0   1.9681769729678766
0   1.9451545571217519
0   1.4393385346837753
0   0.61327115763678064
0   1.0151666761329716
0   1.7470749696122945
0   1.1519140869635014
0   1.9771592071703092
0   2.5416309228721756
0   1.4772368208049227
0   1.8724404946033935
0   1.0143586476015132
0   1.0215085011721314
0   1.0419246100455666
0   1.533798927267342
0   1.6898822401185365
0   1.950982877078284
0   1.3893281804257036
0   1.6660740282433935
0   1.0532933927786807
0   1.1595525174427319
0   1.5841659890665922
0   1.7984959526184441
0   1.1146410810900669
0   1.8476196711579003
0   1.7142184630626991
0   1.396167616633222
0   1.924312423576787
0   1.6560695523888982
0   1.8835709856846403
0   1.8535691171509505
0   2.6465513954799356
0   1.1433899706905877
0   2.2807580731852921
0   2.2379134131898337
0   1.9589430460791424
0   2.8444104087220805
0   1.208813356199175
0   3.2586503187158025
0   1.9646006902010771
0   1.9242568028673634
0   2.7772854818147716
0   1.6541422283029896
0   1.8513328113714214
0   1.3818718831765251
0   1.5043370414189337
0   0.56552577892561784
0   1.0801606082307609
0   2.3427231517575704
0   1.9662077419463588
0   1.9689474346127502
0   2.0914247481228321
0   1.2984208393134677
0   2.5176891263999241
0   1.9715080624138261
0   2.4260649643192527
0   1.9418700841374674
0   1.086717242690213
0   0.48264369896575865
0   3.8241415512176289
0   1.017610137361086
0   1.0267841516821816
0   1.9259350973096661
0   0.37786571529403035
0   1.0477840234754907
0   1.0016742410932316
0   1.8417798172779127
0   1.0152109026727907
0   0.29428687535830977
0   1.408949505501202
0   1.0491982172710617
0   1.4356357832540776
0   1.8026293993769373
0   1.0856426712757872
0   0.53313545101913862
0   1.0653566811832025
0   1.8820755878100348
0   2.0527370932461535
0   1.3554485132733074
0   2.2677275480114516
0   1.8066376737099201
0   1.0130149974463565
0   0.80979507067895917
0   1.491601760221948
0   2.9486663697064426
0   1.6880319346977659
0   1.0048710399003755
0   1.5798727701043922
0   1.0036386619557809
0   1.0151110019581582
0   1.0205628285266697
0   0.8818991871768278
0   1.0049989745103354
0   1.647167124114401
0   1.0050516120044712
0   1.106546750143822
0   1.4194263174166204
0   1.4106054295131862
0   1.7403819535703127
0   1.7375682783285171
0   1.7675858188106313
0   1.6761289736110823
0   2.0724988265572906
0   2.5229984165816552
0   1.6127268124387895
0   1.0096195808038686
0   1.0317288423769091
0   1.0031704101164642
0   1.0533443360279264
0   1.3281256637225554
0   2.839240111875136
0   1.5498812296059366
0   1.3183116769459586
0   1.6458125866836664
0   1.780779103482474
0   1.0059139355159536
0   1.0172012440646401
0   1.9821155296816984
0   1.9928178777237577
0   1.4004290494341305
0   1.7487286052810251
0   1.0026575334189061
0   2.828332189083802
0   0.71584013214006137
0   0.30446632825137576
0   1.0328634194067472
0   1.7622920582251376
0   1.5589846217429075
0   1.004511565926115
0   1.9895839557701147
0   1.0753444617490748
0   1.7788572722097911
0   0.84508411280521489
0   3.183736953148844
0   1.5286804048894487
0   1.5497156660385012
0   1.1431637250163276
0   2.2318322164162288
0   1.3340262654907551
0   1.0878877309429249
0   1.0425737703690332
0   1.3888053874635053
0   0.85252837152352345
0   2.5737428609838866
0   1.1507418798412645
0   1.0163526883398297
0   1.4993239281446862
0   1.3953593734841667
0   1.3266254560949418
0   1.7260182506153696
0   1.7830058739977321
0   2.4724580137731684
0   2.0766275416590769
0   2.1897371459550174
0   1.2044813942277035
0   1.2824655203170612
0   0.6144662114430437
0   0.64515239802111579
0   1.6445626709413692
0   1.9924569867935302
0   1.3688751875613439
0   1.006389088232061
0   1.0054878814663959
0   2.6298813086153507
0   1.7566659415747146
0   1.0121134005316892
0   1.0032256304576355
0   0.7467692248582698
0   0.41211033430437449
0   1.0050449784659707
0   1.9858452259924202
0   1.9735853069193663
0   1.9950599600172949
0   1.0011516161627092
0   1.0041504210564565
0   1.9764918580740538
0   1.9154969124296959
0   1.005294570503483
0   1.0007887474380472
0   0.060187235652367832
0   1.0468416433330769
0   0.032446305394186137
0   0.065803740278011502
0   0.57625642678880995
0   1.0425882509883442
0   1.005434184318821
0   1.8101661014069532
0   0.35435539929098703
0   1.9370626671349007
0   2.9406557625251604
0   2.863539655338224
0   1.8742190258300724
0   1.0314719684460276
0   1.0008206212008783
0   1.1584724441535079
0   1.9905987296885597
0   1.9489696475567273
0   1.0601435967939883
0   1.0064975783753136
0   1.0039895233159972
0   1.3852195472698945
0   1.1004944986255223
0   1.0421778372148121
0   1.9279759236707061
0   0.53656888246907486
0   1.00294722849982
0   1.003240058743486
0   1.9795121049762323
0   1.9275608137390079
0   1.0766727855766647
0   0.33893939238681081
0   1.0325977685644874
0   0.27215973828340401
0   1.0062513087144025
0   1.0095490574228192
0   0.094751270879938287
0   1.0120328848918989
0   0.92380954601475973
0   0.2502870931206852
0   1.4177502800021706
0   0.33638273678037423
0   2.5414207976042587
0   1.5861072559845981
0   1.7568159140414394
0   1.7983773370015501
0   2.2038919461912285
0   1.6344145691955889
0   0.41523384542175479
0   1.9819822793809281
0   1.9682740580810547
0   1.1583316285950205
0   1.0459824110232427
0   1.1159505503129208
0   0.066336080105646067
0   0.075398988454131399
0   1.0052439053410249
0   1.0042586192994372
0   0.60933007198159284
0   1.0056287160318012
0   1.7886993137389897
0   1.0234961117359147
0   0.94045351223352802
0   1.0114302484887006
0   1.9630662806736532
0   1.2207686810316793
0   1.6335965561297274
0   1.0500769750128531
0   0.60936141465104376
0   1.0076890698255798
0   2.6885844043633345
0   1.9270808351958393
0   2.7451453411921265
0   1.7928698773147849
0   0.8463506445075879
0   1.0218081352922062
0   1.8672517670347082
0   1.8500304406799284
0   1.3742267479540908
0   1.4036470365573572
0   1.9791282139692421
0   2.5755275891482952
0   0.52336812108710795
0   1.7040998917274726
0   1.6032916778803763
0   1.2236672004335405
0   0.51989861549866867
0   1.2826865118653679
0   2.0488527416825435
0   1.9430407336405549
0   3.0570705053420126
0   1.5188925558849786
0   1.4185077745149293
0   1.9709774902801453
0   1.9949911757746741
0   1.1211970177674713
0   1.3333176363284607
0   1.0934433244780726
0   1.9256723917189094
0   0.063664493018469326
0   1.0054287811995333
0   1.0056728234636778
0   0.3004930717716976
0   0.50766646760480039
0   1.0069117909883036
0   1.0052975394966923
0   1.1585787760972921
0   1.643626712248349
0   1.8721614132200588
0   1.6752095858084424
0   1.0080444186432318
0   1.1538734115024942
0   1.0276009936897161
0   1.9091091693941977
0   1.5835071811791024
0   1.1776348016284854
0   1.0063891624202927
0   1.1462313443854752
0   1.4187455388391268
0   2.8521810930416152
0   1.9655414022789017
0   1.817962750470842
0   0.065955527559014238
0   2.9067465141161377
0   0.11686725649300445
0   1.0011993767668244
0   1.0090552089894451
0   1.0021970957310631
0   0.15428802173414102
0   1.984254191063703
0   1.0189361026839345
0   0.12491952597515521
0   1.0235918041600551
0   1.0216189078924782
0   0.40264813957612222
0   1.0137053197222272
0   1.9826710729013026
0   1.0410246042868565
0   1.1642036912560969
0   1.0157550738883607
0   1.8284946782881262
0   0.63411466011945161
0   1.0559151497149948
0   1.9196178980750731
0   1.7458823342602878
0   1.9377459656014109
0   0.50275276478030628
0   1.1131996653837564
0   2.7373780134727816
0   1.024021194866134
0   0.92285632208640256
0   1.9925483334732661
0   1.0436795667948697
0   1.3828114168053565
0   1.8714216228521958
0   1.9893531980726453
0   1.0895030143502473
0   1.7556776198953621
0   2.1238873413498447
0   1.1336645911930665
0   2.3290868046079423
0   1.0794165810325764
0   1.9460116135308296
0   1.8511887283539328
0   1.3356048715772468
0   2.9274428746250072
0   2.0403707875565629
0   1.9841361578087389
0   2.8305633000262893
0   2.0319668796148913
0   2.9488722657757673
0   2.8371179080047386
0   3.8430318695543475

1   1.0347100448972253
1   1.0915366629214178
1   1.1351295414201441
1   1.6070047905936988
1   1.061598467090263
1   1.4870132267504041
1   1.3660293007589861
1   1.1317289084399578
1   1.3619533283889811
1   1.7357412463440309
1   1.9126266267701761
1   1.2316202436349215
1   1.8693496112213266
1   1.7995488181963988
1   1.038099258026933
1   2.8265294274272361
1   1.9237871911873103
1   1.3040743841033813
1   1.1154014125807081
1   2.0684522562145724
1   1.8421276278964602
1   2.7652542170010617
1   1.3197802661746059
1   1.1357657936454026
1   1.8874249337178397
1   1.02479468831229
1   1.431617363870588
1   2.5295778664443853
1   1.7008775064683865
1   2.0973524647988668
1   1.0607773398044678
1   1.3612917647020681
1   1.416230164889567
1   1.6690565655449037
1   1.1483516092501544
1   1.7845677483040627
1   1.4182108084877985
1   1.4865010195440727
1   1.3777905652516214
1   1.6376366370610698
1   1.7839550285475232
1   1.2400359703749819
1   1.6326094140428555
1   1.3570092755344918
1   1.3884634224200607
1   2.7267275508393714
1   1.1299777036391279
1   1.2687574808699547
1   1.7241898240395868
1   1.4056060787161631
1   1.1124887525303813
1   1.8490265262879677
1   1.7866760733371625
1   1.9226760185965968
1   1.9105256949010943
1   1.323713712414293
1   2.0061700731466119
1   2.1187897774384732
1   2.0811409568749997
1   2.281205566221109
1   2.6231461627003045
1   1.8253600636860794
1   1.5489265364620222
1   1.9020766273478475
1   2.9472585240090656
1   2.2453099056584298
1   1.8412253125499118
1   1.7772667106176319
1   1.5772337138607
1   1.9133081386532691
1   2.2791924767007989
1   1.8015842565569553
1   2.2220832240027493
1   2.5756547138047026
1   2.1061031779137132
1   1.5720895773077355
1   1.7265714995795163
1   1.6057318907316178
1   1.8830031959147595
1   1.6439083210079244
1   1.7484494416539684
1   2.6899604403991675
1   2.0335692771715839
1   2.2144720675442091
1   2.1124419830182006
1   1.8486540423906561
1   1.4016156331191527
1   2.784241223331239
1   1.8438426676626616
1   2.1889817147994859
1   1.6099781093363088
1   1.4014057684433165
1   1.5792642512283677
1   1.797693266730354
1   1.2835059198365368
1   2.294698225808661
1   1.8946064515099033
1   1.5628264680427577
1   1.0839654163802419
1   1.9767880222675513
1   1.2710809415054245
1   1.7191581732957668
1   2.8046201270897519
1   1.7329456959302241
1   1.9894648958465972
1   1.1705566023335281
1   1.3424565370441979
1   1.1731297313847078
1   1.9280582714627776
1   1.2436587801283854
1   1.756312721998091
1   1.790182617645605
1   1.9048687990686828
1   1.1894563418575375
1   1.1119414009207402
1   1.084229320486217
1   1.9060585043416309
1   2.1230750883814311
1   1.9277900897529126
1   2.2378720333069295
1   2.177531182419691
1   1.6757110641855673
1   1.5678562440064745
1   2.4030528191480851
1   1.5113298390823315
1   2.5574379237002636
1   1.4384014839898711
1   1.2661281584074797
1   1.79680695116748
1   1.8647989547685677
1   1.7819072123669422
1   1.6872785541475688
1   1.7515453468242392
1   1.5550529883997193
1   1.4617618968036155
1   1.7202462272924905
1   1.3713983980309385
1   1.4761320104049849
1   1.8208352204335188
1   2.0722861846492413
1   1.6889864494252649
1   1.5892061091904495
1   1.8043278181926929
1   2.0026180880355335
1   1.8875260904715727
1   2.4926380533505941
1   2.1579968711419779
1   2.8170977950934639
1   1.5328184671533522
1   1.4448002359139664
1   2.6178426159004715
1   2.4336911330717483
1   1.689287704590301
1   1.7104916477711418
1   1.6703219388924748
1   1.9773874097493582
1   1.5085070223219881
1   1.5222049823194403
1   1.6773810207197615
1   1.6548542341494947
1   2.284364669006254
1   1.6409392786431507
1   1.439052644588904
1   1.4465011116280717
1   2.4418250017405589
1   1.7011644454511479
1   2.1501030847065588
1   1.2271597264668339
1   1.5295788681539007
1   1.714265880264398
1   1.4293574558684339
1   1.3634051465166603
1   1.6216864044956543
1   1.3162060924299146
1   2.3490761078666043
1   1.5699421281167112
1   2.2645242341474252
1   2.1213458939369372
1   1.8004804197206172
1   2.2086980138445935
1   1.861910272415408
1   1.9472563188508012
1   1.1651772299074277
1   1.7399767715039616
1   1.7373384458873007
1   1.0779855996645622
1   2.2067474630731057
1   2.2154869806707467
1   1.06673288709019
1   3.0855287546038288
1   1.796044888014678
1   1.5245898138551071
1   2.6818211778639691
1   1.2296427425586169
1   2.5546723580023492
1   1.6072232196546627
1   2.3547344060491016
1   2.7359716852098246
1   1.9068479226466772
1   1.1784053185660974
1   1.449930580605908
1   1.6173220039826433
1   1.0702406630774999
1   1.9061129839642756
1   1.0801059239401296
1   1.6155043171093935
1   1.2903231587002097
1   1.2545586246399458
1   1.6434824131750023
1   1.2213796447655259
1   1.9720901862412861
1   1.7244643431863174
1   2.0202188331381774
1   1.8666850263983608
1   1.3324412280136091
1   1.5127230378878997
1   1.7561849385557489
1   1.4065993201727418
1   2.230773888630857
1   1.561493752253944
1   2.1802518999854472
1   1.8693302569026593
1   2.0029397308539596
1   1.9838150413289166
1   1.2655808332653413
1   1.3368329754162003
1   1.2308150044102435
1   1.8432057757501448
1   2.0315399965997805
1   2.0694393769694019
1   1.8612401248031207
1   1.261191120356854
1   1.2024110156506607
1   1.6997612388042902
1   1.7060598452848725
1   1.4430122273486483
1   1.7006467317585745
1   1.5710156826937314
1   1.5933738441170484
1   1.3693846200219211
1   1.8563138946810209
1   1.891410684107087
1   2.165793233513456
1   2.0530641540604293
1   1.7764511352503782
1   1.8402434178423421
1   2.417336333474954
1   1.9796972711408305
1   2.1742721052374296
1   1.6286967653685878
1   2.2404761433445342
1   2.5141026537910331
1   2.4160438735416205
1   1.9388045725773497
1   2.6512140989267214
1   1.5640283828294899
1   3.2171700191078134
1   2.1768048497432799
1   1.7451585884677363
1   2.4320791090674043
1   1.7141139190071262
1   1.5228366387272625
1   2.2017521223379029
1   2.328225082717851
1   1.5546671296327501
1   1.5528915283264362
1   1.7656411032709438
1   2.3238990998545805
1   2.4844224138084043
1   2.0694329872349289
1   2.3882386776741082
1   1.5985634148535972
1   3.7749297478819308
1   1.1054519571623624
1   1.9262255894374074
1   1.1299217404547155
1   1.2287564945494391
1   1.0762093849802068
1   1.7735119359857716
1   1.1360501772874223
1   1.3315873318967544
1   1.7153298962798189
1   1.9212919548784613
1   1.2449595062037508
1   1.3704348348134225
1   2.0224892111020343
1   1.5500121717107893
1   2.5627062145334154
1   1.5451497759896577
1   1.7273050674356125
1   1.9327221176585385
1   1.7562367488221455
1   2.9066866759299392
1   1.2889334131822143
1   1.9796950384424639
1   1.0155114407378258
1   1.0312672868305066
1   1.6736483855485149
1   1.0078740424603849
1   1.4416891749744267
1   1.0550557171248018
1   1.7626129583416099
1   1.779109891727785
1   2.238821846748885
1   2.3959134120519288
1   1.8868493014816718
1   2.1306470426071424
1   1.6146254542262355
1   1.9643583961645938
1   1.96823804917143
1   1.183682754744688
1   1.4526372612136027
1   2.2820153643640424
1   1.8283168125282794
1   1.926532047347878
1   1.2024561490778145
1   1.3658875487004003
1   1.7925632562010447
1   1.88399411998091
1   1.8363290396325063
1   2.0340436813788716
1   1.8928237081356558
1   1.1477484045415138
1   2.4575570631909849
1   1.1726173377742182
1   1.8225588737207969
1   2.0647826766116011
1   1.8195771141340282
1   1.1688983396339105
1   1.2245372752128911
1   1.4643893982368894
1   1.4662485391585454
1   3.5284463041195675
1   1.2403572574290054
1   1.6205807734260573
1   1.5322078118327793
1   1.4471772342649654
1   2.2317623876730313
1   1.3082196817399567
1   1.6279133094463782
1   1.964371317172465
1   2.1623800212223072
1   2.6889716692857371
1   1.5966119029294239
1   1.3231830603496681
1   2.041946456082953
1   1.977348799008475
1   1.9033063725753832
1   1.9926513166162763
1   1.3491606881569913
1   1.6359296147308453
1   1.0590346117922074
1   1.1124988507809597
1   1.5795438623179137
1   1.81746490223951
1   2.8518869550604231
1   1.7237174066682162
1   1.022542594318822
1   1.3461156971298123
1   1.7662750871226089
1   1.8296382063438674
1   1.7677813249768275
1   1.3811969590775235
1   1.0117352026869109
1   1.6052917962551181
1   1.9218659679649157
1   1.9754265648803973
1   1.0072439024857325
1   1.0052833276846267
1   1.0442765594539578
1   1.4388402076911841
1   1.0355551730691035
1   1.6536909439245324
1   2.2186501701069354
1   2.1491247719468332
1   1.4493754767211278
1   1.4124776870900209
1   1.2410826410219959
1   1.3218979488349889
1   2.5359242275522029
1   2.6241269206722331
1   1.0654239630608484
1   1.1594925953013788
1   1.7288870614863834
1   1.7925876215586625
1   1.9070163180766873
1   1.2929480379734162
1   1.1901648632752555
1   1.2385882396584957
1   1.8286649665744861
1   1.8744671426417576
1   1.8534926284551352
1   1.0734071497465936
1   1.0329472627893452
1   1.0867495690093436
1   1.0652942681718611
1   1.0380208919904519
1   1.5595943656613356
1   1.9561930087414616
1   2.1952914575562192
1   2.1997128916161781
1   1.4825748321720198
1   2.2909994384034076
1   1.8595608032080899
1   1.4498218600883146
1   1.9383914468869645
1   1.1706170320165392
1   1.5767955984684283
1   1.3938155176284728
1   1.0108649046888971
1   1.0169562646991079
1   1.020083989510385
1   1.988190964590173
1   1.0406085322592278
1   1.8261687682140328
1   1.0759925331662756
1   1.9802010752594303
1   1.0347877117158804
1   1.1654882143953607
1   1.4012582074077
1   2.4179693438234695
1   2.2542074272034731
1   2.4275603116200122
1   2.6450878264159354
1   1.6984651503686812
1   1.7632058696615327
1   2.0728644781482743
1   1.9296626251394482
1   1.4775801064237402
1   1.535385733132351
1   1.3067530424044149
1   1.9807356012224675
1   1.2546840863247775
1   2.0911953405939423
1   2.841652181616769
1   2.4101154827532194
1   1.2429878589925523
1   2.8177646290445408
1   1.8331521940497315
1   1.8866232904654989
1   1.7216329000938697
1   1.4065476090827154
1   1.1086826892915587
1   1.9654495422510063
1   1.0220865247966631
1   1.0301723014722022
1   1.2270207079620719
1   1.1998046627322851
1   1.8023629825925287
1   1.7405030993419683
1   1.1554715927639452
1   1.1252029877958127
1   1.1460875598744553
1   1.9646506617375774
1   1.5677080351506816
1   1.6232172083079521
1   1.8215904960734357
1   1.9723006410699164
1   1.3429861652998651
1   2.4780818518895913
1   1.9490769802400614
1   1.8614977891680691
1   2.9099562671218031
1   1.0169449080016026
1   1.0355590206346243
1   1.0144410049528603
1   1.885186748728152
1   1.0439480299366883
1   1.1682673092857851
1   1.1736827321689429
1   1.1089116569290574
1   1.7996935830503458
1   1.190831438775354
1   1.2339792517334522
1   1.1224810448565998
1   1.8338223065065806
1   1.2383204419352825
1   1.7778661337478958
1   1.9312664409610356
1   1.919088660948113
1   1.2085953663293043
1   1.1792902599446358
1   2.6561099479301795
1   1.7580417273963653
1   1.909055654749432
1   1.2323465077461939
1   1.7636074330247169
1   1.7112918243488542
1   1.4182619652675152
1   1.992289496150788
1   2.284110202670643
1   2.1424857658074412
1   1.3351467430954338
1   2.0537742442103735
1   1.993223866830462
1   1.4373173996342199
1   2.4861371693914451
1   2.4754756680344823
1   2.023271256365085
1   2.870441186081341
1   2.0507162236645611
1   2.9432821096606792
1   2.8302142791943288
1   3.8507551029480895

2   2.0003364044500764
2   2.0005647718471504
2   2.0012717741489428
2   2.1554543476020442
2   2.0108774570204742
2   2.8794489220982951
2   2.0037036624465427
2   2.1223490789178716
2   2.0045287168886605
2   2.8964435551159413
2   2.0015975393560206
2   2.8762815884213229
2   2.0039136672063749
2   2.1369144577063728
2   2.0251422752070942
2   2.012520560637832
2   2.0207226591928138
2   2.0241988919631329
2   2.0165749829424318
2   2.8588297977500847
2   2.1584103785900433
2   2.0042971723298648
2   2.1014200287057228
2   2.956631830174846
2   2.7046423100222885
2   2.6901911147171327
2   2.0363915076347698
2   2.3345556312933859
2   2.2502707232182271
2   2.564466347665403
2   2.5675320109624029
2   2.1271311490652924
2   3.0394051390653054
2   2.5906786484051594
2   2.2807268456376195
2   2.15240887418816
2   2.866487593869349
2   2.5246534878555558
2   2.3368255690508764
2   3.1787549817317746
2   2.3693654236684352
2   2.5277842053224551
2   3.0458825747303422
2   2.3526402032605209
2   2.4332585277975407
2   2.3264250111367124
2   2.2082442227625214
2   2.5701075576668049
2   2.2504591691592717
2   2.1700942096264466
2   2.4221940119203929
2   2.4551333565542626
2   2.013462269453568
2   2.0023376853789552
2   2.0094015560950691
2   2.0089059537397378
2   2.0513603281210973
2   2.1259403294414865
2   2.9048293534619254
2   2.5455997318085388
2   2.3900651464149409
2   2.9463401659848425
2   2.1186410782104228
2   2.0846496853630652
2   2.1601992647759274
2   2.0252890127143788
2   2.2950989418696346
2   2.5308305300597129
2   2.0617109403158631
2   2.9846577759837065
2   2.3689141572066958
2   2.0816302414933547
2   3.1745211142576379
2   2.6533460716447519
2   2.8970867587880802
2   2.1629857792081264
2   2.6877839642228354
2   2.0542279787897297
2   2.0970502686985504
2   2.0983385857575696
2   2.0777484356089211
2   2.6657610289670339
2   2.3338633923217724
2   2.2837443002705724
2   2.2544578270832827
2   2.2074840466548635
2   2.0529085343673281
2   2.75606276963632
2   2.3825358137248984
2   2.0223558806474653
2   2.495070773075613
2   2.0730422679691971
2   2.6675400013252659
2   2.6817840585006634
2   2.7090397398046258
2   2.7050105241253934
2   2.9832139197624823
2   2.3800466315560818
2   2.6488213478657521
2   2.6998892071623586
2   2.0791943304948672
2   2.0032842770368435
2   2.03594556411606
2   2.0375934138059071
2   2.0774178902984715
2   2.2656424645098228
2   2.1386880646490298
2   2.2839678168676252
2   2.5108582770405787
2   2.8052818864418443
2   2.0368645342988172
2   2.0064169762002062
2   2.9802358995698626
2   2.016599724062055
2   2.008979381915498
2   2.0052005390149348
2   2.0164241108495551
2   2.0333764960831626
2   2.0812626608514075
2   2.1955646033192919
2   2.5062788495906969
2   2.3360894468565681
2   2.1558387184560273
2   2.3448384543537606
2   2.1656584905319636
2   2.7774763435446839
2   2.6001576016164858
2   3.2450194508423498
2   2.8669556038048194
2   2.287088197044052
2   3.2245674847577686
2   2.6894246023753987
2   2.2944645236823997
2   2.340641616216895
2   2.7032392698475292
2   2.2845461161176703
2   2.4121540436597524
2   2.3430594318117262
2   2.7108138301969822
2   2.6496934168941735
2   3.7089256443136476
2   2.0190815793854138
2   2.0030133606747635
2   2.0419493856271203
2   2.0033778171538512
2   2.4609043222598754
2   2.4896519381236919
2   2.0586672793585299
2   2.2115165388359355
2   2.1423817836381973
2   2.7682974343223719
2   2.0262539988021104
2   2.001063714877767
2   2.9172523480384225
2   2.6441216738647992
2   2.4333958728516802
2   2.1019631434740504
2   2.0047969121462295
2   2.9915409954368481
2   2.0093879368564931
2   2.0011932960323464
2   2.0059022270267053
2   2.0095292868493404
2   2.012737586614616
2   2.0470829460814826
2   2.8783446645629245
2   2.0089077057886371
2   2.0184565304666853
2   2.1593445799087685
2   3.7713616246670894
2   2.1861569699953654
2   2.2161023833476841
2   2.7114078455153705
2   2.8210694753593759
2   2.9269970521791318
2   2.3690418228303511
2   2.0950343457551455
2   2.030389401096012
2   2.0782997534546479
2   2.0704486169774383
2   2.9524167801466428
2   2.000468513613948
2   2.0062382039924236
2   2.0011144745995435
2   2.0048600053680627
2   2.0021082223153361
2   2.0024608189405524
2   2.0055580394401753
2   2.2006199254639034
2   2.168900284482326
2   2.6394014038543676
2   2.6569652081894479
2   2.2172966739050821
2   2.2141843807613291
2   2.0509474195398378
2   2.0425528498149896
2   2.0016680772281665
2   2.0148097277897121
2   2.587500458336994
2   2.7517575069716371
2   2.386395598367697
2   2.1811168632157134
2   2.1164160970102106
2   2.1365195742662229
2   2.003167177089245
2   2.0513984353025156
2   2.2443823493226587
2   2.2309193340940885
2   2.1375839609311535
2   2.6941465703354468
2   2.8158438509388297
2   2.0016511158802088
2   2.0470795211467361
2   2.0180855633791484
2   3.3367493297034065
2   2.8676588144682995
2   3.0874127665385314
2   2.7670037855788516
2   2.1231000463329814
2   2.0435438235319023
2   2.0023746193074228
2   2.003360974473162
2   2.0008603098836715
2   2.0037310701951485
2   2.0264414474601011
2   2.0021909270287583
2   2.9749269781689005
2   2.0172337905474875
2   2.0034785085698394
2   2.9838486476967354
2   2.0026231986653507
2   2.0053787343730036
2   2.0277310150163124
2   2.0113640051954831
2   2.0249904225386195
2   2.0105122646929439
2   2.833981845458025
2   2.0820653821737514
2   2.1863433660085785
2   2.0578227215640847
2   2.0576753223369706
2   2.3795887533487403
2   2.5643259122342457
2   2.1587982039302989
2   2.1625903575843388
2   2.2188669637281655
2   2.7719114082483998
2   2.9687912593477082
2   2.1863688976722258
2   2.9561793460879371
2   2.8614641630717172
2   3.8682713648680043

3   3.000027865577934
3   3.0000436596018938
3   3.0003929754713772
3   3.0011628002062731
3   3.0001447471101472
3   3.0255193780898497
3   3.0082535554759202
3   3.8530462290335423
3   3.0004773630933026
3   3.154620072357035
3   3.8628013203357412
3   3.1552875121795059
3   3.001236491387707
3   3.0001465993433416
3   3.0052950496187938
3   3.0003815230963138
3   3.0022630907463164
3   3.0001817261750774
3   3.7967625737161965
3   3.0006472400545463
3   3.0251502872798093
3   3.1692606424862189
3   3.0037796267883161
3   3.0519937761777984
3   3.0099287237055457
3   3.0017048995137481
3   3.7651391316715737
3   3.000296524995508
3   3.2670389259218524
3   3.0001024585404488
3   3.0033297293283647
3   3.000051986006123
3   3.0018263579260536
3   3.0035378757500202
3   3.3005405223420099
3   3.0024369153542443
3   3.1879474451738945
3   3.5711189040515388
3   3.0057018216918694
3   3.0061051699244969
3   3.0752016828327946
3   3.0092657015702842
3   3.9309186072085396
3   3.0000786552258591
3   3.0001476102764628
3   3.0002093947724346
3   3.0012396268492383
3   3.0000844844553081
3   3.0000127439689264
3   3.7437805834672258
3   3.0000391367254333
3   3.3034098870085074
3   3.0000124844273635
3   3.002002523490825
3   3.0001322089767606
3   3.0001664518157298
3   3.0000059749038064
3   3.0000245254442879
3   3.0325106895078369
3   3.0000131638670395
3   3.9283343364514662
3   3.0000705327794615
3   3.0579509309146551
3   3.0000316806705922
3   3.000040148956725
3   3.0002094544464879
3   3.0000279100403988
3   3.0000306975395805
3   3.0000172982808153
3   3.1071456432444702
3   3.0000783556969273
3   3.9142995590898728

4   4
4   4
4   4
4   4
4   4
4   4
4   4
4   4
4   4

