-3   3.0000000000000004
-3   3.0000000000000004
-3   3
-3   3
-3   3.0000000000000004
-3   3.0000000000000004
-3   3.0000000000000004

-2   2.0000193033919667
-2   2.0016134439746649
-2   2.0021546295359798
-2   2.0048215751731497
-2   2.0122773720629223
-2   2.9528758728041318
-2   2.0030289314734513
-2   2.0527648043375391
-2   2.9318477548225022
-2   2.0754479607909713
-2   2.0056071650306988
-2   2.0349702820744273
-2   2.0017721976898315
-2   2.3721796446940226
-2   2.0005089752736547
-2   2.0003325462503594
-2   2.1552229846439022
-2   2.5443471273173621
-2   2.0153591861821014
-2   2.0008357477000778
-2   2.9446106266247072
-2   2.0411232975687286
-2   2.0006509464749298
-2   2.025326667877799
-2   2.0000007120313978
-2   2.9925060928459302
-2   2.000104052004724
-2   2.0022423111668766
-2   2.0000516830971145
-2   2.0002109958422367
-2   2.006212419255657
-2   2.0001863803691844
-2   2.933796865620184
-2   2.0000920423589208
-2   2.0838292934351021
-2   2.0000128051061172
-2   2.0002629645620935
-2   2.0012698014672945
-2   2.0000117971617675
-2   2.0810565562752399
-2   2.0000696271985046
-2   2.9396530318912841

-1   1.0059782888548852
-1   1.0758433093399613
-1   1.0079864955583699
-1   1.9477716988797353
-1   1.0103716176532633
-1   1.9846864200707066
-1   1.0142704835867964
-1   1.0691043105097664
-1   1.9559957908964698
-1   1.0299889209853097
-1   1.1005286171016688
-1   1.5631844261464964
-1   1.9302628160223905
-1   1.5534876681849727
-1   2.0939382411587548
-1   2.1890628211026697
-1   1.4283300299781947
-1   1.170871035978631
-1   1.4233520383462641
-1   1.6923854607037385
-1   2.5188570073028682
-1   1.6661056918562669
-1   1.2184174445644809
-1   1.9555279733676425
-1   1.8907784798220315
-1   1.7386645563504808
-1   1.1318822154513222
-1   1.0322532158994571
-1   1.0031470444971153
-1   1.9986855344817611
-1   1.0504116400404893
-1   1.4981636506683809
-1   1.5172370043574341
-1   1.6838733914225266
-1   1.7851822896024143
-1   1.9069937346216337
-1   1.5267100709774795
-1   1.3499600843954322
-1   1.5230023121047136
-1   1.6419329601721295
-1   1.7191709845937249
-1   1.2970786437106776
-1   1.753042829126974
-1   1.8899918574984147
-1   1.0170710387773991
-1   1.1027764262551114
-1   1.6624279195766043
-1   1.4720633855152419
-1   1.0452063115497079
-1   1.9329009263745744
-1   2.9353100789194935
-1   1.029019388950162
-1   1.9909745189505239
-1   1.3789364878629427
-1   1.5582519648877149
-1   1.7943812952884755
-1   1.5542646298075091
-1   1.6852326389625127
-1   1.9719364264225026
-1   1.4235869993041361
-1   2.3881691624872268
-1   1.0024941345090117
-1   1.0495245253098138
-1   1.5935164765536509
-1   1.5285123692294382
-1   1.0040238914316066
-1   1.9705163304231728
-1   1.0038568324871309
-1   1.02119537927516
-1   1.6614296798469392
-1   1.1923501421812037
-1   1.8203650951662111
-1   1.244283066802516
-1   1.0869758148721782
-1   1.2638332827378225
-1   1.9790663900693679
-1   1.9823419096476784
-1   1.0367326917970325
-1   1.0084912931162759
-1   1.0721277184198452
-1   2.3391474381130064
-1   1.7455532295339298
-1   1.0022041390397241
-1   2.1393107619734741
-1   1.3421347099479439
-1   1.8219395840899231
-1   1.0170096916340881
-1   1.005809759686495
-1   1.0026094212425971
-1   1.0077742664872715
-1   1.9952801879211166
-1   1.0249474945155648
-1   1.0085699726513169
-1   1.9777644547728763
-1   1.0225787943487203
-1   1.0154238054819207
-1   1.0638495343777166
-1   1.7995319202113036
-1   1.2572894477186887
-1   1.1835528065875178
-1   1.9411884137355417
-1   1.131681027799176
-1   1.9868660287589126
-1   1.9344434130379482
-1   2.9276447914395707

0   0.015325181904274565
0   1.002258356165171
0   0.38201218002003434
0   1.0026741637183436
0   1.0020028190004959
0   1.8876799768915302
0   1.0013508301110952
0   1.9921506219709255
0   1.0022459584134698
0   0.46494646392144878
0   0.031279943711038483
0   1.0017846246133426
0   1.0224886541175957
0   1.8602317264679722
0   0.026899428884583854
0   1.0054339371625844
0   1.2868320651486391
0   1.9887845531124628
0   1.3177294690161092
0   1.5887063419933072
0   1.3378965718972862
0   2.4090242528589152
0   1.0050465383629759
0   1.9567878189386869
0   1.2903998684580604
0   1.3642366640876944
0   2.2073468401557079
0   1.1136063675533736
0   1.3024954937349336
0   0.51131978727149585
0   1.0340613499419469
0   1.9739553816206246
0   1.7933913313517529
0   1.9453709449574266
0   0.34690161212262616
0   1.0001049145268308
0   0.079068666968199253
0   1.001855844450203
0   1.0173308035744435
0   1.9228059907611672
0   1.0016834809546822
0   1.302123357432039
0   1.3021534833943091
0   0.29854316835756256
0   1.0110683296307281
0   0.84579519578886564
0   1.0005321940719096
0   1.1583870058794281
0   0.98617337973011465
0   2.0282849927437705
0   1.9515476398500997
0   1.0019380987070428
0   1.2342817201551854
0   1.5059201292821323
0   1.2027507153214161
0   1.6332955102419611
0   1.4883498375459614
0   1.8741240614301597
0   1.4157337337295677
0   1.0051308883593126
0   0.06980932672190121
0   1.9863199344855769
0   1.0066151673228019
0   1.0495237960963781
0   1.0425532562636997
0   1.988673618287391
0   1.0011782186182561
0   0.68628032652638038
0   2.951063069599742
0   1.7681872014174456
0   1.0003545959877223
0   1.9870935079562018
0   1.9914811613512788
0   1.0147315779466302
0   0.018866825133369791
0   1.3040676780570004
0   1.3038935659523343
0   0.061449462480735129
0   1.00026725486921
0   2.797507947154064
0   1.3026716656476216
0   1.109218381261462
0   1.9993550150953117
0   1.0025067883773597
0   1.0001001051591745
0   1.0000363624430804
0   1.9967145536850279
0   0.005543785589016248
0   1.001990314802778
0   0.29549463898376516
0   1.0007196648366008
0   0.10862864285133544
0   1.001120748862633
0   0.1184065920116143
0   1.9223478928759281
0   1.9611310519582537
0   1.000142313369438
0   1.0002466158254355
0   1.0036599534792698
0   1.9888207064435415
0   1.9828246257307391
0   1.0271345222984651
0   1.0001549390203017
0   0.12412471768278321
0   0.064829749823213323
0   1.0129994793806023
0   2.6701370757582397
0   1.4905558112028106
0   0.079568881511468681
0   1.0004170922125064
0   1.0337108160940083
0   1.0004751240343503
0   1.9769339180065968
0   1.5700719975551749
0   0.067673684654768862
0   0.017214621087732751
0   1.0001716172172301
0   1.0057360133220838
0   1.0006262261151773
0   1.0034302629617842
0   0.93897930197960533
0   0.059692723327620101
0   1.0000376754225779
0   1.0042148001740434
0   1.6101938564579354
0   1.9798038476906967
0   0.017000332557297382
0   1.0001259419929791
0   0.20047999187191656
0   1.0000362944591217
0   1.0073003757790251
0   1.9995149255561038
0   1.034761577034252
0   0.35563801269861695
0   1.0000133814095229
0   1.9251669015487942
0   1.1270220381955429
0   1.9951912032582704
0   1.9350599536557809
0   2.9217294214624543

1   1.0059782888548858
1   1.0758433093399562
1   1.0079864955583702
1   1.9477716988797416
1   1.0103716176532651
1   1.9846864200707057
1   1.0142704835868011
1   1.0691043105097573
1   1.95599579089648
1   1.0299889209853108
1   1.1005286171016702
1   1.5631844261464649
1   1.9302628160223896
1   1.5534876681850052
1   2.0939382411587855
1   2.1890628211026457
1   1.4283300299781907
1   1.1708710359786498
1   1.4233520383463087
1   1.692385460703755
1   2.5188570073028487
1   1.6661056918562478
1   1.2184174445644573
1   1.9555279733676372
1   1.8907784798220266
1   1.7386645563504821
1   1.1318822154513271
1   1.0322532158994602
1   1.0031470444971156
1   1.9986855344817638
1   1.0504116400404904
1   1.4981636506683906
1   1.5172370043574341
1   1.6838733914225168
1   1.7851822896024152
1   1.906993734621639
1   1.5267100709774764
1   1.3499600843954203
1   1.5230023121047203
1   1.6419329601721202
1   1.7191709845937209
1   1.2970786437106814
1   1.7530428291269788
1   1.8899918574984236
1   1.0170710387773998
1   1.1027764262551103
1   1.6624279195765999
1   1.4720633855152443
1   1.0452063115497054
1   1.9329009263745736
1   2.935310078919497
1   1.0290193889501618
1   1.9909745189505257
1   1.3789364878629415
1   1.5582519648877216
1   1.794381295288475
1   1.5542646298075038
1   1.6852326389625416
1   1.9719364264225092
1   1.4235869993041035
1   2.3881691624872201
1   1.002494134509011
1   1.0495245253098155
1   1.5935164765536549
1   1.5285123692294356
1   1.0040238914316055
1   1.970516330423175
1   1.0038568324871335
1   1.02119537927516
1   1.6614296798469708
1   1.1923501421812237
1   1.8203650951661996
1   1.2442830668024951
1   1.0869758148721749
1   1.2638332827378056
1   1.9790663900693666
1   1.9823419096476775
1   1.0367326917970314
1   1.0084912931162757
1   1.0721277184198541
1   2.3391474381129398
1   1.7455532295339387
1   1.0022041390397245
1   2.1393107619735345
1   1.3421347099479344
1   1.8219395840899364
1   1.0170096916340883
1   1.0058097596864939
1   1.0026094212425984
1   1.0077742664872691
1   1.9952801879211224
1   1.024947494515555
1   1.0085699726513009
1   1.9777644547728799
1   1.022578794348713
1   1.0154238054819245
1   1.0638495343777352
1   1.7995319202113036
1   1.2572894477186727
1   1.1835528065875054
1   1.9411884137355533
1   1.1316810277991589
1   1.9868660287589175
1   1.9344434130379407
1   2.9276447914395738

2   2.0000193033919684
2   2.0016134439746649
2   2.0021546295359816
2   2.004821575173148
2   2.0122773720629215
2   2.9528758728041327
2   2.0030289314734517
2   2.0527648043375351
2   2.9318477548224999
2   2.0754479607909699
2   2.0056071650306984
2   2.0349702820744255
2   2.0017721976898324
2   2.3721796446940258
2   2.0005089752736551
2   2.0003325462503594
2   2.1552229846439062
2   2.5443471273173572
2   2.015359186182101
2   2.0008357477000778
2   2.9446106266247063
2   2.0411232975687299
2   2.0006509464749294
2   2.0253266678777977
2   2.0000007120313974
2   2.9925060928459302
2   2.0001040520047249
2   2.002242311166877
2   2.0000516830971158
2   2.0002109958422376
2   2.0062124192556565
2   2.0001863803691844
2   2.9337968656201854
2   2.0000920423589217
2   2.0838292934351039
2   2.0000128051061186
2   2.0002629645620944
2   2.0012698014672941
2   2.0000117971617675
2   2.0810565562752434
2   2.0000696271985032
2   2.9396530318912815

3   3.0000000000000004
3   3.0000000000000004
3   3
3   3
3   3.0000000000000004
3   3.0000000000000004
3   3.0000000000000004

