-3   3
-3   2.9999999999999996
-3   2.9999999999999996
-3   2.9999999999999996
-3   2.9999999999999996
-3   3.0000000000000004
-3   3.0000000000000004

-2   2.0000595815944608
-2   2.0032151189330389
-2   2.0044511575885591
-2   2.0077012700761161
-2   2.0235635110822758
-2   2.9070588855965029
-2   2.0045797218283385
-2   2.1039850532260411
-2   2.8938448326974653
-2   2.0108884118409982
-2   2.1104152636311491
-2   2.0876013846954917
-2   2.0034020917460702
-2   2.3120688421506048
-2   2.001324799909733
-2   2.0006886755598332
-2   2.153662065915567
-2   2.5562932513316601
-2   2.0326437737296206
-2   2.0019273770381507
-2   2.9146633921917529
-2   2.046919506369993
-2   2.0012556645839026
-2   2.0480752735354408
-2   2.0000027180270861
-2   2.9848972062563517
-2   2.0002049357812952
-2   2.0045707207539194
-2   2.0000976349637969
-2   2.0004028796335676
-2   2.012363796555154
-2   2.0003856108275548
-2   2.8953021848909857
-2   2.0001844754550411
-2   2.1280326348137875
-2   2.0000258329632321
-2   2.0005094440722315
-2   2.0017772980871311
-2   2.0000158525811722
-2   2.1311598543843733
-2   2.0001485106506549
-2   2.9010206415817628

-1   1.0152395597547241
-1   1.1267798611459929
-1   1.0137369935565423
-1   1.9069579981244993
-1   1.0239771974026439
-1   1.9694335991777177
-1   1.0266733603110501
-1   1.2320996903757975
-1   1.842582474740099
-1   1.0668221197824801
-1   1.1766969294903655
-1   1.4981748372403429
-1   1.876778716775513
-1   1.6148869361550084
-1   2.1885140715647817
-1   1.5087561952119168
-1   1.9790120811455485
-1   1.2744273415249565
-1   1.4989201164254284
-1   2.1969437864979717
-1   1.6857529865636449
-1   1.6841818171706051
-1   1.2792133747589525
-1   2.1823871825108885
-1   1.8128148738538861
-1   1.7385536057170619
-1   1.2098383011475782
-1   1.0567469006360111
-1   1.0060021044325644
-1   1.9957739424423275
-1   1.1388911257154899
-1   1.4759174778702551
-1   1.4562583162735581
-1   1.6624537740278758
-1   1.7736278186146088
-1   1.9239709070617845
-1   1.5290659480169122
-1   1.3672901514510682
-1   1.5141125245168019
-1   1.6446179949841948
-1   1.711788346260529
-1   1.2985959742184643
-1   1.7454691055556961
-1   1.8925692396064036
-1   1.0380430460889085
-1   1.1719065986749275
-1   1.5573326427504406
-1   1.6022765559726726
-1   1.0650168153144091
-1   1.8842177259276673
-1   2.8915448710710279
-1   1.0683664572240397
-1   1.8444359064818419
-1   1.4752221714671319
-1   1.6308484284207694
-1   1.7644242675470161
-1   1.6164258035514778
-1   1.9239495629134749
-1   1.9582184456353344
-1   1.1026649324632616
-1   2.3902542507540603
-1   1.0062154394021452
-1   1.077156104311606
-1   1.5059303572085727
-1   1.5594582461766664
-1   1.0825842733936786
-1   1.9542830094147563
-1   1.0073226500174501
-1   1.0399472096604983
-1   1.6034659583278836
-1   1.8221719029994752
-1   1.0995619465329582
-1   1.1742828614189196
-1   1.1828274705557082
-1   1.415079525506197
-1   1.9595286295493279
-1   1.9653012613642495
-1   1.021559186123653
-1   1.083832461969795
-1   1.6419150243341574
-1   1.7003633730219061
-1   1.5685357615888673
-1   2.4087919720136477
-1   1.0052110237063689
-1   1.3891698861753277
-1   1.828112458363746
-1   1.0165699056757824
-1   1.0100751154158922
-1   1.0053392143693503
-1   1.0158946639160382
-1   1.9886844242115904
-1   1.0513801610182887
-1   1.0198486480236839
-1   1.9531286481565098
-1   1.044494945767948
-1   1.0373861186488378
-1   1.1326782951603931
-1   1.5758451441224102
-1   1.4679253424372452
-1   1.251193879719724
-1   1.1889377118463202
-1   1.9258882125204773
-1   1.9778775012118905
-1   1.8921769414827025
-1   2.8904707809848835

0   0.041435001476756605
0   1.0061315877712729
0   0.558313074172609
0   1.0036056696776703
0   1.0059275641655963
0   1.8029992646467932
0   1.0023480447943243
0   1.9839828321477362
0   1.0063811412981671
0   0.62166729708395829
0   0.064924691637113563
0   1.0036642634021358
0   1.0378369641722283
0   1.7890133763515537
0   0.051363862419449013
0   1.3203898388430797
0   1.0134306352438465
0   1.9708462132312365
0   1.2904023681647505
0   1.8521547542635148
0   1.0098228769310984
0   2.3212355727842193
0   1.0063060648485016
0   1.3920791020634971
0   1.9212293833664451
0   1.9409439621726361
0   1.3485406134792175
0   1.1936021152705591
0   1.3159268430359075
0   0.96958991248628279
0   2.1819289096502175
0   1.0630239432478628
0   1.9149369559027631
0   1.4963932654062855
0   0.53286235812611538
0   1.00027207632207
0   1.0036931882502962
0   0.13296164123493381
0   1.0332937862129254
0   1.8246875061905974
0   1.0033195585596126
0   1.3017834884496464
0   1.3018869365266825
0   0.55007793270626326
0   1.0140686298737214
0   0.84892171557468732
0   1.0010546324983296
0   1.1550774570550892
0   0.98805368079616507
0   2.031564806479532
0   1.9513925375912167
0   1.0038444941188136
0   1.2205547834060742
0   1.5042170070098404
0   1.2053389509703551
0   1.6391518818063662
0   1.4837024065804167
0   1.8688603472053154
0   1.413682006030347
0   1.01069742130188
0   1.9681517927143859
0   0.13209649107741395
0   1.014685504039605
0   1.0941120112569995
0   1.0589182455988502
0   1.9770126310362612
0   1.0028296765492155
0   0.79375463001522917
0   2.9159583679978067
0   1.7179430324205169
0   1.0005493672527581
0   1.9800555829632365
0   1.9815099505413292
0   1.0249762808935896
0   1.3019385119178739
0   1.305855374591756
0   0.05419653237910238
0   0.11040996488763954
0   1.000511910079968
0   2.7537350396668239
0   1.303096824298464
0   1.1847069463750828
0   1.9987065478364943
0   1.0051060762923065
0   1.0002152655033252
0   1.9937575685525823
0   1.0000876569699442
0   0.011308078351491391
0   1.0041313599856256
0   0.50402016467375432
0   1.0013963204842788
0   0.15932576073589133
0   1.0020234234456213
0   0.26974962211499076
0   1.84412254350321
0   1.9183204057372194
0   1.0003746117474741
0   1.0003967735770123
0   1.0091958315954672
0   1.9770491147267428
0   1.9619525655209675
0   1.0591467032653981
0   1.0002896737372176
0   0.30356465030486091
0   0.12534679674974669
0   1.078177544984714
0   1.5905270267231484
0   2.4430969762183423
0   0.18030994231160002
0   1.000770949742898
0   0.8057340022703523
0   1.0009884557919093
0   1.9441633941959795
0   1.8074933559369435
0   0.085877656094084598
0   0.03740320770072747
0   1.0004697401026701
0   1.0114779773589362
0   1.0010967182868589
0   0.9621816900861675
0   1.006574181876656
0   0.11647697919080457
0   1.0097868043424392
0   1.0002163789624483
0   1.5997698793970412
0   1.9562405408776531
0   0.034116570871337015
0   1.0003536985501478
0   0.3739217859073104
0   1.0202636719307643
0   1.0000763924350047
0   1.9989800077374187
0   0.42861829284180919
0   1.0619232335506334
0   1.0000263243559089
0   1.8763858334360242
0   1.1702504320064133
0   1.9901214965149476
0   1.9095454160300767
0   2.8795039497225914

1   1.0152395597547228
1   1.1267798611459905
1   1.0137369935565403
1   1.9069579981244944
1   1.0239771974026419
1   1.9694335991777181
1   1.0266733603110501
1   1.2320996903758239
1   1.8425824747400807
1   1.0668221197824763
1   1.1766969294903618
1   1.4981748372403685
1   1.8767787167755157
1   1.6148869361549996
1   2.1885140715647955
1   1.5087561952119186
1   1.9790120811455201
1   1.2744273415249565
1   1.4989201164253956
1   2.196943786497882
1   1.6857529865637679
1   1.6841818171706238
1   1.2792133747589636
1   2.1823871825108681
1   1.8128148738538767
1   1.7385536057170698
1   1.2098383011475884
1   1.056746900636012
1   1.0060021044325667
1   1.995773942442328
1   1.1388911257154908
1   1.4759174778702544
1   1.4562583162735574
1   1.6624537740278851
1   1.7736278186146128
1   1.9239709070617872
1   1.5290659480168989
1   1.3672901514510807
1   1.5141125245168094
1   1.644617994984189
1   1.7117883462605241
1   1.2985959742184672
1   1.7454691055556957
1   1.8925692396063996
1   1.0380430460889101
1   1.1719065986749277
1   1.5573326427504388
1   1.6022765559726748
1   1.0650168153144088
1   1.8842177259276678
1   2.8915448710710319
1   1.0683664572240381
1   1.8444359064818556
1   1.4752221714671363
1   1.6308484284207507
1   1.7644242675470192
1   1.616425803551476
1   1.923949562913474
1   1.9582184456353291
1   1.1026649324632607
1   2.3902542507540638
1   1.0062154394021452
1   1.077156104311606
1   1.5059303572085732
1   1.5594582461767064
1   1.0825842733936277
1   1.9542830094147523
1   1.0073226500174512
1   1.0399472096604963
1   1.6034659583278845
1   1.8221719029996182
1   1.0995619465327466
1   1.1742828614189285
1   1.1828274705557109
1   1.4150795255061819
1   1.9595286295493257
1   1.9653012613642522
1   1.0215591861236497
1   1.0838324619697917
1   1.6419150243342431
1   1.7003633730219194
1   1.5685357615887905
1   2.4087919720136401
1   1.0052110237063692
1   1.3891698861753106
1   1.8281124583637447
1   1.0165699056757844
1   1.0100751154158936
1   1.0053392143693503
1   1.0158946639160413
1   1.9886844242116104
1   1.0513801610182973
1   1.019848648023653
1   1.9531286481565049
1   1.0444949457679489
1   1.0373861186488447
1   1.1326782951603032
1   1.5758451441225336
1   1.4679253424371874
1   1.2511938797197519
1   1.1889377118463134
1   1.9258882125204679
1   1.9778775012119043
1   1.8921769414826928
1   2.8904707809848715

2   2.00005958159446
2   2.0032151189330398
2   2.0044511575885586
2   2.0077012700761134
2   2.0235635110822754
2   2.9070588855965038
2   2.0045797218283363
2   2.1039850532260411
2   2.8938448326974666
2   2.0108884118409982
2   2.1104152636311486
2   2.0876013846954944
2   2.0034020917460702
2   2.3120688421506053
2   2.0013247999097334
2   2.0006886755598332
2   2.1536620659155461
2   2.5562932513316761
2   2.0326437737296215
2   2.0019273770381503
2   2.9146633921917533
2   2.0469195063699934
2   2.0012556645839021
2   2.0480752735354399
2   2.0000027180270874
2   2.9848972062563526
2   2.0002049357812961
2   2.0045707207539203
2   2.000097634963796
2   2.0004028796335671
2   2.012363796555154
2   2.0003856108275544
2   2.8953021848909857
2   2.0001844754550415
2   2.1280326348137892
2   2.0000258329632326
2   2.0005094440722324
2   2.0017772980871329
2   2.0000158525811722
2   2.1311598543843688
2   2.0001485106506536
2   2.9010206415817632

3   3
3   2.9999999999999996
3   2.9999999999999996
3   2.9999999999999996
3   2.9999999999999996
3   3.0000000000000004
3   3.0000000000000004

