0   -37.7872   0.051879   0.0293496   0.0858757   0.174014   0.0176219   0.282519   0.0176219   0.174014   0.0858757   0.0293496   0.051879   
1   -48.192   0.0112014   0.0271569   0.0662755   0.12283   0.173552   0.197968   0.173552   0.12283   0.0662755   0.0271569   0.0112014   
2   -49.1277   0.00956686   0.0245627   0.0644702   0.123721   0.175934   0.20349   0.175934   0.123721   0.0644702   0.0245627   0.00956686   
3   -49.256   0.0142888   0.0345661   0.0772432   0.123177   0.161499   0.178451   0.161499   0.123177   0.0772432   0.0345661   0.0142888   
4   -49.1914   0.0143573   0.034225   0.0788778   0.122512   0.162729   0.1746   0.162729   0.122512   0.0788778   0.034225   0.0143573   
5   -49.1255   0.0119861   0.0294644   0.0753862   0.121836   0.171964   0.178727   0.171964   0.121836   0.0753862   0.0294644   0.0119861   
6   -49.1914   0.0143573   0.034225   0.0788778   0.122512   0.162729   0.1746   0.162729   0.122512   0.0788778   0.034225   0.0143573   
7   -49.256   0.0142888   0.0345661   0.0772432   0.123177   0.161499   0.178451   0.161499   0.123177   0.0772432   0.0345661   0.0142888   
8   -49.1277   0.00956686   0.0245627   0.0644702   0.123721   0.175934   0.20349   0.175934   0.123721   0.0644702   0.0245627   0.00956686   
9   -48.192   0.0112014   0.0271569   0.0662755   0.12283   0.173552   0.197968   0.173552   0.12283   0.0662755   0.0271569   0.0112014   
10   -37.7872   0.051879   0.0293496   0.0858757   0.174014   0.0176219   0.282519   0.0176219   0.174014   0.0858757   0.0293496   0.051879   
