0   -33.9669   0.052108   0.0294833   0.0858006   0.173955   0.0175808   0.282146   0.0175808   0.173955   0.0858006   0.0294833   0.052108   
1   -43.0234   0.011293   0.0273471   0.0664757   0.122846   0.173265   0.197547   0.173265   0.122846   0.0664757   0.0273471   0.011293   
2   -43.7163   0.00964034   0.024767   0.0646201   0.12372   0.175777   0.202951   0.175777   0.12372   0.0646201   0.024767   0.00964034   
3   -43.7407   0.0154839   0.0356164   0.0790353   0.121355   0.160684   0.17565   0.160684   0.121355   0.0790353   0.0356164   0.0154839   
4   -43.6427   0.0133077   0.0336888   0.0756515   0.124891   0.161736   0.181449   0.161736   0.124891   0.0756515   0.0336888   0.0133077   
5   -43.6203   0.00927425   0.0230291   0.0672761   0.12261   0.180066   0.195489   0.180066   0.12261   0.0672761   0.0230291   0.00927425   
6   -43.6427   0.0133077   0.0336888   0.0756515   0.124891   0.161736   0.181449   0.161736   0.124891   0.0756515   0.0336888   0.0133077   
7   -43.7407   0.0154839   0.0356164   0.0790353   0.121355   0.160684   0.17565   0.160684   0.121355   0.0790353   0.0356164   0.0154839   
8   -43.7163   0.00964034   0.024767   0.0646201   0.12372   0.175777   0.202951   0.175777   0.12372   0.0646201   0.024767   0.00964034   
9   -43.0234   0.011293   0.0273471   0.0664757   0.122846   0.173265   0.197547   0.173265   0.122846   0.0664757   0.0273471   0.011293   
10   -33.9669   0.052108   0.0294833   0.0858006   0.173955   0.0175808   0.282146   0.0175808   0.173955   0.0858006   0.0294833   0.052108   
