-4   4.0000000000000009
-4   4
-4   4
-4   4
-4   4
-4   4
-4   4
-4   4
-4   4

-3   3.0000321572219804
-3   3.0000509662624184
-3   3.000443444414497
-3   3.0013302381186873
-3   3.0002911802205503
-3   3.0300728251002482
-3   3.0091871172993825
-3   3.8330844237524149
-3   3.0005359803339586
-3   3.1734658934106208
-3   3.8549626066518856
-3   3.162996521735713
-3   3.0014333414805563
-3   3.0001633016522757
-3   3.0058754416788722
-3   3.0004334669746004
-3   3.0025825299331528
-3   3.0002128118319944
-3   3.790771698381934
-3   3.0007208872770943
-3   3.0282471502819774
-3   3.1661178109479087
-3   3.0042575917361121
-3   3.0589011081035937
-3   3.0115468882987129
-3   3.0018184333583631
-3   3.7635494564252623
-3   3.0003345831368184
-3   3.2665046805985041
-3   3.0001160902541057
-3   3.0037993149080355
-3   3.0000589993765416
-3   3.0020596442343126
-3   3.0043361932778412
-3   3.2981062594288248
-3   3.0024825513790372
-3   3.2230047775651962
-3   3.5393882754065498
-3   3.0064485931206564
-3   3.0068670102572299
-3   3.0834547520644522
-3   3.0103303112124644
-3   3.9229407933646741
-3   3.0000896471495841
-3   3.0001656259582434
-3   3.0002385920269696
-3   3.0014049294816285
-3   3.0000933952404818
-3   3.0000146926923827
-3   3.7118001893763797
-3   3.0000442818471158
-3   3.3383845210384355
-3   3.0000143450086525
-3   3.0022559319733206
-3   3.0001508471384759
-3   3.0001893144858229
-3   3.0000069947055086
-3   3.0000277315147397
-3   3.0361460918879448
-3   3.0000155025265389
-3   3.9213949451050087
-3   3.000079519981715
-3   3.0629231475470666
-3   3.0000361820529649
-3   3.0000457677174466
-3   3.0002423998180263
-3   3.0000308650537777
-3   3.0000098462825759
-3   3.000018135678618
-3   3.1152305277987415
-3   3.0000912914489506
-3   3.9076589566371336

-2   2.0003913642651594
-2   2.0007164167587108
-2   2.0015515265012653
-2   2.1669235316910509
-2   2.0123675697435695
-2   2.8697625068587334
-2   2.0043314338514513
-2   2.1309846344463406
-2   2.0050473164495761
-2   2.8879077664090249
-2   2.0019376722155706
-2   2.8754307752149293
-2   2.0044062396841329
-2   2.134078995884467
-2   2.0291214860087901
-2   2.0143347831472007
-2   2.0263086196138174
-2   2.0293300625934325
-2   2.0169624897616685
-2   2.841118158151922
-2   2.1740883374313142
-2   2.0049786409333037
-2   2.1120432634426916
-2   2.9518403585628188
-2   2.6897290636220448
-2   2.6580376767743368
-2   2.0428630447182985
-2   2.3642618523672381
-2   2.2556056915373386
-2   2.656067845469209
-2   2.4571179666311922
-2   2.1445513204970856
-2   3.014142027877877
-2   2.5932181671119716
-2   2.1844456715425888
-2   2.2483305177079806
-2   2.8678197462573944
-2   2.5674076618376498
-2   2.3672711237409225
-2   3.1247671081919504
-2   2.4977740002160336
-2   2.371489534989732
-2   3.0343920232467925
-2   2.3738329399274849
-2   2.4798967224082671
-2   2.3245800961733196
-2   2.1884986280132779
-2   2.5395742746858487
-2   2.2713972986096866
-2   2.2214801292218898
-2   2.3577400656525174
-2   2.5004592006261488
-2   2.0149997917134335
-2   2.0026585639408796
-2   2.0105329720511267
-2   2.0101808431207862
-2   2.0497561140534151
-2   2.1441574279527589
-2   2.8935964882446212
-2   2.5123892073471383
-2   2.403385565046988
-2   2.9273691609407457
-2   2.1570603468542879
-2   2.0977464187349133
-2   2.1996065652880019
-2   2.0277860585464706
-2   2.5385210576417712
-2   2.2748252410043492
-2   2.9428068895445501
-2   2.0711783388887985
-2   2.3503848686649089
-2   2.0782369880313869
-2   3.0829094296980806
-2   2.765091519721282
-2   2.806912391376605
-2   2.2818847597947105
-2   2.6785342325273005
-2   2.0612726175260008
-2   2.1121039588825754
-2   2.1399260167440008
-2   2.06622180828546
-2   2.6059996851195675
-2   2.3544039300759105
-2   2.2983933283932778
-2   2.2560658033759378
-2   2.2199092478993006
-2   2.0456607783819316
-2   2.756293609310192
-2   2.3422432530316808
-2   2.0276627153663433
-2   2.5265814444976562
-2   2.0802812108798086
-2   2.663714170366025
-2   2.6790463004714979
-2   2.7091480574106219
-2   2.7051491861699444
-2   2.9815868564032391
-2   2.3805564648194335
-2   2.6327175976340942
-2   2.6991311143777117
-2   2.1005647806839907
-2   2.0037689325162606
-2   2.0485910646257111
-2   2.0464607016317795
-2   2.0752334535448971
-2   2.2570793427997695
-2   2.1378616492582392
-2   2.2573281941099959
-2   2.5333291254490753
-2   2.797557189503117
-2   2.0417774190959483
-2   2.0069659634682657
-2   2.9771550120214636
-2   2.0185921328221905
-2   2.0105026105825079
-2   2.0065155734299038
-2   2.0194624621785251
-2   2.038814641977682
-2   2.1050015981466719
-2   2.2368735874358419
-2   2.4926114511575781
-2   2.310020645823375
-2   2.1674798464288951
-2   2.2805820023743841
-2   2.2278241486871799
-2   2.8038378926922172
-2   2.5499796554250587
-2   3.2229060443543824
-2   2.8896608661698644
-2   2.2752807574765419
-2   3.2132809586942748
-2   2.6942336467026768
-2   2.3068661836117532
-2   2.3839104424589213
-2   2.7102752750584935
-2   2.2279645351395265
-2   2.4161653505121263
-2   2.3628951831840128
-2   2.693091156615484
-2   2.6972924250386794
-2   3.6661480586768516
-2   2.0209387542867741
-2   2.0034149621329145
-2   2.0498719878263767
-2   2.0039819526041609
-2   2.463880413743162
-2   2.0626375085955546
-2   2.4705551626449282
-2   2.2171430705900441
-2   2.158927528852483
-2   2.7561203362247615
-2   2.0310220813336892
-2   2.0012377041199763
-2   2.9098804404967167
-2   2.6285360244132367
-2   2.449733027426289
-2   2.1103528471548332
-2   2.0052817536263245
-2   2.9906025953152997
-2   2.0104595903629852
-2   2.0013974723601264
-2   2.0069012903132091
-2   2.0114345798843472
-2   2.014454936841918
-2   2.0537016782270001
-2   2.8599248689857575
-2   2.0104904222494024
-2   2.0191836612746923
-2   2.181675661507207
-2   3.7403075945441682
-2   2.1930239901700546
-2   2.2220320732487919
-2   2.7201145681001542
-2   2.8140706559904687
-2   2.9210894030531458
-2   2.3689660163309405
-2   2.1231542252669571
-2   2.0305175487231559
-2   2.0794714685632809
-2   2.0785575719510732
-2   2.9467417072538629
-2   2.0005235482430042
-2   2.0074933464932592
-2   2.0012646756859214
-2   2.0055161628098439
-2   2.0023917155543636
-2   2.0028193043490985
-2   2.006258422893223
-2   2.1994119868791078
-2   2.1699210155768847
-2   2.6155882674797666
-2   2.6350509868811964
-2   2.221698831890099
-2   2.2080350711142835
-2   2.0820978139559236
-2   2.0682594734182005
-2   2.0019081636081677
-2   2.0170187925557097
-2   2.6112649379931052
-2   2.7361384911567677
-2   2.3485032508942685
-2   2.1874453807539447
-2   2.1287998107899537
-2   2.1484092984097924
-2   2.0034272919544338
-2   2.0540509054176752
-2   2.2655185286774433
-2   2.232807587319519
-2   2.1256979236590903
-2   2.6870076401820318
-2   2.8138076961308411
-2   2.002091580646558
-2   2.0538297144207682
-2   2.0201036347500159
-2   3.2866180103251303
-2   2.859688559972442
-2   3.1376787682106149
-2   2.7603529085037395
-2   2.1376882343587811
-2   2.0370722186565402
-2   2.0025333605922491
-2   2.0038090732604807
-2   2.0009816599555297
-2   2.0041977652691205
-2   2.0302168832711374
-2   2.0025190760097846
-2   2.971366855478081
-2   2.0197053724872873
-2   2.0039594298556627
-2   2.9815182756938543
-2   2.0029603847134259
-2   2.0059686991044705
-2   2.0319019650238168
-2   2.0135916522909394
-2   2.029711074724482
-2   2.010847889053029
-2   2.8057987181653949
-2   2.0868841583239495
-2   2.217829569598357
-2   2.0621254873383612
-2   2.0606558592246005
-2   2.305668426038892
-2   2.6216455159514664
-2   2.1678175897459617
-2   2.1465914852181087
-2   2.2349553702297027
-2   2.7705259976940941
-2   2.9662064984844831
-2   2.209465253446826
-2   2.9518581317340438
-2   2.8512584147883491
-2   3.8579136842757213

-1   1.0445009392361735
-1   1.1054762570467023
-1   1.1396413366764278
-1   1.5756560643019291
-1   1.0676073885610231
-1   1.5264327935368427
-1   1.3518624890487378
-1   1.3573748216841055
-1   1.1385464748316712
-1   1.7469345248232253
-1   1.9106690998519533
-1   1.2401792160073526
-1   1.8612782729187431
-1   1.789108176680744
-1   1.0438843923939403
-1   2.8159768633038604
-1   1.9082801874516768
-1   1.3477007086906163
-1   1.1228635866734411
-1   2.0736661678543977
-1   1.820570973288373
-1   2.7397867956463768
-1   1.3604718778564315
-1   1.1526999261893132
-1   1.8705972682833392
-1   1.028253174670468
-1   1.4766198348007431
-1   2.469650128822404
-1   1.6665504753667761
-1   2.1224954414179589
-1   1.0662764911756439
-1   1.3655473018864659
-1   1.6728840328245314
-1   1.463183783309175
-1   1.0955187060881424
-1   1.72534974346563
-1   1.4705035415931655
-1   1.5572246440004731
-1   1.367724628889329
-1   1.6244217925657578
-1   1.7872594869645346
-1   1.2196941560700667
-1   1.6527327320878653
-1   1.3744758565943347
-1   1.3924990631947256
-1   2.709439612844625
-1   1.1368983270716535
-1   1.2961811918705968
-1   1.6911630881084077
-1   1.4505851465485162
-1   1.1274272013555182
-1   1.8325561602803786
-1   1.772155189131071
-1   1.9251311871587506
-1   1.3871762994621499
-1   1.9479699260301615
-1   1.9813438608304743
-1   2.0684883876914286
-1   2.0674201013823104
-1   2.2259625381626482
-1   2.662074334017845
-1   1.8340177637302322
-1   1.5937637158569138
-1   1.8803577448714863
-1   3.0159228172747494
-1   2.0620750029079997
-1   1.8621105220882761
-1   1.8230103955035157
-1   1.4973638393282651
-1   1.8684096286293497
-1   2.2351610105598407
-1   1.7541143444499023
-1   2.3331016004593104
-1   2.5792583705252383
-1   2.1956176242808585
-1   1.5172267130431489
-1   1.77183451534991
-1   1.5752768077281853
-1   1.9487224975988409
-1   1.5630786561676255
-1   1.7548075176420794
-1   2.7079162767807801
-1   2.0336450225757732
-1   2.1591783895468653
-1   2.1335161978401698
-1   1.8235880133599105
-1   1.3879673914063977
-1   2.804398679679573
-1   1.8566822864418562
-1   2.1825993721187906
-1   1.6303716409242384
-1   1.4062364829853409
-1   1.5586381895191774
-1   1.8187871767932502
-1   1.3014838382850589
-1   2.2050865244395199
-1   1.898748983913078
-1   1.6134215047278424
-1   1.099374681259109
-1   2.0056221347347156
-1   1.2693892136196325
-1   1.7612591321865856
-1   2.7925130909072919
-1   1.7024749396355405
-1   1.9893232142163373
-1   1.1952589506248452
-1   1.346591879125032
-1   1.1934620590169414
-1   1.9336793744297296
-1   1.4075923593420596
-1   1.6135710305465221
-1   1.7663163082984674
-1   1.8965985904094729
-1   1.2058360480332393
-1   1.1357051368870663
-1   1.0957893183527436
-1   1.8927348037244953
-1   2.0896108904210533
-1   1.947751410257343
-1   2.2409124272042242
-1   2.2232470961413475
-1   1.6788715584105907
-1   1.5804708450871758
-1   2.3850094920426406
-1   1.4339274407890572
-1   2.5874658294823685
-1   1.4557831072629859
-1   1.2862623853313575
-1   1.784815039308512
-1   1.8558586502152035
-1   1.7886138822410094
-1   1.7544591402789846
-1   1.7045472790745304
-1   1.5486037302583315
-1   1.4237440032448483
-1   1.7114289332708359
-1   1.423459793374855
-1   1.5096449555303559
-1   1.8048640286097384
-1   2.0655692853150662
-1   1.6678203694622793
-1   1.5493199798212922
-1   1.8071944647349634
-1   1.9734377640169662
-1   2.4288367253720886
-1   1.9514380785886831
-1   2.1504108036019645
-1   2.8640696820060341
-1   1.5258449998417287
-1   1.4342185246141728
-1   2.5600674644461128
-1   2.4347099433475523
-1   1.7209881988870515
-1   1.7255696881875111
-1   1.6953904261760804
-1   1.9552198142113606
-1   1.5409893211988388
-1   1.4771168803555439
-1   1.7124200381134904
-1   1.6609596438672893
-1   2.2539485579338208
-1   1.6841070816554073
-1   1.4315058717709859
-1   1.4536944122678392
-1   2.4017836496299463
-1   1.7147972823260687
-1   2.1560082658454691
-1   1.3669191585787048
-1   1.5640716924670413
-1   1.6021874447942697
-1   1.4388930276969896
-1   1.3654026778068031
-1   1.6323289764502986
-1   1.3691714121601659
-1   2.3133105968944934
-1   1.5498800273965458
-1   2.2785911327294799
-1   2.1368141784935197
-1   1.7649992825834646
-1   2.2150533937541503
-1   1.8558362575485523
-1   1.9080556866084417
-1   1.7328408036401184
-1   1.7653247680782189
-1   1.1919585204287024
-1   1.1030393415840518
-1   2.2141984357621056
-1   2.2069892717516089
-1   1.0606091821788262
-1   3.0799448241963607
-1   1.7972143486951784
-1   1.5244180645874232
-1   2.6798245486233747
-1   1.2308253948572139
-1   2.5353056292049718
-1   2.3698818590460995
-1   1.5837712894738187
-1   2.7504723245561102
-1   1.8914835119046747
-1   1.2077038698614495
-1   1.4696465585522296
-1   1.5907130190024201
-1   1.0787518385403796
-1   1.8833198930922372
-1   1.1016080962410413
-1   1.5713051141068202
-1   1.354441620617179
-1   1.2456727938477139
-1   1.7024907464856072
-1   1.2190314737945365
-1   1.9764468960540884
-1   1.7146595619906666
-1   2.0015448344560096
-1   1.8597109596974177
-1   1.3288679148860338
-1   1.7333558148394874
-1   1.5154638456047014
-1   1.415011949174982
-1   2.1864537459814075
-1   1.607819155930843
-1   2.1822536439099736
-1   1.9108424703635065
-1   2.0055262711513886
-1   1.9249488115997533
-1   1.2758831633703847
-1   1.3941171602255449
-1   1.2053316886365724
-1   1.823226795367201
-1   2.0048486378569588
-1   2.0816486984656914
-1   1.8546137979838195
-1   1.3019982643651762
-1   1.2314736636744399
-1   1.7083450646527636
-1   1.7115481415578424
-1   1.4274138702941821
-1   1.7135686473519036
-1   1.5008976389301614
-1   1.6670652215146986
-1   1.387660443708534
-1   1.8141548039721211
-1   1.9208429837189409
-1   2.2421810609833748
-1   1.9610325772933681
-1   1.8165796592145504
-1   1.8342211507739656
-1   2.4162798404818489
-1   2.0839748008912404
-1   2.078995743536066
-1   1.6343088171386473
-1   1.9655720833054144
-1   2.7454440988330147
-1   2.3673273864049338
-1   2.0178915944563318
-1   2.635692452405074
-1   1.476291136006483
-1   3.1651379274839777
-1   2.18163664833616
-1   1.805997641573351
-1   2.3967959357966011
-1   1.8047175588918494
-1   1.5330807476973263
-1   2.2767159304908064
-1   2.2858468663056906
-1   1.495949176254779
-1   1.5431905581873293
-1   1.8059159645757048
-1   2.2975232699693184
-1   2.4101424812090739
-1   2.1349989102650255
-1   2.3714838800200435
-1   1.6458195023173285
-1   3.7450056435466097
-1   1.1296758489736431
-1   1.9114276067912521
-1   1.1502364240937593
-1   1.243744425463623
-1   1.0905506965106229
-1   1.7780268624561431
-1   1.131393812659018
-1   1.3453176654336001
-1   1.6900581619369155
-1   1.9239443373319198
-1   1.2753015552901779
-1   1.3919392505557227
-1   2.0013131561348714
-1   1.5415369856840573
-1   2.5196786696121163
-1   1.5991307078992993
-1   1.7645237315113298
-1   1.9096782975557898
-1   1.7381631596603673
-1   2.898410995306838
-1   1.3141010673677602
-1   1.9774517544187109
-1   1.0175326034508472
-1   1.0344238245668651
-1   1.6656964442841695
-1   1.0090623403321286
-1   1.45037640347195
-1   1.063863497768166
-1   1.7518075976527543
-1   1.7652563859981401
-1   2.2284191396927477
-1   2.3703417605212111
-1   1.8945538091929524
-1   2.1641453794874077
-1   1.6660206643638165
-1   1.9289220354071062
-1   1.9614441679574832
-1   1.1999166802876033
-1   1.4231813098413975
-1   2.3027454590999352
-1   1.8142360839856888
-1   1.921722698080587
-1   1.2141932635250592
-1   1.3933196226868048
-1   1.8029835956096543
-1   1.8790333098730643
-1   1.8577331654854228
-1   2.0263451095583851
-1   1.8796832740921769
-1   1.1583682630407255
-1   2.4298878740167029
-1   1.1980092737647727
-1   1.8103308871496684
-1   2.0690010088226169
-1   1.8127053629551448
-1   1.1836329370765126
-1   1.1951347100480025
-1   1.5020896657860359
-1   1.516633639310339
-1   3.4461605643655115
-1   1.6080767913656686
-1   1.2536469372452204
-1   1.7881559138908241
-1   1.4900929207429685
-1   1.9515557034095097
-1   1.8589403488841079
-1   1.2886144113411877
-1   1.9054761333721082
-1   2.0983861699135011
-1   2.6663855594475248
-1   1.5573768601319378
-1   1.3324950245379625
-1   2.013810528984159
-1   2.0207579923198109
-1   1.9760247501956152
-1   1.992314977181604
-1   1.3825026934060773
-1   1.611258273872834
-1   1.0634071339272946
-1   1.1154969849430154
-1   1.6125265537221845
-1   1.8104013130152952
-1   2.8422499049070415
-1   1.7118988908348522
-1   1.0252870242225165
-1   1.3571531297335024
-1   1.7250594632212075
-1   1.7822310994239889
-1   1.7977423148701699
-1   1.4425695632167397
-1   1.0126982647557023
-1   1.6161796419428454
-1   1.9318995011226701
-1   1.9613552365270848
-1   1.0083608393643055
-1   1.0060954418979737
-1   1.0509599173012671
-1   1.4678702173117233
-1   1.0412548599842977
-1   1.6266398376653295
-1   2.1890133924846267
-1   2.1289529979031023
-1   1.4865393679688241
-1   1.4725086179231146
-1   1.2150016118326881
-1   1.3260514182064884
-1   2.5245104107122383
-1   2.606347710831721
-1   1.0707253209337666
-1   1.1684416912874178
-1   1.7214320678939301
-1   1.9126325424129313
-1   1.7842832169956484
-1   1.316860384792603
-1   1.1927843582068416
-1   1.2436230471112732
-1   1.83147548028195
-1   1.8728564538594616
-1   1.8378550947906347
-1   1.0849842162546055
-1   1.0373047002726816
-1   1.0948799820333519
-1   1.0799697612351569
-1   1.0523050932754154
-1   1.5785473822722111
-1   1.9387161454700665
-1   2.125990532568335
-1   2.1644094251409642
-1   1.4017342175483511
-1   2.3588409559435899
-1   1.8923465106915267
-1   1.4419479668319168
-1   1.966553347692328
-1   1.166485053833364
-1   1.5939424501418729
-1   1.4105338019390368
-1   1.0123377973663927
-1   1.02082676116682
-1   1.0227682095099864
-1   1.9859723299380354
-1   1.0479349924878716
-1   1.8218293245303223
-1   1.0934872258704629
-1   1.983639428844127
-1   1.0350718956289608
-1   1.202033701051388
-1   1.41477221128988
-1   2.3718587351728799
-1   2.2433493496848356
-1   2.4293203686706892
-1   2.6095705353975136
-1   1.730809533219265
-1   2.0169674470350243
-1   2.076565580743936
-1   1.6676170107685042
-1   1.4616983183800316
-1   1.5605769281176367
-1   1.2533366293906665
-1   1.9742619285684775
-1   1.272525401444967
-1   2.4248048245766127
-1   2.5262728996537591
-1   2.4274351971698183
-1   1.2368594620950852
-1   2.8191120869449424
-1   1.8221473014128806
-1   1.9316621766836435
-1   1.7243636977091223
-1   1.4274767145460157
-1   1.1201607791258494
-1   1.9631447219112301
-1   1.0252843837079066
-1   1.0356172201448268
-1   1.2312489102120241
-1   1.2040256540689211
-1   1.7929463016352556
-1   1.5819798554649593
-1   1.3403910826046883
-1   1.1393598189008027
-1   1.1713648924059539
-1   1.9588094092362516
-1   1.5183510186878202
-1   1.6732439823953222
-1   1.8232024553484694
-1   1.9667382948891934
-1   1.3531654390693644
-1   2.4766235181922887
-1   1.941623188867112
-1   1.8619883402671049
-1   2.9004376704949277
-1   1.0193203137856606
-1   1.0401325703236328
-1   1.0171452592575272
-1   1.8654449813455773
-1   1.0513476662670249
-1   1.1961659640805526
-1   1.1874964132133279
-1   1.1315743380600893
-1   1.7750340873684256
-1   1.1837209223515643
-1   1.2622170270704165
-1   1.1423570320024681
-1   1.8151433004994888
-1   1.2708026723020995
-1   1.7488311137914545
-1   1.9172085401274916
-1   1.9106695995374663
-1   1.1540958598086128
-1   1.2721321613809748
-1   2.5816006585360274
-1   1.8755972880643665
-1   1.8436390758902332
-1   1.3347729275162035
-1   1.7089326984284483
-1   1.6777833307997572
-1   1.5008069600027398
-1   1.9920911790226676
-1   2.180744592367458
-1   1.3506783494549728
-1   2.2328081990483803
-1   2.0549728500287432
-1   1.9937686528203087
-1   1.4856111394706601
-1   2.4198180475984561
-1   2.5270310408821386
-1   2.0253020861156932
-1   2.8583621944218209
-1   2.0534607600276642
-1   2.9376690787701412
-1   2.8197557605735954
-1   3.8397942760007773

0   0.049428286384459841
0   1.0039276443443117
0   0.82866525554104564
0   1.0600669623109042
0   1.0037747427288917
0   0.97896828410586156
0   1.0212767868924464
0   0.21603912596919206
0   1.6358064155014285
0   1.0505624555828024
0   1.0044643282435146
0   1.9954900585425963
0   0.65400879313981064
0   1.0308469066797625
0   1.0054361962609966
0   1.3121182264149189
0   1.6283427351637254
0   1.947592960962691
0   1.7654841837092299
0   2.770394987142645
0   1.0024482499797316
0   1.5463229560490066
0   1.0047537537456039
0   1.1911467355160852
0   1.1409005070639271
0   1.8425600131388169
0   1.8501878149717799
0   2.7475191371866021
0   0.7167418933467733
0   1.1143220640078779
0   1.2543230992379109
0   1.7571636159456254
0   0.37605618379357764
0   1.1354788225326315
0   1.003699269980421
0   0.76381442732325344
0   2.6409903366924175
0   0.090711423284032922
0   1.8525595751202881
0   1.6068017112927513
0   1.4479372890054509
0   1.0032804743300012
0   0.81453204750246222
0   1.9347376475622791
0   1.1296287127565934
0   1.0033673518009822
0   1.9902734574674952
0   1.1662588706681909
0   0.34443127875818724
0   1.6556871115273002
0   1.38637901822077
0   1.014112101480481
0   1.8132303405059398
0   1.9224717649640399
0   1.0550605503844179
0   1.1838731582804938
0   1.4951821754598975
0   1.0267872113831313
0   0.41966331140141488
0   1.091168559204106
0   2.3394331607791563
0   1.4585510851119605
0   1.1165644679320439
0   1.045221793118952
0   1.0292846679374374
0   1.4760814798389736
0   1.1896878219233133
0   1.8008290935032947
0   2.1635507577814912
0   1.2331018852670319
0   1.4188584180234145
0   1.0604313739136269
0   1.0917253100065476
0   1.8672335765263131
0   1.6012460847884498
0   2.6190476799700813
0   1.1223323480017271
0   1.0483584060296531
0   1.7584775346927204
0   2.4218714845864753
0   2.1076829383036353
0   1.6541660961906728
0   1.5731779349876982
0   3.2124468822237295
0   1.8256719659509622
0   1.9372056103327315
0   1.3828387319942392
0   2.0600765298934629
0   1.6030710783742927
0   1.422203417502121
0   2.3416186011707683
0   2.0233881217752701
0   1.5717016018741301
0   1.8399188568061722
0   1.8167975887173373
0   1.6486774218532538
0   2.0489125890040509
0   0.79159696581904804
0   2.030412064836808
0   1.257417440697151
0   1.9539099022379118
0   1.2753055905306612
0   1.747430519306111
0   2.2189080716799046
0   1.3679767910914804
0   1.7978765251572471
0   1.6144515632139567
0   1.6496818383911331
0   2.2321706661517302
0   1.5470129483944324
0   2.0201887247973755
0   1.6623260122928198
0   1.5524375439745537
0   1.7391716031645506
0   1.9941489146629787
0   1.2304226762525581
0   1.5247784547105212
0   1.6486147023685174
0   1.1069264412855992
0   1.2004043297411806
0   1.6189192467919153
0   2.644942359476969
0   1.39864951433633
0   1.7074446551689064
0   0.71602284681753892
0   1.2759013571421893
0   2.5968046538737912
0   1.5346805486867234
0   1.1427988604643151
0   1.4849611540124525
0   1.1689867102876133
0   1.0184306207003362
0   1.2837578210261824
0   1.5026260102116678
0   0.54716221392137276
0   1.0407370650981052
0   1.0589740552154474
0   1.519036115129873
0   1.0073214213588748
0   1.9658019505533306
0   1.380847274426779
0   1.9425485924308634
0   1.0290424879929365
0   1.161259318866541
0   1.6523502020218235
0   0.26744232175935623
0   1.0099173711061527
0   1.848021765365909
0   1.8516940891155249
0   2.530071280232332
0   1.4343652057806597
0   1.9140138680812995
0   1.1774933375867391
0   2.0928467626315048
0   1.4933844826305114
0   1.8393591165145167
0   1.8219848711251769
0   0.84156628492432772
0   2.3026016657034254
0   1.471870935408935
0   1.2712366052146706
0   0.58090262643715862
0   1.1127108451290331
0   1.1572588204400118
0   1.865032503110537
0   1.9868843542795123
0   1.922159064087769
0   1.2224869311458131
0   1.1881423967955052
0   1.1466024025703563
0   1.6648979970932385
0   1.5610179221782601
0   1.6523422358450675
0   1.7219322574873503
0   2.1112668923160878
0   1.6427036836703528
0   1.1906539522289532
0   1.8705030630032842
0   1.3720328423638781
0   2.1053619571185922
0   1.3781909938007824
0   1.0686160334438148
0   2.3072243198614171
0   2.3835198021806505
0   1.1819330615694896
0   1.7629629665640021
0   1.8435484687246948
0   2.6666142440321963
0   2.2529279413958867
0   1.001857722782403
0   1.479268381537197
0   1.5438842348042727
0   1.119001635390944
0   1.7956155889782428
0   1.6597231664194814
0   1.189044461775574
0   1.6905112584785429
0   1.8768978238151863
0   1.9591375796133312
0   1.4488784518332123
0   1.6292602522883604
0   1.1587585315176911
0   1.4865264648608818
0   1.3295094541581367
0   1.468294235456902
0   1.5849221326964589
0   0.56994442252307076
0   2.3240879323018504
0   2.0336770576098147
0   1.1243274685236884
0   1.2749275709272596
0   1.4449112498052263
0   1.4525790319954546
0   1.5958519850494794
0   1.0625746765812978
0   2.0305598237829088
0   1.950088253799513
0   0.86353852296270439
0   1.556965948159585
0   1.5630736303956212
0   1.9073484482537588
0   1.2447403745668433
0   1.3694683435289614
0   1.33754135302357
0   1.952904438411271
0   1.6541785626012659
0   1.8987346593581229
0   2.112605715534877
0   1.7185054765680761
0   1.0168646204391398
0   1.0424090193069186
0   1.0319452496254795
0   1.5536649607720703
0   1.9846748141578576
0   2.0082211063580924
0   1.957022951146925
0   1.1054377180801815
0   0.32681995807778252
0   2.3552381098718524
0   2.4355519625470921
0   1.5555209669440004
0   1.5561486501269823
0   2.2150964275820084
0   2.3254166268540777
0   1.0583027614490241
0   2.4114575716447333
0   2.3618860773651837
0   1.0635533323850641
0   0.8843525462898898
0   1.9437857968037098
0   1.0170715879589387
0   0.10554789035796941
0   1.017176830543832
0   0.57537908806284599
0   1.5115145929069942
0   1.9309927584730042
0   1.0248816902193971
0   1.0095259945602824
0   1.9608939945520132
0   1.1000393388309899
0   1.3574745996311404
0   1.8607810733527228
0   1.3251976619472197
0   1.2511335284699807
0   1.0382126870896047
0   1.3069458111089391
0   1.3789520975964089
0   1.2718678261127254
0   1.2084165942340368
0   0.50210876165818563
0   1.6235461872584556
0   1.0054662406952326
0   1.039826027299513
0   0.83868407249802623
0   1.6112059898414222
0   2.1633969689634225
0   2.6889742534522685
0   1.1097020111439342
0   1.9849779413487929
0   1.9390550708894603
0   1.4958788650847885
0   0.63423122884662719
0   1.0173565263550763
0   1.6788847172193542
0   1.0246526966666296
0   1.9740651294261458
0   2.5710147607630054
0   1.5470910570754621
0   1.8666325812096405
0   1.0187097518903589
0   1.0235144699080707
0   1.4410524504521567
0   1.6616892978654301
0   1.3633408223138519
0   1.9290686943686461
0   1.2489426074215508
0   1.6554482505494406
0   1.0634011119564295
0   1.237839783939749
0   1.5960254949022334
0   1.7766344915951588
0   1.3114282383702056
0   1.8460335060819202
0   1.5715884712977335
0   1.4035013410983954
0   1.9315602629420634
0   1.6039786693201612
0   1.9063014778280492
0   1.8116029888402112
0   1.209861066912661
0   2.7197151667005488
0   2.2894442840019025
0   2.127015595661367
0   1.9836610590508115
0   2.8228729583193006
0   1.2057000497526444
0   3.27269662265123
0   1.8957911467534405
0   1.9149216107087801
0   2.7469137456796751
0   1.7240179632424399
0   1.8302278850847045
0   1.4291355482024719
0   1.4897058102730862
0   0.604199838388219
0   1.0999759495143351
0   2.3219893297876761
0   1.9992800227955736
0   1.9825147563847483
0   2.1239017514148375
0   1.2966729923840836
0   2.4536790770880259
0   1.9621989956379644
0   2.4188394912779789
0   1.9555324620278669
0   1.0953004954587122
0   0.51479734963979107
0   1.019087666964706
0   3.7999152128190383
0   1.0309075585855254
0   1.9200891480895947
0   0.41677316282257337
0   1.0547058641242339
0   1.0019346280029
0   1.7957173158990805
0   1.016331171202689
0   0.40884000264152576
0   1.4840767079273762
0   1.0547925200862169
0   1.3955242961626906
0   1.7686127477999878
0   1.095593737895233
0   0.57731840581821903
0   1.0706720480865057
0   1.86472629315108
0   1.9603476265896194
0   1.3413819230476784
0   2.3444144110482674
0   1.8205181911291417
0   1.0146698178978131
0   0.83446779102181945
0   1.4898078477471626
0   2.942914530965441
0   1.6730873565307558
0   1.0053774189283717
0   1.5491468733310505
0   1.0486800402028089
0   1.0168637867341723
0   1.0227398918544632
0   0.88829508681843516
0   1.0057791075874529
0   1.6437170649652089
0   1.005818932920431
0   1.3924208891737977
0   1.38755084290844
0   1.1743604044511771
0   1.7205786367988152
0   1.6548078528769921
0   1.7476195017485048
0   1.6767875274121602
0   2.108523275792574
0   2.5448154788186481
0   1.0499905651747474
0   1.6115276552671123
0   1.0648616246533089
0   1.0067699757283228
0   1.0486269178220762
0   1.3249947372084765
0   2.8424438291572325
0   1.3281706359619028
0   1.3243071886256585
0   1.8365780542577701
0   1.7802023392026594
0   1.0069145879037928
0   1.0217895131370833
0   1.9825157090161292
0   1.9916830102225576
0   1.4040976507714182
0   1.7289325248611247
0   1.0031626021002431
0   2.8203659923204429
0   0.75402182935895756
0   0.33114392912793855
0   1.0387333681687425
0   1.7574114793172066
0   1.6164382455456323
0   1.0053609837149191
0   1.9877071948037233
0   1.0932898663343273
0   1.8586950539906715
0   0.96786326936628342
0   2.9199308871224985
0   1.5544355128062515
0   1.5579921695940846
0   1.1438634886485017
0   2.3766126456218646
0   1.1933366655475091
0   1.0492433563321584
0   1.071774585022262
0   1.4044376305529507
0   2.5305662644538174
0   0.89301912510208403
0   1.1440481064134889
0   1.0179314409217368
0   1.536937284679567
0   1.4199320544223319
0   1.2443697183275884
0   1.8238417721208653
0   1.7848239801837917
0   2.5071345497374731
0   1.9946658018028272
0   2.2140852081829685
0   1.2358381513204781
0   1.2735488355531723
0   0.58659027631420546
0   0.67336813434840259
0   1.6623540383064692
0   1.9841059064427293
0   1.3957409980585791
0   1.0056357813540771
0   1.0058942932623625
0   2.6160672266036378
0   1.7415813588200875
0   1.0140131025025056
0   1.0036950433830649
0   0.78163454908420626
0   0.42693523715058679
0   1.0061293023504141
0   1.9873355377038271
0   1.9703162593130084
0   1.9940273849546157
0   1.001325444269737
0   1.0047017328703769
0   1.9685213147123455
0   1.9160421731945596
0   1.0060061805415197
0   1.0008631018939615
0   0.06850968254593881
0   1.0538776747158447
0   0.036427382254882512
0   0.075149155448027694
0   0.62426784104040678
0   1.049107257036614
0   1.0061626055329589
0   1.7871606857825593
0   0.39975463941136447
0   1.9276728353048966
0   2.9322482709562885
0   2.8424044259122336
0   1.852782348138085
0   1.0323626652031721
0   1.0008131765351416
0   1.2703229595792616
0   1.0633740105070419
0   1.988015668295152
0   1.9119608689571357
0   1.0052736379017944
0   1.0131773119439544
0   1.3330964239885255
0   1.1169341596016666
0   1.0496889264282649
0   1.9215915098621705
0   0.55739157395394079
0   1.0034280705048348
0   1.0039672258979413
0   1.9778687276329858
0   1.916153054974298
0   1.0867188950296747
0   0.36690873827457926
0   1.0370945914755858
0   0.30674679061638377
0   1.007116536580112
0   1.0098280327659468
0   0.11434473887739904
0   1.0142207581249152
0   0.97734160610416732
0   0.32844690349774208
0   1.4868472708433258
0   0.45510199889078828
0   2.5111368332217952
0   1.5422428604621095
0   1.6814873400032262
0   1.675713624137718
0   2.2428443689528716
0   1.6574904213848387
0   0.4610415220931523
0   1.9797972714243772
0   1.9515763826573238
0   1.1749441285787714
0   1.0538421935034861
0   1.1309681010569366
0   0.073770002529106371
0   0.083827599617640858
0   1.0060569179742813
0   1.0047192567081693
0   0.62488835064503556
0   1.0071225139554907
0   1.7800090005959883
0   0.95013348637729766
0   1.0281154652190043
0   1.0141480042101769
0   1.9591290175667839
0   1.2362499557029287
0   1.0602803633836664
0   1.6317302102445486
0   0.64445904602487869
0   1.0071958969000989
0   2.6470951950589514
0   1.9169510626808117
0   2.690733631772174
0   1.7709200554501772
0   0.86456700048444279
0   1.0227712749987903
0   1.8610743525636768
0   1.8481394015497856
0   1.4284647510772626
0   2.1348054299079808
0   1.3869084371248919
0   2.5429082682880271
0   0.50203824308645051
0   1.5826071218082562
0   1.5912727286982871
0   1.3028599103738192
0   0.63207342678401557
0   1.3252736301845551
0   1.972236803769031
0   1.9194346041145347
0   3.023152240499198
0   1.534665894137679
0   1.4140314484874659
0   1.9797869291820009
0   1.9945975722201208
0   1.2163167965328598
0   1.3470439670954564
0   1.1038258910759002
0   1.9172998572690862
0   0.072736800724223283
0   1.0061594426832454
0   1.0064009272432082
0   0.53394144641118402
0   0.33347774288066756
0   1.0084265081501931
0   1.016874485569234
0   1.176577521980672
0   1.5219081938908436
0   1.8651251656838306
0   1.7784303042502638
0   1.0089440181173697
0   1.1282713120841963
0   1.0313195402569602
0   1.9164163236035514
0   1.4901730844818624
0   1.3019726928327369
0   1.006389021112132
0   1.1557741438591482
0   1.4129313123308556
0   2.8504473269831778
0   1.9634046918897252
0   1.8001656708527687
0   0.072882130134088507
0   2.8978257093014044
0   0.12978555992997753
0   1.0015070227877187
0   1.0103628434348977
0   1.0025015401931789
0   0.17294264156788519
0   1.9818929130199665
0   1.0220588523457428
0   0.13934236887661056
0   1.0277706706549534
0   1.0254185700132614
0   0.44707278665673933
0   1.0171509697175167
0   1.9801054797922317
0   1.0486409862600166
0   1.1797053525798851
0   1.0177291017045584
0   1.6969086574311749
0   0.88175562109481853
0   1.0619705202295042
0   1.903716802819706
0   1.6946177787161005
0   1.9271598482384236
0   0.56274246096111824
0   1.1244589123482922
0   2.6974749939474787
0   1.0304505023406079
0   1.0137533722464227
0   1.0475463192539205
0   1.991422634466256
0   1.431329724916425
0   1.8479138656320999
0   1.9873069631763332
0   1.0998228069795211
0   1.569673659701404
0   1.9892330547938268
0   1.40432800263386
0   2.4488714193930128
0   1.0902765969663029
0   1.9395563515394123
0   1.836754813447802
0   1.3503785584789703
0   2.9195062201632891
0   2.0438155188165292
0   1.9826064737728997
0   2.8139520215952274
0   2.0324292169222558
0   2.9436336383223662
0   2.8294019129579486
0   3.8312533559563438

1   1.0445009392362359
1   1.1054762570467074
1   1.1396413366764062
1   1.5756560643019606
1   1.067607388561064
1   1.5264327935368391
1   1.3518624890487227
1   1.3573748216840511
1   1.1385464748316196
1   1.7469345248231791
1   1.9106690998519569
1   1.2401792160073981
1   1.8612782729187476
1   1.7891081766807453
1   1.0438843923939432
1   2.8159768633038702
1   1.9082801874516098
1   1.3477007086905355
1   1.1228635866733585
1   2.0736661678544817
1   1.8205709732885169
1   2.7397867956463906
1   1.3604718778563378
1   1.1526999261893027
1   1.8705972682833494
1   1.0282531746704593
1   1.4766198348004191
1   2.4696501288224
1   1.6665504753670564
1   2.122495441417807
1   1.0662764911756195
1   1.365547301886687
1   1.6728840328244723
1   1.4631837833092001
1   1.0955187060882448
1   1.7253497434656326
1   1.4705035415931813
1   1.5572246440004553
1   1.3677246288893528
1   1.6244217925657245
1   1.787259486964492
1   1.2196941560701455
1   1.6527327320876117
1   1.3744758565943476
1   1.392499063194949
1   2.7094396128446747
1   1.1368983270716511
1   1.2961811918706296
1   1.691163088108333
1   1.4505851465484347
1   1.1274272013555533
1   1.8325561602804306
1   1.7721551891311016
1   1.9251311871587045
1   1.387176299462205
1   1.9479699260300407
1   1.9813438608306662
1   2.0684883876913434
1   2.0674201013823397
1   2.225962538162535
1   2.6620743340179769
1   1.8340177637303223
1   1.5937637158566544
1   1.8803577448714361
1   3.0159228172752077
1   2.0620750029074593
1   1.862110522088265
1   1.8230103955034744
1   1.4973638393278461
1   1.8684096286296614
1   2.2351610105600703
1   1.7541143444496861
1   2.3331016004593699
1   2.5792583705252152
1   2.195617624280688
1   1.5172267130433621
1   1.771834515349767
1   1.5752768077283728
1   1.9487224975987996
1   1.5630786561674177
1   1.7548075176420794
1   2.7079162767811291
1   2.0336450225757949
1   2.1591783895465504
1   2.1335161978402244
1   1.8235880133594331
1   1.3879673914063568
1   2.8043986796799074
1   1.8566822864419334
1   2.1825993721187436
1   1.630371640924261
1   1.4062364829853262
1   1.5586381895191512
1   1.8187871767932653
1   1.3014838382850835
1   2.2050865244396483
1   1.8987489839129998
1   1.6134215047276403
1   1.0993746812592544
1   2.0056221347346623
1   1.2693892136196512
1   1.761259132186678
1   2.7925130909072835
1   1.7024749396355277
1   1.9893232142163364
1   1.1952589506249633
1   1.3465918791249347
1   1.1934620590169793
1   1.933679374429738
1   1.4075923593449511
1   1.6135710305438868
1   1.7663163082984723
1   1.8965985904094858
1   1.2058360480332377
1   1.1357051368870563
1   1.0957893183527412
1   1.8927348037245078
1   2.0896108904209818
1   1.9477514102573625
1   2.2409124272042513
1   2.2232470961413866
1   1.6788715584106151
1   1.5804708450871847
1   2.3850094920425833
1   1.4339274407890437
1   2.5874658294824031
1   1.4557831072629719
1   1.2862623853315529
1   1.7848150393083642
1   1.8558586502152163
1   1.7886138822409858
1   1.7544591402790619
1   1.7045472790744625
1   1.5486037302582845
1   1.423744003244946
1   1.7114289332708292
1   1.4234597933748177
1   1.5096449555303448
1   1.8048640286097442
1   2.0655692853150982
1   1.6678203694622487
1   1.5493199798212891
1   1.8071944647350628
1   1.9734377640170462
1   2.4288367253719434
1   1.9514380785887719
1   2.150410803601821
1   2.8640696820061176
1   1.5258449998417323
1   1.4342185246141874
1   2.5600674644461083
1   2.4347099433474968
1   1.7209881988870293
1   1.7255696881874996
1   1.695390426176127
1   1.9552198142113677
1   1.5409893211988308
1   1.4771168803555221
1   1.7124200381135104
1   1.6609596438672853
1   2.2539485579339171
1   1.6841070816552763
1   1.4315058717710263
1   1.4536944122678317
1   2.4017836496299494
1   1.7147972823261277
1   2.1560082658454212
1   1.3669191585786364
1   1.5640716924670421
1   1.6021874447943416
1   1.43889302769697
1   1.3654026778068189
1   1.6323289764503102
1   1.3691714121602696
1   2.3133105968945271
1   1.5498800273964197
1   2.2785911327294279
1   2.1368141784935042
1   1.7649992825834802
1   2.2150533937541619
1   1.8558362575485781
1   1.9080556866082383
1   1.7328408036401588
1   1.765324768078425
1   1.1919585204286423
1   1.1030393415841104
1   2.2141984357620794
1   2.2069892717515671
1   1.0606091821788171
1   3.0799448241963647
1   1.7972143486951944
1   1.5244180645874361
1   2.6798245486233951
1   1.2308253948572259
1   2.5353056292050167
1   2.3698818590460502
1   1.583771289473805
1   2.7504723245561054
1   1.8914835119047138
1   1.2077038698613878
1   1.4696465585523313
1   1.5907130190023233
1   1.0787518385403685
1   1.8833198930922381
1   1.1016080962410257
1   1.5713051141068628
1   1.3544416206171563
1   1.2456727938477463
1   1.702490746485577
1   1.2190314737945582
1   1.9764468960540933
1   1.7146595619905756
1   2.0015448344559892
1   1.8597109596974013
1   1.3288679148860547
1   1.7333558148394537
1   1.5154638456047107
1   1.415011949174982
1   2.1864537459815279
1   1.6078191559307027
1   2.1822536439100557
1   1.9108424703634719
1   2.0055262711513819
1   1.9249488115997688
1   1.2758831633703929
1   1.3941171602255711
1   1.2053316886365659
1   1.8232267953671903
1   2.0048486378569081
1   2.0816486984657443
1   1.8546137979838377
1   1.3019982643651595
1   1.2314736636744517
1   1.7083450646527627
1   1.7115481415578455
1   1.4274138702942125
1   1.7135686473518796
1   1.5008976389300877
1   1.6670652215147728
1   1.3876604437085203
1   1.8141548039721163
1   1.9208429837189267
1   2.2421810609833672
1   1.9610325772933916
1   1.8165796592145971
1   1.8342211507739878
1   2.4162798404818013
1   2.0839748008912609
1   2.0789957435360389
1   1.6343088171386757
1   1.9655720833053802
1   2.7454440988330515
1   2.3673273864049431
1   2.0178915944562692
1   2.635692452405066
1   1.4762911360064985
1   3.1651379274839875
1   2.1816366483361644
1   1.8059976415733328
1   2.3967959357965944
1   1.804717558891864
1   1.5330807476972939
1   2.2767159304907389
1   2.2858468663056848
1   1.4959491762549988
1   1.5431905581873169
1   1.8059159645756964
1   2.2975232699693473
1   2.4101424812090331
1   2.1349989102650055
1   2.3714838800200573
1   1.6458195023173161
1   3.7450056435465919
1   1.1296758489736698
1   1.9114276067912455
1   1.1502364240937504
1   1.2437444254636356
1   1.0905506965106262
1   1.7780268624561435
1   1.1313938126590186
1   1.3453176654335932
1   1.6900581619369177
1   1.9239443373319154
1   1.2753015552901341
1   1.3919392505557229
1   2.0013131561348785
1   1.5415369856840653
1   2.5196786696121092
1   1.5991307078993473
1   1.7645237315113427
1   1.9096782975557867
1   1.7381631596603833
1   2.8984109953068389
1   1.3141010673677427
1   1.9774517544187171
1   1.0175326034508447
1   1.0344238245668647
1   1.66569644428415
1   1.0090623403321297
1   1.4503764034719762
1   1.0638634977681638
1   1.7518075976527676
1   1.7652563859981218
1   2.2284191396927375
1   2.3703417605212547
1   1.8945538091929586
1   2.1641453794873868
1   1.6660206643637778
1   1.9289220354071195
1   1.9614441679574761
1   1.1999166802876049
1   1.423181309841419
1   2.3027454590999552
1   1.8142360839856622
1   1.9217226980805759
1   1.2141932635250601
1   1.3933196226867903
1   1.8029835956096489
1   1.8790333098730616
1   1.857733165485405
1   2.026345109558398
1   1.8796832740921627
1   1.1583682630407419
1   2.4298878740166776
1   1.1980092737648356
1   1.8103308871496275
1   2.0690010088226374
1   1.8127053629552305
1   1.1836329370765024
1   1.1951347100479308
1   1.5020896657860265
1   1.5166336393103212
1   3.4461605643654325
1   1.6080767913658089
1   1.253646937245207
1   1.7881559138908605
1   1.4900929207430087
1   1.9515557034094897
1   1.8589403488842247
1   1.2886144113412545
1   1.9054761333719403
1   2.0983861699136037
1   2.6663855594475576
1   1.5573768601318898
1   1.3324950245378613
1   2.0138105289841426
1   2.0207579923197709
1   1.9760247501956054
1   1.9923149771816098
1   1.3825026934061104
1   1.6112582738728727
1   1.0634071339272957
1   1.1154969849428769
1   1.6125265537222386
1   1.8104013130152774
1   2.8422499049070713
1   1.711898890834779
1   1.0252870242225178
1   1.3571531297335897
1   1.725059463221164
1   1.7822310994240165
1   1.7977423148701797
1   1.4425695632166933
1   1.0126982647557059
1   1.6161796419428858
1   1.9318995011227047
1   1.9613552365270492
1   1.0083608393643051
1   1.0060954418979737
1   1.0509599173012749
1   1.4678702173116698
1   1.041254859984305
1   1.6266398376653952
1   2.1890133924845996
1   2.1289529979030775
1   1.4865393679689061
1   1.4725086179233147
1   1.2150016118325289
1   1.3260514182063474
1   2.5245104107122627
1   2.6063477108317135
1   1.0707253209337497
1   1.1684416912874673
1   1.7214320678938222
1   1.912632542413006
1   1.7842832169955365
1   1.3168603847926699
1   1.1927843582067976
1   1.2436230471111069
1   1.8314754802820992
1   1.8728564538595012
1   1.8378550947906493
1   1.0849842162546119
1   1.0373047002726878
1   1.0948799820333475
1   1.0799697612351598
1   1.0523050932753699
1   1.5785473822721299
1   1.9387161454700528
1   2.1259905325684256
1   2.1644094251410024
1   1.4017342175484813
1   2.3588409559434971
1   1.8923465106914801
1   1.4419479668319604
1   1.966553347692312
1   1.1664850538332927
1   1.5939424501418973
1   1.4105338019390854
1   1.0123377973663976
1   1.0208267611668278
1   1.0227682095099668
1   1.9859723299380314
1   1.0479349924878842
1   1.8218293245303481
1   1.0934872258705033
1   1.9836394288439934
1   1.0350718956289175
1   1.2020337010512636
1   1.4147722112903742
1   2.3718587351727081
1   2.2433493496848387
1   2.4293203686706613
1   2.6095705353974803
1   1.7308095332185056
1   2.0169674470349328
1   2.0765655807445564
1   1.6676170107686361
1   1.4616983183800736
1   1.5605769281175967
1   1.2533366293906623
1   1.9742619285685201
1   1.2725254014450902
1   2.4248048245763609
1   2.5262728996539856
1   2.4274351971698134
1   1.2368594620949918
1   2.8191120869449215
1   1.8221473014128957
1   1.9316621766838198
1   1.7243636977091024
1   1.427476714545959
1   1.1201607791258232
1   1.9631447219112124
1   1.0252843837078973
1   1.0356172201448113
1   1.2312489102120103
1   1.2040256540689493
1   1.792946301635173
1   1.5819798554694797
1   1.3403910825994876
1   1.1393598189009704
1   1.1713648924058799
1   1.9588094092363812
1   1.5183510186882945
1   1.673243982394871
1   1.8232024553485644
1   1.966738294889173
1   1.3531654390691683
1   2.4766235181921887
1   1.9416231888671263
1   1.8619883402672479
1   2.9004376704949419
1   1.019320313785673
1   1.0401325703236495
1   1.0171452592575385
1   1.8654449813453891
1   1.0513476662671102
1   1.1961659640807207
1   1.1874964132131425
1   1.1315743380599552
1   1.7750340873684007
1   1.1837209223516734
1   1.262217027070671
1   1.1423570320023744
1   1.8151433004995301
1   1.2708026723022658
1   1.7488311137914185
1   1.917208540127576
1   1.9106695995373419
1   1.154095859809257
1   1.2721321613803549
1   2.5816006585357223
1   1.8755972880648688
1   1.8436390758907217
1   1.3347729275156821
1   1.7089326984281414
1   1.6777833307995311
1   1.5008069600028957
1   1.9920911790226778
1   2.18074459236743
1   1.3506783494550114
1   2.2328081990485029
1   2.0549728500287499
1   1.9937686528203278
1   1.4856111394706413
1   2.4198180475989335
1   2.5270310408816039
1   2.0253020861157331
1   2.858362194421844
1   2.0534607600277024
1   2.9376690787701434
1   2.8197557605735639
1   3.8397942760007542

2   2.0003913642651603
2   2.0007164167587135
2   2.0015515265012609
2   2.1669235316910642
2   2.012367569743565
2   2.8697625068587214
2   2.0043314338514451
2   2.1309846344463041
2   2.0050473164495783
2   2.8879077664090627
2   2.0019376722155666
2   2.8754307752148565
2   2.004406239684136
2   2.1340789958845607
2   2.0291214860087838
2   2.0143347831471963
2   2.0263086196137645
2   2.0293300625934321
2   2.0169624897616698
2   2.8411181581519593
2   2.1740883374313249
2   2.0049786409333037
2   2.1120432634426889
2   2.9518403585628228
2   2.6897290636220283
2   2.6580376767744656
2   2.0428630447183083
2   2.3642618523671164
2   2.2556056915373586
2   2.6560678454689994
2   2.4571179666313956
2   2.1445513204970426
2   3.0141420278778543
2   2.5932181671119992
2   2.1844456715425467
2   2.2483305177079558
2   2.8678197462573793
2   2.5674076618376573
2   2.3672711237409794
2   3.1247671081919233
2   2.4977740002160598
2   2.3714895349897542
2   3.0343920232467529
2   2.3738329399274334
2   2.4798967224083621
2   2.3245800961733751
2   2.1884986280132277
2   2.5395742746858159
2   2.2713972986097306
2   2.2214801292219599
2   2.3577400656524312
2   2.5004592006261768
2   2.0149997917134335
2   2.0026585639408774
2   2.0105329720511236
2   2.0101808431207848
2   2.0497561140533618
2   2.1441574279527553
2   2.8935964882446634
2   2.5123892073471517
2   2.4033855650469724
2   2.9273691609407426
2   2.1570603468542893
2   2.0977464187349053
2   2.1996065652879913
2   2.0277860585464866
2   2.5385210576417654
2   2.2748252410043701
2   2.9428068895445496
2   2.0711783388888008
2   2.3503848686649489
2   2.0782369880313429
2   3.0829094296980197
2   2.7650915197213366
2   2.8069123913784049
2   2.2818847597925882
2   2.6785342325272801
2   2.0612726175260003
2   2.1121039588825825
2   2.1399260167439489
2   2.0662218082854613
2   2.6059996851195999
2   2.3544039300759239
2   2.2983933283932942
2   2.2560658033759298
2   2.2199092478992877
2   2.0456607783819387
2   2.7562936093102115
2   2.3422432530316435
2   2.0276627153663185
2   2.5265814444976931
2   2.0802812108798139
2   2.6637141703660174
2   2.6790463004715028
2   2.709148057410629
2   2.7051491861699049
2   2.9815868564033066
2   2.3805564648194153
2   2.6327175976340764
2   2.699131114377713
2   2.1005647806839889
2   2.0037689325162602
2   2.0485910646257102
2   2.0464607016317813
2   2.0752334535448997
2   2.2570793427997651
2   2.137861649258233
2   2.2573281941100354
2   2.5333291254490424
2   2.797557189503121
2   2.0417774190959457
2   2.0069659634682671
2   2.9771550120214672
2   2.0185921328221892
2   2.0105026105825079
2   2.0065155734299029
2   2.0194624621785247
2   2.0388146419776816
2   2.1050015981466679
2   2.2368735874358543
2   2.4926114511575763
2   2.3100206458233568
2   2.1674798464288907
2   2.2805820023744094
2   2.2278241486871484
2   2.8038378926921932
2   2.5499796554251013
2   3.222906044354362
2   2.8896608661698844
2   2.2752807574765299
2   3.2132809586942721
2   2.6942336467026751
2   2.3068661836117612
2   2.3839104424589284
2   2.7102752750585064
2   2.227964535139531
2   2.4161653505121157
2   2.3628951831840408
2   2.6930911566154836
2   2.6972924250386594
2   3.6661480586768418
2   2.0209387542867718
2   2.0034149621329163
2   2.0498719878263776
2   2.0039819526041582
2   2.46388041374315
2   2.0626375085955528
2   2.47055516264495
2   2.2171430705900539
2   2.1589275288524679
2   2.7561203362247562
2   2.0310220813336914
2   2.0012377041199758
2   2.9098804404967522
2   2.6285360244132545
2   2.449733027426273
2   2.1103528471547857
2   2.0052817536263228
2   2.9906025953152957
2   2.0104595903629803
2   2.0013974723601269
2   2.0069012903132095
2   2.0114345798843467
2   2.0144549368419162
2   2.0537016782269966
2   2.8599248689857442
2   2.010490422249402
2   2.0191836612746878
2   2.1816756615072279
2   3.7403075945442001
2   2.1930239901700745
2   2.2220320732488066
2   2.720114568100104
2   2.8140706559904607
2   2.9210894030531493
2   2.3689660163309307
2   2.1231542252669735
2   2.0305175487231502
2   2.0794714685632694
2   2.0785575719510718
2   2.9467417072538669
2   2.0005235482430033
2   2.0074933464932618
2   2.0012646756859209
2   2.0055161628098448
2   2.002391715554364
2   2.0028193043490981
2   2.0062584228932296
2   2.1994119868791158
2   2.169921015576878
2   2.6155882674797937
2   2.6350509868811733
2   2.2216988318900626
2   2.208035071114272
2   2.0820978139559769
2   2.0682594734181863
2   2.0019081636081668
2   2.0170187925557044
2   2.6112649379934805
2   2.7361384911571944
2   2.3485032508937906
2   2.187445380753426
2   2.1287998107900346
2   2.1484092984098018
2   2.0034272919544347
2   2.0540509054176899
2   2.2655185286774495
2   2.2328075873195181
2   2.1256979236591032
2   2.6870076401820042
2   2.81380769613083
2   2.0020915806465518
2   2.0538297144207522
2   2.0201036347500367
2   3.2866180103250655
2   2.8596885599724233
2   3.1376787682107836
2   2.7603529085036476
2   2.137688234358738
2   2.0370722186566166
2   2.0025333605922544
2   2.0038090732604825
2   2.0009816599555283
2   2.0041977652691187
2   2.0302168832711516
2   2.0025190760097864
2   2.9713668554780592
2   2.0197053724872926
2   2.0039594298556618
2   2.9815182756938383
2   2.0029603847134232
2   2.0059686991044696
2   2.0319019650238128
2   2.0135916522909514
2   2.0297110747244784
2   2.0108478890529922
2   2.8057987181654296
2   2.0868841583239535
2   2.2178295695983659
2   2.0621254873383683
2   2.0606558592245197
2   2.3056684260391154
2   2.6216455159513066
2   2.1678175897459373
2   2.1465914852182872
2   2.2349553702297484
2   2.7705259976939707
2   2.9662064984844845
2   2.2094652534468167
2   2.9518581317339971
2   2.8512584147883424
2   3.8579136842757435

3   3.0000321572219795
3   3.000050966262418
3   3.000443444414497
3   3.0013302381186864
3   3.0002911802205503
3   3.0300728251002558
3   3.0091871172993834
3   3.8330844237524042
3   3.0005359803339586
3   3.1734658934106275
3   3.854962606651883
3   3.1629965217357139
3   3.0014333414805554
3   3.0001633016522753
3   3.0058754416788709
3   3.0004334669746009
3   3.0025825299331546
3   3.0002128118319948
3   3.7907716983819419
3   3.0007208872770947
3   3.0282471502819761
3   3.1661178109479042
3   3.0042575917361134
3   3.0589011081035911
3   3.0115468882987124
3   3.0018184333583631
3   3.7635494564252641
3   3.0003345831368184
3   3.2665046805985036
3   3.0001160902541066
3   3.0037993149080351
3   3.0000589993765412
3   3.0020596442343135
3   3.0043361932778416
3   3.2981062594288337
3   3.0024825513790363
3   3.2230047775652015
3   3.5393882754065338
3   3.0064485931206564
3   3.0068670102572299
3   3.0834547520644491
3   3.0103303112124649
3   3.9229407933646749
3   3.0000896471495833
3   3.0001656259582443
3   3.0002385920269705
3   3.0014049294816294
3   3.0000933952404831
3   3.0000146926923823
3   3.7118001893764143
3   3.0000442818471158
3   3.3383845210383947
3   3.0000143450086507
3   3.0022559319733193
3   3.000150847138475
3   3.0001893144858225
3   3.0000069947055072
3   3.0000277315147397
3   3.0361460918879488
3   3.0000155025265389
3   3.9213949451050079
3   3.0000795199817154
3   3.0629231475470662
3   3.0000361820529666
3   3.000045767717447
3   3.0002423998180245
3   3.0000308650537777
3   3.0000098462825764
3   3.0000181356786166
3   3.1152305277986958
3   3.0000912914489493
3   3.9076589566371727

4   4.0000000000000009
4   4
4   4
4   4
4   4
4   4
4   4
4   4
4   4

