0   -43.776   0.0516098   0.0291922   0.085964   0.174085   0.0176704   0.282958   0.0176704   0.174085   0.085964   0.0291922   0.0516098   
1   -56.2943   0.0110984   0.0269411   0.0660485   0.12281   0.173878   0.198448   0.173878   0.12281   0.0660485   0.0269411   0.0110984   
2   -57.6118   0.00950477   0.0243794   0.0643661   0.123743   0.176011   0.203992   0.176011   0.123743   0.0643661   0.0243794   0.00950477   
3   -57.9166   0.0131338   0.0334998   0.0758191   0.124631   0.162858   0.180117   0.162858   0.124631   0.0758191   0.0334998   0.0131338   
4   -57.9252   0.0151306   0.0349579   0.0816893   0.120651   0.16349   0.168163   0.16349   0.120651   0.0816893   0.0349579   0.0151306   
5   -57.9056   0.0178523   0.0383314   0.0869174   0.117822   0.159407   0.159341   0.159407   0.117822   0.0869174   0.0383314   0.0178523   
6   -57.9252   0.0151306   0.0349579   0.0816893   0.120651   0.16349   0.168163   0.16349   0.120651   0.0816893   0.0349579   0.0151306   
7   -57.9166   0.0131338   0.0334998   0.0758191   0.124631   0.162858   0.180117   0.162858   0.124631   0.0758191   0.0334998   0.0131338   
8   -57.6118   0.00950477   0.0243794   0.0643661   0.123743   0.176011   0.203992   0.176011   0.123743   0.0643661   0.0243794   0.00950477   
9   -56.2943   0.0110984   0.0269411   0.0660485   0.12281   0.173878   0.198448   0.173878   0.12281   0.0660485   0.0269411   0.0110984   
10   -43.776   0.0516098   0.0291922   0.085964   0.174085   0.0176704   0.282958   0.0176704   0.174085   0.085964   0.0291922   0.0516098   
