-2.5   2.5
-2.5   2.5
-2.5   2.5
-2.5   2.4999999999999996
-2.5   2.4999999999999996
-2.5   2.5

-1.5   1.5072889915356447
-1.5   1.5537337717555491
-1.5   1.6328641910143684
-1.5   1.5428701806809597
-1.5   2.1841357979366021
-1.5   1.6668705499601892
-1.5   2.3062382633219145
-1.5   1.7840601444812072
-1.5   1.5032927427776914
-1.5   1.6053132242254744
-1.5   1.5735712821116374
-1.5   1.5869065015163266
-1.5   1.5142378099702842
-1.5   2.1238075024315237
-1.5   2.11640576171374
-1.5   1.7876591025819737
-1.5   1.8980857484531941
-1.5   1.5079650891907139
-1.5   1.5542658887724925
-1.5   1.5226386120428956
-1.5   1.5043205934845498
-1.5   1.6785918598964304
-1.5   2.3290217966791582
-1.5   1.5004985689954182
-1.5   1.5146546002129435
-1.5   1.5132628037111409
-1.5   1.5009239106442376
-1.5   1.7970757169379183
-1.5   1.5003931389407468
-1.5   2.2678900022760007

-0.5   0.98677769591386344
-0.5   0.8221986376272874
-0.5   0.96313066850965323
-0.5   1.2430166427351039
-0.5   0.83604581457142135
-0.5   1.1421550412381209
-0.5   1.1605112708233076
-0.5   1.3575305588205775
-0.5   1.533645248855362
-0.5   1.1487130733285553
-0.5   1.1957815550547222
-0.5   1.1092601225879475
-0.5   1.683392816914699
-0.5   1.5689698471085753
-0.5   1.322612321130384
-0.5   1.4845404630225938
-0.5   1.5601102344143474
-0.5   1.0434873533833202
-0.5   0.78540520545919645
-0.5   1.1567683691972326
-0.5   1.2107451535912166
-0.5   1.3585841791785511
-0.5   0.71410406766597023
-0.5   1.3930299201300647
-0.5   0.85734366219166547
-0.5   1.3134169747163418
-0.5   1.1540054261311856
-0.5   1.4707360413702402
-0.5   0.94533396546744264
-0.5   1.511675909980239
-0.5   1.9007797781506377
-0.5   2.2017093743802603
-0.5   0.93395848985717134
-0.5   1.4308918887020357
-0.5   0.61973168049646854
-0.5   1.4549072233815148
-0.5   1.4971270051294465
-0.5   0.56168682471838771
-0.5   1.3063691113028861
-0.5   1.3391761114861302
-0.5   0.77981374855679286
-0.5   1.3187837729930685
-0.5   0.79892650543903221
-0.5   1.3326963830482637
-0.5   1.394087027583566
-0.5   1.6541320487166709
-0.5   0.61655325807222749
-0.5   0.52828934695286112
-0.5   0.65384840268454125
-0.5   0.6573344515449786
-0.5   1.2094892944050213
-0.5   0.96245739277882558
-0.5   1.2868979679365879
-0.5   0.96673164004410617
-0.5   0.92345284505651648
-0.5   0.77076793245809605
-0.5   1.295465822862125
-0.5   1.4735922517284161
-0.5   1.3239296496612716
-0.5   2.2975488980483307

0.5   0.98677769591386499
0.5   0.82219863762728651
0.5   0.96313066850964923
0.5   1.2430166427351035
0.5   0.83604581457142402
0.5   1.1421550412381234
0.5   1.1605112708233087
0.5   1.3575305588205813
0.5   1.5336452488553571
0.5   1.1487130733285575
0.5   1.1957815550547222
0.5   1.1092601225879464
0.5   1.6833928169146999
0.5   1.5689698471085802
0.5   1.3226123211303846
0.5   1.4845404630225905
0.5   1.5601102344143452
0.5   1.043487353383318
0.5   0.78540520545919668
0.5   1.1567683691972326
0.5   1.2107451535912166
0.5   1.3585841791785516
0.5   0.71410406766597623
0.5   1.3930299201300615
0.5   0.85734366219166325
0.5   1.3134169747163515
0.5   1.1540054261311745
0.5   1.4707360413702391
0.5   0.94533396546744264
0.5   1.5116759099802386
0.5   1.9007797781506386
0.5   2.2017093743802603
0.5   0.93395848985717067
0.5   1.4308918887020352
0.5   0.61973168049646787
0.5   1.4549072233815108
0.5   1.497127005129449
0.5   0.56168682471839149
0.5   1.3063691113028855
0.5   1.3391761114861298
0.5   0.77981374855678598
0.5   1.3187837729930767
0.5   0.79892650543901911
0.5   1.3326963830482672
0.5   1.3940870275835762
0.5   1.6541320487166664
0.5   0.61655325807222749
0.5   0.52828934695286112
0.5   0.65384840268454347
0.5   0.65733445154497683
0.5   1.209489294405024
0.5   0.96245739277882558
0.5   1.2868979679365964
0.5   0.96673164004409906
0.5   0.92345284505649072
0.5   0.77076793245812403
0.5   1.2954658228621327
0.5   1.4735922517284108
0.5   1.3239296496612663
0.5   2.2975488980483316

1.5   1.5072889915356451
1.5   1.5537337717555495
1.5   1.6328641910143773
1.5   1.5428701806809593
1.5   2.184135797936595
1.5   1.6668705499601879
1.5   2.3062382633219185
1.5   1.7840601444812103
1.5   1.5032927427776914
1.5   1.6053132242254748
1.5   1.5735712821116383
1.5   1.5869065015163271
1.5   1.5142378099702847
1.5   2.1238075024315242
1.5   2.1164057617137413
1.5   1.7876591025819741
1.5   1.8980857484531932
1.5   1.5079650891907144
1.5   1.5542658887724925
1.5   1.5226386120428952
1.5   1.5043205934845507
1.5   1.6785918598964322
1.5   2.3290217966791618
1.5   1.5004985689954182
1.5   1.5146546002129431
1.5   1.51326280371114
1.5   1.5009239106442371
1.5   1.7970757169379157
1.5   1.5003931389407472
1.5   2.2678900022760042

2.5   2.5
2.5   2.5
2.5   2.5
2.5   2.4999999999999996
2.5   2.4999999999999996
2.5   2.5

