-3   3.0000000000000004
-3   2.9999999999999996
-3   3.0000000000000004
-3   3.0000000000000004
-3   3.0000000000000004
-3   3.0000000000000004
-3   3

-2   2.0000262403996558
-2   2.0019619443286638
-2   2.0026455618493357
-2   2.0055375279926624
-2   2.0147875924553564
-2   2.9426428577035901
-2   2.0034589986722091
-2   2.064323408614567
-2   2.9223418980200688
-2   2.084652984104304
-2   2.0067746384379279
-2   2.0451478538162382
-2   2.0021322519474207
-2   2.3597508885042751
-2   2.0006638583686356
-2   2.000408216067747
-2   2.1547497411392809
-2   2.5477150553269299
-2   2.0189978519817275
-2   2.0010539423436509
-2   2.9374046571759358
-2   2.0429179211474651
-2   2.0007849365511308
-2   2.0308628283752985
-2   2.0000010424919021
-2   2.9908624866644939
-2   2.0001261289962762
-2   2.0027416995176108
-2   2.0000620274785117
-2   2.0002539742879826
-2   2.00755426462693
-2   2.000228695776086
-2   2.9240996146643146
-2   2.0001120379601987
-2   2.0953009070992441
-2   2.0000156145407706
-2   2.0003174368661121
-2   2.001438097513808
-2   2.0000131558616783
-2   2.0935863466784386
-2   2.0000861448974754
-2   2.9300739562425946

-1   1.0077415783848453
-1   1.0884520155888655
-1   1.0094218590143582
-1   1.9382162187671859
-1   1.0130676342196461
-1   1.981373098415935
-1   1.0170875679029965
-1   1.0968982597626105
-1   1.9377484932802189
-1   1.0374725331443522
-1   1.1193682761190933
-1   1.5404036272511203
-1   1.9171011969654499
-1   1.5759903188068907
-1   2.1242569235718327
-1   2.1351192203620073
-1   1.4556657455246869
-1   1.1857449025920803
-1   1.4438061882416289
-1   1.7009030120747544
-1   2.4292399272439567
-1   1.6709653329301575
-1   1.2277999288495944
-1   2.022631284961621
-1   1.8717748567610046
-1   1.7384758971581329
-1   1.1515607124233009
-1   1.0379611723244213
-1   1.0037756965149069
-1   1.9983506189746856
-1   1.0662085444372704
-1   1.4925007858069708
-1   1.5061060241961433
-1   1.6788735694410803
-1   1.783727743583019
-1   1.9112064154104274
-1   1.527304513635015
-1   1.3540748673392931
-1   1.5207163553921665
-1   1.6428372693098554
-1   1.7173333687126626
-1   1.2974305270214843
-1   1.7518262053561346
-1   1.8906439928783758
-1   1.0210890516701328
-1   1.1199651124957362
-1   1.6277475677317299
-1   1.5142333122616773
-1   1.0502165013642875
-1   1.9211068994376905
-1   2.9250070774854522
-1   1.036538757445941
-1   1.9719440804242745
-1   1.4238299763403017
-1   1.5350091057764472
-1   1.786097385896928
-1   1.5740830515135769
-1   1.8100136568928478
-1   1.9687806399356358
-1   1.2700124923490383
-1   2.3889263530271205
-1   1.0031045870984319
-1   1.0564955759490609
-1   1.5658736537675488
-1   1.5541758220867319
-1   1.0081259331860508
-1   1.9663941184760372
-1   1.0046282558622486
-1   1.0254328559280061
-1   1.6436059150254274
-1   1.2904693207223963
-1   1.7307807810273275
-1   1.2232956434365494
-1   1.1087259530619327
-1   1.3099970503757674
-1   1.9747421769480829
-1   1.9786205257286773
-1   1.0460560592558594
-1   1.010903291378594
-1   1.1398566411985074
-1   2.2032511954638903
-1   1.7332279828137662
-1   2.231469124848684
-1   1.0027281518076656
-1   1.3557396064425691
-1   1.8247084129942941
-1   1.0172124701253218
-1   1.0068093637744158
-1   1.0031915879417694
-1   1.009495694083868
-1   1.9940300999289402
-1   1.0306703540424649
-1   1.0107514811706033
-1   1.9725542874218918
-1   1.0273747235953612
-1   1.0196397899939715
-1   1.078428639673167
-1   1.7473533414632998
-1   1.3139739755746758
-1   1.2017331567746397
-1   1.9375519710087961
-1   1.1451278947477064
-1   1.985254354638025
-1   1.9236653361954037
-1   2.9181679197104455

0   0.019514738159653655
0   1.0029595334838153
0   0.42931441326479247
0   1.0033378325645463
0   1.0024000017330075
0   1.8679141595889441
0   1.001593284535647
0   1.9904056158619361
0   1.0030438887708006
0   0.50660483182198202
0   0.038460130132343284
0   1.0021873631705907
0   1.0263109497364429
0   1.8426618768560683
0   0.032325218113039011
0   1.0069678487809182
0   1.2950122894437386
0   1.9854840043907065
0   1.3103273030768494
0   1.7115563598660755
0   1.1939351409989507
0   2.3882528042951217
0   1.0031210724981621
0   1.9486540824547318
0   1.4318878186772237
0   1.3680756471931701
0   2.0369367516478976
0   1.1327913085861636
0   1.3083075098628114
0   0.62991410018478189
0   1.0407632570877439
0   2.0447150346162344
0   1.7297371693451669
0   1.9376102854408481
0   0.39415629390338558
0   1.0001327857978213
0   0.09203438765906935
0   1.0022531381711304
0   1.0208541862536422
0   1.9024749469202611
0   1.0020461941108012
0   1.3020462765888763
0   1.3020888468233918
0   0.35788945492563862
0   1.0117720068721143
0   0.84653922415549232
0   1.0006448562190986
0   1.1577680582392844
0   0.98659368577212092
0   2.0291452739394518
0   1.9515583413399433
0   1.0023515371728542
0   1.2309989382496449
0   1.5054874676127286
0   1.2033920467795178
0   1.6347368738003469
0   1.4871730314783309
0   1.8730637665698637
0   1.4148557534822737
0   1.0063204647221216
0   0.08386089128908425
0   1.9827673198541902
0   1.0082579945476495
0   1.0598156034948349
0   1.0472752054528283
0   1.9861570664503372
0   1.0015010311117745
0   0.71657995732026269
0   2.9426863880841823
0   1.7540336955932085
0   1.0004040569405208
0   1.9853272954654453
0   1.9894797738715764
0   1.0172066543283909
0   0.024533776246718819
0   1.3043233780058747
0   1.3038722279168808
0   0.072819531764232059
0   1.0003214317723932
0   2.7871125265615215
0   1.3027435473815523
0   1.1278689918955718
0   1.999215145931915
0   1.0030644798871575
0   1.0001240992472604
0   1.0000462422086833
0   1.9960540713785431
0   0.0067790857399451232
0   1.00244450533637
0   0.34716958094498995
0   1.000869294857704
0   0.12183440390727418
0   1.001333704514463
0   0.14874696298069401
0   1.9048383504021476
0   1.9528147179906128
0   1.0001898804733447
0   1.0002824059637532
0   1.0047083131125401
0   1.9863047368115603
0   1.9785793917584864
0   1.0337179356736153
0   1.0001853571769872
0   0.15931161070557442
0   0.078357887733410014
0   1.0224782244396045
0   2.6138230680347792
0   1.5468738699039064
0   0.1002352603020088
0   1.0004987972050843
0   0.94233355908997507
0   1.000584307552588
0   1.9705773248790712
0   1.6400974718134371
0   0.073530376047997281
0   0.02140224241497457
0   1.0002259357693559
0   1.0069928479870487
0   1.0007415216910653
0   1.0041323487708818
0   0.94570468531739738
0   0.072240646467628067
0   1.0053236981385654
0   1.0000652759403454
0   1.6068033258552772
0   1.9749656316998765
0   0.020717477460885925
0   1.0001702928676637
0   0.24030947637559497
0   1.0000446143736574
0   1.0099211998312716
0   1.9994046815769155
0   0.37941611206512815
0   1.0412542622483303
0   1.0000161996438541
0   1.9141653201768132
0   1.1390510968871133
0   1.9941063369930703
0   1.9275584523596985
0   2.9112672127625183

1   1.0077415783848431
1   1.088452015588838
1   1.0094218590143571
1   1.938216218767193
1   1.0130676342196514
1   1.9813730984159381
1   1.0170875679029956
1   1.0968982597626169
1   1.937748493280214
1   1.0374725331443497
1   1.1193682761190829
1   1.5404036272510742
1   1.9171011969654583
1   1.575990318806928
1   2.124256923571763
1   2.1351192203620752
1   1.4556657455246849
1   1.1857449025921016
1   1.4438061882416908
1   1.7009030120747877
1   2.4292399272439065
1   1.6709653329301228
1   1.2277999288495787
1   2.0226312849616406
1   1.8717748567610011
1   1.7384758971581373
1   1.1515607124233052
1   1.0379611723244206
1   1.0037756965149078
1   1.9983506189746825
1   1.0662085444372722
1   1.4925007858069734
1   1.5061060241961375
1   1.6788735694410675
1   1.7837277435830252
1   1.9112064154104438
1   1.5273045136350216
1   1.3540748673392697
1   1.5207163553921519
1   1.6428372693098683
1   1.7173333687126822
1   1.2974305270214757
1   1.7518262053561382
1   1.8906439928783709
1   1.0210890516701332
1   1.1199651124957353
1   1.6277475677317281
1   1.5142333122616778
1   1.0502165013642883
1   1.9211068994376914
1   2.9250070774854504
1   1.036538757445939
1   1.9719440804242656
1   1.4238299763403082
1   1.5350091057764534
1   1.7860973858969302
1   1.5740830515135724
1   1.8100136568928606
1   1.968780639935642
1   1.2700124923490241
1   2.3889263530271201
1   1.0031045870984316
1   1.0564955759490602
1   1.5658736537675417
1   1.5541758220867412
1   1.0081259331860475
1   1.966394118476035
1   1.0046282558622477
1   1.025432855928005
1   1.6436059150254243
1   1.2904693207224638
1   1.7307807810272742
1   1.2232956434365638
1   1.1087259530619302
1   1.3099970503757539
1   1.9747421769480784
1   1.9786205257286751
1   1.046056059255857
1   1.010903291378594
1   1.1398566411984383
1   2.2032511954638729
1   1.7332279828137591
1   2.2314691248487404
1   1.0027281518076669
1   1.3557396064425717
1   1.8247084129942968
1   1.0172124701253238
1   1.006809363774414
1   1.0031915879417694
1   1.0094956940838686
1   1.9940300999289344
1   1.0306703540424627
1   1.0107514811706111
1   1.97255428742189
1   1.0273747235953588
1   1.0196397899939746
1   1.0784286396732199
1   1.7473533414632558
1   1.3139739755746971
1   1.2017331567746201
1   1.9375519710087916
1   1.1451278947477319
1   1.9852543546380024
1   1.9236653361954152
1   2.9181679197104406

2   2.0000262403996563
2   2.0019619443286638
2   2.0026455618493348
2   2.0055375279926615
2   2.0147875924553547
2   2.9426428577035915
2   2.0034589986722078
2   2.0643234086145656
2   2.9223418980200697
2   2.0846529841043031
2   2.0067746384379288
2   2.0451478538162378
2   2.0021322519474207
2   2.3597508885042768
2   2.000663858368636
2   2.0004082160677465
2   2.1547497411391516
2   2.5477150553270436
2   2.0189978519817262
2   2.0010539423436504
2   2.9374046571759367
2   2.0429179211474637
2   2.0007849365511303
2   2.0308628283752981
2   2.0000010424919017
2   2.9908624866644926
2   2.0001261289962753
2   2.0027416995176108
2   2.0000620274785121
2   2.0002539742879826
2   2.00755426462693
2   2.0002286957760864
2   2.9240996146643137
2   2.0001120379601995
2   2.0953009070992472
2   2.000015614540771
2   2.0003174368661125
2   2.0014380975138093
2   2.0000131558616792
2   2.0935863466784452
2   2.0000861448974754
2   2.9300739562425901

3   3.0000000000000004
3   2.9999999999999996
3   3.0000000000000004
3   3.0000000000000004
3   3.0000000000000004
3   3.0000000000000004
3   3

