0   -29.2172   0.0524914   0.0297071   0.085675   0.173853   0.0175122   0.281522   0.0175122   0.173853   0.085675   0.0297071   0.0524914   
1   -36.5978   0.0114552   0.0276802   0.0668266   0.122868   0.172763   0.196813   0.172763   0.122868   0.0668266   0.0276802   0.0114552   
2   -36.9901   0.0098223   0.0252381   0.065037   0.123758   0.175276   0.201737   0.175276   0.123758   0.065037   0.0252381   0.0098223   
3   -36.9037   0.0175175   0.0375919   0.0827171   0.118097   0.15968   0.168793   0.15968   0.118097   0.0827171   0.0375919   0.0175175   
4   -36.7911   0.0114502   0.0315613   0.0713259   0.125748   0.165539   0.188753   0.165539   0.125748   0.0713259   0.0315613   0.0114502   
5   -36.8303   0.00863195   0.0214929   0.0615278   0.124592   0.178782   0.209947   0.178782   0.124592   0.0615278   0.0214929   0.00863195   
6   -36.7911   0.0114502   0.0315613   0.0713259   0.125748   0.165539   0.188753   0.165539   0.125748   0.0713259   0.0315613   0.0114502   
7   -36.9037   0.0175175   0.0375919   0.0827171   0.118097   0.15968   0.168793   0.15968   0.118097   0.0827171   0.0375919   0.0175175   
8   -36.9901   0.0098223   0.0252381   0.065037   0.123758   0.175276   0.201737   0.175276   0.123758   0.065037   0.0252381   0.0098223   
9   -36.5978   0.0114552   0.0276802   0.0668266   0.122868   0.172763   0.196813   0.172763   0.122868   0.0668266   0.0276802   0.0114552   
10   -29.2172   0.0524914   0.0297071   0.085675   0.173853   0.0175122   0.281522   0.0175122   0.173853   0.085675   0.0297071   0.0524914   
