-4   4
-4   4.0000000000000009
-4   4
-4   4
-4   4
-4   4
-4   4
-4   4
-4   4

-3   3.0000228773270763
-3   3.0000353024739468
-3   3.0003319742943484
-3   3.0009650353433681
-3   3.0001547182271464
-3   3.0203310261390159
-3   3.0070949082290546
-3   3.8772937608083407
-3   3.0004089146616297
-3   3.1309154150715743
-3   3.873398583416356
-3   3.1446220631875854
-3   3.0010088461052518
-3   3.0001262589381339
-3   3.0045744772156961
-3   3.0003195337502953
-3   3.0018847951028853
-3   3.000146237499429
-3   3.8046788886902601
-3   3.0005556104408315
-3   3.0197745085519965
-3   3.1738532214271427
-3   3.0032021952044823
-3   3.0435915454062177
-3   3.0080577141984426
-3   3.0015495866833288
-3   3.7669519633158499
-3   3.0002504322022481
-3   3.2677239963782405
-3   3.0000861067609925
-3   3.0027733504449579
-3   3.0000436077914974
-3   3.0015442932328149
-3   3.0027012264282336
-3   3.3057208927436039
-3   3.0022710884520416
-3   3.1382119722590853
-3   3.6132164374096254
-3   3.0048081510558586
-3   3.0051814778487076
-3   3.0647900475786498
-3   3.0079456511775495
-3   3.9408504660657586
-3   3.0000656240561194
-3   3.0001256189471599
-3   3.0001747047843441
-3   3.0010413360566623
-3   3.0000733779656734
-3   3.0000104954500593
-3   3.7854012114393933
-3   3.0000329236131957
-3   3.2569573444698614
-3   3.0000103070199091
-3   3.0016959643315797
-3   3.0001101245313779
-3   3.0001392000519673
-3   3.0000048590354815
-3   3.000020664540195
-3   3.0279831492600531
-3   3.0000105013637803
-3   3.93714949811715
-3   3.000059659285327
-3   3.0515061740930038
-3   3.0000263524836068
-3   3.0000334777514408
-3   3.0001713742936311
-3   3.0000241690270322
-3   3.0000652183770993
-3   3.0000159840517058
-3   3.0964227956820061
-3   3.0000634175838385
-3   3.9230572214458208

-2   2.0002763210485179
-2   2.0004421258640392
-2   2.0009730647421553
-2   2.1400602829710569
-2   2.0090865596973178
-2   2.8922035261081893
-2   2.0029906948952889
-2   2.1106672324033204
-2   2.0038786955455126
-2   2.907598705859924
-2   2.0012436115346901
-2   2.0033139885881006
-2   2.876602187520541
-2   2.1411291690572067
-2   2.0205355258997924
-2   2.0103995770654608
-2   2.0150677955327541
-2   2.0186495546449539
-2   2.0155368145657069
-2   2.8799346161452273
-2   2.1384455477590949
-2   2.0035231071090496
-2   2.0876597164683233
-2   2.962665449413159
-2   2.7241210918538132
-2   2.7325257437908625
-2   2.0308308356335272
-2   2.2941951261041695
-2   2.2408353240957983
-2   2.4306722505900877
-2   2.7218489389728662
-2   2.1110342002330662
-2   3.0580547764798811
-2   2.5657187883507642
-2   2.3400181046966244
-2   2.1174377295203213
-2   2.8681256634842809
-2   2.4655485416211134
-2   2.2971807621522484
-2   3.2503394579951741
-2   2.3665058795817364
-2   2.5657912174125208
-2   3.0568265512346429
-2   2.3209785450632796
-2   2.3741852730662072
-2   2.3299460119931088
-2   2.2421147694464607
-2   2.5904483620285066
-2   2.2210198434104598
-2   2.1172910662651607
-2   2.5081542745453662
-2   2.3929760658773249
-2   2.0116422879059512
-2   2.0019580458173989
-2   2.0080308322160967
-2   2.0074088111167629
-2   2.0545683733142002
-2   2.1045698599176643
-2   2.9156992781344004
-2   2.5858507605353434
-2   2.3728869851214811
-2   2.9634366461362434
-2   2.0817577443159907
-2   2.0694616416775649
-2   2.1087038802995668
-2   2.0218695360686914
-2   2.316732374527501
-2   2.5187764493308782
-2   2.0477920312066185
-2   3.0385121012906091
-2   2.3924627616774203
-2   2.0912130751395241
-2   3.2712376508089163
-2   2.5208145381911957
-2   2.9305349224024049
-2   2.1158586113320514
-2   2.6993193651079697
-2   2.0460650059745569
-2   2.0796521863094677
-2   2.053892656199519
-2   2.101358544516756
-2   2.7320474407079942
-2   2.2983619220242359
-2   2.2614903469623302
-2   2.2501052326696311
-2   2.1947770083204872
-2   2.0652964714671445
-2   2.7538922584452372
-2   2.4529735873414369
-2   2.0167105245119892
-2   2.4349195167769997
-2   2.0640246071925858
-2   2.6720136485726131
-2   2.6850276212184907
-2   2.7088259114700661
-2   2.7047886496787981
-2   2.9852384107954579
-2   2.3793894983162303
-2   2.6642492287572028
-2   2.7007103151118388
-2   2.05800457351376
-2   2.0027191686371753
-2   2.0242962821665289
-2   2.027784125698247
-2   2.0746584823309493
-2   2.2759073147044671
-2   2.1404851762098356
-2   2.3199104249228419
-2   2.4788403863327049
-2   2.8154213950342513
-2   2.0309764167408355
-2   2.0057321369473233
-2   2.983784379627926
-2   2.0141345450179555
-2   2.0072415026349293
-2   2.0037772123093518
-2   2.0130909244567716
-2   2.0272248879687478
-2   2.0605056535702553
-2   2.1494777907305482
-2   2.5128644320450375
-2   2.3588012257466895
-2   2.1423583937719464
-2   2.4214553806066346
-2   2.0992355359996937
-2   2.7438929636755791
-2   2.6617343028692613
-2   3.2678583200207769
-2   2.8394554959958347
-2   2.3062752365503214
-2   3.2352616983033182
-2   2.6797676849545189
-2   2.2860919942254414
-2   2.2801507964009344
-2   2.6889581831644209
-2   2.3605535083544202
-2   2.4126213280771016
-2   2.3143541270840391
-2   2.7340784003947709
-2   2.5880148240931535
-2   3.7600763568989217
-2   2.0166464985862005
-2   2.0025442662854713
-2   2.0332667202779815
-2   2.0027031921129708
-2   2.4560440690898857
-2   2.5142193162940725
-2   2.0532840121373632
-2   2.2025768638194192
-2   2.121762767214777
-2   2.7849516010501132
-2   2.0207551918735835
-2   2.0008639836123931
-2   2.9268849605503053
-2   2.6672260164000585
-2   2.4087618432733153
-2   2.0908006535627166
-2   2.0041827227966942
-2   2.9927014010231576
-2   2.0080744360589695
-2   2.0009638629370348
-2   2.0047735515651506
-2   2.0074605037105888
-2   2.0106962349230768
-2   2.0391260568592489
-2   2.9005619208520033
-2   2.0071187039058938
-2   2.0172352510871554
-2   2.1317613076341591
-2   3.8091152481158028
-2   2.1761218930477533
-2   2.207327325105211
-2   2.7027030865711623
-2   2.8307115338154305
-2   2.9345476844138125
-2   2.3647246153729222
-2   2.0642169325423505
-2   2.0299997205698501
-2   2.0766626512552611
-2   2.060360728156061
-2   2.9593103255076971
-2   2.0004027761316912
-2   2.0048850042271673
-2   2.000936222959985
-2   2.0040746281808142
-2   2.0017695248133602
-2   2.0020385028501937
-2   2.0047564312527495
-2   2.2023258711306348
-2   2.1674133423955309
-2   2.6697986805400191
-2   2.6858479715516359
-2   2.19749218395267
-2   2.2044130443882359
-2   2.0282219710119231
-2   2.0240454132301475
-2   2.0013834452217059
-2   2.0122035448164244
-2   2.5542824347441857
-2   2.7741825550676098
-2   2.4367189685991018
-2   2.1701018180621388
-2   2.1005310567443596
-2   2.1209454583660774
-2   2.0027101765726054
-2   2.0468301012582382
-2   2.1680565301376626
-2   2.2286391653509172
-2   2.206043198509732
-2   2.7009402550381298
-2   2.8183779154302595
-2   2.0012299480276186
-2   2.016002856765891
-2   2.0395334988199503
-2   3.4061966995307253
-2   2.8779758927065981
-2   3.0138263017332467
-2   2.7758136978569983
-2   2.1031811145382209
-2   2.0521768193162626
-2   2.0021585157551076
-2   2.0028238651729993
-2   2.0007183260518668
-2   2.0031597348969057
-2   2.0219453081253826
-2   2.0018075811086313
-2   2.9791611455589533
-2   2.014312777505558
-2   2.0029066334352881
-2   2.9865982226897061
-2   2.002213723398961
-2   2.0046366512298217
-2   2.0228530039433994
-2   2.0088019462448403
-2   2.019710534454199
-2   2.0100621174540225
-2   2.8667892248530928
-2   2.0749891639252138
-2   2.1490227938519002
-2   2.0519935819604371
-2   2.0541428289558619
-2   2.4901245612525291
-2   2.4700841906548163
-2   2.1471266052696283
-2   2.1991409693018213
-2   2.7569866942196297
-2   2.1981703612794132
-2   2.9719275660086488
-2   2.1604705824035224
-2   2.9614575583028842
-2   2.8751306842474089
-2   3.8816698353404613

-1   1.024771942407384
-1   1.074693958544876
-1   1.1267441055218861
-1   1.6472836661931458
-1   1.053972090982549
-1   1.4402290415211731
-1   1.4007652446498582
-1   1.1298090967323824
-1   1.3620671030944134
-1   1.698405662922756
-1   1.9124291941111187
-1   1.2274691891242562
-1   1.8774441537624833
-1   1.8143807576206128
-1   2.8403814861066432
-1   1.0314822894685935
-1   1.9407150079700939
-1   1.251327092853219
-1   1.1132512589221077
-1   2.0564123230189595
-1   1.8686331531339495
-1   2.7967377804376365
-1   1.2701498757136984
-1   1.1150826080458682
-1   1.9072080330762784
-1   1.0208176947750494
-1   1.3648632929622224
-1   2.5964839791512215
-1   1.7517017359229818
-1   2.0757522702400655
-1   1.0555183307193852
-1   1.3512939346021491
-1   1.3554167271905846
-1   1.5877586743200309
-1   1.3036165953468939
-1   1.8364947703812819
-1   1.3499206599639213
-1   1.4173264991509456
-1   1.3925415236878969
-1   1.6569906209679681
-1   1.776099084168838
-1   1.265912408504319
-1   1.5931044067399771
-1   1.334726468092571
-1   1.3979440959316913
-1   2.7490468001520432
-1   1.1222270146227444
-1   1.2356963492966269
-1   1.7634742446465688
-1   1.3478662330941642
-1   1.0942059274155094
-1   1.8710456855172466
-1   1.8125548261766755
-1   1.9101075458264489
-1   1.8693261622909456
-1   1.2533323954926263
-1   2.0329842686859059
-1   2.1532898923725026
-1   2.1205920486115226
-1   2.4392716467426498
-1   2.4867468380926563
-1   1.8113536096690113
-1   1.4979994945371395
-1   1.929614855529012
-1   2.4536932449689179
-1   2.8606706958267192
-1   1.8246080072538295
-1   1.7045266645230708
-1   1.6450800659531177
-1   1.9840325918327286
-1   2.3103358047968086
-1   1.9109222839706903
-1   2.0884119574839248
-1   2.5469957890350021
-1   1.8978350503936485
-1   1.7202087871751317
-1   1.7148745334416553
-1   1.6163641999082841
-1   1.8148763022934093
-1   1.7186873102083227
-1   1.7495386658920191
-1   2.6568013052918409
-1   2.0238473017985035
-1   2.3068180440946824
-1   2.0411231537941519
-1   1.881423668174159
-1   1.4833526405896356
-1   2.7550649057599137
-1   1.8239121434276497
-1   2.1941456816507912
-1   1.5775179355630442
-1   1.3955568282999677
-1   1.6141803332615763
-1   1.7649936688669503
-1   1.2574870532906697
-1   2.4088516188179572
-1   1.8940115800961235
-1   1.4953014829215723
-1   1.0672672518257169
-1   1.936829073918068
-1   1.2740040942144217
-1   1.6616466911414354
-1   2.8176247799699223
-1   1.7723179926840782
-1   1.98809385794539
-1   1.1431260159145791
-1   1.3372711846593448
-1   1.1488192848299954
-1   1.9184440866842043
-1   1.1141213463504571
-1   1.8580757031914286
-1   1.8181568803838659
-1   1.9160307984027538
-1   1.1677806275483837
-1   1.0863909204233209
-1   1.0705433641139233
-1   1.9232338663703543
-1   2.170688574280299
-1   1.9020383768657796
-1   2.2325193359067703
-1   2.1140202955611898
-1   1.669041188513122
-1   1.5656641606767341
-1   2.4183856782626592
-1   1.6223581884683758
-1   2.5080098426263122
-1   1.4087141625274799
-1   1.2466144671504722
-1   1.8094342875463405
-1   1.8792874697646091
-1   1.7664053603028624
-1   1.5779127677355627
-1   1.8229159698637383
-1   1.5165602905872655
-1   1.5393739581864527
-1   1.7295415207366549
-1   1.3341589012437358
-1   1.4265968783211584
-1   1.8365230550899225
-1   2.0774266281163358
-1   1.7548211742825668
-1   1.7883746875768884
-1   1.6653119977119237
-1   2.042769629921152
-1   1.8368261602224054
-1   2.5646919556778007
-1   2.1070993131372679
-1   2.7446346306086715
-1   1.7262967120503419
-1   2.5875166382996784
-1   1.4625815914949407
-1   2.4133878336995811
-1   1.6548288248614194
-1   1.7123275750958147
-1   1.6242666418412668
-1   2.0010696185748631
-1   1.4633395424798767
-1   1.6067305472853826
-1   1.6112001354920031
-1   1.6431434543050214
-1   2.3188484465785004
-1   1.5871041729300903
-1   1.4501423886785005
-1   1.4366542252555354
-1   2.4905526307995793
-1   1.6861327402070714
-1   2.1282400593186224
-1   1.1972168316763958
-1   1.4978783356323593
-1   1.733896723806331
-1   1.4189997179971576
-1   1.3723447376155327
-1   1.6142633803081279
-1   1.2497236337810591
-1   2.3903961987561804
-1   1.5929097433138577
-1   2.2425486816034019
-1   2.0961390137062201
-1   1.8599558019985469
-1   2.1918268319452188
-1   1.8680536462978687
-1   1.9566149813535376
-1   1.1387248474067484
-1   1.7452991756692744
-1   1.7440352482204102
-1   1.0626262395085428
-1   1.8817609345113775
-1   2.2166806031726995
-1   1.5202637206373333
-1   3.0922994769018755
-1   1.7947565051564141
-1   1.5251119077039106
-1   2.6842723495602101
-1   1.2291480519470257
-1   2.5775211164297898
-1   1.6681516401865335
-1   2.3356790023005023
-1   2.6955428738967218
-1   1.9237604148761709
-1   1.1462860895881097
-1   1.4235785344057914
-1   1.6505594436103288
-1   1.0597232675498724
-1   1.9303941836322625
-1   1.0588358534533564
-1   1.6718267271371126
-1   1.2151020986781944
-1   1.2638746621513914
-1   1.5605521006068384
-1   1.22233839325535
-1   1.9654728533629742
-1   1.7358026771143376
-1   2.0458887231493743
-1   1.8752443400060903
-1   1.3405879907542686
-1   1.5094959885618486
-1   1.7899309016719815
-1   1.4014117663959507
-1   2.2933675356477212
-1   1.4851513877850613
-1   2.1659724999217187
-1   1.8702063829518476
-1   1.9997354976315003
-1   1.980182446598016
-1   1.2564618883693692
-1   1.3029448063737521
-1   1.2609512178786508
-1   1.8653936459261944
-1   2.0652991987870655
-1   2.0520961887516154
-1   1.8702459419140438
-1   1.2119453832022054
-1   1.1684928411786619
-1   1.6814651223261796
-1   1.6954201520972587
-1   1.4729857368080037
-1   1.6806312358911346
-1   1.6795674100907565
-1   1.4740863319255739
-1   1.3517576969195522
-1   1.9172246986527339
-1   2.0418635330001909
-1   1.8520201053798875
-1   2.1850375179213941
-1   1.7121652863353392
-1   1.8488341004501261
-1   2.4211043377741319
-1   1.8516896164109005
-1   2.2697841511232792
-1   1.6158667363016184
-1   2.5305475485051931
-1   2.4748590617294228
-1   2.2291853697341799
-1   2.682162692767752
-1   1.4564501734207076
-1   2.0370679871026653
-1   3.2637702105161779
-1   2.171564701435901
-1   1.6631661835399858
-1   2.4470858926710224
-1   1.6206448974039742
-1   1.5178786024157915
-1   2.1144502112717434
-1   2.3265268246110771
-1   1.681019087996412
-1   1.5679128723347246
-1   1.7243413428232715
-1   2.3611598785494485
-1   2.5766242515859501
-1   2.0310053686557863
-1   2.3650115174647879
-1   1.5327685134734592
-1   3.8090508897986286
-1   1.0819334570874863
-1   1.9415845465952297
-1   1.106034926081279
-1   1.2216257063890039
-1   1.0598720882641737
-1   1.7639244178943989
-1   1.1376031036453031
-1   1.3127421094934888
-1   1.753727740986657
-1   1.9156457707932608
-1   1.2067625674077265
-1   1.3400239607571618
-1   2.0480275246791333
-1   1.5622272596190765
-1   2.6154176432301774
-1   1.4758224173291397
-1   1.6795872807643484
-1   1.9600466320128072
-1   1.780259900234952
-1   2.916957416934391
-1   1.2554046742758094
-1   1.982476151122702
-1   1.0131148232087237
-1   1.0272732480728157
-1   1.6852686553907716
-1   1.00649535524744
-1   1.4288036375775404
-1   1.0449028281815071
-1   1.7786179184594402
-1   1.8003736233358705
-1   2.2536460019155644
-1   2.4290230078289143
-1   1.8695821011969604
-1   2.0831899357627437
-1   1.5846998016826443
-1   1.9780165976256101
-1   1.9750376174072986
-1   1.1637070234883171
-1   1.513829978555882
-1   2.237500139292715
-1   1.9315967842953441
-1   1.839532371546329
-1   1.1893065335947519
-1   1.3435802696156582
-1   1.7918681126194329
-1   1.890007676897369
-1   1.8054337901261648
-1   2.0320671658253544
-1   1.9092819308694002
-1   1.1334403202095338
-1   2.4933049757205707
-1   1.1422896037665102
-1   1.8398534501692119
-1   2.0559572611024604
-1   1.8263132021516579
-1   1.1513731740431101
-1   1.2416715287105138
-1   1.4140179948736793
-1   1.424077011909898
-1   3.6185827521988552
-1   1.2207694260149566
-1   1.6047956765521674
-1   1.3862584479171312
-1   1.4086282206206868
-1   2.4207735052850041
-1   1.3459447436295158
-1   1.629501194910087
-1   1.9991320560234316
-1   2.7143574441578431
-1   2.0255798232806521
-1   1.6900030435336477
-1   1.3102156559090363
-1   2.0723112104886887
-1   1.9765358216830222
-1   1.7145767127364397
-1   1.9904404452711013
-1   1.3092920737331721
-1   1.686657731459269
-1   1.0531778149224662
-1   1.1033992419619447
-1   1.5397867533595622
-1   1.8272222144088421
-1   2.8640883190309268
-1   1.7403844260584109
-1   1.0192101675691401
-1   1.3300102185272245
-1   1.8245263628904542
-1   1.8811538747998302
-1   1.7241929330863157
-1   1.309167887651312
-1   1.0136844539631942
-1   1.5867205486847893
-1   1.9157499369493451
-1   1.9872299944903657
-1   1.0059463031522191
-1   1.0043464644014251
-1   1.0364393391545967
-1   1.3991567242662912
-1   1.0291194590198161
-1   1.6911529192181161
-1   2.2529185523117485
-1   2.1724069535549164
-1   1.3923766755074771
-1   1.2942207123941067
-1   1.3147535018793548
-1   1.3286390605537768
-1   2.5484597799250777
-1   2.645892779280528
-1   1.0623292377866067
-1   1.1518062246088636
-1   1.7365345470011304
-1   1.7741377337202691
-1   1.925503043962649
-1   1.2593551566338588
-1   1.1877657796954293
-1   1.2322945101838645
-1   1.8274889316723253
-1   1.8760198268773256
-1   1.8737848348508348
-1   1.0598998791355834
-1   1.0276540492617963
-1   1.0763173427661441
-1   1.0505019003195031
-1   1.0268622003744472
-1   1.9758122295516998
-1   1.5183093300959802
-1   2.2935167832977008
-1   2.2406584018249314
-1   1.6092200158225571
-1   2.1779095614225374
-1   1.8049247766630554
-1   1.4752173781759892
-1   1.9047360182251816
-1   1.1784021606603647
-1   1.5518983778878943
-1   1.369748329963792
-1   1.0091310064605434
-1   1.0129936728001965
-1   1.0169250777430088
-1   1.9903130171503962
-1   1.0325590924436165
-1   1.8322802011712245
-1   1.0580592141726657
-1   1.9795090752077527
-1   1.0339445979032902
-1   1.1279709687631294
-1   1.3808950609283843
-1   2.4714044181047887
-1   2.2657930398734409
-1   2.4188336886407309
-1   2.6698899004848995
-1   1.6821157523131771
-1   1.544323755249478
-1   1.988710287460131
-1   2.0524241335260358
-1   1.5984700508635901
-1   1.5827081437042021
-1   1.3908227799680934
-1   1.9911520096464499
-1   1.2385295390643374
-1   1.7175348809048927
-1   3.1230605614926605
-1   2.380650820912328
-1   1.253300236437209
-1   2.8154041179392189
-1   1.8467774074995233
-1   1.8281819529752434
-1   1.7180893442687029
-1   1.3779958833922072
-1   1.0947008560246032
-1   1.9685583269596836
-1   1.0183540435731513
-1   1.0239595462776134
-1   1.2206886542288709
-1   1.1928955593925195
-1   1.8144074777741688
-1   1.7999859732404535
-1   1.0877492774751762
-1   1.1078364912084311
-1   1.1173640999396348
-1   1.9711902591416517
-1   1.6551505448449162
-1   1.5279532816056642
-1   1.8211780681119172
-1   1.9783247504631061
-1   1.3285161880768712
-1   2.4805942554024814
-1   1.8617444202399813
-1   1.9578467382388065
-1   2.921748646520296
-1   1.0141345841603875
-1   1.0300862060729628
-1   1.0114570928642765
-1   1.907852176157363
-1   1.0357197704114698
-1   1.1356978954448764
-1   1.1552917308014223
-1   1.0830491229073282
-1   1.8298953632618349
-1   1.1972039326498631
-1   1.1972298345419954
-1   1.1000335969911434
-1   1.8517615996971588
-1   1.2036468488486851
-1   1.8136119654327634
-1   1.9461161627180421
-1   1.9284716239181949
-1   1.2408665276920297
-1   1.0931209425607131
-1   2.7386049324238284
-1   1.6182093515209499
-1   1.9517339632721087
-1   1.1496134128438615
-1   1.8239221317921706
-1   1.7562837134680627
-1   1.3191426734138958
-1   1.9930546181966013
-1   2.4476805373398771
-1   1.9720692440141709
-1   1.312371583955606
-1   2.0475349428078276
-1   1.9929255141487587
-1   1.3833813314095349
-1   2.5856483477134886
-1   2.3888307430112308
-1   2.0205866432870674
-1   2.8857566541166246
-1   2.0479971269646953
-1   2.950385806745714
-1   2.8443833668858449
-1   3.8650579792577107

0   0.033795089567732139
0   1.0025492247988657
0   0.69784557029500038
0   1.040787402143968
0   1.0026716197117838
0   1.2253301955554889
0   1.0142329993870112
0   0.16577047078161622
0   1.4786722869291848
0   1.050220595014969
0   1.0030916969216366
0   1.9972143872140053
0   0.61025249626556954
0   1.0280618520199181
0   1.003807321036658
0   1.686867499765051
0   1.2729100223629644
0   1.9616108035439268
0   1.7729764739630887
0   2.8071118754602886
0   1.0018153844551063
0   1.6594505570158025
0   1.0031283932106052
0   0.99338889109286099
0   1.1234796366111091
0   1.8932475170217868
0   1.8911252207715203
0   2.7976574245261512
0   0.54134000676081828
0   1.2121024416935364
0   1.092688453831167
0   1.8117443678773091
0   0.31237533995946942
0   1.0982458463207398
0   1.0021347652085739
0   0.68544553023805643
0   2.6827074182913289
0   0.072435558569439507
0   1.87760492611398
0   1.6292728456358017
0   1.4280040973914203
0   1.0022569188770367
0   0.80027809830654228
0   1.9505895831815945
0   1.0023599296746586
0   1.0985147305658729
0   1.9938316284731905
0   1.1042138510577899
0   0.25873282795765207
0   1.6992009484488566
0   1.0114036751093505
0   1.3451194151475516
0   1.9525016599889873
0   1.9454485516802746
0   1.0352212210993879
0   0.89725641360527431
0   1.5041877452139976
0   0.31199143291734166
0   1.0160362651892287
0   2.4225142591090845
0   1.0667932597361052
0   0.87925563018013086
0   1.6414263357486383
0   1.0306580788365847
0   1.0349151165298205
0   1.5305624184936546
0   1.1437513728965152
0   1.8224136875509398
0   1.1619822349054458
0   2.3016389170171383
0   1.3396231575035451
0   1.0251832718127663
0   0.80942243147911119
0   1.8040717815181044
0   1.6198566926466369
0   2.7382736160029637
0   1.7776142186192483
0   1.1562459497017001
0   1.0378889364837121
0   2.0019644529761997
0   2.4865539900365388
0   1.7151649607178143
0   1.6671246435619902
0   3.3445312907971747
0   1.9566071896942372
0   1.8494337245819752
0   1.1933115843916737
0   1.9282692789264488
0   1.4689351832155968
0   2.3299360995422829
0   1.6511530081542958
0   1.270842410674446
0   2.1014929999272591
0   1.7499672754145363
0   1.6703807110833924
0   1.7252992152639868
0   2.0684795624075898
0   0.64048353731932739
0   2.3081024693384267
0   1.2814051784301568
0   1.9738550633229077
0   1.2015844376290572
0   1.8170192232013975
0   2.3079953766327632
0   1.3647157542718082
0   1.739198438164729
0   1.446513598232805
0   1.6442213037422566
0   2.4601652671544807
0   1.693246003779155
0   1.6040913938431678
0   1.6706981360102153
0   1.4135265613481642
0   2.0074726040988762
0   1.9284693444965395
0   1.2709022378851338
0   1.5103587583186369
0   1.6227115515908883
0   1.0933708288852932
0   1.1586421335837436
0   1.8916443174077919
0   2.4501367918356873
0   1.3557666564330761
0   1.7404971515037828
0   0.58975210162420577
0   1.1708674401219836
0   2.7066746325734612
0   1.3104264397064596
0   1.1018194390309457
0   1.4263296098418881
0   1.0152700533431487
0   1.5736650363694396
0   1.244806539535714
0   1.3273119566201317
0   0.45902614653405116
0   1.0323886499859436
0   1.0446299815054438
0   1.6457643764877616
0   1.0061599367337435
0   1.9729094463323653
0   1.9589030661624744
0   1.3218732968366336
0   1.0208747145148467
0   1.1256873934683518
0   1.5924730985085986
0   1.0065576070239994
0   0.20470726937690353
0   1.8992691690979888
0   1.8909090608312025
0   2.4901876284147724
0   1.7714286366589502
0   1.9327764817536348
0   0.67608188904978572
0   2.0779590067670393
0   1.5356010923438435
0   1.8542440092261643
0   1.9297336426131788
0   0.63093409460791383
0   2.2632899961256827
0   0.66437412114991123
0   1.6692693584001868
0   1.1732271049481211
0   1.1597265638831269
0   1.1081168501257523
0   1.9422500028909342
0   1.7674245895490115
0   1.8642610511255997
0   1.1390695890231501
0   1.2632527030710254
0   1.1284730103800054
0   1.3650498719126527
0   1.47638480830473
0   1.8559723219420534
0   2.2462427721169695
0   1.7056343557986486
0   1.6050587709122377
0   1.1730035638584619
0   1.9170669094298405
0   2.201364079880388
0   1.372701251037894
0   1.209382225209924
0   0.98504226516013582
0   2.4898679998760942
0   2.5129303639421243
0   1.2274680982883233
0   1.8083848221212686
0   2.7272475289558704
0   2.0378617251651718
0   1.9096533090569014
0   1.0479502132104241
0   1.5031211264390967
0   1.6016906840484606
0   1.078493566306183
0   1.6963524195415918
0   1.5402523065156846
0   1.1624187470474463
0   1.6415202062121947
0   1.886695568930294
0   2.0619259608265517
0   1.4370550968706586
0   1.6834739236812424
0   1.1964265384848478
0   1.5807773369485734
0   1.1642380645898562
0   1.3465366206485472
0   1.6749882502858693
0   0.43291359840582655
0   2.2803962189431415
0   2.0202195316391993
0   1.106394390769508
0   1.2176234415380471
0   1.546233693126482
0   1.3929373437303774
0   1.5171913986047718
0   1.075927184547343
0   2.1424998759453131
0   1.9665621812831553
0   0.77952691427172072
0   1.8895289623995786
0   1.419949986148612
0   1.1780546872727871
0   1.3464888775041628
0   1.9096641599023445
0   1.5632348593934977
0   1.5636375058013634
0   1.6771604345295947
0   1.9296861791549484
0   2.0958672538037542
0   1.7503471254734642
0   1.0081356695706947
0   1.0326490155205461
0   1.0227888669610363
0   0.6586980597561729
0   1.9845563650719269
0   2.0108612418797924
0   1.9635981883176581
0   1.8114727473163028
0   0.26078536784387796
0   2.3586521415200248
0   2.4377699096125744
0   1.5563072662932402
0   1.5564683160016655
0   2.2393134782978494
0   2.3351117313719927
0   1.0522494307132992
0   2.4058957510665948
0   2.3647311783656946
0   1.0471018534019965
0   0.8823642360573194
0   1.9586382877627004
0   1.0137965284833073
0   0.082490898678085123
0   1.0132715226629305
0   0.77936592521339287
0   1.3637686045144652
0   1.9529317360323679
0   1.0192424180082336
0   1.0068679612286155
0   1.9737748974253004
0   1.0770804416519326
0   1.9296516914556912
0   1.3165667235444785
0   1.3088270510174238
0   1.1890203255030833
0   1.01562967653101
0   1.3070826704467911
0   1.3085664000087633
0   1.1648473047264745
0   1.1577680633203196
0   1.3493503092513233
0   1.0257928163641505
0   1.1918825907231136
0   1.1364145766091762
0   1.6247310222409403
0   2.2137937948593014
0   2.6096341911109566
0   0.95618115673350745
0   1.0427423695936719
0   1.9440687545325224
0   1.9527575164161157
0   1.3709408815525062
0   0.58543118078492928
0   1.0125958892715543
0   1.8291897154883361
0   1.5351791783590976
0   1.9808238654616646
0   2.3466827328526789
0   1.3850391427632729
0   1.8808319692071822
0   1.0109237355874008
0   1.0190964472107871
0   0.82515069997035861
0   1.2331734057497663
0   1.968860246926265
0   1.8205069215883261
0   1.6591451782503244
0   1.6671960408380548
0   1.0478092798691259
0   1.0638226775606852
0   1.565790905775315
0   1.0389732161552598
0   1.8309579522721107
0   1.8561707301560104
0   1.7474889111773346
0   1.3823515224051215
0   1.9083116076576037
0   1.7129992277593042
0   1.8616707267028532
0   1.9134381078711389
0   2.5664247943468408
0   2.2577875469936384
0   1.0532025146308734
0   2.3604716020213727
0   1.9080446011033967
0   2.8768285887573866
0   1.2073261976892413
0   3.2521427071326281
0   2.0431984078204617
0   1.9348399261231641
0   2.8108580784843915
0   1.5613618343353535
0   1.875682175128556
0   1.3293416105047542
0   0.51960306821210667
0   1.5280990144165139
0   1.0630849460715217
0   2.35695444642319
0   1.9213026560776876
0   1.9525499532311406
0   2.0649469510537481
0   1.3007690824516556
0   2.5953752531201775
0   2.4344277039228186
0   1.9829090522091839
0   1.9307160563617192
0   1.0759187762395537
0   0.44040541564894764
0   3.8513413210901399
0   1.0156763900083001
0   1.0219497629631431
0   1.9330564408213298
0   0.32917705433443512
0   1.0396174895893067
0   1.0014090124712813
0   1.8753798352420956
0   1.0136099859536185
0   0.21061864923386275
0   1.2862664868096354
0   1.0422648678392659
0   1.5103905538967539
0   1.8404272451317789
0   0.47455554932354527
0   1.073416002984531
0   1.058399171871842
0   1.9026428051028659
0   2.1877043087490344
0   1.3803444357463548
0   2.1445998699959956
0   1.7835171074418796
0   1.0110395227353821
0   0.77337266861075005
0   1.4940180131873797
0   1.7094005886313006
0   2.9557762679167756
0   1.0043141504362938
0   1.6227763675806499
0   0.93797575676116507
0   1.0129518330706588
0   1.0178366630573883
0   0.87289216084030063
0   1.004096894480013
0   1.6521403511277546
0   1.0041720513017709
0   1.065306223042672
0   1.4671666291522947
0   1.4498076699478919
0   1.7672975315168284
0   1.8142124820248302
0   1.7955457674447342
0   1.6674456322149602
0   2.0129023192565243
0   2.4875951183644953
0   1.6136082308778112
0   0.95302690792589662
0   0.98682336715322383
0   1.0016026612573381
0   1.0657901318592271
0   1.3319886289512701
0   2.8321651916965562
0   1.8427012628395594
0   1.781514118733234
0   1.3087593164204188
0   1.3234378883083873
0   1.0047774657418267
0   1.0118335433365675
0   1.9809792499389616
0   1.9941165350998822
0   1.397680060900834
0   1.7752866594734926
0   1.0020978619208909
0   2.8383972480204402
0   0.66265414815100199
0   0.27115221014343593
0   1.026264186462271
0   1.7693789446183046
0   1.4837877795224368
0   1.0036078841047502
0   1.9915916029139935
0   1.0570761442515866
0   1.7106064760666198
0   0.6867600161342613
0   3.4272709429329491
0   1.4736741120274384
0   1.4667904567941277
0   1.1972556580174083
0   2.1036853996803897
0   1.4944497077523482
0   1.0191400954150251
0   1.1585027178136755
0   1.4784625587012286
0   0.7918707977495707
0   2.5285394507700651
0   1.182514183549201
0   1.0701910447198744
0   1.4457691403494539
0   1.3697003571262871
0   1.5370163213370764
0   1.5456821065913848
0   1.7812706366682995
0   2.3790224091199432
0   2.1862617746948678
0   2.1578564526699755
0   1.1592488721699272
0   1.2960388072215321
0   0.66848102690110345
0   0.60506421612588035
0   1.6186340490334032
0   1.996593901681889
0   1.3328005616561251
0   1.0076011464499333
0   1.0049359829708135
0   2.6491694953737817
0   1.777834644418216
0   1.009909124700926
0   1.0026729065888345
0   0.69760663748126239
0   0.39912541009946534
0   1.0038892728075379
0   1.981236089639471
0   1.9776169374289814
0   1.9961599177272693
0   1.0009492499376873
0   1.0034889008201502
0   1.9843802589055475
0   1.9175691284048129
0   1.0044430329531757
0   1.0007011609182139
0   0.050320979745007044
0   1.0385689298952092
0   0.027799677067244066
0   0.054648566125916287
0   0.51231180488972594
0   1.0350068861661099
0   1.0045607239941559
0   1.8389138135855423
0   0.29848709571399712
0   1.947953241797622
0   2.9505234201922024
0   1.8987890031763475
0   2.8866445252167852
0   1.0330512491337018
0   1.00087185883066
0   1.0802218745709662
0   1.9932313306439466
0   1.911555595877938
0   1.007733914049014
0   1.0140095219606258
0   1.0363955510451968
0   1.4960945145339668
0   1.0816016363139782
0   1.0334197095222635
0   1.9369631097048083
0   0.50843351058685871
0   1.0024341226227946
0   1.0025000115663727
0   1.9813776569612926
0   1.9407133957427471
0   1.0643103451668412
0   0.30216443009055394
0   1.0272288506271814
0   1.0052461671541639
0   0.22996836009580157
0   1.0090294462083416
0   0.07412116311396677
0   1.0096077930191485
0   0.84427232006846431
0   0.16549371781714617
0   1.3248575217951648
0   0.24432074976678186
0   1.6444681841652016
0   2.5843362281406694
0   1.9599237109305605
0   1.8152841094740948
0   2.1399624174171006
0   1.5963041470968165
0   0.37650842451528788
0   1.9846287828135778
0   1.9806450024257298
0   1.1375778790214719
0   1.0371149435081852
0   1.0977611035827142
0   0.057164858646453487
0   0.06492441673917515
0   1.0043078426584306
0   1.0036882936923768
0   0.58681095468663091
0   1.0040819223607607
0   1.8007140942554591
0   1.0184534874987685
0   0.9282227196090822
0   1.0086256545054895
0   1.9682532046134913
0   1.200063134525994
0   1.6362595728078202
0   1.0389640863055978
0   0.56205750355106709
0   1.0068435522245374
0   2.7399436024941353
0   1.9391061400493754
0   2.8045484196249237
0   1.8204150269769448
0   0.81839025362350148
0   1.0199796247421351
0   1.8771382169287287
0   1.8706497223500982
0   1.3064469660263334
0   1.1880245648098429
0   0.55774073109041566
0   1.8778027346671822
0   2.6140208689120681
0   1.9343644537010221
0   1.5846597940371003
0   1.1539434808342957
0   0.45960874990286582
0   1.2225663847302992
0   2.1248096776795768
0   1.9614730415323285
0   3.0887524493184633
0   1.4917517233593693
0   1.4246160791835911
0   1.9560409550969347
0   1.9954110348302589
0   0.99877310969370781
0   1.3139297541682724
0   1.0802695777048541
0   1.9356599335001765
0   0.053249120596314259
0   1.0045667598643493
0   1.004790852560711
0   0.26078306189653488
0   0.47143534803843568
0   1.0052930109619953
0   1.0045675821811635
0   1.1206001118924502
0   1.8171035525854236
0   1.8822402536009233
0   1.5142738510436673
0   1.0071079264458414
0   1.1872312149783069
0   1.0229370709411394
0   1.8898833941961715
0   1.6951235591912752
0   1.0051272085993812
0   1.0067774812145704
0   1.1333641637928469
0   1.4268095328599186
0   2.8543173505831061
0   1.9683739101773332
0   1.8408423355233348
0   0.057427779368085075
0   2.9178594429496654
0   1.0008761693572528
0   0.1008892983922306
0   1.007530978672271
0   1.0018388082266019
0   0.1313491226813428
0   1.9870130372184831
0   1.0153977612954415
0   0.1071285862408824
0   1.0188170651295445
0   1.0173149365970517
0   0.34760806430571212
0   1.0105433165570756
0   1.9856891016202147
0   1.1438118372515276
0   1.0324509502682078
0   1.0133598094447198
0   1.9148734898256023
0   0.41832866821890624
0   1.0481762036132856
0   1.9368181835758924
0   1.8031493442573763
0   1.9499997428603986
0   0.43007559200715639
0   1.0981808557730315
0   2.7843473589555359
0   1.0180623010496437
0   0.80720738999827857
0   1.9937726569700618
0   1.037400033585171
0   1.3222383993363589
0   1.8945349332683774
0   1.991698932748458
0   1.0770417144180269
0   1.8899753939588679
0   2.3358308565275228
0   0.8697855813302795
0   2.1137478987189611
0   1.0671810195746447
0   1.9539937065236428
0   1.8698838780559464
0   1.3157559724641592
0   2.9372485799347858
0   2.0358271901934626
0   1.9861151043753704
0   2.8515404885270077
0   2.0315698215756788
0   2.9554567701743828
0   2.8480927404848564
0   3.8582895729527298

1   1.0247719424074082
1   1.0746939585448612
1   1.1267441055218641
1   1.6472836661931201
1   1.0539720909825614
1   1.4402290415212142
1   1.4007652446498311
1   1.129809096732449
1   1.3620671030944012
1   1.6984056629227795
1   1.9124291941110965
1   1.2274691891242073
1   1.8774441537624922
1   1.8143807576206399
1   2.8403814861066201
1   1.0314822894685776
1   1.9407150079702071
1   1.2513270928530957
1   1.1132512589221584
1   2.0564123230189346
1   1.8686331531339091
1   2.7967377804377258
1   1.2701498757135958
1   1.1150826080458538
1   1.9072080330762664
1   1.0208176947750409
1   1.3648632929625248
1   2.5964839791512135
1   1.751701735922798
1   2.0757522702399078
1   1.0555183307192684
1   1.3512939346024535
1   1.3554167271905049
1   1.5877586743203311
1   1.3036165953465964
1   1.8364947703813961
1   1.3499206599638853
1   1.4173264991508621
1   1.3925415236878715
1   1.656990620967973
1   1.7760990841688771
1   1.2659124085043185
1   1.5931044067399744
1   1.3347264680926094
1   1.3979440959317027
1   2.7490468001519832
1   1.1222270146227045
1   1.2356963492966135
1   1.7634742446466452
1   1.3478662330941373
1   1.0942059274155116
1   1.8710456855172168
1   1.8125548261766387
1   1.910107545826452
1   1.8693261622907764
1   1.2533323954927613
1   2.0329842686861319
1   2.1532898923723076
1   2.1205920486115755
1   2.4392716467429416
1   2.4867468380923583
1   1.8113536096690854
1   1.4979994945369015
1   1.9296148555291328
1   2.4536932449694517
1   2.8606706958263866
1   1.8246080072536102
1   1.7045266645230237
1   1.6450800659526221
1   1.9840325918331718
1   2.3103358047966687
1   1.9109222839710318
1   2.0884119574839053
1   2.5469957890349426
1   1.8978350503935122
1   1.7202087871752134
1   1.7148745334417974
1   1.6163641999082086
1   1.8148763022936696
1   1.7186873102081144
1   1.7495386658920014
1   2.6568013052919093
1   2.0238473017985767
1   2.3068180440944781
1   2.0411231537944436
1   1.8814236681728786
1   1.4833526405892752
1   2.755064905760964
1   1.8239121434276604
1   2.1941456816508227
1   1.5775179355633129
1   1.3955568282998327
1   1.6141803332612055
1   1.7649936688670071
1   1.257487053290725
1   2.4088516188179407
1   1.8940115800960844
1   1.4953014829216742
1   1.0672672518256814
1   1.9368290739180294
1   1.2740040942143951
1   1.6616466911415406
1   2.817624779969949
1   1.7723179926839583
1   1.9880938579453726
1   1.1431260159146734
1   1.3372711846592831
1   1.1488192848301126
1   1.9184440866842167
1   1.1141213463502084
1   1.8580757031915338
1   1.8181568803838966
1   1.9160307984028044
1   1.1677806275483082
1   1.0863909204232858
1   1.070543364113923
1   1.9232338663703485
1   2.1706885742803288
1   1.9020383768657361
1   2.2325193359069258
1   2.1140202955610139
1   1.6690411885129479
1   1.5656641606768082
1   2.4183856782627942
1   1.6223581884683456
1   2.5080098426263326
1   1.4087141625274642
1   1.2466144671504424
1   1.8094342875463432
1   1.8792874697646065
1   1.7664053603028544
1   1.5779127677355804
1   1.8229159698636699
1   1.5165602905872526
1   1.5393739581863817
1   1.7295415207366838
1   1.3341589012438531
1   1.4265968783212011
1   1.8365230550899398
1   2.0774266281163456
1   1.7548211742825117
1   1.7883746875769773
1   1.6653119977118465
1   2.0427696299213061
1   1.8368261602221088
1   2.5646919556778229
1   2.1070993131374549
1   2.7446346306086187
1   1.7262967120504111
1   2.58751663829959
1   1.4625815914949436
1   2.4133878336995815
1   1.6548288248614171
1   1.7123275750958666
1   1.6242666418412428
1   2.0010696185749639
1   1.463339542479922
1   1.6067305472853359
1   1.6112001354918335
1   1.6431434543049859
1   2.3188484465785497
1   1.5871041729301041
1   1.4501423886784945
1   1.4366542252555476
1   2.4905526307995709
1   1.6861327402071264
1   2.1282400593186015
1   1.1972168316764111
1   1.4978783356323833
1   1.7338967238063292
1   1.4189997179970995
1   1.3723447376155218
1   1.6142633803081772
1   1.2497236337809225
1   2.3903961987561675
1   1.5929097433139434
1   2.2425486816034077
1   2.0961390137062326
1   1.8599558019985523
1   2.1918268319452014
1   1.8680536462979025
1   1.9566149813535492
1   1.1387248474067038
1   1.7452991756692615
1   1.7440352482204129
1   1.0626262395085231
1   1.8817609345119126
1   2.2166806031727058
1   1.5202637206367293
1   3.0922994769018488
1   1.7947565051564083
1   1.5251119077039323
1   2.6842723495601746
1   1.2291480519469502
1   2.5775211164299536
1   1.668151640184929
1   2.3356790023004028
1   2.6955428738978466
1   1.9237604148762046
1   1.1462860895880627
1   1.4235785344056167
1   1.6505594436104829
1   1.059723267549876
1   1.9303941836322629
1   1.0588358534533457
1   1.6718267271371174
1   1.2151020986781949
1   1.2638746621513908
1   1.5605521006068499
1   1.2223383932553482
1   1.9654728533629755
1   1.7358026771143558
1   2.0458887231493708
1   1.8752443400060836
1   1.3405879907543219
1   1.509495988561889
1   1.7899309016719611
1   1.4014117663959169
1   2.2933675356476639
1   1.4851513877851357
1   2.1659724999217178
1   1.8702063829518449
1   1.9997354976314985
1   1.98018244659804
1   1.2564618883693592
1   1.3029448063737314
1   1.2609512178786817
1   1.8653936459261935
1   2.0652991987870517
1   2.0520961887516123
1   1.8702459419140491
1   1.2119453832022076
1   1.1684928411786597
1   1.6814651223261818
1   1.6954201520972565
1   1.4729857368079928
1   1.6806312358911493
1   1.6795674100907663
1   1.4740863319255657
1   1.3517576969195231
1   1.9172246986527401
1   2.0418635330002362
1   1.8520201053798875
1   2.1850375179213346
1   1.7121652863353369
1   1.8488341004500772
1   2.4211043377741586
1   1.851689616410916
1   2.2697841511233476
1   1.6158667363016259
1   2.5305475485051785
1   2.47485906172939
1   2.2291853697341617
1   2.682162692767724
1   1.4564501734210045
1   2.0370679871025126
1   3.2637702105162116
1   2.1715647014358708
1   1.6631661835399711
1   2.4470858926710348
1   1.6206448974039822
1   1.5178786024158057
1   2.1144502112716572
1   2.3265268246112165
1   1.6810190879963369
1   1.5679128723347109
1   1.7243413428233301
1   2.3611598785494667
1   2.5766242515859039
1   2.0310053686558032
1   2.3650115174647528
1   1.5327685134734677
1   3.8090508897986419
1   1.0819334570874455
1   1.9415845465952248
1   1.106034926081285
1   1.2216257063890024
1   1.0598720882641652
1   1.7639244178944149
1   1.1376031036453023
1   1.3127421094934804
1   1.7537277409866192
1   1.9156457707933008
1   1.2067625674077114
1   1.3400239607571514
1   2.0480275246791244
1   1.5622272596190849
1   2.6154176432302099
1   1.4758224173291108
1   1.6795872807643195
1   1.9600466320128223
1   1.780259900234952
1   2.9169574169344012
1   1.2554046742758169
1   1.9824761511227025
1   1.013114823208723
1   1.0272732480728126
1   1.6852686553907836
1   1.0064953552474409
1   1.428803637577537
1   1.0449028281815123
1   1.778617918459426
1   1.8003736233359038
1   2.25364600191552
1   2.4290230078288908
1   1.8695821011970279
1   2.0831899357627512
1   1.584699801682635
1   1.9780165976256456
1   1.9750376174072919
1   1.1637070234883415
1   1.5138299785559313
1   2.2375001392926399
1   1.9315967842953419
1   1.8395323715463694
1   1.189306533594761
1   1.3435802696156551
1   1.7918681126194342
1   1.8900076768973606
1   1.8054337901261617
1   2.0320671658253584
1   1.9092819308694295
1   1.1334403202095336
1   2.4933049757205796
1   1.1422896037664825
1   1.8398534501692261
1   2.0559572611024497
1   1.8263132021516713
1   1.1513731740431326
1   1.2416715287105196
1   1.414017994873668
1   1.4240770119099377
1   3.6185827521988783
1   1.2207694260149833
1   1.6047956765521274
1   1.3862584479171327
1   1.4086282206206937
1   2.4207735052850419
1   1.3459447436294749
1   1.6295011949102198
1   1.9991320560233801
1   2.7143574441577609
1   2.0255798232805891
1   1.6900030435335358
1   1.3102156559091458
1   2.0723112104886994
1   1.976535821683
1   1.7145767127362452
1   1.9904404452710933
1   1.3092920737332878
1   1.6866577314594937
1   1.0531778149224682
1   1.1033992419619194
1   1.5397867533595702
1   1.8272222144088457
1   2.8640883190309281
1   1.7403844260583119
1   1.0192101675691372
1   1.3300102185273428
1   1.8245263628904791
1   1.881153874799868
1   1.7241929330862829
1   1.3091678876512753
1   1.013684453963223
1   1.5867205486847804
1   1.9157499369493576
1   1.9872299944903373
1   1.0059463031522209
1   1.0043464644014259
1   1.0364393391545941
1   1.3991567242661875
1   1.0291194590198245
1   1.6911529192182173
1   2.2529185523117161
1   2.1724069535549826
1   1.3923766755076563
1   1.2942207123943781
1   1.3147535018791232
1   1.3286390605535634
1   2.5484597799251336
1   2.6458927792804352
1   1.062329237786648
1   1.1518062246088869
1   1.736534547001054
1   1.7741377337202495
1   1.9255030439626157
1   1.2593551566338175
1   1.1877657796953633
1   1.2322945101839144
1   1.8274889316723382
1   1.8760198268773718
1   1.8737848348508401
1   1.0598998791355938
1   1.0276540492618103
1   1.0763173427661501
1   1.0505019003195295
1   1.0268622003744645
1   1.975812229551738
1   1.5183093300960833
1   2.2935167832976151
1   2.2406584018249411
1   1.6092200158223902
1   2.1779095614225037
1   1.8049247766631416
1   1.4752173781760389
1   1.9047360182250639
1   1.1784021606604438
1   1.5518983778879916
1   1.3697483299637894
1   1.0091310064605397
1   1.0129936728002089
1   1.0169250777430154
1   1.9903130171504073
1   1.0325590924436059
1   1.832280201171173
1   1.058059214172673
1   1.9795090752076754
1   1.0339445979032846
1   1.1279709687631712
1   1.380895060928468
1   2.4714044181046551
1   2.26579303987354
1   2.4188336886408641
1   2.6698899004848555
1   1.6821157523134018
1   1.5443237552495206
1   1.9887102874599969
1   2.052424133526205
1   1.598470050863491
1   1.5827081437040551
1   1.3908227799679242
1   1.9911520096463828
1   1.2385295390644009
1   1.7175348809036524
1   3.1230605614936247
1   2.3806508209122703
1   1.2533002364374011
1   2.8154041179389737
1   1.8467774074998053
1   1.8281819529753669
1   1.7180893442683294
1   1.3779958833921648
1   1.0947008560245617
1   1.9685583269596836
1   1.01835404357316
1   1.0239595462776157
1   1.2206886542290267
1   1.1928955593925374
1   1.8144074777740311
1   1.7999859732409327
1   1.0877492774744384
1   1.1078364912083927
1   1.1173640999386261
1   1.9711902591422947
1   1.65515054484518
1   1.5279532816053316
1   1.8211780681119789
1   1.9783247504631261
1   1.3285161880768572
1   2.4805942554024805
1   1.8617444202399724
1   1.9578467382388087
1   2.9217486465203057
1   1.0141345841603919
1   1.0300862060729656
1   1.0114570928642639
1   1.9078521761574359
1   1.0357197704114778
1   1.1356978954447836
1   1.1552917308015291
1   1.0830491229073065
1   1.8298953632617199
1   1.1972039326496993
1   1.1972298345420573
1   1.1000335969911894
1   1.8517615996971739
1   1.2036468488488978
1   1.8136119654326746
1   1.9461161627179879
1   1.9284716239181909
1   1.2408665276921558
1   1.0931209425606268
1   2.7386049324240069
1   1.6182093515206972
1   1.9517339632721407
1   1.1496134128438349
1   1.8239221317921981
1   1.7562837134679672
1   1.3191426734138962
1   1.9930546181965827
1   2.4476805373395729
1   1.9720692440144876
1   1.312371583955573
1   2.0475349428079408
1   1.9929255141486539
1   1.3833813314093917
1   2.5856483477150434
1   2.38883074300966
1   2.020586643287003
1   2.8857566541166708
1   2.0479971269645563
1   2.9503858067457687
1   2.8443833668859022
1   3.8650579792577489

2   2.0002763210485202
2   2.0004421258640384
2   2.0009730647421566
2   2.1400602829710356
2   2.0090865596973164
2   2.8922035261082102
2   2.0029906948952911
2   2.110667232403356
2   2.0038786955455103
2   2.9075987058599031
2   2.0012436115346905
2   2.0033139885881024
2   2.8766021875205579
2   2.1411291690571956
2   2.020535525899795
2   2.0103995770654652
2   2.0150677955327643
2   2.0186495546449539
2   2.0155368145657024
2   2.8799346161451949
2   2.1384455477591118
2   2.00352310710905
2   2.0876597164683162
2   2.9626654494131603
2   2.7241210918537999
2   2.7325257437908599
2   2.0308308356335312
2   2.2941951261040594
2   2.2408353240957846
2   2.4306722505902347
2   2.7218489389728533
2   2.1110342002330942
2   3.0580547764798589
2   2.5657187883508792
2   2.3400181046965032
2   2.1174377295203262
2   2.868125663484304
2   2.465548541621069
2   2.2971807621522373
2   3.2503394579952265
2   2.3665058795816547
2   2.5657912174125097
2   3.0568265512346264
2   2.3209785450632543
2   2.3741852730662663
2   2.3299460119931301
2   2.2421147694465007
2   2.5904483620284808
2   2.2210198434104416
2   2.1172910662651496
2   2.5081542745455572
2   2.3929760658771446
2   2.0116422879059535
2   2.0019580458174002
2   2.0080308322160954
2   2.0074088111167598
2   2.0545683733141784
2   2.1045698599176936
2   2.9156992781344173
2   2.5858507605353096
2   2.3728869851214944
2   2.9634366461362585
2   2.0817577443159698
2   2.0694616416775604
2   2.1087038802995579
2   2.0218695360686949
2   2.3167323745275259
2   2.5187764493308809
2   2.0477920312066265
2   3.0385121012905354
2   2.3924627616774061
2   2.0912130751395335
2   3.2712376508089442
2   2.5208145381912139
2   2.9305349224024297
2   2.1158586113320399
2   2.6993193651079657
2   2.0460650059745578
2   2.0796521863095059
2   2.0538926561994542
2   2.1013585445167413
2   2.7320474407080089
2   2.2983619220242479
2   2.2614903469623311
2   2.250105232669636
2   2.1947770083205076
2   2.0652964714671449
2   2.7538922584452381
2   2.452973587341527
2   2.0167105245119865
2   2.4349195167768971
2   2.0640246071925845
2   2.672013648572614
2   2.6850276212184636
2   2.7088259114700635
2   2.7047886496788296
2   2.9852384107954677
2   2.3793894983162303
2   2.6642492287571833
2   2.7007103151118383
2   2.0580045735137653
2   2.0027191686371753
2   2.0242962821665293
2   2.0277841256982456
2   2.0746584823309613
2   2.2759073147044426
2   2.1404851762098347
2   2.3199104249228006
2   2.4788403863327728
2   2.8154213950342477
2   2.0309764167408391
2   2.0057321369473256
2   2.9837843796279282
2   2.0141345450179573
2   2.0072415026349297
2   2.00377721230935
2   2.0130909244567712
2   2.027224887968746
2   2.0605056535702606
2   2.1494777907305616
2   2.5128644320450206
2   2.3588012257466704
2   2.1423583937719632
2   2.4214553806066967
2   2.0992355359996258
2   2.7438929636755356
2   2.661734302869311
2   3.2678583200208102
2   2.8394554959957738
2   2.3062752365503281
2   3.2352616983033435
2   2.6797676849545087
2   2.2860919942254507
2   2.2801507964009464
2   2.6889581831644027
2   2.3605535083544038
2   2.4126213280770976
2   2.3143541270840498
2   2.7340784003947758
2   2.58801482409315
2   3.7600763568989128
2   2.0166464985862009
2   2.0025442662854691
2   2.0332667202779802
2   2.0027031921129708
2   2.4560440690898924
2   2.5142193162940627
2   2.0532840121373601
2   2.202576863819417
2   2.1217627672147774
2   2.7849516010501185
2   2.0207551918735791
2   2.0008639836123927
2   2.9268849605503058
2   2.6672260164000674
2   2.4087618432733171
2   2.0908006535627295
2   2.0041827227966946
2   2.992701401023151
2   2.0080744360589757
2   2.0009638629370352
2   2.0047735515651492
2   2.0074605037105875
2   2.0106962349230768
2   2.0391260568592537
2   2.9005619208520046
2   2.0071187039058977
2   2.0172352510871541
2   2.1317613076341502
2   3.8091152481158019
2   2.1761218930477817
2   2.2073273251052128
2   2.7027030865711201
2   2.8307115338154345
2   2.9345476844138134
2   2.3647246153729373
2   2.0642169325423931
2   2.0299997205698421
2   2.0766626512552162
2   2.0603607281560592
2   2.95931032550769
2   2.0004027761316929
2   2.0048850042271673
2   2.0009362229599832
2   2.0040746281808106
2   2.0017695248133607
2   2.0020385028501959
2   2.0047564312527548
2   2.2023258711306304
2   2.167413342395534
2   2.6697986805399911
2   2.6858479715515426
2   2.1974921839527211
2   2.2044130443883492
2   2.0282219710119147
2   2.0240454132301293
2   2.001383445221705
2   2.0122035448164248
2   2.5542824347439725
2   2.7741825550677115
2   2.4367189685993038
2   2.1701018180619962
2   2.1005310567443893
2   2.1209454583661045
2   2.0027101765726036
2   2.0468301012581946
2   2.1680565301377142
2   2.2286391653509057
2   2.2060431985097106
2   2.7009402550381365
2   2.8183779154302546
2   2.0012299480276119
2   2.0160028567659034
2   2.0395334988199574
2   3.4061966995307507
2   2.8779758927066346
2   3.0138263017331965
2   2.7758136978570058
2   2.1031811145382053
2   2.0521768193162266
2   2.0021585157551067
2   2.0028238651729984
2   2.0007183260518655
2   2.0031597348969075
2   2.0219453081254191
2   2.0018075811086318
2   2.979161145558924
2   2.0143127775055705
2   2.002906633435293
2   2.986598222689707
2   2.0022137233989605
2   2.004636651229819
2   2.0228530039433688
2   2.0088019462448488
2   2.0197105344541897
2   2.0100621174539866
2   2.8667892248532607
2   2.0749891639252498
2   2.1490227938517528
2   2.0519935819604429
2   2.0541428289560995
2   2.4901245612520033
2   2.4700841906551032
2   2.1471266052694182
2   2.1991409693023467
2   2.7569866942193304
2   2.1981703612793293
2   2.971927566008647
2   2.1604705824036117
2   2.9614575583028255
2   2.8751306842474871
2   3.8816698353404773

3   3.0000228773270741
3   3.0000353024739481
3   3.0003319742943479
3   3.0009650353433677
3   3.0001547182271455
3   3.0203310261390031
3   3.0070949082290568
3   3.8772937608083522
3   3.0004089146616297
3   3.1309154150715734
3   3.873398583416348
3   3.1446220631875947
3   3.0010088461052518
3   3.0001262589381335
3   3.004574477215697
3   3.0003195337502948
3   3.0018847951028853
3   3.0001462374994294
3   3.8046788886902485
3   3.0005556104408311
3   3.0197745085519854
3   3.1738532214271671
3   3.0032021952044823
3   3.0435915454062168
3   3.008057714198443
3   3.0015495866833297
3   3.7669519633158517
3   3.0002504322022476
3   3.267723996378237
3   3.0000861067609925
3   3.0027733504449583
3   3.0000436077914974
3   3.0015442932328145
3   3.0027012264282336
3   3.3057208927436159
3   3.0022710884520425
3   3.1382119722591066
3   3.6132164374095996
3   3.0048081510558595
3   3.0051814778487072
3   3.064790047578648
3   3.0079456511775491
3   3.9408504660657613
3   3.0000656240561172
3   3.0001256189471595
3   3.0001747047843432
3   3.0010413360566615
3   3.0000733779656734
3   3.0000104954500597
3   3.7854012114393809
3   3.0000329236131957
3   3.2569573444698756
3   3.00001030701991
3   3.001695964331577
3   3.0001101245313762
3   3.0001392000519655
3   3.0000048590354802
3   3.0000206645401937
3   3.0279831492600469
3   3.0000105013637808
3   3.9371494981171509
3   3.0000596592853266
3   3.0515061740930118
3   3.0000263524836055
3   3.0000334777514395
3   3.0001713742936307
3   3.0000241690270322
3   3.0000652183770997
3   3.000015984051704
3   3.0964227956820021
3   3.0000634175838385
3   3.923057221445819

4   4
4   4.0000000000000009
4   4
4   4
4   4
4   4
4   4
4   4
4   4

