-1.5   1.5
-1.5   1.5
-1.5   1.5
-1.5   1.5

-0.5   0.50536394593852552
-0.5   0.50000000000000022
-0.5   1.4990823824991051
-0.5   0.5
-0.5   1.4968665473946001
-0.5   0.50169829288647527
-0.5   1.5000000000000018
-0.5   0.50000000000000022
-0.5   0.50088327396519738
-0.5   0.50765875963440044
-0.5   0.50000000000000022
-0.5   1.4962199232905402

0.5   0.50536394593852618
0.5   0.5
0.5   1.4990823824991053
0.5   0.50000000000000022
0.5   1.4968665473945992
0.5   0.50169829288647505
0.5   1.5000000000000018
0.5   0.50000000000000022
0.5   0.50088327396519694
0.5   0.50765875963439999
0.5   0.49999999999999989
0.5   1.4962199232905398

1.5   1.5
1.5   1.5
1.5   1.5
1.5   1.5

