-3   2.9999999999999996
-3   2.9999999999999996
-3   2.9999999999999996
-3   3.0000000000000004
-3   2.9999999999999991
-3   2.9999999999999996
-3   2.9999999999999991

-2   2.0000196793920568
-2   2.0016336779692701
-2   2.0021829679586869
-2   2.0048649141838051
-2   2.0124241067796196
-2   2.9522790545187916
-2   2.0030555267315524
-2   2.0534401653477317
-2   2.9312701801328367
-2   2.0760161287410641
-2   2.0056752660067043
-2   2.0355390170394085
-2   2.0017932211294527
-2   2.3714665261315981
-2   2.0005175974850649
-2   2.0003369094657408
-2   2.155192603352341
-2   2.5445583315107823
-2   2.0155682142878995
-2   2.0008481047237838
-2   2.9441763855405627
-2   2.0412443884348845
-2   2.0006587701818344
-2   2.025656075153444
-2   2.0000007295631774
-2   2.9924108602434112
-2   2.0001053362977887
-2   2.0022711862204874
-2   2.0000522896894188
-2   2.0002135116279596
-2   2.0062903652632267
-2   2.0001888204404255
-2   2.9332073074514819
-2   2.0000932017422861
-2   2.0845329288704622
-2   2.0000129678287131
-2   2.0002661426506476
-2   2.0012804945168181
-2   2.0000118847864825
-2   2.0818158287431916
-2   2.0000705748621881
-2   2.9390743116623268

-1   1.0060764852962354
-1   1.0766033340987724
-1   1.0080727696967853
-1   1.9472041946474481
-1   1.0105241601484594
-1   1.9844941132896361
-1   1.0144360657648732
-1   1.0705831067732869
-1   1.9550350730173163
-1   1.0304148777220568
-1   1.1016599756323433
-1   1.5616103918577209
-1   1.9294740978108194
-1   1.5550612288725492
-1   2.095900929519245
-1   2.1857758973777082
-1   1.4302184755134459
-1   1.1714888072914451
-1   1.4246426173202484
-1   1.6924873894315868
-1   2.5136848771337377
-1   1.6663326533601244
-1   1.2189356193991874
-1   1.9598217728882021
-1   1.8896411161504423
-1   1.7386500797586266
-1   1.1330789061692816
-1   1.0325920655211225
-1   1.0031837448063456
-1   1.9986684124651894
-1   1.0512795125083572
-1   1.4978222307989819
-1   1.5166143202101723
-1   1.6835754381664492
-1   1.7851171799075392
-1   1.9072492004148547
-1   1.5267463426784391
-1   1.3502068434657211
-1   1.5228623176895848
-1   1.6419918879254403
-1   1.719059224207665
-1   1.2970998388834472
-1   1.7529773682584961
-1   1.8900317689152386
-1   1.0172982564886268
-1   1.1038135751751998
-1   1.6601333183369755
-1   1.4748608481583134
-1   1.0455133437562429
-1   1.9321946447758012
-1   2.9346945507079072
-1   1.0294413707957719
-1   1.9900631098114752
-1   1.3813939451247206
-1   1.5567557207438005
-1   1.7938553293113846
-1   1.5555851168804029
-1   1.6953598905994096
-1   1.9717487359889549
-1   1.4119269653176427
-1   2.3882199507586463
-1   1.0025255848597403
-1   1.0499487903193176
-1   1.5916922540294896
-1   1.5302998341120357
-1   1.0041916448877271
-1   1.970265062310633
-1   1.003901966951303
-1   1.0214441124706366
-1   1.6602625690404804
-1   1.1970843802178985
-1   1.8160849144534179
-1   1.2429861815148784
-1   1.0882365195157682
-1   1.2667987101104179
-1   1.978813972566337
-1   1.9821254655861096
-1   1.0372608447575882
-1   1.0086254616301376
-1   1.0749519186652994
-1   2.3313853014392736
-1   1.744773845760391
-1   1.0022328150192696
-1   2.145484399279932
-1   1.3430056707058924
-1   1.8221393136415167
-1   1.017030138360056
-1   1.005869205141898
-1   1.0026430389076155
-1   1.0078736488044409
-1   1.9952100256647158
-1   1.025278419011932
-1   1.0086931088445423
-1   1.9774647432514549
-1   1.0228579077893556
-1   1.0156602018805174
-1   1.0646863774305602
-1   1.7965024747363731
-1   1.2607030837334667
-1   1.1846717429642599
-1   1.9409716031830588
-1   1.132496496052563
-1   1.98677950635224
-1   1.9337890153763899
-1   2.9270654784879087

0   0.015552573926314817
0   1.0022969797141195
0   0.384940733083733
0   1.002711981459609
0   1.0020264618176584
0   1.8865045239605789
0   1.0013653192632028
0   1.9920497909050789
0   1.0022900495692257
0   0.46754712502772866
0   0.031694148443893289
0   1.0018078932492505
0   1.022719072391352
0   1.8591622085087929
0   0.027216753716398867
0   1.0055198062746475
0   1.2873336141470513
0   1.9886016306254533
0   1.3172656495571835
0   1.5972471656785303
0   1.3284817765886103
0   2.407787280879703
0   1.0049497397471345
0   1.9563084117798151
0   1.2976305030348521
0   1.3643920985062268
0   2.1980468902166996
0   1.1147541553110203
0   1.3029194166330162
0   0.51838140876792349
0   1.034457147150281
0   1.9787200904419731
0   1.7898151831173368
0   1.9448972012451691
0   0.34978840533599886
0   1.0001064522645882
0   0.079845561165947099
0   1.0018788694325678
0   1.0175364503797302
0   1.9216490409651907
0   1.0017046105079093
0   1.3021187752211634
0   1.3021495761435009
0   0.30205690404023577
0   1.0111103290047392
0   0.84583974229367409
0   1.0005387293848735
0   1.1583529041074816
0   0.98619804376585973
0   2.0283380192776979
0   1.9515493861065116
0   1.0019620993624858
0   1.2340846411489459
0   1.5058936460404317
0   1.202789670757463
0   1.6333830163270582
0   1.4882776436317242
0   1.8740638000772516
0   1.4156752453311168
0   1.0051994977435175
0   0.07063377516780811
0   1.9861194517705321
0   1.0067087582348506
0   1.0501296816904095
0   1.042851696295801
0   1.9885279024153206
0   1.0011964017791748
0   0.68821668502598943
0   2.9505627755016137
0   1.767286761588831
0   1.0003576158473055
0   1.9869860870262106
0   1.9913669043952194
0   1.0148788136082214
0   0.019150705533217516
0   1.3040815291462065
0   1.3039028937183927
0   0.06212273119862799
0   1.000270419753635
0   2.7968892921480135
0   1.3026754578463868
0   1.1103409415533272
0   1.9993469095609142
0   1.0025390391422067
0   1.0001014807617832
0   1.0000369163607643
0   1.9966758883601496
0   0.0056151999550592135
0   1.0020164924984949
0   0.29860594410851093
0   1.0007283943764442
0   0.10944175813456103
0   1.0011333742127522
0   0.12012782236710517
0   1.9213278132605005
0   1.9606583999563774
0   1.0001449905817923
0   1.0002487816520518
0   1.0037184689222569
0   1.9886753805524067
0   1.9825827486451266
0   1.0275107628001643
0   1.0001567255069481
0   0.1261006382387726
0   0.065620737749943703
0   1.0134705677554388
0   2.6667218015511991
0   1.4949605253885718
0   0.080745082337961849
0   1.0004219105244949
0   1.0271601532263372
0   1.0004814167974605
0   1.97657691182539
0   1.5745319387577501
0   0.06805561429526874
0   0.017454227272780787
0   1.000174612022908
0   1.0058090145955494
0   1.0006331123282257
0   1.0034713591705489
0   0.93941451498048179
0   0.060424447490527111
0   1.0000390850841854
0   1.0042775179477492
0   1.6099672275174761
0   1.9795273177354638
0   0.017215942449883559
0   1.0001283946012196
0   0.2028267147911198
0   1.000036771876794
0   1.0074467344974889
0   1.9995086073165984
0   1.0351484557766266
0   0.35718816715560819
0   1.0000135452744014
0   1.9245213741412743
0   1.1277807288468404
0   1.9951285403384031
0   1.9345847071554276
0   2.9210945866451854

1   1.0060764852962329
1   1.0766033340987604
1   1.0080727696967857
1   1.9472041946474539
1   1.0105241601484614
1   1.9844941132896365
1   1.0144360657648743
1   1.0705831067732952
1   1.9550350730173105
1   1.0304148777220568
1   1.1016599756323484
1   1.5616103918577697
1   1.9294740978108167
1   1.5550612288725079
1   2.095900929519193
1   2.1857758973777455
1   1.4302184755134546
1   1.1714888072914329
1   1.4246426173202573
1   1.6924873894315704
1   2.5136848771337887
1   1.6663326533601044
1   1.2189356193992114
1   1.9598217728881626
1   1.8896411161504383
1   1.7386500797586142
1   1.133078906169291
1   1.0325920655211207
1   1.0031837448063459
1   1.9986684124651903
1   1.0512795125083587
1   1.4978222307989777
1   1.5166143202101705
1   1.6835754381664612
1   1.7851171799075436
1   1.9072492004148573
1   1.5267463426784467
1   1.3502068434657026
1   1.5228623176895764
1   1.6419918879254474
1   1.7190592242076734
1   1.2970998388834432
1   1.7529773682584966
1   1.8900317689152382
1   1.0172982564886268
1   1.103813575175201
1   1.6601333183369693
1   1.4748608481583216
1   1.0455133437562443
1   1.9321946447758016
1   2.9346945507079147
1   1.0294413707957688
1   1.990063109811476
1   1.3813939451247157
1   1.5567557207438005
1   1.793855329311381
1   1.5555851168804038
1   1.6953598905994416
1   1.9717487359889536
1   1.4119269653176099
1   2.3882199507586481
1   1.0025255848597399
1   1.0499487903193176
1   1.5916922540294824
1   1.5302998341120433
1   1.0041916448877288
1   1.9702650623106357
1   1.0039019669513025
1   1.0214441124706384
1   1.660262569040476
1   1.1970843802178825
1   1.8160849144534152
1   1.2429861815148533
1   1.088236519515785
1   1.2667987101104452
1   1.9788139725663338
1   1.9821254655861118
1   1.0372608447575851
1   1.0086254616301358
1   1.074951918665306
1   2.3313853014392318
1   1.7447738457603998
1   1.0022328150192685
1   2.1454843992799506
1   1.3430056707058764
1   1.8221393136415429
1   1.0170301383600582
1   1.0058692051418974
1   1.0026430389076171
1   1.0078736488044413
1   1.9952100256647136
1   1.0252784190119417
1   1.0086931088445488
1   1.9774647432514505
1   1.0228579077893523
1   1.015660201880519
1   1.0646863774306354
1   1.7965024747362222
1   1.2607030837335911
1   1.1846717429643068
1   1.9409716031830211
1   1.1324964960525303
1   1.9867795063522515
1   1.9337890153763975
1   2.9270654784879193

2   2.0000196793920564
2   2.0016336779692718
2   2.0021829679586869
2   2.0048649141838046
2   2.0124241067796178
2   2.9522790545187929
2   2.0030555267315551
2   2.0534401653477339
2   2.9312701801328358
2   2.076016128741065
2   2.0056752660067048
2   2.0355390170394068
2   2.0017932211294527
2   2.3714665261316021
2   2.0005175974850653
2   2.0003369094657404
2   2.1551926033522473
2   2.5445583315108595
2   2.0155682142878995
2   2.0008481047237834
2   2.9441763855405623
2   2.0412443884348845
2   2.0006587701818344
2   2.025656075153444
2   2.0000007295631774
2   2.9924108602434107
2   2.0001053362977887
2   2.0022711862204869
2   2.0000522896894202
2   2.0002135116279609
2   2.0062903652632267
2   2.0001888204404255
2   2.9332073074514682
2   2.0000932017422861
2   2.0845329288704857
2   2.0000129678287122
2   2.0002661426506476
2   2.0012804945168186
2   2.0000118847864816
2   2.0818158287431814
2   2.0000705748621885
2   2.9390743116623326

3   2.9999999999999996
3   2.9999999999999996
3   2.9999999999999996
3   3.0000000000000004
3   2.9999999999999991
3   2.9999999999999996
3   2.9999999999999991

