-3.5   3.5
-3.5   3.5
-3.5   3.5
-3.5   3.5
-3.5   3.4999999999999996
-3.5   3.4999999999999996
-3.5   3.4999999999999996
-3.5   3.4999999999999996

-2.5   2.5000619148215493
-2.5   2.5000835989168602
-2.5   2.5012233840561917
-2.5   2.5045123815728001
-2.5   2.5053302158486135
-2.5   2.5539965727109508
-2.5   3.4239177825616016
-2.5   2.9127866492896364
-2.5   3.1318503841727372
-2.5   2.5160260921117077
-2.5   2.5248241392733317
-2.5   2.5134922853095283
-2.5   2.5066038284034549
-2.5   2.5009487300034157
-2.5   2.5006469381544276
-2.5   2.5061212753367852
-2.5   3.0704617358774087
-2.5   2.511340882289316
-2.5   3.0994670612914597
-2.5   2.5034424512184885
-2.5   2.5665600538421995
-2.5   2.6983363830421907
-2.5   2.8765542543453075
-2.5   2.7688385822722235
-2.5   2.5030008646297275
-2.5   2.5699674934409984
-2.5   2.5120947120759798
-2.5   2.5002677824689346
-2.5   2.5020196197072222
-2.5   2.500061096470561
-2.5   3.4773010168325547
-2.5   2.5003207171875004
-2.5   2.5151822757288134
-2.5   2.5026348532110183
-2.5   2.5006390831836396
-2.5   3.4929414894437438
-2.5   2.5000200091653069
-2.5   2.5012243637183844
-2.5   2.5000708897390296
-2.5   2.5052815016458605
-2.5   2.500026641836147
-2.5   2.5003850154914606
-2.5   2.5007991327585697
-2.5   2.5000686543052892
-2.5   2.5000616183295654
-2.5   2.6849182770400932
-2.5   3.3531990301740677
-2.5   2.5000272621408679
-2.5   2.5002483857668389
-2.5   2.5000438677918209
-2.5   2.5000372997354443
-2.5   2.5005864275123968
-2.5   2.5000172955635938
-2.5   2.5939250848156816
-2.5   2.5000724162857932
-2.5   3.4272525730155725

-1.5   1.500995380534333
-1.5   1.502527245174369
-1.5   1.6315760482769459
-1.5   1.5094610376386721
-1.5   2.4044823118456806
-1.5   1.5365762632368645
-1.5   1.5071121375024346
-1.5   2.4592989170911008
-1.5   1.5057845782671997
-1.5   2.2811807012655647
-1.5   1.7702041745530455
-1.5   1.5320778479927917
-1.5   1.5158609456650258
-1.5   1.5183003291532131
-1.5   1.5415780648178958
-1.5   2.4765720834109581
-1.5   1.6061230703749136
-1.5   1.8414598508500153
-1.5   2.1530855486559242
-1.5   2.0376867417777351
-1.5   1.8069267203556794
-1.5   1.8193098536697043
-1.5   1.5341835341897014
-1.5   3.3638413071764131
-1.5   1.6351161984604357
-1.5   2.7579124355857076
-1.5   2.2753719901344676
-1.5   2.0159254760662528
-1.5   2.4780123013728153
-1.5   2.26247996610716
-1.5   1.7043106355731581
-1.5   1.7571133869785229
-1.5   1.9469823898224217
-1.5   2.195050971658083
-1.5   2.2285116501056432
-1.5   1.5984000026127849
-1.5   2.4372963569497403
-1.5   1.5447934998261346
-1.5   1.5276058001562562
-1.5   1.5058659076182832
-1.5   1.5163397911139067
-1.5   2.4802862923197808
-1.5   1.514651446383867
-1.5   1.524494121992348
-1.5   2.4472969651625882
-1.5   1.5555079542912096
-1.5   2.4345800705801186
-1.5   1.5641833658089435
-1.5   1.5019940334037631
-1.5   1.5402758096935254
-1.5   1.5145352205364402
-1.5   1.9524655805214679
-1.5   1.952501101203671
-1.5   1.5142674248569086
-1.5   1.9953805967517413
-1.5   1.9865398479952638
-1.5   2.0575534367264412
-1.5   2.0466653043238892
-1.5   2.3799458572460059
-1.5   2.0667410054046473
-1.5   2.1043534013267813
-1.5   2.1713089748867307
-1.5   2.6208252511613472
-1.5   2.4061127248938625
-1.5   1.8482425134483749
-1.5   1.8654641293504026
-1.5   2.1076290379027669
-1.5   2.1880195429422655
-1.5   2.0663893909126165
-1.5   2.2197020632206854
-1.5   2.0453521333763627
-1.5   2.2991706786223007
-1.5   2.2487432996253403
-1.5   2.0103934179202958
-1.5   1.5048856633124821
-1.5   1.5110910867371796
-1.5   1.5195805283172437
-1.5   1.5024416320720215
-1.5   1.5174314415579779
-1.5   1.567040420811638
-1.5   2.3929194781064669
-1.5   2.2534668143377337
-1.5   1.6910367535394077
-1.5   1.8367050037822867
-1.5   1.9573621339352152
-1.5   2.1774778091238658
-1.5   2.4325053135160268
-1.5   1.505499579486794
-1.5   1.5134383898385866
-1.5   3.2719585092301315
-1.5   2.2568523768457585
-1.5   1.860575776195136
-1.5   1.6373031060044183
-1.5   1.699452543961915
-1.5   2.4364273828585774
-1.5   1.5476754065801845
-1.5   2.3202442395314762
-1.5   1.7470990334434013
-1.5   2.4402104090719607
-1.5   1.5480609960032781
-1.5   1.5140134330149082
-1.5   1.5859983293700051
-1.5   3.0160589680706615
-1.5   2.4160815684808656
-1.5   1.5099337951670639
-1.5   2.2544237885938387
-1.5   1.5194990889532303
-1.5   1.5173372596386203
-1.5   2.4638825210591029
-1.5   2.0656943334120146
-1.5   1.939562700979915
-1.5   2.1109452688597394
-1.5   2.0251714887405234
-1.5   1.5925204434885805
-1.5   1.5022201236510115
-1.5   1.5080166371298516
-1.5   1.504026573875886
-1.5   1.5047253517344914
-1.5   1.5048841260625867
-1.5   1.7517775438038545
-1.5   1.7289276903172155
-1.5   1.5320645000516384
-1.5   2.3283991192830031
-1.5   2.2883926877593579
-1.5   1.5039897329357159
-1.5   1.5365105029068906
-1.5   2.1220341006314367
-1.5   2.1058063255231358
-1.5   1.9680218019025033
-1.5   1.9665124704127139
-1.5   1.5034718240823794
-1.5   1.5042635278664758
-1.5   1.5074047894114035
-1.5   1.9854105174884147
-1.5   1.9100082798863021
-1.5   1.8826200306932908
-1.5   1.518530106945243
-1.5   1.9690787233332099
-1.5   2.0976077912266713
-1.5   3.3772318183570178
-1.5   2.4896220302567835
-1.5   1.5013604539121475
-1.5   1.5853237546701369
-1.5   1.5083536034620586
-1.5   1.5015580028312754
-1.5   1.5127350153073644
-1.5   1.504839728199693
-1.5   1.5678082845883834
-1.5   1.5026798470165366
-1.5   2.4420147950306559
-1.5   1.5050801062279056
-1.5   2.4941019381183143
-1.5   1.5016333027940898
-1.5   1.5396396195047868
-1.5   1.5233861844759544
-1.5   1.5010064589929013
-1.5   1.5419439499752903
-1.5   2.3158784227749205
-1.5   1.7209894969496804
-1.5   1.6480835708856469
-1.5   1.8943777113177966
-1.5   2.0933682591408216
-1.5   1.6850166116262137
-1.5   2.465197231259542
-1.5   1.6449030203242381
-1.5   2.4741264235374016
-1.5   2.3981433663004634
-1.5   3.4018986442837189

-0.5   0.52412530159578852
-0.5   0.59064630367719895
-0.5   1.2912980585030396
-0.5   0.89464164743155683
-0.5   0.99700247443755163
-0.5   1.3047731109947849
-0.5   0.87024307832213443
-0.5   1.4248954910920508
-0.5   1.328724717848121
-0.5   2.3664546136514537
-0.5   1.2857474473700088
-0.5   0.88720193918331569
-0.5   1.4858012275306589
-0.5   2.4442653537349734
-0.5   0.58766309960023855
-0.5   1.4835853212130006
-0.5   0.61785194244303354
-0.5   1.3724523961711526
-0.5   0.53708637730502695
-0.5   2.0624661302482719
-0.5   1.42840690125142
-0.5   1.345796608528355
-0.5   0.55298150840345484
-0.5   0.83085732683791247
-0.5   1.488735099073244
-0.5   1.2351190600105426
-0.5   1.1715027889775051
-0.5   1.3113646766674791
-0.5   0.55902227178578001
-0.5   1.9729088782820208
-0.5   1.4372948296437462
-0.5   1.7574857007342866
-0.5   0.78959412322687994
-0.5   1.7737625859053234
-0.5   2.0513908826260963
-0.5   2.0017742668430309
-0.5   1.2083557624610763
-0.5   1.6084810530034659
-0.5   2.0739422953968982
-0.5   1.5534942298781149
-0.5   2.3538520055316772
-0.5   1.4778815433016155
-0.5   1.4227783150169315
-0.5   1.987622995456793
-0.5   1.0407461469245431
-0.5   2.9175535745850949
-0.5   2.0015397904795473
-0.5   1.7858369940571426
-0.5   1.896729000861046
-0.5   1.6926955951422977
-0.5   1.3103899525007101
-0.5   1.6418445486976423
-0.5   1.5688596421043997
-0.5   1.5245480082578258
-0.5   1.6322540980910012
-0.5   1.4566686839554632
-0.5   1.7818919152726602
-0.5   1.5119714800130417
-0.5   1.7901062931073324
-0.5   1.0958645632882957
-0.5   2.3846761027311265
-0.5   0.64590852936829757
-0.5   1.4305037194048766
-0.5   0.92729170469211075
-0.5   0.65523181726019941
-0.5   1.2575872556120691
-0.5   0.73212401663181059
-0.5   1.4667695317571301
-0.5   1.3939975229189667
-0.5   1.7120094036776576
-0.5   1.4360309806634677
-0.5   0.59469798945165486
-0.5   1.7737283571978253
-0.5   1.4326876831340956
-0.5   1.9534092606976383
-0.5   1.3918238388419928
-0.5   1.6386898809977759
-0.5   1.0250386845035033
-0.5   2.1908003614516218
-0.5   1.172070364107558
-0.5   1.0188807675846994
-0.5   1.0866494631810308
-0.5   1.2985018809094504
-0.5   1.4860111115713011
-0.5   0.59134268729132278
-0.5   1.2438254761023033
-0.5   0.71282358669642232
-0.5   0.97296523321958883
-0.5   1.5000644213858778
-0.5   1.4972666968397998
-0.5   1.4012522988691321
-0.5   1.455106300569678
-0.5   1.4679399351691054
-0.5   0.65244387910077783
-0.5   1.8531010295063441
-0.5   1.8877191373704272
-0.5   1.2310602713190528
-0.5   2.0956057729145692
-0.5   1.5035171493574544
-0.5   1.8193376420870253
-0.5   1.7318978039674167
-0.5   1.6799452081623114
-0.5   1.8761602722740083
-0.5   1.7332013060109226
-0.5   1.5786030754871607
-0.5   1.9137681265481303
-0.5   1.9750948716961561
-0.5   1.6665564507884296
-0.5   1.778124099317981
-0.5   2.1811944078186039
-0.5   2.0474787812768671
-0.5   1.5086705409177097
-0.5   1.6612731969038794
-0.5   1.6457038890795554
-0.5   1.408408497281934
-0.5   1.4463541500742738
-0.5   2.119214957860895
-0.5   1.992572298438648
-0.5   2.2044271678973204
-0.5   2.1913690736836009
-0.5   1.8234616057032609
-0.5   0.53770781023303016
-0.5   0.563968549567605
-0.5   1.2231038662977578
-0.5   0.93283393475797682
-0.5   1.4928294423593804
-0.5   0.54299628426249069
-0.5   0.69968448366826075
-0.5   1.4055777015130584
-0.5   1.4847843596845096
-0.5   1.497612338950447
-0.5   1.6283374443009988
-0.5   1.4580036421702669
-0.5   1.9331804598987503
-0.5   1.2002794596533726
-0.5   1.2022872650280616
-0.5   2.4272908260478996
-0.5   1.4810434497852281
-0.5   1.3717708153411263
-0.5   1.23072099623208
-0.5   2.3348915577902885
-0.5   2.1512295317215573
-0.5   1.493302037659578
-0.5   0.9375283805513952
-0.5   1.4861149717545916
-0.5   1.5468358901161823
-0.5   1.4104422797695206
-0.5   3.0136456801856935
-0.5   1.1506598880989196
-0.5   1.4878761099660016
-0.5   2.0505428559014134
-0.5   1.4413616481327607
-0.5   1.449846417031099
-0.5   0.98308350559672486
-0.5   2.0453485734053318
-0.5   0.72302481161216026
-0.5   1.4453823793474003
-0.5   1.1811553979811615
-0.5   1.0360162166147648
-0.5   2.3216325368163275
-0.5   1.0220601091370729
-0.5   2.3131138944806118
-0.5   0.75325901310243037
-0.5   1.4812573760754659
-0.5   1.4520484828658886
-0.5   0.71129608998966054
-0.5   1.9089979200857234
-0.5   1.9387807040255431
-0.5   0.78786820414678638
-0.5   1.400154629628982
-0.5   2.9874855240729499
-0.5   1.5950470372170709
-0.5   1.6125506959799178
-0.5   1.4849685654339351
-0.5   1.1971041115543968
-0.5   1.4100410200903997
-0.5   2.359578786903278
-0.5   1.004111894075985
-0.5   1.9042617819966838
-0.5   1.7937951871834197
-0.5   1.0603536450760116
-0.5   1.8848030818297019
-0.5   1.7336429328313936
-0.5   0.83427833416150055
-0.5   0.82211631899979287
-0.5   1.4733882800059916
-0.5   0.53136438381915796
-0.5   0.75783500550800409
-0.5   1.491240799877164
-0.5   1.3816758794363255
-0.5   1.4957852330419619
-0.5   0.54690244443668301
-0.5   0.53702095513706882
-0.5   1.3274463314100138
-0.5   1.4637324312844076
-0.5   0.8071612225877367
-0.5   0.58715728201398298
-0.5   1.656700443947428
-0.5   1.9307250627589725
-0.5   1.7284888748218461
-0.5   2.1332083985535197
-0.5   2.1807966060603148
-0.5   1.4492739468888258
-0.5   0.56913475452228623
-0.5   0.57162453888302278
-0.5   0.60080711364155381
-0.5   1.4810985937224781
-0.5   0.51877796022170131
-0.5   0.68431774741000329
-0.5   1.5225846613421075
-0.5   1.8664593765958926
-0.5   2.3218651317549304
-0.5   1.5225069210312654
-0.5   1.5013055856643249
-0.5   1.4629586930076124
-0.5   0.82381271403573764
-0.5   1.4231159709967347
-0.5   0.9705359388375725
-0.5   0.62278112399913077
-0.5   1.2531955173925211
-0.5   0.50734070586119095
-0.5   0.51690535108625335
-0.5   0.5354172420319685
-0.5   0.5535169718094255
-0.5   1.0221064646991205
-0.5   0.99164124939632425
-0.5   1.1693727215062257
-0.5   1.8990210939613736
-0.5   2.4121262349211916
-0.5   1.770400565090898
-0.5   2.3239481947413219
-0.5   1.6342543827794582
-0.5   2.7674653905045221
-0.5   0.76134155257358782
-0.5   1.8558127229566437
-0.5   1.5195421569229399
-0.5   1.0354122037834754
-0.5   1.4506000287914034
-0.5   1.5303633472967024
-0.5   0.91079443083104583
-0.5   1.2719886333211927
-0.5   0.5672341018720235
-0.5   1.4723504802431504
-0.5   0.74184433788186155
-0.5   1.0714124295572414
-0.5   0.51864606241181166
-0.5   1.1800247283423082
-0.5   0.92577964222835574
-0.5   1.3645622935094062
-0.5   1.4212798672486235
-0.5   1.4927999139773276
-0.5   2.29430016897726
-0.5   0.90069836311296991
-0.5   1.4696493364167378
-0.5   2.388636453276161
-0.5   0.51878526219049581
-0.5   0.56316062171885872
-0.5   1.4834796064858053
-0.5   0.58619248737195018
-0.5   0.54559476061416445
-0.5   0.71161681481154537
-0.5   1.4988820556190399
-0.5   1.4289128867883618
-0.5   1.4212325905484025
-0.5   0.59643290576867303
-0.5   2.3052592690334515
-0.5   1.4988488410678107
-0.5   1.0923965068098893
-0.5   0.7827957983656102
-0.5   1.5033911615470084
-0.5   1.4307113456922287
-0.5   2.4098410105109309
-0.5   0.85343596063218441
-0.5   1.6018676896870878
-0.5   1.5148461673005946
-0.5   2.3934846765382511
-0.5   1.5866018998786071
-0.5   2.4765575631378658
-0.5   2.3894082023448355
-0.5   3.3906629406916582

0.5   0.5241253015958478
0.5   0.59064630367720228
0.5   1.2912980585030138
0.5   0.89464164743159835
0.5   0.99700247443761558
0.5   1.3047731109947651
0.5   0.8702430783220263
0.5   1.4248954910920701
0.5   1.3287247178480786
0.5   2.3664546136514746
0.5   1.285747447369858
0.5   0.88720193918353707
0.5   1.4858012275306611
0.5   2.4442653537349717
0.5   0.58766309960022589
0.5   1.4835853212130004
0.5   0.61785194244302355
0.5   1.3724523961711017
0.5   0.53708637730501896
0.5   2.062466130248422
0.5   1.4284069012512739
0.5   1.3457966085283417
0.5   0.55298150840344396
0.5   0.83085732683794422
0.5   1.4887350990732442
0.5   1.2351190600105737
0.5   1.1715027889774681
0.5   1.3113646766674962
0.5   0.55902227178577757
0.5   1.9729088782820341
0.5   1.4372948296437487
0.5   1.7574857007342506
0.5   0.78959412322692546
0.5   1.7737625859052337
0.5   2.0513908826262242
0.5   2.001774266843074
0.5   1.2083557624609571
0.5   1.6084810530034712
0.5   2.0739422953967561
0.5   1.5534942298781145
0.5   2.3538520055317402
0.5   1.4778815433016328
0.5   1.4227783150169553
0.5   1.9876229954567877
0.5   1.0407461469245276
0.5   2.9175535745851371
0.5   2.0015397904795651
0.5   1.7858369940570626
0.5   1.8967290008610957
0.5   1.692695595142319
0.5   1.3103899525006191
0.5   1.6418445486976663
0.5   1.5688596421043588
0.5   1.5245480082578733
0.5   1.6322540980910172
0.5   1.4566686839553573
0.5   1.781891915272678
0.5   1.5119714800131914
0.5   1.7901062931072724
0.5   1.0958645632882575
0.5   2.3846761027311203
0.5   0.64590852936829779
0.5   1.4305037194049257
0.5   0.92729170469209921
0.5   0.65523181726011659
0.5   1.2575872556120706
0.5   0.73212401663171778
0.5   1.4667695317571905
0.5   1.3939975229189674
0.5   1.7120094036776679
0.5   1.4360309806634521
0.5   0.59469798945167351
0.5   1.7737283571978191
0.5   1.4326876831340785
0.5   1.953409260697748
0.5   1.3918238388420066
0.5   1.6386898809976453
0.5   1.0250386845034811
0.5   2.1908003614516405
0.5   1.1720703641075807
0.5   1.0188807675846674
0.5   1.0866494631810042
0.5   1.2985018809094626
0.5   1.4860111115712977
0.5   0.59134268729131967
0.5   1.2438254761023044
0.5   0.71282358669643364
0.5   0.97296523321959549
0.5   1.5000644213858738
0.5   1.4972666968397912
0.5   1.4012522988691221
0.5   1.4551063005696703
0.5   1.4679399351691229
0.5   0.65244387910077895
0.5   1.8531010295063548
0.5   1.8877191373704076
0.5   1.2310602713190464
0.5   2.0956057729145643
0.5   1.5035171493575041
0.5   1.8193376420870258
0.5   1.7318978039673949
0.5   1.6799452081622985
0.5   1.8761602722739759
0.5   1.7332013060109177
0.5   1.5786030754871465
0.5   1.9137681265481432
0.5   1.975094871696164
0.5   1.6665564507884136
0.5   1.7781240993179619
0.5   2.1811944078186429
0.5   2.0474787812766615
0.5   1.5086705409177066
0.5   1.6612731969041215
0.5   1.6457038890795528
0.5   1.4084084972820481
0.5   1.4463541500741812
0.5   2.1192149578609296
0.5   1.9925722984386112
0.5   2.2044271678973626
0.5   2.191369073683604
0.5   1.8234616057032138
0.5   0.53770781023302994
0.5   0.56396854956760323
0.5   1.2231038662977769
0.5   0.93283393475795262
0.5   1.4928294423593784
0.5   0.54299628426248669
0.5   0.69968448366818059
0.5   1.4055777015131072
0.5   1.4847843596845114
0.5   1.4976123389504439
0.5   1.6283374443010215
0.5   1.4580036421702691
0.5   1.933180459898729
0.5   1.2002794596533655
0.5   1.2022872650280771
0.5   2.4272908260479014
0.5   1.4810434497852136
0.5   1.3717708153411294
0.5   1.2307209962320795
0.5   2.3348915577902933
0.5   2.1512295317215364
0.5   1.4933020376595894
0.5   0.9375283805514103
0.5   1.4861149717545901
0.5   1.5468358901161863
0.5   1.4104422797695326
0.5   3.0136456801856681
0.5   1.1506598880989563
0.5   1.4878761099660098
0.5   2.0505428559014014
0.5   1.4413616481327636
0.5   1.4498464170310903
0.5   0.98308350559669755
0.5   2.0453485734053403
0.5   0.7230248116121536
0.5   1.4453823793474048
0.5   1.181155397981166
0.5   1.0360162166147551
0.5   2.3216325368163244
0.5   1.0220601091370789
0.5   2.313113894480618
0.5   0.75325901310243193
0.5   1.481257376075473
0.5   1.4520484828658822
0.5   0.7112960899896521
0.5   1.9089979200857146
0.5   1.9387807040255418
0.5   0.78786820414677372
0.5   1.4001546296289851
0.5   2.9874855240729694
0.5   1.5950470372170784
0.5   1.6125506959799019
0.5   1.484968565433936
0.5   1.197104111554415
0.5   1.4100410200903997
0.5   2.3595787869032647
0.5   1.0041118940759204
0.5   1.9042617819966954
0.5   1.7937951871834481
0.5   1.0603536450759792
0.5   1.8848030818297068
0.5   1.7336429328313856
0.5   0.83427833416152164
0.5   0.82211631899980597
0.5   1.4733882800059814
0.5   0.53136438381915685
0.5   0.75783500550806271
0.5   1.491240799877166
0.5   1.3816758794362858
0.5   1.4957852330419599
0.5   0.54690244443668212
0.5   0.53702095513704129
0.5   1.3274463314100104
0.5   1.4637324312843993
0.5   0.80716122258775869
0.5   0.58715728201398232
0.5   1.6567004439474293
0.5   1.9307250627589525
0.5   1.7284888748217986
0.5   2.1332083985535411
0.5   2.1807966060603512
0.5   1.4492739468888391
0.5   0.56913475452230133
0.5   0.57162453888301323
0.5   0.60080711364152894
0.5   1.4810985937224708
0.5   0.51877796022170575
0.5   0.68431774740996776
0.5   1.5225846613406246
0.5   1.866459376597156
0.5   2.3218651317549583
0.5   1.5225069210312876
0.5   1.5013055856643156
0.5   1.4629586930076057
0.5   0.82381271403567147
0.5   1.4231159709967758
0.5   0.97053593883748213
0.5   0.62278112399913854
0.5   1.2531955173925984
0.5   0.50734070586119007
0.5   0.51690535108625002
0.5   0.53541724203195651
0.5   0.55351697180940063
0.5   1.022106464699106
0.5   0.99164124939656184
0.5   1.1693727215062788
0.5   1.8990210939611889
0.5   2.412126234921161
0.5   1.7704005650908874
0.5   2.3239481947414866
0.5   1.6342543827795004
0.5   2.7674653905043582
0.5   0.76134155257368419
0.5   1.8558127229567822
0.5   1.5195421569229173
0.5   1.03541220378332
0.5   1.450600028791448
0.5   1.5303633472967015
0.5   0.91079443083100875
0.5   1.2719886333211787
0.5   0.56723410187201839
0.5   1.4723504802431493
0.5   0.74184433788189597
0.5   1.0714124295573375
0.5   0.51864606241187783
0.5   1.1800247283422078
0.5   0.92577964222831555
0.5   1.3645622935093393
0.5   1.421279867248707
0.5   1.4927999139773371
0.5   2.2943001689772791
0.5   0.90069836311287421
0.5   1.4696493364167413
0.5   2.3886364532761504
0.5   0.51878526219049981
0.5   0.56316062171881986
0.5   1.4834796064858391
0.5   0.58619248737199059
0.5   0.54559476061412915
0.5   0.71161681481155425
0.5   1.4988820556190414
0.5   1.4289128867883216
0.5   1.4212325905483854
0.5   0.59643290576870234
0.5   2.3052592690331672
0.5   1.4988488410678376
0.5   1.0923965068104531
0.5   0.78279579836556312
0.5   1.5033911615470075
0.5   1.4307113456922398
0.5   2.4098410105112427
0.5   0.85343596063235605
0.5   1.6018676896866486
0.5   1.5148461673006137
0.5   2.3934846765381304
0.5   1.5866018998785885
0.5   2.4765575631378804
0.5   2.389408202344816
0.5   3.3906629406916258

1.5   1.5009953805343343
1.5   1.5025272451743694
1.5   1.6315760482769393
1.5   1.5094610376386726
1.5   2.4044823118456851
1.5   1.5365762632368751
1.5   1.5071121375024323
1.5   2.4592989170910924
1.5   1.505784578267201
1.5   2.2811807012657397
1.5   1.7702041745528332
1.5   1.5320778479927886
1.5   1.5158609456650272
1.5   1.5183003291532091
1.5   1.5415780648179007
1.5   2.4765720834109555
1.5   1.6061230703749287
1.5   1.8414598508500086
1.5   2.1530855486559246
1.5   2.0376867417777969
1.5   1.8069267203556447
1.5   1.8193098536696914
1.5   1.5341835341897001
1.5   3.3638413071764113
1.5   1.6351161984604268
1.5   2.7579124355856441
1.5   2.2753719901344782
1.5   2.0159254760662844
1.5   2.4780123013728761
1.5   2.2624799661071417
1.5   1.7043106355731048
1.5   1.7571133869784941
1.5   1.9469823898224341
1.5   2.195050971658123
1.5   2.2285116501056597
1.5   1.5984000026127765
1.5   2.437296356949747
1.5   1.5447934998261328
1.5   1.5276058001562558
1.5   1.5058659076182819
1.5   1.5163397911139058
1.5   2.4802862923197804
1.5   1.5146514463838647
1.5   1.5244941219923551
1.5   2.4472969651625833
1.5   1.555507954291218
1.5   2.4345800705801106
1.5   1.5641833658089488
1.5   1.5019940334037623
1.5   1.540275809693525
1.5   1.5145352205364402
1.5   1.9524655805214697
1.5   1.9525011012036706
1.5   1.5142674248569157
1.5   1.9953805967517528
1.5   1.9865398479952554
1.5   2.0575534367264496
1.5   2.0466653043238927
1.5   2.3799458572459882
1.5   2.0667410054046278
1.5   2.1043534013267844
1.5   2.1713089748867271
1.5   2.6208252511613375
1.5   2.4061127248938945
1.5   1.8482425134483611
1.5   1.8654641293504346
1.5   2.10762903790277
1.5   2.1880195429422602
1.5   2.0663893909127178
1.5   2.219702063220526
1.5   2.0453521333764373
1.5   2.2991706786222932
1.5   2.248743299625322
1.5   2.0103934179202976
1.5   1.5048856633124816
1.5   1.5110910867371805
1.5   1.5195805283172432
1.5   1.5024416320720215
1.5   1.5174314415579779
1.5   1.5670404208116397
1.5   2.3929194781064687
1.5   2.2534668143377221
1.5   1.6910367535394117
1.5   1.8367050037823041
1.5   1.9573621339352223
1.5   2.1774778091238542
1.5   2.4325053135160233
1.5   1.5054995794867922
1.5   1.5134383898385879
1.5   3.2719585092301342
1.5   2.2568523768457491
1.5   1.8605757761951369
1.5   1.6373031060044227
1.5   1.6994525439619275
1.5   2.4364273828585779
1.5   1.5476754065801832
1.5   2.3202442395314655
1.5   1.7470990334434182
1.5   2.4402104090719638
1.5   1.5480609960032767
1.5   1.5140134330149122
1.5   1.5859983293699993
1.5   3.0160589680706469
1.5   2.4160815684808687
1.5   1.5099337951670591
1.5   2.254423788593868
1.5   1.5194990889532325
1.5   1.5173372596386212
1.5   2.4638825210591051
1.5   2.0656943334120403
1.5   1.939562700979935
1.5   2.110945268859719
1.5   2.0251714887404968
1.5   1.59252044348858
1.5   1.5022201236510115
1.5   1.5080166371298493
1.5   1.5040265738758887
1.5   1.504725351734491
1.5   1.5048841260625858
1.5   1.7517775438038443
1.5   1.728927690317188
1.5   1.5320645000516335
1.5   2.328399119283024
1.5   2.288392687759365
1.5   1.5039897329357164
1.5   1.5365105029068951
1.5   2.1220341006314656
1.5   2.1058063255231185
1.5   1.9680218019024736
1.5   1.9665124704127277
1.5   1.5034718240823755
1.5   1.5042635278664758
1.5   1.5074047894114031
1.5   1.9854105174884058
1.5   1.9100082798862728
1.5   1.8826200306933414
1.5   1.5185301069451609
1.5   1.9690787233332099
1.5   2.0976077912267477
1.5   3.377231818357016
1.5   2.4896220302567889
1.5   1.5013604539121501
1.5   1.5853237546701218
1.5   1.5083536034620524
1.5   1.5015580028312767
1.5   1.5127350153073635
1.5   1.5048397281996913
1.5   1.5678082845884656
1.5   1.5026798470165361
1.5   2.442014795030603
1.5   1.5050801062279073
1.5   2.4941019381183152
1.5   1.5016333027940894
1.5   1.5396396195047575
1.5   1.5233861844759367
1.5   1.5010064589928973
1.5   1.5419439499753058
1.5   2.3158784227749623
1.5   1.720989496949652
1.5   1.648083570885436
1.5   1.8943777113179721
1.5   2.0933682591408092
1.5   1.6850166116262129
1.5   2.4651972312595287
1.5   1.6449030203243269
1.5   2.4741264235373381
1.5   2.3981433663004741
1.5   3.4018986442837345

2.5   2.5000619148215519
2.5   2.5000835989168615
2.5   2.5012233840561939
2.5   2.5045123815728019
2.5   2.505330215848613
2.5   2.5539965727109535
2.5   3.4239177825615976
2.5   2.9127866492896475
2.5   3.1318503841727292
2.5   2.5160260921116908
2.5   2.524824139273349
2.5   2.5134922853095274
2.5   2.5066038284034522
2.5   2.5009487300034152
2.5   2.5006469381544267
2.5   2.5061212753367847
2.5   3.0704617358774104
2.5   2.5113408822893173
2.5   3.0994670612914512
2.5   2.503442451218489
2.5   2.5665600538422071
2.5   2.6983363830421894
2.5   2.8765542543453044
2.5   2.768838582272235
2.5   2.5030008646297248
2.5   2.5699674934409926
2.5   2.5120947120759807
2.5   2.5002677824689346
2.5   2.5020196197072213
2.5   2.500061096470561
2.5   3.4773010168325529
2.5   2.5003207171875004
2.5   2.5151822757288138
2.5   2.5026348532110183
2.5   2.5006390831836383
2.5   3.4929414894437438
2.5   2.5000200091653073
2.5   2.5012243637183844
2.5   2.5000708897390305
2.5   2.5052815016458614
2.5   2.5000266418361474
2.5   2.5003850154914611
2.5   2.5007991327585697
2.5   2.5000686543052892
2.5   2.5000616183295654
2.5   2.6849182770400568
2.5   3.3531990301740975
2.5   2.500027262140867
2.5   2.5002483857668394
2.5   2.5000438677918213
2.5   2.5000372997354452
2.5   2.5005864275123986
2.5   2.5000172955635942
2.5   2.5939250848156807
2.5   2.5000724162857941
2.5   3.4272525730155761

3.5   3.5
3.5   3.5
3.5   3.5
3.5   3.5
3.5   3.4999999999999996
3.5   3.4999999999999996
3.5   3.4999999999999996
3.5   3.4999999999999996

