0   -37.8905   0.0518735   0.0293464   0.0858775   0.174016   0.0176229   0.282528   0.0176229   0.174016   0.0858775   0.0293464   0.0518735   
1   -48.3317   0.0111992   0.0271524   0.0662708   0.12283   0.173559   0.197978   0.173559   0.12283   0.0662708   0.0271524   0.0111992   
2   -49.274   0.00956536   0.0245584   0.0644674   0.123721   0.175937   0.203502   0.175937   0.123721   0.0644674   0.0245584   0.00956536   
3   -49.4052   0.0142623   0.0345426   0.0772068   0.123215   0.161523   0.178502   0.161523   0.123215   0.0772068   0.0345426   0.0142623   
4   -49.3417   0.0143788   0.0342367   0.0789499   0.122456   0.162759   0.174439   0.162759   0.122456   0.0789499   0.0342367   0.0143788   
5   -49.2754   0.012181   0.0298441   0.0758084   0.12178   0.171397   0.177979   0.171397   0.12178   0.0758084   0.0298441   0.012181   
6   -49.3417   0.0143788   0.0342367   0.0789499   0.122456   0.162759   0.174439   0.162759   0.122456   0.0789499   0.0342367   0.0143788   
7   -49.4052   0.0142623   0.0345426   0.0772068   0.123215   0.161523   0.178502   0.161523   0.123215   0.0772068   0.0345426   0.0142623   
8   -49.274   0.00956536   0.0245584   0.0644674   0.123721   0.175937   0.203502   0.175937   0.123721   0.0644674   0.0245584   0.00956536   
9   -48.3317   0.0111992   0.0271524   0.0662708   0.12283   0.173559   0.197978   0.173559   0.12283   0.0662708   0.0271524   0.0111992   
10   -37.8905   0.0518735   0.0293464   0.0858775   0.174016   0.0176229   0.282528   0.0176229   0.174016   0.0858775   0.0293464   0.0518735   
