-4   4
-4   3.9999999999999991
-4   3.9999999999999991
-4   4
-4   4
-4   4
-4   4
-4   4
-4   4

-3   3.0000296303583944
-3   3.0000466519674402
-3   3.0004139407656236
-3   3.0012319449346592
-3   3.0001941211131444
-3   3.0273748255267092
-3   3.0086440338227516
-3   3.8447401878841241
-3   3.0005014687611586
-3   3.1625374375593811
-3   3.859454533843623
-3   3.1585980506244993
-3   3.0013173368317885
-3   3.000153548192078
-3   3.005537764660859
-3   3.0004030279875433
-3   3.0023950857656923
-3   3.0001944539820977
-3   3.7942177676898412
-3   3.0006780650320053
-3   3.026569118604955
-3   3.1678904639943206
-3   3.0039781296296306
-3   3.0548693757620424
-3   3.0105934374921506
-3   3.0017535774657893
-3   3.7644881553330674
-3   3.0003123445094446
-3   3.2668137949017102
-3   3.0001081101184854
-3   3.0035237952047842
-3   3.0000548904245896
-3   3.0019232714924744
-3   3.0038572235724064
-3   3.2994230856832449
-3   3.0024666231549735
-3   3.2030840615030294
-3   3.5575789128387845
-3   3.0060111735776802
-3   3.0064219323254324
-3   3.0786692031488907
-3   3.0097108685663545
-3   3.9275784886552394
-3   3.0000831982406253
-3   3.0001551130450039
-3   3.0002214699447132
-3   3.0013081608403209
-3   3.0000882143734806
-3   3.0000135434517285
-3   3.7302108704003221
-3   3.0000412739690998
-3   3.3183257105320645
-3   3.000013250938403
-3   3.0021078068156655
-3   3.0001399116571963
-3   3.0001759151220591
-3   3.0000063872947655
-3   3.000025856013167
-3   3.034032594969303
-3   3.0000141207960715
-3   3.9254153078703302
-3   3.000074266965048
-3   3.0600529930656672
-3   3.0000335405291909
-3   3.0000424723144787
-3   3.0002229816264179
-3   3.000029152764625
-3   3.0000208354839457
-3   3.000017671586559
-3   3.1105835306578635
-3   3.0000836685041063
-3   3.9114801551009997

-2   2.0003585785062863
-2   2.0006217965813877
-2   2.0013843833653073
-2   2.1603471283345792
-2   2.0114957632246711
-2   2.8753375092993165
-2   2.0039603094062741
-2   2.1260401540932845
-2   2.0047462886475378
-2   2.8928279776054944
-2   2.001733475043169
-2   2.8759804266060849
-2   2.0041185503585517
-2   2.1356809199101146
-2   2.0267770548875457
-2   2.0132671330663232
-2   2.0229391527183709
-2   2.026274845910184
-2   2.0167840838045716
-2   2.8515073457491877
-2   2.1650102037440231
-2   2.0045753787152121
-2   2.1059160623475335
-2   2.9546200091060491
-2   2.6982805514291206
-2   2.6765249940946099
-2   2.0389645334608386
-2   2.3472772206132864
-2   2.2527211891461381
-2   2.605117648213183
-2   2.5191748914337015
-2   2.1338027341765038
-2   3.0298731387670705
-2   2.5934829520192615
-2   2.2657604341844264
-2   2.1653782448042453
-2   2.8667685641523653
-2   2.5430765499609977
-2   2.3498102711079136
-2   3.1557701961019062
-2   2.3702643128184877
-2   2.5150864951445309
-2   3.0413525050501495
-2   2.3619350022274155
-2   2.4528688721121745
-2   2.3255758647484073
-2   2.1992753963996283
-2   2.5587064467557119
-2   2.2595245094108045
-2   2.1907259712948064
-2   2.3946113759470955
-2   2.4746642234894938
-2   2.0140954258188186
-2   2.002470194295682
-2   2.0098716409969133
-2   2.009431470369667
-2   2.0505981650243377
-2   2.1334556835577887
-2   2.9004003211586538
-2   2.5318049777524592
-2   2.3956728980973589
-2   2.9390489779884796
-2   2.1336757329381135
-2   2.0900252180230341
-2   2.1771715298558694
-2   2.026373634053662
-2   2.534222761462539
-2   2.2866563876740469
-2   2.9670065734223598
-2   2.0658821841834571
-2   2.3611045813996228
-2   2.0797548910968167
-2   3.1346058012610127
-2   2.7031009646515765
-2   2.8782744231420105
-2   2.1896689633778714
-2   2.6839278728316742
-2   2.0571171362296861
-2   2.1032155366422751
-2   2.1155255673850868
-2   2.0721109709158299
-2   2.6411760316045538
-2   2.3433063052575167
-2   2.2902860963515459
-2   2.2552977136613999
-2   2.2123536244550985
-2   2.0496455305731422
-2   2.7563112990977139
-2   2.3641920022822425
-2   2.0244881983271599
-2   2.509728020100217
-2   2.0760670174401419
-2   2.6659684500685241
-2   2.6806528985274642
-2   2.7090916752411496
-2   2.7050728402409963
-2   2.9825332012289625
-2   2.3802617595646351
-2   2.6425290777046566
-2   2.6995827503817629
-2   2.0876218836270484
-2   2.0034835333692658
-2   2.040860156789813
-2   2.0412101768829523
-2   2.0769948638208748
-2   2.2620933683943765
-2   2.1382744480376861
-2   2.2725659912433356
-2   2.5206052585790606
-2   2.8020113155091444
-2   2.0389007256666214
-2   2.0066464930260604
-2   2.9789719970184469
-2   2.017432323016584
-2   2.0096030253314141
-2   2.0057324543425614
-2   2.0176531288091648
-2   2.0355942990091576
-2   2.0902225383820618
-2   2.2125101100929165
-2   2.5016413835911506
-2   2.3259013168457248
-2   2.1606613617029984
-2   2.3068162955200804
-2   2.2029730744409073
-2   2.7886590104225948
-2   2.5791609598402232
-2   3.2359469801252989
-2   2.876565345881998
-2   2.2817824191659182
-2   3.2200292551018865
-2   2.691719304436166
-2   2.2995464750556027
-2   2.3590279888622647
-2   2.7065752163243539
-2   2.2601993126001365
-2   2.4134770081990573
-2   2.3516650895150732
-2   2.7032745644490945
-2   2.6698260339740405
-2   3.6911863154097482
-2   2.0198707680651911
-2   2.0031786290616971
-2   2.0451554074832847
-2   2.0036236415196296
-2   2.4622365990763688
-2   2.4815983067603442
-2   2.0603654289263016
-2   2.214019097876561
-2   2.1493137383478547
-2   2.7630866085751657
-2   2.0282136216126863
-2   2.0011350316179928
-2   2.9141283024985198
-2   2.637312751018476
-2   2.440561798203071
-2   2.1055352849135685
-2   2.0050007559483047
-2   2.9911489764745771
-2   2.0098345252149517
-2   2.0012764877717104
-2   2.0063098594401927
-2   2.0102985873355652
-2   2.0134476801258718
-2   2.0498311416588169
-2   2.8706864645936907
-2   2.0095541992416401
-2   2.0187867024293307
-2   2.1686890643320695
-2   3.7584288017801475
-2   2.1891480822770824
-2   2.2186921922957565
-2   2.7149126715168048
-2   2.8180693225450075
-2   2.9245086750691307
-2   2.3694196715566282
-2   2.1064244716738414
-2   2.0304603119733895
-2   2.0787780888185345
-2   2.0738430157198735
-2   2.9500577214441051
-2   2.0004912747127781
-2   2.0067438427692355
-2   2.0011765305118572
-2   2.0051318985078517
-2   2.0022256241238141
-2   2.0026087559821648
-2   2.0058430221646355
-2   2.2001021543862365
-2   2.169343622344611
-2   2.6293558496795302
-2   2.6476589954345675
-2   2.2206386744228088
-2   2.2133388419916185
-2   2.0623821936444857
-2   2.05188871466645
-2   2.0017672154070634
-2   2.0157218791508273
-2   2.5977331715354515
-2   2.744976744619342
-2   2.3702808738552359
-2   2.184017689315596
-2   2.1216423555430426
-2   2.1415603248402868
-2   2.0032934612401347
-2   2.0526349766859719
-2   2.2550776913244688
-2   2.2316967468500151
-2   2.1303809796040039
-2   2.6913219444948417
-2   2.8149936650535698
-2   2.0018225923684172
-2   2.049814765929991
-2   2.0188764127146643
-2   3.315213731681915
-2   2.8643079077227878
-2   3.10931734610099
-2   2.7641767799958092
-2   2.1293831298094639
-2   2.0407495936978108
-2   2.0024425917690629
-2   2.0035467144994912
-2   2.000910280423291
-2   2.0039256415706697
-2   2.0280043257552363
-2   2.0023260368674318
-2   2.9734538880048391
-2   2.018254597877728
-2   2.0036774385998251
-2   2.9828865907197035
-2   2.0027634734163411
-2   2.0056264615893422
-2   2.0294491763555476
-2   2.0122792944489709
-2   2.026913934248328
-2   2.0106531098982328
-2   2.8223693204561733
-2   2.0841741063767207
-2   2.1993857666947312
-2   2.0596623195952688
-2   2.0589089380045325
-2   2.3468639486855811
-2   2.590343863912433
-2   2.1626202523957976
-2   2.1548702027970195
-2   2.2256367938839956
-2   2.7724195113252015
-2   2.9677162552804566
-2   2.195777782904746
-2   2.954377010912824
-2   2.8571143542685351
-2   3.8638964389411408

-1   1.0386066247458563
-1   1.0973362986874129
-1   1.137256105670083
-1   1.5937834908693054
-1   1.0641248003416917
-1   1.5032500322471654
-1   1.358964380810894
-1   1.1342634879427855
-1   1.3606410541578116
-1   1.741959286253703
-1   1.9119718082476371
-1   1.2346473128695432
-1   1.8661118066847791
-1   1.7950395711463716
-1   1.0404642264252735
-1   2.8220586105322161
-1   1.9175091319182829
-1   1.3222161849384073
-1   1.1182810143348865
-1   2.0708755563349679
-1   1.8331211802189684
-1   2.7546178963870322
-1   1.336733090128331
-1   1.1428203978329274
-1   1.88047894879278
-1   1.0262076928041091
-1   1.4513704208501608
-1   2.505152364997417
-1   1.6857769782046645
-1   2.1072002729570283
-1   1.0628295944063948
-1   1.3631704172034385
-1   1.4362185183403982
-1   1.674357910044709
-1   1.1216065464114284
-1   1.7619320357701613
-1   1.4404477743734636
-1   1.5143331379346385
-1   1.3734072524314567
-1   1.6318808640185853
-1   1.7856088103016501
-1   1.2313467361961117
-1   1.6428632119827382
-1   1.3643336463024938
-1   1.3883133419578109
-1   2.719441402373342
-1   1.1327881339276573
-1   1.2801155231703287
-1   1.7105465766157031
-1   1.4246074670751414
-1   1.1187207282341476
-1   1.8419777389623366
-1   1.7800450241972623
-1   1.9243204170259145
-1   1.9259378585566655
-1   1.3495736738645308
-1   1.9960174322685247
-1   2.0993850454565091
-1   2.0743465790279152
-1   2.2529029680010155
-1   2.6442313198036067
-1   1.8292195491519614
-1   1.5671413894730133
-1   1.8929087432710849
-1   2.9962856090256387
-1   2.1442051779933586
-1   1.8491871427099129
-1   1.7978406347086437
-1   1.5478897702326373
-1   1.8900074986080533
-1   2.2629451243585348
-1   1.7764066211474123
-1   2.2699308447140827
-1   2.5787335828393805
-1   2.1505667094746292
-1   1.5435719298796577
-1   1.7424165023669564
-1   1.5949541363844371
-1   1.9111077883248702
-1   1.6106520786703893
-1   1.750505586384604
-1   2.6983419467042666
-1   2.0342886416901829
-1   2.1894129229583887
-1   2.1234909013237937
-1   1.8378958365307505
-1   1.3923235636865632
-1   2.7930875206823202
-1   1.8495145636553461
-1   2.1865539823088715
-1   1.6191082603861573
-1   1.4035190860545217
-1   1.5698368443185218
-1   1.8069708648975418
-1   1.2913294084538394
-1   2.2568351273433302
-1   1.895929954918345
-1   1.5844686015685365
-1   1.0902510318942991
-1   1.989299028252776
-1   1.2703995655990683
-1   1.7371868609197114
-1   2.7996800887344353
-1   1.7200582941554288
-1   1.9895495909501055
-1   1.1805402099662763
-1   1.3442912523724651
-1   1.1815439670178505
-1   1.930595480819183
-1   1.3093747214761811
-1   1.7015067516943789
-1   1.7803655243556862
-1   1.9013334500581611
-1   1.1964132710157802
-1   1.1215244341932975
-1   1.0890021314292564
-1   1.9004144632412276
-1   2.1086282940116186
-1   1.9362351991897242
-1   2.2392441910132588
-1   2.1971903702897002
-1   1.6772366952332614
-1   1.572081529603786
-1   2.3960730148267619
-1   1.4777249480952102
-1   2.5709910983923141
-1   1.4463464936444406
-1   1.2738290674566126
-1   1.7923144731452996
-1   1.8606938397374977
-1   1.7854188353986111
-1   1.7177797370359578
-1   1.7302723036669443
-1   1.5575605143232432
-1   1.440672076304496
-1   1.7167038630281186
-1   1.3919195720287465
-1   1.4912219594464775
-1   1.8145239030674665
-1   2.069454702873879
-1   1.6771872644290271
-1   1.5705200349532258
-1   1.8064016675147547
-1   1.989578012807907
-1   1.9108885013450974
-1   2.4659952575003667
-1   2.1611580111207127
-1   2.8381569454675675
-1   1.5289726947047897
-1   1.4398423212604263
-1   2.5928129979546748
-1   2.4354731254384081
-1   1.7022412388510131
-1   1.7149467280947994
-1   1.6819206075941868
-1   1.9683516113508208
-1   1.5224252370155829
-1   1.501005453080742
-1   1.6940195735962429
-1   1.6577160902333357
-1   2.2715965630264283
-1   1.6591992378539784
-1   1.4357740166431074
-1   1.4495748083976201
-1   2.4251472589578138
-1   1.7066972670377054
-1   2.1546641000690903
-1   1.2510567467942881
-1   1.5418446222685076
-1   1.6969904786353758
-1   1.4332613655143065
-1   1.3634505072230556
-1   1.6256813095517537
-1   1.3384772870312651
-1   2.3344032116394331
-1   1.561710429934585
-1   2.2707412552857487
-1   2.1282745128422333
-1   1.7843937629122513
-1   2.2120328837301
-1   1.8595015961064529
-1   1.9450226433733602
-1   1.1808506872786144
-1   1.7334999241130684
-1   1.7338469174919657
-1   1.0852235583190044
-1   2.2112030173254213
-1   2.2138591147830371
-1   1.061873668905678
-1   3.0832090874681066
-1   1.7965195503434392
-1   1.5244933678655803
-1   2.6809887621190009
-1   1.2300662474834525
-1   2.5466800171705377
-1   2.361094848466716
-1   1.5925949102663015
-1   2.745233368941864
-1   1.9006282020336971
-1   1.1902617994856184
-1   1.4583182947074642
-1   1.6061959694625894
-1   1.0737885386778134
-1   1.8969158856783781
-1   1.0886009869443805
-1   1.596933518760959
-1   1.3170167009525897
-1   1.2507796961287494
-1   1.6690215229760277
-1   1.2204634722190417
-1   1.9740107669624196
-1   1.7204065886708504
-1   2.0122142917188461
-1   1.8637809660221163
-1   1.3304108135402717
-1   1.5138537562737491
-1   1.7464302145561548
-1   1.4097254710252951
-1   2.2114703317637532
-1   1.5825798902457975
-1   2.1820385780941458
-1   1.884490300171016
-1   2.0040222967951831
-1   1.9636542169108915
-1   1.2695407166466652
-1   1.3581988961603455
-1   1.2199208379442352
-1   1.8350412039372066
-1   2.0203443319914998
-1   2.0746998393073426
-1   1.858396381913757
-1   1.2781821504768485
-1   1.2143380041423399
-1   1.703699479698662
-1   1.7086518074700412
-1   1.4359586099950274
-1   1.7063300637664729
-1   1.5395119430754289
-1   1.626718280175949
-1   1.376594582252463
-1   1.8343040747033057
-1   1.9074410157730317
-1   2.2026060960289455
-1   2.0102818157666369
-1   1.794441645863031
-1   1.837643587986828
-1   2.4167169474686605
-1   2.0253568588006288
-1   2.1344472200188243
-1   1.6316874426389183
-1   2.0705793903216909
-1   2.6610985042580744
-1   2.3957996079023061
-1   1.983896552566359
-1   2.6433607923527944
-1   1.5113227933685707
-1   3.196777554190847
-1   2.178797338222803
-1   1.7710638466161881
-1   2.4202748630889444
-1   1.7497685091431552
-1   1.5264202257364716
-1   2.2326683403105045
-1   2.3140061696709915
-1   1.5268202713002945
-1   1.548621289341892
-1   1.7821459852381687
-1   2.312464213744684
-1   2.4531536392118545
-1   2.0913911028363543
-1   2.3867313809563235
-1   1.6189282311687632
-1   3.7627437085365427
-1   1.1148836274363816
-1   1.9203313096204937
-1   1.1382822465011686
-1   1.2341583399968439
-1   1.0821277376337488
-1   1.7756315517224022
-1   1.1343968277628205
-1   1.3374690903561322
-1   1.7037154592465211
-1   1.9230187311767244
-1   1.2577193568553593
-1   1.3797250194914146
-1   2.0136720694240271
-1   1.5463373883597948
-1   2.5447505533436852
-1   1.5679604584707532
-1   1.7430925633494301
-1   1.9230898944799679
-1   1.7485428161986469
-1   2.9032304420757069
-1   1.2996532995602423
-1   1.9787572264531934
-1   1.0163460871020531
-1   1.0325940958516839
-1   1.6701907320879306
-1   1.0083622556176473
-1   1.4454805360331771
-1   1.05866883907505
-1   1.7578993986449696
-1   1.7730226376879119
-1   2.2343269382005153
-1   2.3850999556664196
-1   1.8908440943189859
-1   2.1450811905796336
-1   1.6319236416453089
-1   1.9531986420903302
-1   1.965561477229588
-1   1.1904484001341422
-1   1.4384657665513265
-1   2.2921644365054146
-1   1.8231608531633436
-1   1.9247257057044913
-1   1.2070602111102611
-1   1.3759914519291168
-1   1.7947585972654232
-1   1.8820185529604858
-1   1.8455280544386943
-1   2.0328321986253268
-1   1.887309289760025
-1   1.1522805231571394
-1   2.4459047296348739
-1   1.1831353518855379
-1   1.8172437573506661
-1   2.0669416079458256
-1   1.8169701571995427
-1   1.1749299177364083
-1   1.2140931689676118
-1   1.4809729959096476
-1   1.4847456318714283
-1   3.4953943637301981
-1   1.2461993872916264
-1   1.6176836698070827
-1   1.6247664572340623
-1   1.4637295189686228
-1   2.1317494838912756
-1   1.6896144646110853
-1   1.2992041762396664
-1   1.962214045633301
-1   2.1453383006754603
-1   2.6797338324282407
-1   1.5783958245737426
-1   1.3271919295756414
-1   2.0305502508500899
-1   1.9887054927813552
-1   1.9439455876773089
-1   1.9927015414725542
-1   1.3630582327126943
-1   1.6238157115212224
-1   1.0608992504833739
-1   1.1141706583380719
-1   1.5932425558843435
-1   1.8144351224096913
-1   2.8478412379045501
-1   1.7186185327641463
-1   1.0236837124226048
-1   1.3509174895370049
-1   1.7482617129690183
-1   1.8102889908100113
-1   1.781026341654818
-1   1.4067353639956197
-1   1.012031856881807
-1   1.6101247227685471
-1   1.9255906802823688
-1   1.9699687666229444
-1   1.0077031373554952
-1   1.0056165696052308
-1   1.0470318361295929
-1   1.451269250448046
-1   1.0378767630901677
-1   1.6420000350706601
-1   2.2065161645333169
-1   2.1408196054592117
-1   1.4654700602926201
-1   1.4400238471639277
-1   1.2277323557008191
-1   1.3230036861835115
-1   2.5313047069845376
-1   2.6167402568253442
-1   1.0673645811972592
-1   1.1629894167081221
-1   1.7258574603422403
-1   1.828320001516623
-1   1.8716079348163661
-1   1.3033051558674615
-1   1.1911952783110054
-1   1.2406975009624972
-1   1.8296551188525974
-1   1.8738242484380998
-1   1.8468584574264124
-1   1.0781742690322778
-1   1.034760128834046
-1   1.0901789575466128
-1   1.0710806977365233
-1   1.0432072491621722
-1   1.5689972718349763
-1   1.949090969698279
-1   2.1652816165710433
-1   2.185138851274012
-1   1.4466671657100689
-1   2.3216787136600918
-1   1.8744229471010345
-1   1.4451842497771372
-1   1.9500810301581692
-1   1.1686951627934374
-1   1.5842352023807456
-1   1.4010661983609198
-1   1.011472137020839
-1   1.0184924614984492
-1   1.021189170071729
-1   1.9873532298528884
-1   1.043529308294165
-1   1.8243158828321722
-1   1.0829341897072575
-1   1.9812611767443093
-1   1.0349397132925591
-1   1.1799672293920911
-1   1.4071879781688834
-1   2.399208853505856
-1   2.2498560950654518
-1   2.4289352920643816
-1   2.6329588334657932
-1   1.7056572540169364
-1   1.9446733048109772
-1   2.0778683404367162
-1   1.7489895715845218
-1   1.4692032276773084
-1   1.5447263858408968
-1   1.2827064478140717
-1   1.9779402466029201
-1   1.2617292165692011
-1   2.232592141614707
-1   2.7165820947199948
-1   2.4179753058137674
-1   1.2402224490451739
-1   2.8184189628413669
-1   1.828519603880443
-1   1.9056632796714275
-1   1.7228190908911185
-1   1.4155049786029894
-1   1.1134591793052915
-1   1.964465264091916
-1   1.0234023659375469
-1   1.032403628864494
-1   1.2288731722119759
-1   1.2017008166770711
-1   1.7984026029515872
-1   1.696378916225334
-1   1.2087981249860777
-1   1.1311046920947563
-1   1.1564281076172407
-1   1.962270275759991
-1   1.5448749110453139
-1   1.6467447712683287
-1   1.8220831483732356
-1   1.9700544091069956
-1   1.3473855368611805
-1   2.4774176952826532
-1   1.9460011893101252
-1   1.861639182344633
-1   2.9059794248373816
-1   1.0179260562975609
-1   1.0374530591190596
-1   1.0155375180261224
-1   1.877084617856092
-1   1.0469475080166482
-1   1.1797701056597114
-1   1.1795759039464044
-1   1.1182512439834467
-1   1.789403904119824
-1   1.1880249799371114
-1   1.2460328633535311
-1   1.1305365234589502
-1   1.8265269660993519
-1   1.2513481836676239
-1   1.7657269593612335
-1   1.9256230486381871
-1   1.9156814407142959
-1   1.1833479888260616
-1   1.2213639331924835
-1   2.6256635288087762
-1   1.8069650512808408
-1   1.8860158909594786
-1   1.2705490309028573
-1   1.7411021855867586
-1   1.6969532867349875
-1   1.4528801513207041
-1   1.9921546962319465
-1   2.2375734838720507
-1   1.3419361587555427
-1   2.1849779791658781
-1   2.0547793264177918
-1   1.9934216667994487
-1   1.4569252436442681
-1   2.4567695669564533
-1   2.4990190813153412
-1   2.0241330941248914
-1   2.8653607527293787
-1   2.0518000813539379
-1   2.9409223345032842
-1   2.8257458082465079
-1   3.8461150577540506

0   0.044229827940779565
0   1.0032261057986842
0   0.79907247740698795
0   1.0552414063686508
0   1.0034742473789335
0   1.0388717585121816
0   1.0193487074181864
0   0.20302728600324249
0   1.6019768293718597
0   1.0509836038376386
0   1.0040847720012565
0   1.9959787114456069
0   0.64227549285636831
0   1.0303570710921717
0   1.0049878437621829
0   1.3019743240932546
0   1.6433318872005045
0   1.9513540587652969
0   1.7664361774850286
0   2.7798150559561106
0   1.0022752073799788
0   1.5744147626939782
0   1.0042837479573006
0   1.144042884157042
0   1.1366959450009553
0   1.8565346169576502
0   1.8611276138257815
0   2.7602204934444705
0   0.67138418129573774
0   1.108910022422644
0   1.2443312422623578
0   1.7715079020832576
0   0.36020361144326207
0   1.1254971872468453
0   1.0031999370681162
0   0.74497496681359654
0   2.6513371826180352
0   0.085353931825262408
0   1.8590152724426687
0   1.6120742150250442
0   1.4436034686131685
0   1.0029952147735675
0   0.81182720299701527
0   1.938971428771135
0   1.1214915155326217
0   1.0030971862120635
0   1.9913207709987257
0   1.1487136447686586
0   0.3214478296094061
0   1.6595163068352545
0   1.3799284214155048
0   1.0134008137772068
0   1.8531876343967459
0   1.928630324664903
0   1.0493650028512349
0   1.1198217871560592
0   1.4972372857145082
0   1.0232107684970004
0   0.3917625482797692
0   1.0864429076403206
0   2.3599478370657967
0   1.312384021450143
0   1.2824419940292624
0   1.0407160049165456
0   1.0304746865609722
0   1.4890014531639848
0   1.1777862180334564
0   1.8046974454114597
0   2.1975253023901353
0   1.2138491235909037
0   1.4007561222783971
0   1.0501277299550535
0   1.0222289006600738
0   1.8523498508989502
0   1.6156292342418102
0   2.6553636814228025
0   1.0689772582912573
0   1.0905846878238716
0   1.7624274824218165
0   2.3150160845821537
0   2.2172962326927195
0   1.6696871365723278
0   1.5941019458835997
0   3.2441982824070701
0   1.8366138189312307
0   1.9421388464190295
0   1.3321902141223383
0   2.0303963192974033
0   1.5645723644311427
0   1.4462901484958302
0   2.3424085780513271
0   2.0475455996461114
0   1.5211807594219051
0   1.8902600832766674
0   1.7182636519926797
0   1.6628968174976015
0   2.0625552072966422
0   0.75673784999964377
0   2.0959523181321051
0   1.2595779409022574
0   1.9641016319177278
0   1.2557603981969823
0   1.7653181293364879
0   2.2435460609067999
0   1.3681235290244655
0   1.7834761009577869
0   1.5854960398127607
0   1.6477947021628214
0   2.2824699249700582
0   1.5878255866369444
0   1.8939138540844751
0   1.6622757528191157
0   1.5178589116868442
0   1.8333612365678156
0   1.9929178870437045
0   1.2188284135682943
0   1.522090358455189
0   1.6440149977073264
0   1.1036100808809095
0   1.1897796304895221
0   1.6590158893360702
0   2.6193745750034667
0   1.3890759400945865
0   1.7157410181987265
0   0.68329920796836974
0   1.2465609885093425
0   2.6269369949976107
0   1.4960960346204586
0   1.1325149016745399
0   1.5039575121338991
0   1.219988890602469
0   1.0163230996327117
0   1.2741590071039199
0   1.4631730005306134
0   0.52517645339199426
0   1.0386022174609202
0   1.0551800708694175
0   1.5529609384365113
0   1.0070352171860744
0   1.9676906755908323
0   1.3629673365164769
0   1.9469922948872642
0   1.0268361200824361
0   1.1524606384962688
0   1.6385044182469204
0   0.25106232054822264
0   1.0087314433949539
0   1.8595742514808138
0   1.8620872625852796
0   2.5214091203697055
0   1.5343511808366244
0   1.9189189285848927
0   1.0535962662698055
0   2.0935126133201494
0   1.4987004554807539
0   1.8432153031727934
0   1.8475861233632349
0   0.7911886461885389
0   2.2952301403056063
0   0.60085120996226871
0   1.5072854148126007
0   1.2645722888693818
0   1.1070921273572243
0   1.1435496967093401
0   1.8485256079145347
0   1.9763675483143781
0   1.9138228962690098
0   1.2016145974265573
0   1.2031928325313315
0   1.139065967560613
0   1.5089807445721526
0   1.6287558916293876
0   1.6964693599996439
0   1.7182677874113041
0   2.1525974906389487
0   1.6362981754439088
0   1.1851567129709866
0   1.8831146802018215
0   1.3722841514874169
0   2.1276891307620103
0   1.3344405200992149
0   1.0477687359549772
0   2.3513428968194732
0   2.4172371892951223
0   1.1921051297784926
0   1.774175866479125
0   1.8810834395047054
0   2.6828907318248914
0   2.1879995794343747
0   1.012497191854133
0   1.4804770968394991
0   1.5654588047139795
0   1.1089034429549105
0   1.6264597543779034
0   1.7781412990864958
0   1.1819455649262067
0   1.679196288781776
0   1.8782149374840955
0   1.9819781694059326
0   1.4461412008267258
0   1.6408357118384296
0   1.1699838476202211
0   1.5095719109471721
0   1.2911125776473817
0   1.4378789369454001
0   1.6043997570240793
0   0.53384793632859662
0   2.3153038403157322
0   2.0299513422353641
0   1.1200131293874696
0   1.2613251111546613
0   1.4678971590259517
0   1.4395141023367308
0   1.5802919391219405
0   1.0651550696476977
0   2.0561518429462051
0   1.9549986213077744
0   0.84320203673214911
0   1.8989801216253359
0   1.5619997247752488
0   1.5632409070874642
0   1.228433642247025
0   1.3813378342715925
0   1.3401042798393439
0   1.9444572338723694
0   1.6593718353844831
0   1.9066540665552152
0   2.1089394249931774
0   1.7263833754441196
0   1.0140601269250071
0   1.0396554455660991
0   1.0294933056788684
0   1.3626094997774536
0   1.9850069703779583
0   2.0091079994982763
0   1.9587347240203865
0   1.3154606020106323
0   0.3081226709328474
0   2.3561402101934465
0   2.4365319412605033
0   1.5557188104557316
0   1.5561626086547351
0   2.2212822717635246
0   2.3280196267902702
0   1.0567482716219383
0   2.410054596127178
0   2.362645578779015
0   1.0590761084871059
0   0.8839415511663633
0   1.9477458247509691
0   1.0162546935976979
0   0.099526531953961217
0   1.0161681029421197
0   0.59818459273375346
0   1.492788853846639
0   1.9371928482175154
0   1.0234128657832151
0   1.0087816511919374
0   1.964617609196353
0   1.0938294321832545
0   1.8869680376527231
0   1.3484324811366444
0   1.3216460886767818
0   1.2350602998238558
0   1.0333646831378716
0   1.3055119835012319
0   1.3447314912556168
0   1.2788953438798012
0   1.2408952747005935
0   0.598201267858403
0   1.007194705223081
0   1.5668090621501713
0   1.0441651901714353
0   0.85230654592337807
0   1.6139138990212052
0   2.1766083424429876
0   2.6830057323615422
0   1.0940732882684536
0   1.9754438363089086
0   1.9426002350349014
0   1.4629401725287041
0   0.6221805146789614
0   1.0160691072049548
0   1.7181084043425341
0   1.0718893155614937
0   1.9758811957725628
0   2.5686079402739921
0   1.5076391864770819
0   1.8699187124088947
0   1.015925452662283
0   1.022338066194685
0   1.2047312476856626
0   1.6022824280958705
0   1.5720629470239547
0   1.9428225274648407
0   1.3160331065141126
0   1.6620027275160121
0   1.0561001869560407
0   1.1918810459817581
0   1.5900310719884332
0   1.7889167221223863
0   1.1775915750710499
0   1.8465673800711602
0   1.6732012917519201
0   1.3996266690521355
0   1.9277648012629243
0   1.6346729369085118
0   1.8928090539655416
0   1.8354163622703359
0   2.6767114757520365
0   1.171810092531689
0   2.2852889273051122
0   2.1924513408870894
0   1.9710017298158071
0   2.8348815112828816
0   1.2079307489077782
0   3.2646403743360652
0   1.9349814169934514
0   1.9204358689537298
0   2.7650296210047935
0   1.6838656758042947
0   1.8428137531994402
0   1.4009831944375728
0   1.4977791229144692
0   0.5812068599398843
0   1.0877961263773479
0   2.3348059283477887
0   1.9803240419068753
0   1.9746142613811171
0   2.1041416441383087
0   1.2976782300863103
0   2.4910203668271524
0   1.9676191106299163
0   2.4230759072372074
0   1.9470692166863341
0   1.090319427260771
0   0.49626809394994131
0   3.8142794692219155
0   1.0182362709475206
0   1.0284839780637096
0   1.9235132762179132
0   0.39416600266957158
0   1.0506415980572017
0   1.0017774632994936
0   1.8253054717342625
0   1.0156977233899114
0   0.33616433139133517
0   1.442615455289467
0   1.0515371723836584
0   1.4167090766389581
0   1.7888197286928218
0   1.089794250688739
0   0.55192063193417895
0   1.0676094472966398
0   1.8749017963480714
0   2.0124012238771503
0   1.3490098390529039
0   2.3019459538980547
0   1.812861952623674
0   1.0136998316010155
0   0.82055660716772238
0   1.4908382476607489
0   2.9462637352406049
0   1.6815609235182123
0   1.0050765407067448
0   1.5666293193330527
0   1.023237412162822
0   1.0158427014292308
0   1.0214753619204926
0   0.88465275933593346
0   1.0053193041489452
0   1.6456726793428387
0   1.005365682480075
0   1.4071082613078902
0   1.129096885804721
0   1.4001752905782914
0   1.7319065404232523
0   1.7071585818426724
0   1.7590356589551606
0   1.6769503357683697
0   2.0885750519953823
0   2.5327607505985656
0   1.0269963520009167
0   1.6122815017146803
0   1.045923302487946
0   1.004349465120667
0   1.0509368384778837
0   1.3268029076206211
0   2.8407796305016078
0   1.3628083416393499
0   1.3210359860009562
0   1.8096629646860474
0   1.7805366031215857
0   1.0063229035633767
0   1.0190891953817955
0   1.9823186531403572
0   1.9923532595304234
0   1.4018213650997651
0   1.740284514573792
0   1.0028626119603918
0   2.82499351963755
0   0.73226533237229563
0   0.31563064328490209
0   1.0352555643596788
0   1.7601310257856646
0   1.5833005199497112
0   1.0048518379755127
0   1.9888318592633172
0   1.0824571441443216
0   1.8096618691903066
0   0.89739457988399662
0   3.0816387455866883
0   1.5412280583974201
0   1.5560004037167054
0   1.1423830881487731
0   2.2881730476397837
0   1.276126305438368
0   1.0698811009459481
0   1.0544391727654936
0   1.3797574771150172
0   0.87032973707501848
0   2.5653398354931816
0   1.1490984944066203
0   1.0138254083095115
0   1.5156821963874259
0   1.4053711545006167
0   1.283884899924512
0   1.7712117068402016
0   1.7834751047112762
0   2.4906255599436253
0   2.0410924616948543
0   2.2001632950074801
0   1.2178991079085015
0   1.2785399172806784
0   0.60069774540001197
0   0.65734461206186356
0   1.6522923382188477
0   1.989809416277954
0   1.3803355006281486
0   1.0060562185130735
0   1.0056622428683184
0   2.6239409688339186
0   1.7501580298872086
0   1.0128943317146963
0   1.0034193069284316
0   0.76181017986376243
0   0.41808349997182392
0   1.0054807316717491
0   1.9866176061385832
0   1.9722192350481689
0   1.994645053566598
0   1.0012231186171863
0   1.0043790151273764
0   1.9733247429419869
0   1.9154993130025337
0   1.0055894085188217
0   1.000819247679898
0   0.063626576091910358
0   1.0497444576982884
0   0.034085397278653784
0   0.069675039776313952
0   0.59670238738834658
0   1.0452692166118045
0   1.0057361578579018
0   1.8005203267532379
0   0.37331405791894845
0   1.9332048098733035
0   2.9371906020115239
0   2.854953852238522
0   1.8654315343831342
0   1.0316485008338603
0   1.0008138490981513
0   1.2039954090258722
0   1.9895711135889944
0   1.0595715113400481
0   1.9378933377859853
0   1.0060008664451281
0   1.0097259177312556
0   1.3597385611065758
0   1.1072460661577865
0   1.0452772982151077
0   1.9252111800845877
0   0.54544395112285859
0   1.0031406102845501
0   1.0035281872861745
0   1.9788381851811341
0   1.9228789103971997
0   1.0808701858201322
0   0.35080735714241307
0   1.0344599529003184
0   0.28656483378408915
0   1.0066071803177905
0   1.0096797314164356
0   0.10258949650519178
0   1.0129208911779708
0   0.9472835985911825
0   0.2820878625569988
0   1.4476507219616022
0   0.37955322080977849
0   2.5283227917406403
0   1.5674099786216504
0   1.7295365461683421
0   1.7460123665247891
0   2.2213558595545613
0   1.6448210641352055
0   0.43236155137720034
0   1.981074617769071
0   1.9622316828540596
0   1.1652922353376343
0   1.049188290315709
0   1.1221934987375721
0   0.069439251805543889
0   0.078924979475552659
0   1.0055771158009099
0   1.004450727190082
0   0.61608325937631991
0   1.0062251262060373
0   1.7849702928377549
0   1.0253643582856788
0   0.94450777771553285
0   1.0125124409369433
0   1.9613919055195055
0   1.2273636038676949
0   1.6327972275382159
0   1.0542039384297375
0   0.62432575019079684
0   1.007595896874997
0   2.6712143054010271
0   1.9228872473423033
0   2.7231141605560127
0   1.7836189422280007
0   0.85437603644960292
0   1.0222634471603069
0   1.8644852534802876
0   1.8463762488548183
0   1.397022453681702
0   1.7682637249117947
0   1.7260390254310058
0   2.5632485506406195
0   0.51383903279734144
0   1.6473392301212124
0   1.6044796039416749
0   1.2538454576834077
0   0.55353228125862697
0   1.3011070013855981
0   2.0190475675411736
0   1.9344499566785074
0   3.0436222023070716
0   1.5260610505760388
0   1.4165970834643657
0   1.9749607902759974
0   1.9948323670893089
0   1.1613827378478669
0   1.3392412122258186
0   1.0978116625423398
0   1.9222116801129077
0   0.067375790709842898
0   1.0057300443719093
0   1.0059755496576046
0   0.31414208667334576
0   0.51893857098131613
0   1.0075211646034454
0   1.0069660009902777
0   1.1693920168169085
0   1.5877814773182752
0   1.8691074530303013
0   1.7239135465225996
0   1.0084052837816295
0   1.1428626040109038
0   1.0291610623274572
0   1.9127775313062996
0   1.5443883563800767
0   1.231596088414086
0   1.0063622088916131
0   1.1503054666858781
0   1.4162532421474532
0   2.8514586604916161
0   1.9646332226123913
0   1.8104516234033694
0   0.068844705828595143
0   2.9030154554254373
0   0.12226423083458982
0   1.0013227129799547
0   1.0095930587115036
0   1.0023226287024256
0   0.16207263544981265
0   1.9832820599282996
0   1.0202107994564031
0   0.13094156006920254
0   1.0253037739306161
0   1.023171091541778
0   0.42121225317634903
0   1.0150499135458262
0   1.9816124939723538
0   1.0441338815354571
0   1.1707823751813951
0   1.0165764511157618
0   1.7811249895220427
0   0.73128569591608561
0   1.0584707738081147
0   1.9132037490902332
0   1.7249493903664939
0   1.9333950826219088
0   0.52767523145890349
0   1.1180182798561673
0   2.7208994211424522
0   1.0265011987178003
0   0.96119598707425902
0   1.0454479660019298
0   1.9920947230723596
0   1.4031753927132395
0   1.8622111287512015
0   1.9885125243302895
0   1.0937837787478795
0   1.6844820867669279
0   2.0633379268743859
0   1.2454713192673534
0   2.3844802192957353
0   1.0838399547664312
0   1.9433135172223097
0   1.8450827754560528
0   1.3418860927711325
0   2.9241276059875529
0   2.0418339699567194
0   1.9834893884648919
0   2.8235850096127422
0   2.0321441536524869
0   2.9466746530609753
0   2.8337800193780232
0   3.8380553172900242

1   1.0386066247458281
1   1.097336298687374
1   1.1372561056701114
1   1.5937834908692605
1   1.064124800341552
1   1.5032500322471378
1   1.3589643808110035
1   1.1342634879426707
1   1.3606410541579517
1   1.7419592862537181
1   1.9119718082476203
1   1.2346473128696327
1   1.8661118066847582
1   1.795039571146368
1   1.0404642264252462
1   2.8220586105322294
1   1.9175091319182096
1   1.3222161849385379
1   1.1182810143349806
1   2.0708755563349328
1   1.8331211802189187
1   2.7546178963871344
1   1.3367330901280976
1   1.1428203978329556
1   1.880478948792808
1   1.0262076928041204
1   1.4513704208503453
1   2.5051523649975134
1   1.6857769782044447
1   2.1072002729570598
1   1.0628295944064226
1   1.3631704172032517
1   1.4362185183403011
1   1.674357910044916
1   1.1216065464113398
1   1.7619320357703421
1   1.440447774373373
1   1.5143331379345146
1   1.3734072524314813
1   1.6318808640185574
1   1.7856088103016003
1   1.2313467361961532
1   1.6428632119827578
1   1.3643336463024702
1   1.3883133419577538
1   2.719441402373302
1   1.132788133927676
1   1.2801155231703072
1   1.7105465766157795
1   1.4246074670751403
1   1.118720728234158
1   1.8419777389623948
1   1.7800450241972374
1   1.9243204170259594
1   1.92593785855636
1   1.3495736738644284
1   1.9960174322687791
1   2.099385045456498
1   2.0743465790280289
1   2.2529029680007291
1   2.6442313198038798
1   1.8292195491518903
1   1.5671413894731461
1   1.8929087432709362
1   2.9962856090267596
1   2.144205177991747
1   1.8491871427101376
1   1.7978406347085807
1   1.5478897702317389
1   1.8900074986087572
1   2.2629451243588048
1   1.7764066211470833
1   2.26993084471414
1   2.5787335828393618
1   2.1505667094747309
1   1.5435719298795147
1   1.7424165023671065
1   1.594954136384255
1   1.9111077883247765
1   1.610652078670447
1   1.7505055863845809
1   2.6983419467046601
1   2.0342886416902299
1   2.1894129229582004
1   2.1234909013237901
1   1.837895836530925
1   1.3923235636865674
1   2.7930875206819579
1   1.8495145636552301
1   2.1865539823088946
1   1.6191082603863109
1   1.4035190860545512
1   1.5698368443184676
1   1.8069708648977052
1   1.2913294084538649
1   2.256835127343491
1   1.8959299549181914
1   1.5844686015681844
1   1.0902510318945944
1   1.9892990282529937
1   1.2703995655990283
1   1.7371868609194574
1   2.7996800887344238
1   1.7200582941554701
1   1.989549590950126
1   1.1805402099662168
1   1.3442912523724875
1   1.1815439670177426
1   1.9305954808192025
1   1.3093747214788942
1   1.7015067516922064
1   1.7803655243557075
1   1.9013334500581522
1   1.1964132710157731
1   1.1215244341932511
1   1.0890021314292737
1   1.9004144632412272
1   2.1086282940116416
1   1.9362351991897246
1   2.2392441910132437
1   2.1971903702897122
1   1.6772366952333622
1   1.5720815296037203
1   2.3960730148267406
1   1.477724948095223
1   2.5709910983923012
1   1.4463464936444372
1   1.2738290674563519
1   1.7923144731454954
1   1.8606938397375075
1   1.7854188353986107
1   1.7177797370359955
1   1.7302723036669092
1   1.5575605143231965
1   1.4406720763044596
1   1.716703863028116
1   1.3919195720288136
1   1.4912219594465117
1   1.8145239030674456
1   2.0694547028738453
1   1.6771872644290449
1   1.5705200349532547
1   1.8064016675147538
1   1.9895780128079861
1   1.9108885013448393
1   2.4659952575003539
1   2.1611580111208615
1   2.8381569454675479
1   1.5289726947047861
1   1.4398423212604368
1   2.5928129979547139
1   2.4354731254383788
1   1.7022412388509922
1   1.714946728094775
1   1.6819206075942148
1   1.96835161135074
1   1.5224252370155997
1   1.5010054530807664
1   1.6940195735961221
1   1.657716090233321
1   2.2715965630262533
1   1.6591992378544189
1   1.4357740166431348
1   1.4495748083976137
1   2.4251472589577792
1   1.7066972670377294
1   2.1546641000691111
1   1.2510567467941067
1   1.5418446222684654
1   1.6969904786355294
1   1.433261365514225
1   1.3634505072230871
1   1.6256813095518163
1   1.3384772870313209
1   2.334403211639418
1   1.5617104299345361
1   2.2707412552857464
1   2.1282745128422049
1   1.7843937629122641
1   2.2120328837300942
1   1.8595015961064307
1   1.9450226433733775
1   1.180850687278721
1   1.7334999241130244
1   1.7338469174919489
1   1.0852235583189596
1   2.211203017325456
1   2.2138591147830788
1   1.0618736689056525
1   3.0832090874680986
1   1.7965195503434392
1   1.5244933678655421
1   2.6809887621189854
1   1.2300662474834303
1   2.5466800171707038
1   2.3610948484665668
1   1.5925949102655568
1   2.7452333689423805
1   1.900628202033694
1   1.1902617994856148
1   1.4583182947075155
1   1.6061959694625392
1   1.0737885386778199
1   1.8969158856783741
1   1.0886009869443658
1   1.596933518760951
1   1.3170167009526195
1   1.2507796961287201
1   1.6690215229760632
1   1.2204634722189951
1   1.9740107669624121
1   1.7204065886708402
1   2.0122142917188266
1   1.8637809660221047
1   1.3304108135402652
1   1.5138537562737899
1   1.7464302145561992
1   1.40972547102523
1   2.2114703317636901
1   1.5825798902458903
1   2.182038578094164
1   1.8844903001710644
1   2.0040222967951875
1   1.9636542169108773
1   1.2695407166466572
1   1.3581988961602935
1   1.219920837944255
1   1.8350412039372186
1   2.0203443319914958
1   2.0746998393073373
1   1.8583963819137632
1   1.2781821504768387
1   1.2143380041423353
1   1.7036994796986562
1   1.708651807470051
1   1.4359586099950432
1   1.7063300637664627
1   1.5395119430754423
1   1.6267182801759352
1   1.3765945822524561
1   1.8343040747032946
1   1.9074410157730122
1   2.2026060960289509
1   2.0102818157666484
1   1.7944416458630621
1   1.8376435879868178
1   2.4167169474686632
1   2.0253568588005484
1   2.1344472200189033
1   1.6316874426389862
1   2.0705793903216017
1   2.6610985042581423
1   2.3957996079023038
1   1.9838965525665575
1   2.6433607923527811
1   1.5113227933683064
1   3.1967775541908274
1   2.1787973382227301
1   1.7710638466161859
1   2.4202748630890132
1   1.7497685091431792
1   1.5264202257364241
1   2.2326683403105121
1   2.3140061696710394
1   1.5268202713002808
1   1.5486212893418871
1   1.7821459852381252
1   2.3124642137446831
1   2.4531536392118998
1   2.0913911028363366
1   2.3867313809563728
1   1.6189282311687392
1   3.7627437085365232
1   1.114883627436384
1   1.9203313096205012
1   1.1382822465011595
1   1.2341583399968463
1   1.0821277376337495
1   1.7756315517223786
1   1.1343968277628358
1   1.3374690903561592
1   1.7037154592464963
1   1.9230187311767373
1   1.2577193568553615
1   1.3797250194914239
1   2.0136720694240169
1   1.546337388359794
1   2.544750553343714
1   1.5679604584707372
1   1.7430925633494536
1   1.923089894479959
1   1.7485428161986394
1   2.9032304420756998
1   1.2996532995602603
1   1.9787572264531939
1   1.0163460871020553
1   1.0325940958516808
1   1.6701907320879354
1   1.008362255617647
1   1.4454805360331724
1   1.058668839075054
1   1.7578993986449425
1   1.7730226376879088
1   2.2343269382004927
1   2.3850999556664294
1   1.8908440943189562
1   2.1450811905796185
1   1.6319236416454204
1   1.9531986420902996
1   1.9655614772295822
1   1.1904484001341336
1   1.4384657665513558
1   2.2921644365054061
1   1.8231608531633698
1   1.9247257057045002
1   1.2070602111102469
1   1.3759914519290914
1   1.7947585972654156
1   1.8820185529604871
1   1.8455280544386996
1   2.0328321986253246
1   1.8873092897600308
1   1.1522805231571618
1   2.445904729634873
1   1.1831353518855048
1   1.8172437573506461
1   2.0669416079458345
1   1.8169701571995289
1   1.174929917736415
1   1.2140931689676702
1   1.4809729959096627
1   1.484745631871411
1   3.4953943637301692
1   1.2461993872916652
1   1.6176836698069486
1   1.6247664572342044
1   1.4637295189686403
1   2.1317494838911797
1   1.6896144646108624
1   1.299204176239686
1   1.9622140456333477
1   2.145338300675574
1   2.6797338324282025
1   1.5783958245736827
1   1.3271919295756047
1   2.0305502508502298
1   1.9887054927813521
1   1.9439455876773342
1   1.992701541472564
1   1.3630582327127576
1   1.6238157115211789
1   1.0608992504833727
1   1.1141706583381723
1   1.5932425558842644
1   1.8144351224096917
1   2.8478412379045563
1   1.7186185327641752
1   1.0236837124226061
1   1.3509174895369793
1   1.7482617129691436
1   1.8102889908099642
1   1.7810263416546626
1   1.4067353639956794
1   1.0120318568818318
1   1.6101247227685489
1   1.9255906802823031
1   1.9699687666230083
1   1.0077031373554957
1   1.0056165696052259
1   1.0470318361295838
1   1.4512692504480882
1   1.0378767630901575
1   1.6420000350706414
1   2.2065161645332791
1   2.1408196054591442
1   1.4654700602926887
1   1.4400238471639883
1   1.2277323557008455
1   1.3230036861833032
1   2.5313047069846522
1   2.6167402568253464
1   1.0673645811972436
1   1.1629894167080939
1   1.7258574603422603
1   1.8283200015166727
1   1.8716079348163324
1   1.3033051558674362
1   1.1911952783109461
1   1.2406975009625181
1   1.82965511885258
1   1.8738242484381482
1   1.8468584574264493
1   1.0781742690322726
1   1.0347601288340365
1   1.0901789575466105
1   1.071080697736557
1   1.0432072491621602
1   1.5689972718349536
1   1.9490909696983567
1   2.1652816165709892
1   2.1851388512740235
1   1.4466671657102295
1   2.3216787136600718
1   1.874422947100967
1   1.4451842497769705
1   1.9500810301581284
1   1.1686951627935367
1   1.5842352023807331
1   1.4010661983609747
1   1.0114721370208404
1   1.0184924614984507
1   1.0211891700717319
1   1.9873532298528946
1   1.0435293082941515
1   1.8243158828321415
1   1.0829341897072498
1   1.9812611767444075
1   1.0349397132925917
1   1.1799672293918824
1   1.4071879781689773
1   2.399208853505979
1   2.2498560950653461
1   2.42893529206426
1   2.6329588334658904
1   1.7056572540170474
1   1.9446733048108489
1   2.077868340436718
1   1.7489895715850134
1   1.4692032276772293
1   1.544726385840661
1   1.2827064478138785
1   1.9779402466028442
1   1.2617292165692593
1   2.2325921416171166
1   2.7165820947178352
1   2.4179753058138145
1   1.240222449045129
1   2.8184189628415304
1   1.8285196038804741
1   1.905663279671447
1   1.7228190908910443
1   1.4155049786029228
1   1.1134591793053046
1   1.9644652640918876
1   1.0234023659375378
1   1.0324036288645109
1   1.2288731722120001
1   1.2017008166771037
1   1.7984026029514846
1   1.6963789162263478
1   1.2087981249847013
1   1.1311046920948498
1   1.1564281076170961
1   1.9622702757601185
1   1.5448749110455799
1   1.6467447712680783
1   1.8220831483732098
1   1.9700544091070036
1   1.3473855368611154
1   2.4774176952826634
1   1.9460011893101328
1   1.8616391823447205
1   2.9059794248373483
1   1.0179260562975614
1   1.0374530591190301
1   1.0155375180261148
1   1.8770846178560547
1   1.0469475080166455
1   1.1797701056598522
1   1.1795759039463034
1   1.118251243983265
1   1.7894039041199723
1   1.1880249799372995
1   1.2460328633533859
1   1.1305365234588052
1   1.8265269660993226
1   1.251348183667401
1   1.7657269593613831
1   1.925623048638494
1   1.9156814407140348
1   1.1833479888299028
1   1.2213639331887347
1   2.6256635288086763
1   1.8069650512811064
1   1.8860158909595621
1   1.270549030902776
1   1.7411021855868833
1   1.6969532867349302
1   1.4528801513204903
1   1.9921546962320069
1   2.2375734838724166
1   1.3419361587554455
1   2.1849779791655384
1   2.0547793264177745
1   1.9934216667995202
1   1.4569252436442039
1   2.4567695669560754
1   2.4990190813157391
1   2.0241330941250038
1   2.865360752729373
1   2.0518000813539654
1   2.9409223345032744
1   2.8257458082465345
1   3.8461150577540675

2   2.0003585785062827
2   2.0006217965813864
2   2.0013843833653056
2   2.1603471283345717
2   2.0114957632246639
2   2.8753375092993201
2   2.0039603094062848
2   2.1260401540932907
2   2.0047462886475405
2   2.8928279776054948
2   2.0017334750431699
2   2.8759804266060454
2   2.0041185503585535
2   2.1356809199101638
2   2.0267770548875479
2   2.0132671330663188
2   2.0229391527184029
2   2.026274845910192
2   2.0167840838045703
2   2.8515073457491544
2   2.1650102037440457
2   2.0045753787152143
2   2.1059160623475344
2   2.9546200091060459
2   2.6982805514291237
2   2.6765249940945308
2   2.0389645334608359
2   2.3472772206133081
2   2.2527211891461305
2   2.6051176482132488
2   2.5191748914336523
2   2.1338027341764669
2   3.0298731387671221
2   2.5934829520192428
2   2.2657604341844637
2   2.1653782448042347
2   2.8667685641522827
2   2.543076549961059
2   2.3498102711079323
2   3.1557701961018445
2   2.370264312818549
2   2.5150864951445788
2   3.0413525050501575
2   2.3619350022274719
2   2.4528688721121625
2   2.3255758647483629
2   2.1992753963996439
2   2.5587064467556417
2   2.2595245094107681
2   2.1907259712948846
2   2.3946113759471048
2   2.4746642234895035
2   2.0140954258188195
2   2.002470194295682
2   2.0098716409969151
2   2.0094314703696661
2   2.0505981650243097
2   2.1334556835577856
2   2.9004003211586733
2   2.5318049777524552
2   2.3956728980973523
2   2.9390489779885325
2   2.1336757329380487
2   2.0900252180230487
2   2.1771715298558583
2   2.0263736340536744
2   2.5342227614625297
2   2.286656387674062
2   2.9670065734223399
2   2.0658821841834576
2   2.3611045813995988
2   2.0797548910968398
2   3.1346058012612543
2   2.703100964651358
2   2.8782744231420367
2   2.1896689633777933
2   2.6839278728316902
2   2.0571171362296887
2   2.1032155366422609
2   2.1155255673850921
2   2.0721109709158165
2   2.6411760316045854
2   2.3433063052575149
2   2.2902860963515232
2   2.2552977136614247
2   2.2123536244551016
2   2.0496455305731418
2   2.7563112990976961
2   2.364192002282163
2   2.0244881983271568
2   2.5097280201002827
2   2.0760670174401485
2   2.6659684500685197
2   2.680652898527442
2   2.7090916752411638
2   2.7050728402409989
2   2.982533201228994
2   2.3802617595646414
2   2.6425290777046162
2   2.6995827503817518
2   2.0876218836270612
2   2.0034835333692649
2   2.0408601567898144
2   2.0412101768829509
2   2.0769948638208704
2   2.2620933683943871
2   2.1382744480376865
2   2.2725659912433525
2   2.5206052585790388
2   2.8020113155091475
2   2.0389007256666232
2   2.0066464930260608
2   2.9789719970184492
2   2.0174323230165832
2   2.0096030253314145
2   2.0057324543425601
2   2.0176531288091648
2   2.035594299009158
2   2.0902225383820738
2   2.2125101100928917
2   2.50164138359114
2   2.3259013168457234
2   2.1606613617029935
2   2.3068162955200791
2   2.2029730744409282
2   2.7886590104225908
2   2.5791609598402316
2   3.2359469801253069
2   2.8765653458819838
2   2.28178241916592
2   3.220029255101895
2   2.6917193044361629
2   2.2995464750556001
2   2.3590279888622705
2   2.7065752163243544
2   2.2601993126001565
2   2.4134770081990724
2   2.3516650895150693
2   2.7032745644490821
2   2.6698260339740232
2   3.6911863154097553
2   2.0198707680651915
2   2.0031786290616989
2   2.0451554074832852
2   2.0036236415196305
2   2.4622365990763626
2   2.4815983067603442
2   2.060365428926302
2   2.2140190978765562
2   2.1493137383478569
2   2.7630866085751644
2   2.0282136216126876
2   2.0011350316179954
2   2.9141283024985545
2   2.6373127510185368
2   2.4405617982030088
2   2.1055352849135267
2   2.0050007559483038
2   2.9911489764745811
2   2.0098345252149543
2   2.0012764877717109
2   2.0063098594401927
2   2.0102985873355657
2   2.0134476801258723
2   2.049831141658824
2   2.8706864645936925
2   2.0095541992416406
2   2.0187867024293293
2   2.1686890643320718
2   3.7584288017801857
2   2.1891480822770593
2   2.2186921922957645
2   2.7149126715167728
2   2.818069322545
2   2.9245086750691409
2   2.3694196715566309
2   2.1064244716738667
2   2.0304603119733819
2   2.0787780888185159
2   2.0738430157198704
2   2.9500577214441059
2   2.0004912747127768
2   2.0067438427692332
2   2.0011765305118572
2   2.0051318985078526
2   2.0022256241238154
2   2.0026087559821679
2   2.0058430221646297
2   2.2001021543862422
2   2.1693436223446185
2   2.6293558496795595
2   2.6476589954345284
2   2.2206386744226947
2   2.213338841991543
2   2.0623821936445941
2   2.051888714666529
2   2.001767215407062
2   2.0157218791508287
2   2.5977331715355105
2   2.7449767446193629
2   2.3702808738551902
2   2.1840176893156036
2   2.1216423555430266
2   2.1415603248402579
2   2.0032934612401307
2   2.0526349766859644
2   2.2550776913244861
2   2.231696746849992
2   2.1303809796040092
2   2.6913219444948204
2   2.8149936650535969
2   2.0018225923684128
2   2.0498147659299835
2   2.018876412714651
2   3.3152137316819292
2   2.8643079077227882
2   3.1093173461009398
2   2.7641767799958727
2   2.1293831298094594
2   2.0407495936978295
2   2.0024425917690691
2   2.0035467144994947
2   2.0009102804232923
2   2.0039256415706697
2   2.0280043257552021
2   2.0023260368674305
2   2.9734538880048706
2   2.0182545978777262
2   2.003677438599818
2   2.9828865907197035
2   2.0027634734163402
2   2.00562646158934
2   2.029449176355556
2   2.012279294448994
2   2.0269139342483267
2   2.0106531098982101
2   2.8223693204561813
2   2.0841741063766865
2   2.1993857666947285
2   2.0596623195952799
2   2.0589089380045311
2   2.3468639486854426
2   2.5903438639125813
2   2.1626202523958775
2   2.1548702027969679
2   2.2256367938840045
2   2.7724195113252321
2   2.9677162552804646
2   2.1957777829045733
2   2.9543770109128844
2   2.8571143542685311
2   3.863896438941139

3   3.0000296303583918
3   3.0000466519674411
3   3.0004139407656241
3   3.0012319449346583
3   3.0001941211131458
3   3.0273748255267181
3   3.0086440338227516
3   3.8447401878841401
3   3.0005014687611595
3   3.1625374375593553
3   3.8594545338436275
3   3.1585980506244975
3   3.0013173368317889
3   3.0001535481920789
3   3.0055377646608585
3   3.0004030279875438
3   3.0023950857656918
3   3.0001944539820977
3   3.7942177676898314
3   3.0006780650320044
3   3.026569118604963
3   3.1678904639943273
3   3.0039781296296297
3   3.0548693757620362
3   3.0105934374921501
3   3.0017535774657884
3   3.7644881553330647
3   3.0003123445094442
3   3.266813794901712
3   3.000108110118485
3   3.0035237952047846
3   3.0000548904245887
3   3.0019232714924744
3   3.0038572235724059
3   3.2994230856833009
3   3.0024666231549739
3   3.2030840615029788
3   3.55757891283878
3   3.0060111735776802
3   3.0064219323254338
3   3.0786692031488898
3   3.0097108685663532
3   3.9275784886552403
3   3.0000831982406249
3   3.0001551130450039
3   3.0002214699447136
3   3.0013081608403214
3   3.0000882143734837
3   3.0000135434517263
3   3.730210870400315
3   3.0000412739690985
3   3.3183257105320672
3   3.0000132509384034
3   3.0021078068156641
3   3.0001399116571958
3   3.0001759151220577
3   3.0000063872947647
3   3.0000258560131661
3   3.0340325949692986
3   3.0000141207960702
3   3.9254153078703391
3   3.0000742669650475
3   3.060052993065653
3   3.0000335405291927
3   3.0000424723144796
3   3.0002229816264174
3   3.0000291527646259
3   3.0000208354839453
3   3.0000176715865594
3   3.1105835306578409
3   3.0000836685041055
3   3.9114801551010121

4   4
4   3.9999999999999991
4   3.9999999999999991
4   4
4   4
4   4
4   4
4   4
4   4

