-2.5   2.5
-2.5   2.5
-2.5   2.4999999999999996
-2.5   2.5
-2.5   2.4999999999999996
-2.5   2.5

-1.5   1.5055126896768876
-1.5   1.5371459486680519
-1.5   1.5940033898939072
-1.5   1.5448555937266275
-1.5   2.2509899266649733
-1.5   1.6540212376705288
-1.5   2.3291640068050103
-1.5   1.7428353821420957
-1.5   1.5013419484506247
-1.5   1.5672788341158701
-1.5   1.5543444568975979
-1.5   1.563816856521461
-1.5   1.5104866076108845
-1.5   2.1711559853119389
-1.5   2.1088297364368493
-1.5   1.7948491946962948
-1.5   1.9288717283916035
-1.5   1.5060276736684197
-1.5   1.5366798360271594
-1.5   1.5148309572132224
-1.5   1.5028534690553834
-1.5   1.6619704701455924
-1.5   2.3553038586005575
-1.5   1.5003238475917855
-1.5   1.5108106994181831
-1.5   1.5101231742844079
-1.5   1.5004374021765088
-1.5   1.7573989962973768
-1.5   1.5003985243549556
-1.5   2.3031023641106119

-0.5   0.84792483685803055
-0.5   0.71992585553141675
-0.5   1.1711327265624927
-0.5   1.3195631363394553
-0.5   0.7740585991335045
-0.5   0.98601717669042754
-0.5   1.1668661271792335
-0.5   1.3616444709486855
-0.5   1.6110842780281587
-0.5   1.0880830556210195
-0.5   1.1961517934132826
-0.5   1.2496717082294342
-0.5   1.4364638636678717
-0.5   1.7199779462793088
-0.5   1.4056343261421231
-0.5   1.4591686544669586
-0.5   1.6179945174331234
-0.5   0.9311274335935229
-0.5   0.70576703339933444
-0.5   1.3131344735134729
-0.5   1.1066052387347494
-0.5   1.1349369900530126
-0.5   0.89609702170627692
-0.5   1.3425886419032695
-0.5   0.90275041167407499
-0.5   1.4537577643131652
-0.5   1.0472914252438259
-0.5   1.3253215610491904
-0.5   1.1757589572148179
-0.5   1.6699859023903119
-0.5   1.752168003418602
-0.5   2.2433609779635684
-0.5   0.88317565797542863
-0.5   1.4443107423194224
-0.5   0.59231096390782878
-0.5   1.460370143483501
-0.5   1.493725708418209
-0.5   0.55768340804265804
-0.5   1.1549672472708972
-0.5   1.2898872405785951
-0.5   0.79732773500102039
-0.5   1.3608037502466321
-0.5   0.89844732985516185
-0.5   1.595790563937828
-0.5   1.3841889939068381
-0.5   1.4743533869089582
-0.5   0.5956601742198564
-0.5   0.51776184964816885
-0.5   0.60531729788849065
-0.5   0.62592943085627351
-0.5   1.2924315163919358
-0.5   0.83771749344281798
-0.5   1.3563722696072127
-0.5   0.95536211710694996
-0.5   0.81639434385990595
-0.5   0.76207153608175315
-0.5   1.3154013844816193
-0.5   1.4853653081145604
-0.5   1.3465527064420946
-0.5   2.3245381549961985

0.5   0.84792483685803166
0.5   0.71992585553142008
0.5   1.1711327265624869
0.5   1.3195631363394553
0.5   0.77405859913350339
0.5   0.98601717669043221
0.5   1.1668661271792389
0.5   1.3616444709486903
0.5   1.6110842780281538
0.5   1.0880830556210139
0.5   1.196151793413289
0.5   1.249671708229436
0.5   1.4364638636678728
0.5   1.7199779462793185
0.5   1.4056343261421276
0.5   1.459168654466948
0.5   1.6179945174331118
0.5   0.9311274335935229
0.5   0.70576703339933577
0.5   1.313134473513472
0.5   1.1066052387347503
0.5   1.1349369900530093
0.5   0.89609702170627825
0.5   1.342588641903268
0.5   0.90275041167408143
0.5   1.4537577643131625
0.5   1.0472914252438275
0.5   1.3253215610491891
0.5   1.175758957214819
0.5   1.6699859023903114
0.5   1.7521680034186033
0.5   2.2433609779635715
0.5   0.88317565797542774
0.5   1.4443107423194239
0.5   0.59231096390782989
0.5   1.4603701434835017
0.5   1.493725708418211
0.5   0.55768340804265715
0.5   1.1549672472709007
0.5   1.2898872405785946
0.5   0.79732773500102394
0.5   1.3608037502466244
0.5   0.89844732985516185
0.5   1.5957905639378271
0.5   1.3841889939068395
0.5   1.4743533869089616
0.5   0.59566017421985817
0.5   0.51776184964816974
0.5   0.60531729788848754
0.5   0.62592943085627128
0.5   1.2924315163919331
0.5   0.83771749344282243
0.5   1.3563722696072189
0.5   0.95536211710695418
0.5   0.81639434385990595
0.5   0.76207153608175826
0.5   1.3154013844816255
0.5   1.4853653081145652
0.5   1.3465527064420915
0.5   2.3245381549961923

1.5   1.5055126896768871
1.5   1.5371459486680519
1.5   1.5940033898939094
1.5   1.5448555937266266
1.5   2.2509899266649738
1.5   1.6540212376705292
1.5   2.3291640068050108
1.5   1.7428353821420957
1.5   1.5013419484506247
1.5   1.5672788341158701
1.5   1.554344456897597
1.5   1.5638168565214596
1.5   1.510486607610884
1.5   2.1711559853119384
1.5   2.1088297364368498
1.5   1.7948491946962948
1.5   1.9288717283916026
1.5   1.5060276736684188
1.5   1.536679836027159
1.5   1.5148309572132219
1.5   1.5028534690553839
1.5   1.6619704701455928
1.5   2.3553038586005592
1.5   1.5003238475917851
1.5   1.5108106994181827
1.5   1.5101231742844088
1.5   1.5004374021765088
1.5   1.7573989962973768
1.5   1.5003985243549551
1.5   2.3031023641106105

2.5   2.5
2.5   2.5
2.5   2.4999999999999996
2.5   2.5
2.5   2.4999999999999996
2.5   2.5

