-3.5   3.5
-3.5   3.5
-3.5   3.5
-3.5   3.5
-3.5   3.5
-3.5   3.5
-3.5   3.4999999999999991
-3.5   3.4999999999999996

-2.5   2.50010525218614
-2.5   2.5001243777164968
-2.5   2.5018836870493431
-2.5   2.5073177218057547
-2.5   2.5072045988193974
-2.5   2.5810742456530811
-2.5   3.3810382437644098
-2.5   2.8565472454440402
-2.5   3.1746994679699454
-2.5   2.5023107382724783
-2.5   2.5630510561169588
-2.5   2.5197531949351357
-2.5   2.508790887495068
-2.5   2.5016252340854201
-2.5   2.501025327397425
-2.5   2.5096817602035557
-2.5   3.0694086897568762
-2.5   2.5090735647704112
-2.5   3.097761853385721
-2.5   2.5046962066485516
-2.5   2.567149341201616
-2.5   2.6973241470761899
-2.5   2.8754791466248646
-2.5   2.7694154542733318
-2.5   2.5034724949279434
-2.5   2.5703881957427446
-2.5   2.5186720002891159
-2.5   2.5004022363101424
-2.5   2.5023703826033628
-2.5   2.5000978243894463
-2.5   3.4637644745390554
-2.5   2.5005399336200127
-2.5   2.5256917163232178
-2.5   2.5040018289310386
-2.5   2.5009374049483011
-2.5   3.4888901069476232
-2.5   2.5000317880464875
-2.5   2.5023099939215361
-2.5   2.5001126905579865
-2.5   2.5080263800640572
-2.5   2.5000452330393772
-2.5   2.5005911876857132
-2.5   2.5012791570396256
-2.5   2.500105329214406
-2.5   2.5000964101555865
-2.5   2.7233916088179893
-2.5   3.3203911522377054
-2.5   2.5000400705172487
-2.5   2.5003787610622132
-2.5   2.5000691278827603
-2.5   2.5000545526008122
-2.5   2.500523042286463
-2.5   2.5000209490264278
-2.5   2.6231329578196032
-2.5   2.500119181380076
-2.5   3.4040584811656447

-1.5   1.5018616405431993
-1.5   1.5045910073487843
-1.5   1.6768808271717544
-1.5   1.51433408960215
-1.5   2.3682717530993078
-1.5   1.5548664610020442
-1.5   1.5113612686371773
-1.5   2.438769931843416
-1.5   1.5073951158996621
-1.5   2.3278413761200762
-1.5   1.6973865026898385
-1.5   1.5513339405064834
-1.5   1.5258223565615272
-1.5   1.529729897547409
-1.5   1.5685988930922443
-1.5   2.4617621669100638
-1.5   1.6663259903622958
-1.5   1.8307874661758365
-1.5   2.0708326953789711
-1.5   1.9784920608599954
-1.5   1.8926514157254819
-1.5   1.8378113814304733
-1.5   1.5403340036158726
-1.5   3.2988817993668924
-1.5   1.8243369387364035
-1.5   2.5678925925034317
-1.5   2.0419269649311373
-1.5   2.207426038373633
-1.5   2.5043444130543739
-1.5   2.282511350871963
-1.5   1.7433436569713292
-1.5   1.8576631023309571
-1.5   1.9759805618994717
-1.5   2.1545753510460623
-1.5   2.2454153616431118
-1.5   1.6247871413829218
-1.5   2.4038294090312973
-1.5   1.5669609669263762
-1.5   1.5423758948899162
-1.5   1.5083488859620062
-1.5   1.5222636848128883
-1.5   2.470640555696308
-1.5   1.5197722477893598
-1.5   1.5456440185464095
-1.5   2.4260010797941325
-1.5   1.5626707441560348
-1.5   2.4087742830033743
-1.5   1.5910527735948312
-1.5   1.5029762284191639
-1.5   1.5626632816689834
-1.5   1.9521372217033583
-1.5   1.950813066348613
-1.5   1.5303984284446814
-1.5   1.969808671216509
-1.5   1.9822580931005915
-1.5   1.5352662787170779
-1.5   2.0567610442870832
-1.5   2.0484031977377852
-1.5   2.3854695262145893
-1.5   2.059016311314251
-1.5   2.0951016307322523
-1.5   2.1711198242688203
-1.5   2.6277319132984429
-1.5   2.4053635410118295
-1.5   1.8474785902435622
-1.5   1.863136457280222
-1.5   2.1054942563709047
-1.5   2.1916199590294028
-1.5   2.0681863144267432
-1.5   2.2012710327182767
-1.5   2.0577706292976408
-1.5   2.2942669299424532
-1.5   2.2497939339337258
-1.5   2.0103520594841595
-1.5   1.5076840807855514
-1.5   1.5175777780007276
-1.5   1.5306005316466367
-1.5   1.5039932743590048
-1.5   1.528233582962006
-1.5   1.5955574851552599
-1.5   2.3171377495383685
-1.5   1.799368529447519
-1.5   2.0364075692178627
-1.5   2.0539673320854637
-1.5   1.9420467138374313
-1.5   2.3937798928862768
-1.5   2.227176746964608
-1.5   1.5443321791980087
-1.5   1.5192147321404419
-1.5   3.1191467655274305
-1.5   2.2783530919810016
-1.5   2.0423839834511588
-1.5   1.5513560567317248
-1.5   1.7540710264513244
-1.5   2.4157050352405327
-1.5   1.5720156327918295
-1.5   2.2755116154083526
-1.5   1.8026636720396652
-1.5   2.4135060008623714
-1.5   1.5663229043595299
-1.5   1.5262679685312728
-1.5   1.6843594035637133
-1.5   2.898393041498398
-1.5   2.336548533917151
-1.5   1.5157302891153037
-1.5   2.3876690303043411
-1.5   1.5218837450410505
-1.5   1.5242684706744249
-1.5   2.4386835070796336
-1.5   2.0089529720941233
-1.5   1.941509997465507
-1.5   2.1110065495783772
-1.5   2.0773795735620704
-1.5   1.6200765538957933
-1.5   1.5030969920171651
-1.5   1.5121228900380963
-1.5   1.5062109935791992
-1.5   1.5065773136459195
-1.5   1.5067402140503248
-1.5   1.7505471520907734
-1.5   1.7325382605669351
-1.5   1.5598307953521053
-1.5   2.3226921984586975
-1.5   2.2665739575547916
-1.5   1.5065421366945806
-1.5   1.5707940454710703
-1.5   2.033443773001248
-1.5   1.975579577118419
-1.5   2.0530343415675514
-1.5   2.0734201737240783
-1.5   1.5093841649954673
-1.5   1.5065801647409254
-1.5   1.5107091938939878
-1.5   1.9687724583312987
-1.5   1.9203708033536042
-1.5   1.873274324816439
-1.5   1.5136428806423661
-1.5   1.9891540940222687
-1.5   2.1173672540246042
-1.5   3.3365898242691081
-1.5   2.4856755692468031
-1.5   1.5024764804810462
-1.5   1.6287567168001917
-1.5   1.5097934533766382
-1.5   1.502397180401815
-1.5   1.5196259050631791
-1.5   1.5073087943212085
-1.5   1.5895950152356866
-1.5   1.5039790210522272
-1.5   2.4199740542481445
-1.5   1.5081784641055838
-1.5   2.4907888801944251
-1.5   1.5023661828587844
-1.5   1.5601372143091865
-1.5   1.5387439966630931
-1.5   1.5019084312565565
-1.5   1.5545081012450481
-1.5   2.196800734515
-1.5   1.8530231938540029
-1.5   1.6771306530684487
-1.5   1.7161971379685101
-1.5   1.7263370116191474
-1.5   2.2110593189812109
-1.5   2.4577909295247311
-1.5   1.7026681329292828
-1.5   2.4626032684695311
-1.5   2.3673014578224039
-1.5   3.3736453298447175

-0.5   0.55774274267437751
-0.5   0.65268673625588369
-0.5   1.2360297989357349
-0.5   0.97465091428057082
-0.5   0.96369624925400554
-0.5   0.90415323864751529
-0.5   1.3498830918147604
-0.5   1.4201732563191545
-0.5   1.2769537771219359
-0.5   2.3339705043285877
-0.5   1.1944896206054545
-0.5   1.0156535468597756
-0.5   1.4780286559994791
-0.5   2.4156100494851804
-0.5   0.64079318815098896
-0.5   1.4723083929253424
-0.5   1.2984144265428206
-0.5   0.67399116157814376
-0.5   0.5530645815359807
-0.5   2.1097162979584185
-0.5   1.4121183638105625
-0.5   1.2885671898140232
-0.5   0.58605118718142624
-0.5   0.95424543734036349
-0.5   1.150524883590091
-0.5   1.4833477828119632
-0.5   1.2921660618522821
-0.5   1.2759097653739695
-0.5   0.5934804472618227
-0.5   1.8044335556388806
-0.5   1.42433890129395
-0.5   1.8896450821951478
-0.5   0.94459815443554951
-0.5   1.7693029629969264
-0.5   1.9373391397908599
-0.5   2.0887095310358044
-0.5   1.1260518025936244
-0.5   1.7044643374588646
-0.5   2.0863731683278375
-0.5   1.5694351356448109
-0.5   1.5498356476843047
-0.5   2.0494019768293512
-0.5   1.4022351841306677
-0.5   1.9548423066140859
-0.5   1.2342440053898949
-0.5   2.7944657060249609
-0.5   2.0241600489536204
-0.5   1.6231141293844162
-0.5   1.832427368633037
-0.5   1.4463511664469471
-0.5   1.8067472078402833
-0.5   1.6608369329276225
-0.5   1.7399474629429159
-0.5   1.4945807488770158
-0.5   1.4074683207086554
-0.5   1.6354075653773261
-0.5   1.9478338653726821
-0.5   1.3594942216383228
-0.5   1.8627976644368243
-0.5   1.1049480616483511
-0.5   2.3206846174653433
-0.5   0.69265698239061479
-0.5   1.3970407446515418
-0.5   1.0330402224402084
-0.5   0.72094919500656163
-0.5   1.20625122289603
-0.5   0.83026781693771357
-0.5   1.4460429274711757
-0.5   1.3513589184610968
-0.5   1.6554775201455523
-0.5   1.4200031608661221
-0.5   0.59657328145414068
-0.5   1.8275031234470411
-0.5   1.4000408799052728
-0.5   1.7052326810436145
-0.5   1.3438421472292132
-0.5   1.9299393041409325
-0.5   1.2178919814894493
-0.5   2.0646386520332394
-0.5   1.0739709102675279
-0.5   1.0258485310423731
-0.5   1.2436813856914841
-0.5   1.3247257665652197
-0.5   1.4793471437689218
-0.5   0.64555614973909803
-0.5   1.4982135211823844
-0.5   1.5000476316238092
-0.5   1.1562794601098063
-0.5   0.8071458558311988
-0.5   1.1276673561103157
-0.5   1.4078755476526983
-0.5   1.4375064019448995
-0.5   1.4088513720547071
-0.5   1.8404214522407547
-0.5   1.8875219423026941
-0.5   0.76368540413459329
-0.5   2.0865013407860689
-0.5   1.2022242642520291
-0.5   1.5066734540997606
-0.5   1.7181687350653641
-0.5   1.7749414606491221
-0.5   1.6833347933534331
-0.5   1.877187078314464
-0.5   1.718178112103363
-0.5   1.5563423532669569
-0.5   1.8937988687829002
-0.5   1.9770868450878583
-0.5   1.6576946389825484
-0.5   1.7562865678006094
-0.5   2.1818752744965062
-0.5   2.0130815700409244
-0.5   1.5108538978934649
-0.5   1.6769069623048054
-0.5   1.643566064083867
-0.5   1.2917163503834503
-0.5   1.4639391977628116
-0.5   2.0319137309136757
-0.5   2.081372611143772
-0.5   2.249380492964955
-0.5   1.9151696483609113
-0.5   2.1879740325986461
-0.5   0.55817357636051401
-0.5   0.59732531654473187
-0.5   1.1502066625191367
-0.5   1.0201094318692934
-0.5   1.488803925882443
-0.5   0.56231309448125133
-0.5   0.67775355564321638
-0.5   1.4313044362489993
-0.5   1.4795254863580323
-0.5   1.4957415616971392
-0.5   1.5221155292141368
-0.5   1.423392899741847
-0.5   2.0941876717529966
-0.5   1.3044535891936353
-0.5   1.1585021132941151
-0.5   2.4204131980461221
-0.5   1.3791836935930011
-0.5   1.430910537214336
-0.5   1.3691211505660397
-0.5   2.0271811544346638
-0.5   2.2866077559472462
-0.5   1.4731159466610426
-0.5   0.98329614029910406
-0.5   1.479535727102069
-0.5   1.3677700958316785
-0.5   1.4019479225255684
-0.5   3.0799772505551606
-0.5   1.106307214194763
-0.5   1.4780381653883303
-0.5   1.9937232352184977
-0.5   1.5700848809249037
-0.5   1.5540782448733172
-0.5   0.9438710525731715
-0.5   2.03267137848233
-0.5   0.82475823352736
-0.5   1.4137797791985067
-0.5   1.1774801721282044
-0.5   1.1061054743843071
-0.5   2.327312902678154
-0.5   0.90329514373027475
-0.5   2.29542653971082
-0.5   0.81155404925069874
-0.5   1.4740779191734912
-0.5   1.5140703886176783
-0.5   1.6257128805837713
-0.5   1.7589191033291294
-0.5   1.1137681407511706
-0.5   0.76793660126657048
-0.5   1.3795836128635497
-0.5   3.0071436823236595
-0.5   1.6933892966964574
-0.5   1.4626853176552095
-0.5   1.49936476397876
-0.5   1.494730417059994
-0.5   1.3819964830826841
-0.5   2.3324042182432265
-0.5   1.7050668937462938
-0.5   1.7351944551208764
-0.5   1.2373575145769591
-0.5   1.3007282992046663
-0.5   1.7461170139824835
-0.5   1.7429925842059109
-0.5   0.84998727355848458
-0.5   0.87332071227880359
-0.5   1.463982761300751
-0.5   0.55296489718431885
-0.5   0.80964213331795154
-0.5   1.4886802984573377
-0.5   1.3605726770376729
-0.5   1.4931269649592447
-0.5   0.57089309949143829
-0.5   0.55809231904961765
-0.5   1.2935035306256084
-0.5   1.4365514304412845
-0.5   0.8618757662840375
-0.5   0.64164488103140038
-0.5   1.7281431177486368
-0.5   1.9319700871344039
-0.5   1.6627190682410387
-0.5   2.1163849199729339
-0.5   2.1534100743105333
-0.5   1.433112295882945
-0.5   0.60501330395747188
-0.5   0.60211777093285535
-0.5   0.64018132632733282
-0.5   1.4743971033385432
-0.5   0.53146015861405438
-0.5   0.77677153292592016
-0.5   1.5058012969561383
-0.5   1.8544391106412608
-0.5   2.2134213383517141
-0.5   1.4971867282102034
-0.5   1.5079306481877968
-0.5   1.460621172897588
-0.5   0.942063640412244
-0.5   1.4129303006913856
-0.5   0.9947831663889295
-0.5   0.67159162117978655
-0.5   1.2761089045234186
-0.5   0.5115360756759435
-0.5   0.52588912834434831
-0.5   0.5653583246704903
-0.5   0.63070045887507886
-0.5   1.2447359447597948
-0.5   1.1133594545545566
-0.5   0.97917475595322245
-0.5   1.8206225920326475
-0.5   2.3713367591254992
-0.5   1.7179227352935764
-0.5   2.3685750211005865
-0.5   1.6076116880143907
-0.5   2.5010223068115058
-0.5   1.918053760550178
-0.5   1.0487187147544081
-0.5   1.6469677579298896
-0.5   0.81962537151893256
-0.5   1.4178250047878562
-0.5   1.6032642098747174
-0.5   0.96145075248839507
-0.5   1.3203615746803399
-0.5   0.59062909966937704
-0.5   1.4564214853609032
-0.5   0.83076282728740858
-0.5   1.028983094399442
-0.5   0.52194330392131416
-0.5   1.2570792542478972
-0.5   0.93569168844850026
-0.5   1.3014951054634423
-0.5   1.3885435583393484
-0.5   1.4893396627961391
-0.5   1.0307480617329992
-0.5   2.2643964680387945
-0.5   1.4709108474453414
-0.5   2.3466872615783392
-0.5   0.52897129100217888
-0.5   0.59618044015900096
-0.5   1.4761425600122573
-0.5   0.63772247044669372
-0.5   0.56231766380528048
-0.5   0.8118503669964674
-0.5   1.4977119114822706
-0.5   1.3896596650732518
-0.5   1.3689129310874089
-0.5   0.65515022749541596
-0.5   2.168234791844204
-0.5   1.4878425046257346
-0.5   1.3629300566698148
-0.5   0.85112918227932099
-0.5   1.49755818695978
-0.5   1.41206594455794
-0.5   0.93745370159702346
-0.5   2.3394712079093534
-0.5   1.6865899928904406
-0.5   1.5203239971799563
-0.5   2.3525954021706093
-0.5   1.597219099749156
-0.5   2.4661030712696133
-0.5   2.3659115726901412
-0.5   3.3596714708128728

0.5   0.55774274267440593
0.5   0.65268673625583395
0.5   1.2360297989357028
0.5   0.97465091428072448
0.5   0.96369624925408504
0.5   0.90415323864740116
0.5   1.3498830918147582
0.5   1.4201732563191498
0.5   1.2769537771218988
0.5   2.3339705043285792
0.5   1.1944896206055373
0.5   1.0156535468596795
0.5   1.4780286559994769
0.5   2.4156100494851915
0.5   0.64079318815100317
0.5   1.4723083929253427
0.5   1.2984144265427959
0.5   0.67399116157815198
0.5   0.55306458153597782
0.5   2.1097162979584452
0.5   1.4121183638105215
0.5   1.2885671898140418
0.5   0.58605118718138405
0.5   0.9542454373403495
0.5   1.1505248835901747
0.5   1.483347782811967
0.5   1.2921660618522703
0.5   1.2759097653739566
0.5   0.59348044726194837
0.5   1.804433555638822
0.5   1.4243389012940584
0.5   1.8896450821951447
0.5   0.94459815443544626
0.5   1.7693029629969921
0.5   1.9373391397908408
0.5   2.0887095310357222
0.5   1.1260518025936335
0.5   1.7044643374588495
0.5   2.0863731683279214
0.5   1.5694351356447922
0.5   1.549835647684326
0.5   2.0494019768289715
0.5   1.4022351841311067
0.5   1.954842306614041
0.5   1.2342440053900177
0.5   2.7944657060250258
0.5   2.0241600489535432
0.5   1.623114129384339
0.5   1.8324273686327563
0.5   1.4463511664473405
0.5   1.8067472078402518
0.5   1.6608369329276087
0.5   1.7399474629429741
0.5   1.4945807488769514
0.5   1.4074683207088423
0.5   1.6354075653772409
0.5   1.9478338653724765
0.5   1.3594942216383905
0.5   1.8627976644369157
0.5   1.1049480616483678
0.5   2.3206846174653242
0.5   0.69265698239062878
0.5   1.397040744651489
0.5   1.0330402224401738
0.5   0.72094919500664911
0.5   1.2062512228960542
0.5   0.83026781693771889
0.5   1.446042927471183
0.5   1.3513589184611072
0.5   1.6554775201455367
0.5   1.4200031608661352
0.5   0.59657328145411848
0.5   1.827503123447042
0.5   1.4000408799052577
0.5   1.705232681043487
0.5   1.3438421472292366
0.5   1.9299393041410453
0.5   1.2178919814894686
0.5   2.064638652033238
0.5   1.0739709102675252
0.5   1.0258485310424086
0.5   1.2436813856914586
0.5   1.3247257665651917
0.5   1.4793471437689218
0.5   0.64555614973909714
0.5   1.4982135211824346
0.5   1.5000476316238056
0.5   1.156279460109751
0.5   0.8071458558312139
0.5   1.127667356110313
0.5   1.4078755476526941
0.5   1.4375064019448842
0.5   1.4088513720546905
0.5   1.8404214522407401
0.5   1.8875219423027088
0.5   0.76368540413464192
0.5   2.0865013407860658
0.5   1.2022242642520213
0.5   1.5066734540997575
0.5   1.7181687350653658
0.5   1.7749414606491127
0.5   1.6833347933534522
0.5   1.8771870783144591
0.5   1.7181781121033679
0.5   1.5563423532669804
0.5   1.8937988687828864
0.5   1.9770868450878254
0.5   1.6576946389825711
0.5   1.756286567800605
0.5   2.1818752744965431
0.5   2.0130815700413214
0.5   1.5108538978934667
0.5   1.6769069623043573
0.5   1.6435660640838701
0.5   1.2917163503834626
0.5   1.4639391977628256
0.5   2.0319137309136419
0.5   2.0813726111437947
0.5   2.2493804929649173
0.5   1.9151696483609166
0.5   2.1879740325986439
0.5   0.5581735763605129
0.5   0.59732531654473497
0.5   1.1502066625191245
0.5   1.0201094318693094
0.5   1.4888039258824441
0.5   0.56231309448125066
0.5   0.67775355564322837
0.5   1.4313044362489937
0.5   1.4795254863580263
0.5   1.4957415616971417
0.5   1.5221155292141271
0.5   1.4233928997418461
0.5   2.094187671753005
0.5   1.3044535891936335
0.5   1.1585021132941171
0.5   2.4204131980461221
0.5   1.3791836935929991
0.5   1.4309105372143303
0.5   1.3691211505660443
0.5   2.0271811544346696
0.5   2.2866077559472395
0.5   1.4731159466610371
0.5   0.98329614029911494
0.5   1.4795357271020726
0.5   1.3677700958316745
0.5   1.4019479225255724
0.5   3.0799772505551659
0.5   1.1063072141947736
0.5   1.4780381653883283
0.5   1.9937232352185075
0.5   1.5700848809248957
0.5   1.554078244873311
0.5   0.94387105257314396
0.5   2.0326713784823349
0.5   0.82475823352735733
0.5   1.4137797791985038
0.5   1.1774801721282113
0.5   1.1061054743843186
0.5   2.3273129026781598
0.5   0.90329514373025632
0.5   2.295426539710808
0.5   0.81155404925069718
0.5   1.4740779191734936
0.5   1.5140703886177063
0.5   1.6257128805836421
0.5   1.7589191033290974
0.5   1.1137681407513311
0.5   0.76793660126655161
0.5   1.3795836128635504
0.5   3.0071436823236706
0.5   1.6933892966964668
0.5   1.4626853176552219
0.5   1.4993647639787631
0.5   1.4947304170600024
0.5   1.3819964830826825
0.5   2.332404218243215
0.5   1.7050668937462889
0.5   1.7351944551208227
0.5   1.2373575145769777
0.5   1.3007282992046341
0.5   1.746117013982543
0.5   1.7429925842059437
0.5   0.84998727355848769
0.5   0.87332071227879826
0.5   1.4639827613007272
0.5   0.55296489718431974
0.5   0.80964213331798374
0.5   1.4886802984573426
0.5   1.3605726770376603
0.5   1.4931269649592478
0.5   0.57089309949142963
0.5   0.55809231904962764
0.5   1.2935035306255982
0.5   1.4365514304412843
0.5   0.8618757662840526
0.5   0.64164488103140682
0.5   1.7281431177485529
0.5   1.9319700871344696
0.5   1.6627190682410644
0.5   2.1163849199728739
0.5   2.1534100743105862
0.5   1.4331122958829621
0.5   0.60501330395747632
0.5   0.60211777093282981
0.5   0.64018132632732128
0.5   1.4743971033385459
0.5   0.53146015861404883
0.5   0.77677153292592371
0.5   1.5058012969560699
0.5   1.8544391106413571
0.5   2.2134213383516754
0.5   1.4971867282101596
0.5   1.5079306481878074
0.5   1.4606211728975969
0.5   0.9420636404123004
0.5   1.4129303006913743
0.5   0.99478316638900166
0.5   0.67159162117978655
0.5   1.2761089045233487
0.5   0.51153607567594372
0.5   0.52588912834434742
0.5   0.5653583246704561
0.5   0.63070045887506909
0.5   1.2447359447597699
0.5   1.1133594545545493
0.5   0.97917475595317116
0.5   1.8206225920326977
0.5   2.3713367591255636
0.5   1.7179227352935014
0.5   2.3685750211005638
0.5   1.6076116880144373
0.5   2.5010223068112918
0.5   1.918053760550225
0.5   1.0487187147544343
0.5   1.6469677579303594
0.5   0.81962537151889325
0.5   1.4178250047877141
0.5   1.603264209874669
0.5   0.96145075248831224
0.5   1.3203615746803463
0.5   0.5906290996693897
0.5   1.4564214853609121
0.5   0.83076282728732154
0.5   1.0289830943994758
0.5   0.52194330392132327
0.5   1.2570792542478773
0.5   0.93569168844848671
0.5   1.3014951054635031
0.5   1.3885435583393579
0.5   1.4893396627961166
0.5   1.0307480617329914
0.5   2.2643964680388544
0.5   1.4709108474452792
0.5   2.3466872615783596
0.5   0.52897129100218332
0.5   0.59618044015897453
0.5   1.4761425600122478
0.5   0.63772247044673769
0.5   0.56231766380524517
0.5   0.81185036699648272
0.5   1.4977119114822639
0.5   1.3896596650732922
0.5   1.3689129310874111
0.5   0.65515022749536378
0.5   2.1682347918443927
0.5   1.4878425046257191
0.5   1.3629300566695925
0.5   0.85112918227941248
0.5   1.4975581869597319
0.5   1.4120659445578534
0.5   0.93745370159703767
0.5   2.3394712079091229
0.5   1.6865899928907497
0.5   1.5203239971799118
0.5   2.3525954021706204
0.5   1.597219099749184
0.5   2.4661030712695862
0.5   2.3659115726901372
0.5   3.3596714708128554

1.5   1.5018616405432015
1.5   1.5045910073487883
1.5   1.676880827171717
1.5   1.5143340896021509
1.5   2.3682717530993376
1.5   1.5548664610020686
1.5   1.5113612686371716
1.5   2.4387699318433982
1.5   1.5073951158996661
1.5   2.3278413761200691
1.5   1.6973865026898585
1.5   1.5513339405064879
1.5   1.5258223565615268
1.5   1.5297298975474098
1.5   1.5685988930922417
1.5   2.4617621669100558
1.5   1.6663259903623238
1.5   1.8307874661758037
1.5   2.0708326953789675
1.5   1.9784920608600296
1.5   1.8926514157254806
1.5   1.8378113814304471
1.5   1.540334003615873
1.5   3.2988817993668724
1.5   1.8243369387363892
1.5   2.5678925925034322
1.5   2.041926964931128
1.5   2.207426038373637
1.5   2.504344413054401
1.5   2.2825113508719679
1.5   1.7433436569713519
1.5   1.8576631023309114
1.5   1.975980561899489
1.5   2.1545753510460615
1.5   2.2454153616430976
1.5   1.6247871413829231
1.5   2.4038294090313093
1.5   1.5669609669263829
1.5   1.5423758948899278
1.5   1.5083488859620053
1.5   1.5222636848128923
1.5   2.470640555696304
1.5   1.519772247789366
1.5   1.5456440185464198
1.5   2.4260010797941254
1.5   1.5626707441560477
1.5   2.4087742830033601
1.5   1.5910527735948361
1.5   1.502976228419163
1.5   1.5626632816689838
1.5   1.9521372217033637
1.5   1.9508130663486165
1.5   1.5303984284446845
1.5   1.969808671216517
1.5   1.9822580931005835
1.5   1.5352662787170699
1.5   2.0567610442870894
1.5   2.0484031977377892
1.5   2.3854695262145622
1.5   2.0590163113142466
1.5   2.0951016307322963
1.5   2.1711198242688288
1.5   2.6277319132984278
1.5   2.4053635410118264
1.5   1.8474785902435817
1.5   1.8631364572802398
1.5   2.1054942563709047
1.5   2.1916199590293837
1.5   2.0681863144267285
1.5   2.201271032718322
1.5   2.0577706292975884
1.5   2.2942669299424345
1.5   2.2497939339337369
1.5   2.01035205948416
1.5   1.5076840807855523
1.5   1.5175777780007285
1.5   1.530600531646638
1.5   1.5039932743590048
1.5   1.5282335829620073
1.5   1.5955574851552599
1.5   2.3171377495383743
1.5   1.799368529447519
1.5   2.0364075692178378
1.5   2.0539673320854885
1.5   1.9420467138374202
1.5   2.3937798928862861
1.5   2.2271767469646133
1.5   1.5443321791979936
1.5   1.5192147321404406
1.5   3.1191467655274416
1.5   2.2783530919810069
1.5   2.0423839834511455
1.5   1.5513560567317253
1.5   1.7540710264513195
1.5   2.4157050352405363
1.5   1.5720156327918255
1.5   2.2755116154083632
1.5   1.8026636720396518
1.5   2.4135060008623781
1.5   1.5663229043595281
1.5   1.526267968531271
1.5   1.6843594035636924
1.5   2.8983930414984092
1.5   2.3365485339171692
1.5   1.5157302891153082
1.5   2.3876690303043278
1.5   1.5218837450410501
1.5   1.5242684706744249
1.5   2.4386835070796344
1.5   2.0089529720941099
1.5   1.9415099974654773
1.5   2.1110065495783985
1.5   2.0773795735620832
1.5   1.6200765538958026
1.5   1.5030969920171646
1.5   1.5121228900380972
1.5   1.5062109935791965
1.5   1.5065773136459191
1.5   1.5067402140503257
1.5   1.7505471520907823
1.5   1.7325382605669382
1.5   1.5598307953521067
1.5   2.322692198458697
1.5   2.2665739575547903
1.5   1.5065421366945801
1.5   1.5707940454710609
1.5   2.0334437730012676
1.5   1.9755795771183968
1.5   2.0530343415675296
1.5   2.0734201737241063
1.5   1.5093841649954709
1.5   1.5065801647409245
1.5   1.5107091938939892
1.5   1.9687724583313098
1.5   1.92037080335361
1.5   1.8732743248164292
1.5   1.5136428806423372
1.5   1.9891540940223109
1.5   2.1173672540246171
1.5   3.3365898242690721
1.5   2.4856755692468027
1.5   1.5024764804810475
1.5   1.6287567168002202
1.5   1.5097934533766453
1.5   1.5023971804018172
1.5   1.5196259050631644
1.5   1.5073087943212089
1.5   1.5895950152357696
1.5   1.503979021052229
1.5   2.4199740542480992
1.5   1.5081784641055802
1.5   2.4907888801944198
1.5   1.5023661828587853
1.5   1.5601372143091865
1.5   1.5387439966630865
1.5   1.5019084312565498
1.5   1.5545081012450574
1.5   2.1968007345150875
1.5   1.8530231938538919
1.5   1.6771306530684011
1.5   1.7161971379685679
1.5   1.7263370116191719
1.5   2.21105931898119
1.5   2.4577909295247333
1.5   1.7026681329292841
1.5   2.4626032684695107
1.5   2.3673014578223888
1.5   3.373645329844734

2.5   2.5001052521861391
2.5   2.5001243777164968
2.5   2.5018836870493448
2.5   2.5073177218057539
2.5   2.5072045988193974
2.5   2.5810742456530762
2.5   3.3810382437644115
2.5   2.8565472454440632
2.5   3.1746994679699272
2.5   2.5023107382724632
2.5   2.5630510561169704
2.5   2.5197531949351348
2.5   2.5087908874950648
2.5   2.5016252340854201
2.5   2.501025327397425
2.5   2.5096817602035557
2.5   3.0694086897568753
2.5   2.5090735647704152
2.5   3.097761853385713
2.5   2.5046962066485476
2.5   2.5671493412016217
2.5   2.6973241470762086
2.5   2.8754791466248517
2.5   2.7694154542733194
2.5   2.5034724949279399
2.5   2.5703881957427566
2.5   2.5186720002891141
2.5   2.5004022363101415
2.5   2.5023703826033628
2.5   2.5000978243894472
2.5   3.4637644745390586
2.5   2.5005399336200136
2.5   2.5256917163232173
2.5   2.5040018289310395
2.5   2.5009374049483011
2.5   3.4888901069476255
2.5   2.5000317880464884
2.5   2.5023099939215356
2.5   2.5001126905579856
2.5   2.5080263800640568
2.5   2.5000452330393772
2.5   2.5005911876857136
2.5   2.5012791570396256
2.5   2.5001053292144064
2.5   2.5000964101555865
2.5   2.7233916088179972
2.5   3.3203911522376992
2.5   2.5000400705172487
2.5   2.5003787610622119
2.5   2.5000691278827589
2.5   2.5000545526008104
2.5   2.5005230422864608
2.5   2.5000209490264251
2.5   2.623132957819597
2.5   2.5001191813800752
2.5   3.4040584811656514

3.5   3.5
3.5   3.5
3.5   3.5
3.5   3.5
3.5   3.5
3.5   3.5
3.5   3.4999999999999991
3.5   3.4999999999999996

