-3   3.0000000000000004
-3   3.0000000000000004
-3   3
-3   3
-3   3
-3   3
-3   2.9999999999999996

-2   2.0000163358790402
-2   2.0014470818716408
-2   2.0019224721156164
-2   2.0044560381788328
-2   2.0110659742046719
-2   2.9577925185986622
-2   2.0028022138319286
-2   2.0471968161015641
-2   2.9367325301444382
-2   2.0705965950224008
-2   2.0050456809389323
-2   2.030401603275783
-2   2.0015987130914215
-2   2.378009098119624
-2   2.0004398686874301
-2   2.0002968188087058
-2   2.155488591009767
-2   2.5425272751160661
-2   2.0136517624755954
-2   2.0007356440985973
-2   2.9482688948180305
-2   2.0400235950644161
-2   2.0005863982120444
-2   2.0225862160337393
-2   2.0000005756951089
-2   2.9932881412911696
-2   2.0000934798281893
-2   2.00200548199183
-2   2.0000466661964831
-2   2.0001902119625097
-2   2.0055714046655901
-2   2.0001663990307041
-2   2.9387824174591848
-2   2.0000825169251568
-2   2.07784743438358
-2   2.0000114690772843
-2   2.000236757003361
-2   2.0011774962650457
-2   2.0000110331794123
-2   2.0746504857018273
-2   2.0000618914764523
-2   2.9445265090983033

-1   1.00519093522792
-1   1.069454532274464
-1   1.0072633963438367
-1   1.9525016025071582
-1   1.0091362227010543
-1   1.9862672709100386
-1   1.0128991719455291
-1   1.0575741083083203
-1   1.963449365319661
-1   1.0265275870939901
-1   1.0910502399727486
-1   1.5776680247065027
-1   1.9368620456173411
-1   1.5388893236910901
-1   2.0767325776137131
-1   2.2168764471263351
-1   1.4109248193488082
-1   1.1673097814858593
-1   1.4121300432907173
-1   1.6929797540380829
-1   1.6646691037129204
-1   2.561772743325287
-1   1.2142230282846687
-1   1.9180778901853919
-1   1.900295465589676
-1   1.7388025233417621
-1   1.1217624097305039
-1   1.0294287912086078
-1   1.0028441632715566
-1   1.9988182460665493
-1   1.0435014294610219
-1   1.5010338825548799
-1   1.5222621250375523
-1   1.6863654354845754
-1   1.7856192298666946
-1   1.9048347532570764
-1   1.5264023136113076
-1   1.3478878085294577
-1   1.5241922343305925
-1   1.6414145255299646
-1   1.7201175308809904
-1   1.296899787705075
-1   1.7535584266834654
-1   1.8896524624339626
-1   1.0152281450730836
-1   1.0940538162711
-1   1.6828432418734267
-1   1.4470755116234484
-1   1.0425919986906393
-1   1.9388143877527444
-1   2.940464029857464
-1   1.0256155465973646
-1   1.9976203124452869
-1   1.359305678234878
-1   1.5714385280245136
-1   1.79896893701107
-1   1.5423892902548944
-1   1.5850029389100753
-1   1.9735055964219055
-1   1.5325113958351606
-1   2.3877141360851311
-1   1.0022559726170126
-1   1.0459336635427192
-1   1.6097871790100413
-1   1.5121785084562469
-1   1.0028878256389675
-1   1.9726447468445212
-1   1.0034839455543987
-1   1.019137082805845
-1   1.1569970397050013
-1   1.6717948222931915
-1   1.8523361138012073
-1   1.2551431840510205
-1   1.0766514378180041
-1   1.2380266775003352
-1   1.9811485477399935
-1   1.9841236518088174
-1   1.0324509864366629
-1   1.0074148145463444
-1   1.0526670006696568
-1   2.4037661620889583
-1   1.7523307983576872
-1   1.0019767711693568
-1   2.0840167944867334
-1   1.3345095230151209
-1   1.8200606143367555
-1   1.0167897379601634
-1   1.005313700013309
-1   1.0023338799644865
-1   1.0069595962822702
-1   1.9958462010616573
-1   1.022234706619402
-1   1.0075733050924887
-1   1.980214597344168
-1   1.0202805323942314
-1   1.0135192007379432
-1   1.0570159918452711
-1   1.8243207116835634
-1   1.2287879990232526
-1   1.1740369541033431
-1   1.9429993187031571
-1   1.1247688080560254
-1   1.9875405667975463
-1   1.939965379222595
-1   2.9325626453829874

0   0.013519830534735933
0   1.0019504418330809
0   0.35697087694393836
0   1.0023666617424531
0   1.0018059903747765
0   1.8974897027296254
0   1.0012297239743779
0   1.9929773909228676
0   1.0018950084127003
0   0.44253836822936743
0   0.027888050488144245
0   1.0015938885979607
0   1.0205525393851798
0   1.8692994858472431
0   0.024278294334772355
0   1.0047430053407576
0   1.2825473857624463
0   1.9902484840133017
0   1.3217350943734372
0   1.5133640960484271
0   1.4173853153515801
0   2.4193511894149924
0   1.0057425789929952
0   1.9607656109061837
0   1.2355979767262939
0   1.3633900541977815
0   1.1039962411022106
0   2.2820739496934177
0   1.2984675268727157
0   0.45274399121734776
0   1.030774946855608
0   1.9309934892168656
0   1.8220773987806456
0   1.949387154916038
0   0.32240481032497692
0   1.0000925942723318
0   0.072556851131552413
0   1.0016666977351791
0   1.0156342420662265
0   1.9321947913480737
0   1.0015094871111985
0   0.26934374926174531
0   1.302161674441237
0   1.3021864677895785
0   1.0107167194501219
0   0.8454216754506696
0   1.0004784677761132
0   1.158658028396959
0   0.98596914114487699
0   2.0278324497835323
0   1.9515267843084971
0   1.0017407459662955
0   1.2359374654849613
0   1.506145320606219
0   1.2024210260345398
0   1.6325549201680416
0   1.4889648682780332
0   1.8746133774105949
0   1.4162525101652279
0   1.0045691944043964
0   0.062988755968023002
0   1.9879415949568973
0   1.0058542302002806
0   1.0445056142652276
0   1.0399712471958698
0   1.9898696381862226
0   1.001031377309084
0   0.66932504627723932
0   2.9552473635281848
0   1.7760406896913175
0   1.0003289864909899
0   1.9880025578910812
0   1.9924120882541549
0   1.0135031705691477
0   0.016618783652592839
0   1.3039575548755822
0   1.3038034176582778
0   0.055848010877623033
0   1.0002411320050493
0   2.8026681960108712
0   1.3026424367601588
0   1.0997926708186521
0   1.9994215937309456
0   1.0022422483886075
0   1.0000888799507788
0   1.0000319009076419
0   1.9970340637917099
0   0.0049581034813368507
0   1.0017760175582027
0   0.26936954881817254
0   1.0006476835644991
0   0.10169456165272361
0   1.0010157055466322
0   0.10444631288701822
0   1.9307421590408671
0   1.9649786176795123
0   1.0001207980356719
0   1.0002282942772898
0   1.0031898703075808
0   1.9900118919052994
0   1.9847914734232681
0   1.0240697295310199
0   1.0001401478516003
0   0.10820628435819757
0   0.058300633221788134
0   1.0094898260350971
0   2.6989706843385983
0   1.4468119150439092
0   0.070018195664528271
0   1.0003771227798899
0   1.095192997262987
0   1.000423618034662
0   1.9798120629100584
0   1.5313231092516224
0   0.064307623506074219
0   0.015261928605646569
0   1.000147738363053
0   1.0051358318206767
0   1.0005687155540999
0   1.0030907184227071
0   0.93513291723443293
0   0.053661238986760562
0   1.0000270273151699
0   1.6122350208484177
0   1.0037071171100003
0   1.9820569293425461
0   0.015228782363831628
0   1.0001064102229016
0   0.18102153565886214
0   1.0000323945974299
0   1.0061295186069767
0   1.999566510964931
0   1.0315330025678726
0   0.34198420241125049
0   1.0000120326121757
0   1.9305084919994222
0   1.120452393334008
0   1.9957047960218217
0   1.9391742743919802
0   2.9270965656540682

1   1.0051909352279196
1   1.0694545322744522
1   1.0072633963438378
1   1.9525016025071738
1   1.0091362227010541
1   1.9862672709100382
1   1.01289917194553
1   1.0575741083083081
1   1.9634493653196681
1   1.0265275870939905
1   1.0910502399727486
1   1.5776680247065307
1   1.9368620456173424
1   1.5388893236910497
1   2.0767325776137477
1   2.2168764471263196
1   1.4109248193487811
1   1.1673097814859212
1   1.4121300432907209
1   1.6929797540380687
1   1.6646691037128845
1   2.561772743325311
1   1.2142230282846804
1   1.9180778901853572
1   1.900295465589692
1   1.7388025233417639
1   1.1217624097305019
1   1.0294287912086055
1   1.0028441632715563
1   1.9988182460665498
1   1.0435014294610256
1   1.5010338825548786
1   1.5222621250375514
1   1.6863654354845794
1   1.7856192298666946
1   1.9048347532570751
1   1.5264023136113081
1   1.3478878085294812
1   1.5241922343305836
1   1.6414145255299717
1   1.7201175308809784
1   1.2968997877050761
1   1.7535584266834623
1   1.8896524624339492
1   1.015228145073084
1   1.0940538162710984
1   1.6828432418734378
1   1.4470755116234384
1   1.0425919986906393
1   1.9388143877527444
1   2.9404640298574574
1   1.0256155465973646
1   1.9976203124452843
1   1.3593056782348818
1   1.571438528024506
1   1.7989689370110686
1   1.542389290254901
1   1.5850029389100531
1   1.9735055964219144
1   1.5325113958351837
1   2.3877141360851262
1   1.0022559726170117
1   1.0459336635427203
1   1.6097871790100462
1   1.5121785084562456
1   1.0028878256389691
1   1.9726447468445198
1   1.0034839455543991
1   1.0191370828058477
1   1.1569970397049794
1   1.6717948222931995
1   1.85233611380121
1   1.2551431840510046
1   1.0766514378180161
1   1.2380266775003368
1   1.9811485477399984
1   1.9841236518088192
1   1.0324509864366638
1   1.0074148145463466
1   1.0526670006696752
1   2.4037661620889481
1   1.7523307983576899
1   1.0019767711693586
1   2.0840167944867414
1   1.3345095230151258
1   1.8200606143367586
1   1.0167897379601563
1   1.0053137000133086
1   1.0023338799644874
1   1.0069595962822695
1   1.9958462010616627
1   1.0222347066193898
1   1.0075733050924782
1   1.9802145973441752
1   1.0202805323942277
1   1.013519200737947
1   1.0570159918452435
1   1.824320711683638
1   1.2287879990231951
1   1.1740369541033089
1   1.942999318703182
1   1.1247688080560299
1   1.9875405667975445
1   1.9399653792226026
1   2.9325626453830065

2   2.000016335879041
2   2.0014470818716408
2   2.0019224721156172
2   2.0044560381788314
2   2.0110659742046706
2   2.9577925185986631
2   2.0028022138319286
2   2.047196816101561
2   2.9367325301444365
2   2.070596595022403
2   2.0050456809389323
2   2.0304016032757821
2   2.0015987130914215
2   2.3780090981196276
2   2.0004398686874305
2   2.0002968188087058
2   2.1554885910096613
2   2.5425272751161558
2   2.0136517624755945
2   2.0007356440985968
2   2.9482688948180273
2   2.0400235950644201
2   2.000586398212044
2   2.0225862160337402
2   2.0000005756951089
2   2.9932881412911692
2   2.0000934798281884
2   2.0020054819918296
2   2.0000466661964826
2   2.0001902119625092
2   2.0055714046655901
2   2.0001663990307041
2   2.9387824174591763
2   2.0000825169251577
2   2.0778474343835938
2   2.0000114690772843
2   2.0002367570033619
2   2.0011774962650457
2   2.0000110331794114
2   2.0746504857018202
2   2.0000618914764505
2   2.9445265090983015

3   3.0000000000000004
3   3.0000000000000004
3   3
3   3
3   3
3   3
3   2.9999999999999996

