-3   3.0000000000000004
-3   3.0000000000000004
-3   3
-3   3
-3   3.0000000000000009
-3   3.0000000000000004
-3   3

-2   2.0000472755216006
-2   2.0028083953996449
-2   2.0038592738532333
-2   2.0070569845637367
-2   2.0207529272827087
-2   2.9183597282846288
-2   2.0042821096387389
-2   2.0914971984903263
-2   2.9023209889968364
-2   2.0095665253748241
-2   2.1030355527686351
-2   2.0729392814232512
-2   2.0029930743582596
-2   2.3280641709313374
-2   2.0010933062458029
-2   2.0005962971821338
-2   2.1539341325118997
-2   2.5540037071474666
-2   2.028131093165046
-2   2.0016291899375558
-2   2.9216484362669877
-2   2.0458258095728086
-2   2.0011045477426568
-2   2.0429477302825183
-2   2.0000020921780544
-2   2.9868423221749882
-2   2.0001794388067387
-2   2.0039716939315593
-2   2.0000863273598846
-2   2.0003554621267958
-2   2.0108059400713887
-2   2.0003338996465789
-2   2.9038043720339703
-2   2.0001608667473159
-2   2.1185836886815581
-2   2.0000224969468157
-2   2.0004477081251624
-2   2.0017113394307682
-2   2.0000152994979787
-2   2.120026150007726
-2   2.0001278142624703
-2   2.9096752311051173

-1   1.0126223800858918
-1   1.1153842260784772
-1   1.0124738790743655
-1   1.9166556714809331
-1   1.0202239158899646
-1   1.9733136160800311
-1   1.0236485123733885
-1   1.1834202973722099
-1   1.878141515597882
-1   1.0568948157434988
-1   1.1597270501744898
-1   1.5079620143036045
-1   1.8887407028530281
-1   1.6065001640335907
-1   2.1736801794473806
-1   2.0241191885208867
-1   1.4957637112183526
-1   1.2427666268862647
-1   1.4831758377529325
-1   1.9565097409390031
-1   2.0318533899238975
-1   1.6827471605872866
-1   1.2582699387334033
-1   2.1407418609287183
-1   1.8304408925832747
-1   1.73842809995543
-1   1.192664916649955
-1   1.0508952312166207
-1   1.0052826903291567
-1   1.9969439453038973
-1   1.1124698909488311
-1   1.4806077919511045
-1   1.4744429674628057
-1   1.6675847918507061
-1   1.7776472308619278
-1   1.920154213443872
-1   1.5285444300456574
-1   1.3631990588488418
-1   1.5160325078295327
-1   1.6442481755141833
-1   1.7134490835560308
-1   1.2982214994853984
-1   1.7479367961588319
-1   1.8919977260317822
-1   1.0320150582942207
-1   1.1565201483385399
-1   1.5737669194044992
-1   1.580879575675942
-1   1.0606157442718285
-1   1.8953559236495447
-1   2.9019603951258741
-1   1.0571782352726151
-1   1.8945815765746143
-1   1.4922670287880877
-1   1.5579639375461647
-1   1.7705278982401276
-1   1.6058191512676379
-1   1.9081127780902025
-1   1.9615610828779895
-1   1.1289775497328245
-1   2.3899996986368235
-1   1.0050812928084638
-1   1.0710582775139119
-1   1.5209164817843952
-1   1.5758999033497725
-1   1.0406837479014877
-1   1.9578376932989348
-1   1.0064592715673888
-1   1.0353499466110911
-1   1.6137476072745507
-1   1.6869766345874337
-1   1.3001123048202319
-1   1.1862891513930913
-1   1.1599767850493141
-1   1.3884734739994833
-1   1.9644166922677915
-1   1.9696186953044106
-1   1.0177298859698214
-1   1.0707993440792054
-1   1.4987488629205805
-1   1.709752912672033
-1   1.7681617944049819
-1   2.3687354004808387
-1   1.0042873239550831
-1   1.3802105736212915
-1   1.8277158363422248
-1   1.0169057292268484
-1   1.0090618232494619
-1   1.0046330419324825
-1   1.0137769606066598
-1   1.9905836214819073
-1   1.0446673550734613
-1   1.0166526391046533
-1   1.9595349039209897
-1   1.0389497941144468
-1   1.0311752218276533
-1   1.1149471070273462
-1   1.6273110141633991
-1   1.4271606527164769
-1   1.2375090305562655
-1   1.9294650932392128
-1   1.1749022742768251
-1   1.9804853909155078
-1   1.9013123259694633
-1   2.8985996809879091

0   0.032866173700505041
0   1.0049882653749942
0   0.52217518564054211
0   1.0032577619536391
0   1.005053547248191
0   1.8232540010247598
0   1.0021223535708537
0   1.9860929309829478
0   1.0052433280016571
0   0.58844511943481703
0   0.05624213480257878
0   1.0031806194124018
0   1.034434455054239
0   1.8053068948466433
0   0.045239396542507304
0   1.0111719406677604
0   1.3124934188361177
0   1.976089490769624
0   1.2960370878492311
0   1.8349022794798784
0   1.0318099810916985
0   2.3418471151893323
0   1.0005009058355487
0   1.3832774941327219
0   1.9298505203909238
0   1.8238893642170169
0   1.5450379782770947
0   1.1750526974590387
0   1.3147390032647768
0   0.87634629882006299
0   2.1504345272215297
0   1.0560924643358658
0   1.5692651798466475
0   1.9215772250585785
0   0.49201925671489943
0   1.0002178318768868
0   1.0032246579870019
0   0.12049368578559128
0   1.0292862097705191
0   1.8504493801268365
0   1.0029126852045362
0   1.3018680851207318
0   1.3019487284317584
0   0.49136081084027228
0   1.0133529859575927
0   0.8481880605354708
0   1.0009205456169541
0   1.1560225796895329
0   0.987586103691386
0   2.0308714463969082
0   1.9514696236887255
0   1.0033583555431917
0   1.2237662446565738
0   1.5045920430497808
0   1.2047538882517181
0   1.6378147891254451
0   1.4847366656686567
0   1.8702921146295908
0   1.4137455467566644
0   1.0092639870064661
0   0.11679775891793409
0   1.9732248763695961
0   1.0125120526761615
0   1.0834548949373279
0   1.0558532163592722
0   1.979994546136401
0   1.0023693253343706
0   0.77230856007627047
0   2.9241371129341105
0   1.7278979101798688
0   1.0005065277347687
0   1.9816198794491893
0   1.9842624790424526
0   1.0226899273601162
0   1.2924561635546219
0   1.3051926434983014
0   0.076406015502547442
0   0.098703475090156756
0   1.000450677297023
0   2.7639474932119525
0   1.3029678323494607
0   1.1678102956189298
0   1.9988726920229061
0   1.0044375383413635
0   1.000184878745946
0   1.9944912722743617
0   1.0000732097693534
0   0.0098238514079507233
0   1.0035751622554325
0   0.45753381717831731
0   1.0012269874689164
0   0.14848491809704634
0   1.0018122982239164
0   0.22845870813781122
0   1.8633261636801413
0   1.9304820824478095
0   1.0003133312070283
0   1.0003610532743368
0   1.0076145563806305
0   1.980087201747851
0   1.9675810455894669
0   1.0505953952948059
0   1.0002565669908468
0   0.25402607765568597
0   0.11037491742786709
0   1.0569875017664414
0   2.4943426073853878
0   1.5908900012644445
0   0.15348670176462209
0   1.0006862351312829
0   0.83164929078657113
0   1.000855600604692
0   1.9533386203648497
0   1.7640660949244631
0   0.082975575908108667
0   0.032061620414753689
0   1.0003821933099348
0   1.0100310894153737
0   1.0009918098941402
0   1.0057936757615578
0   0.95768436688300485
0   0.10226181511156485
0   1.008259608727559
0   1.0001591459885113
0   1.601480926227993
0   1.9625470950835169
0   0.029765549676169956
0   1.0002918708456383
0   0.33212052061811892
0   1.0168399151924561
0   1.0000657408921199
0   1.9991230289106423
0   0.41741142755197203
0   1.0556323695269623
0   1.0000230329607571
0   1.8883644483938533
0   1.1616107065472843
0   1.9914276366171815
0   1.9141710793155693
0   2.8890386558856336

1   1.0126223800858909
1   1.1153842260784612
1   1.0124738790743644
1   1.9166556714809393
1   1.0202239158899684
1   1.9733136160800329
1   1.0236485123733894
1   1.1834202973721906
1   1.8781415155978918
1   1.0568948157434979
1   1.1597270501744772
1   1.5079620143035974
1   1.8887407028530356
1   1.6065001640336076
1   2.1736801794473384
1   2.0241191885209076
1   1.4957637112183471
1   1.2427666268862751
1   1.4831758377529367
1   1.9565097409392771
1   2.0318533899236479
1   1.6827471605872848
1   1.2582699387334062
1   2.1407418609287014
1   1.8304408925832738
1   1.7384280999554242
1   1.1926649166499568
1   1.0508952312166207
1   1.0052826903291565
1   1.9969439453038991
1   1.1124698909488318
1   1.4806077919511074
1   1.4744429674628037
1   1.667584791850707
1   1.7776472308619291
1   1.920154213443872
1   1.5285444300456392
1   1.3631990588488621
1   1.5160325078295158
1   1.6442481755141971
1   1.7134490835560094
1   1.2982214994854053
1   1.7479367961588341
1   1.8919977260317893
1   1.0320150582942216
1   1.1565201483385394
1   1.5737669194044979
1   1.5808795756759451
1   1.0606157442718287
1   1.8953559236495434
1   2.9019603951258715
1   1.0571782352726149
1   1.8945815765746001
1   1.4922670287880908
1   1.5579639375461731
1   1.7705278982401333
1   1.605819151267633
1   1.9081127780901981
1   1.9615610828779864
1   1.1289775497328263
1   2.3899996986368248
1   1.0050812928084631
1   1.0710582775139119
1   1.5209164817843974
1   1.5758999033497703
1   1.0406837479014834
1   1.9578376932989343
1   1.0064592715673881
1   1.0353499466110911
1   1.613747607274536
1   1.6869766345873525
1   1.3001123048203169
1   1.1862891513930989
1   1.1599767850493266
1   1.3884734739994988
1   1.9644166922677915
1   1.9696186953044088
1   1.0177298859698176
1   1.0707993440792027
1   1.4987488629207277
1   1.7097529126720254
1   1.7681617944048407
1   2.3687354004808623
1   1.0042873239550825
1   1.3802105736213026
1   1.8277158363422128
1   1.0169057292268469
1   1.0090618232494588
1   1.0046330419324829
1   1.0137769606066536
1   1.990583621481921
1   1.0446673550734638
1   1.0166526391046287
1   1.9595349039209946
1   1.038949794114445
1   1.0311752218276518
1   1.1149471070273653
1   1.6273110141633382
1   1.4271606527165284
1   1.2375090305562519
1   1.9294650932392234
1   1.1749022742768587
1   1.9804853909154883
1   1.9013123259694567
1   2.8985996809879007

2   2.000047275521601
2   2.0028083953996441
2   2.0038592738532341
2   2.0070569845637385
2   2.0207529272827078
2   2.918359728284627
2   2.0042821096387384
2   2.0914971984903268
2   2.9023209889968391
2   2.0095665253748245
2   2.1030355527686333
2   2.0729392814232503
2   2.00299307435826
2   2.328064170931341
2   2.0010933062458029
2   2.0005962971821338
2   2.1539341325119286
2   2.5540037071474395
2   2.028131093165046
2   2.0016291899375558
2   2.9216484362669868
2   2.0458258095728108
2   2.0011045477426568
2   2.0429477302825179
2   2.0000020921780544
2   2.986842322174986
2   2.0001794388067387
2   2.0039716939315597
2   2.0000863273598846
2   2.0003554621267958
2   2.0108059400713905
2   2.0003338996465803
2   2.9038043720339712
2   2.0001608667473159
2   2.1185836886815572
2   2.000022496946817
2   2.0004477081251641
2   2.0017113394307668
2   2.0000152994979787
2   2.1200261500077167
2   2.0001278142624708
2   2.9096752311051253

3   3.0000000000000004
3   3.0000000000000004
3   3
3   3
3   3.0000000000000009
3   3.0000000000000004
3   3

