-4   4
-4   4
-4   4
-4   4
-4   4
-4   4
-4   4
-4   4
-4   4

-3   3.0000367823826735
-3   3.0000589470696268
-3   3.0004959873772341
-3   3.0015080816263082
-3   3.0005139015049376
-3   3.0351761550200602
-3   3.0101363332476088
-3   3.8124340288968463
-3   3.0005993437811784
-3   3.1922872341415061
-3   3.847514643025133
-3   3.0016463573277421
-3   3.1701739390018919
-3   3.0001806211092981
-3   3.0064664534813383
-3   3.0004881993317905
-3   3.0029212048801397
-3   3.0002467607748526
-3   3.7849832157084933
-3   3.0007955958378463
-3   3.0304437036505076
-3   3.163347548100838
-3   3.0047557855184968
-3   3.0660279061813966
-3   3.0132952781157134
-3   3.0019243254208581
-3   3.7618157560265226
-3   3.0003741081078266
-3   3.2659739040095661
-3   3.000130378668723
-3   3.0042968852141714
-3   3.0000663800606553
-3   3.0023025174264291
-3   3.005278812317318
-3   3.2961392429304901
-3   3.0024314090383317
-3   3.2549243990608794
-3   3.5095316221498187
-3   3.0072340048284039
-3   3.0076574021852824
-3   3.0917103167578559
-3   3.0114139988266202
-3   3.9148603604646972
-3   3.0001012934389597
-3   3.0001842226511894
-3   3.0002694517162793
-3   3.0015781807909518
-3   3.0001024412634894
-3   3.0000168121791466
-3   3.6810384117709907
-3   3.0000496355611839
-3   3.3714459516948518
-3   3.0000163371890687
-3   3.0025196943059425
-3   3.0001705958068352
-3   3.0002134098594091
-3   3.0000081599682122
-3   3.0000310801740819
-3   3.0398315954986885
-3   3.0000180620767622
-3   3.9144695337588624
-3   3.0000888707413256
-3   3.0678017109182725
-3   3.0000409551432186
-3   3.0000517098611947
-3   3.0002780935016329
-3   3.0000338102844917
-3   3.0000018128336765
-3   3.0000188013574207
-3   3.1230040509208741
-3   3.0001052705913165
-3   3.9012367832176311

-2   2.0004550991324521
-2   2.0009298441766772
-2   2.0018742491918564
-2   2.1778200311942872
-2   2.0139233471028803
-2   2.860388740858641
-2   2.0050207335226302
-2   2.1391351232497682
-2   2.0055684391519328
-2   2.8795836362387779
-2   2.0023398129796783
-2   2.8741591262020796
-2   2.004918116813188
-2   2.1315165860342753
-2   2.0334220160311594
-2   2.0162913263727367
-2   2.0330628685536576
-2   2.0351067914717529
-2   2.016995979217834
-2   2.8223138237912417
-2   2.1896873127167171
-2   2.0057347553592919
-2   2.1223879548604385
-2   2.947031925553822
-2   2.6756396384662811
-2   2.6271844362113979
-2   2.0503296588490789
-2   2.3920710274773356
-2   2.2593535865400858
-2   2.7284265056633132
-2   2.3656095934414654
-2   2.1683363693526609
-2   2.9801527168869977
-2   2.5820502390847975
-2   2.2206910529707176
-2   2.2255907175284362
-2   2.8714193859773545
-2   2.6062618734277763
-2   2.3953567712048267
-2   3.0733125721054733
-2   2.4692410155237945
-2   2.3736055265189471
-2   3.0204791251351395
-2   2.3920284860222814
-2   2.5264591601522719
-2   2.3229786368047769
-2   2.1739459643132757
-2   2.4987246702104757
-2   2.2900901451804598
-2   2.279419841474291
-2   2.2981969871452477
-2   2.5413658524401042
-2   2.016668037992968
-2   2.0029998907127897
-2   2.0115448022019837
-2   2.0117117518140102
-2   2.0488150825081695
-2   2.1634880094629727
-2   2.8798635451662205
-2   2.477782525430765
-2   2.4167500502422743
-2   2.9020663300556802
-2   2.205404278368877
-2   2.1120421463756576
-2   2.2343685912264828
-2   2.0297906076540677
-2   2.5452241652879226
-2   2.2551944639259931
-2   2.9013846740940639
-2   2.0789936918889782
-2   2.3319856891639281
-2   3.0121388561661733
-2   2.0786466442804348
-2   2.8459416022580908
-2   2.1352713972440216
-2   2.9341701894285288
-2   2.6688673218727912
-2   2.1287610203573362
-2   2.0689882614226733
-2   2.1808455561021765
-2   2.0607972137610786
-2   2.5439933108904613
-2   2.3687700215500045
-2   2.3080623095661812
-2   2.2564716428249167
-2   2.2372850950933079
-2   2.0398981401438672
-2   2.7553063271789817
-2   2.3118216563596703
-2   2.0338430237042826
-2   2.5484214166807462
-2   2.0877344927382988
-2   2.6595287229699442
-2   2.6761408627580288
-2   2.7092041589492726
-2   2.7052538440194267
-2   2.9799320226089474
-2   2.381060648776181
-2   2.6122446145454337
-2   2.6982689652013208
-2   2.1269292310511356
-2   2.0042952409900474
-2   2.0561312402876131
-2   2.0644563664174549
-2   2.0690770712247564
-2   2.248138638577319
-2   2.1375787303068492
-2   2.2324427911546314
-2   2.5533571713534959
-2   2.7899813664565749
-2   2.0469350569457192
-2   2.0075278158971259
-2   2.9738074674833186
-2   2.0206259949146772
-2   2.0121660504286538
-2   2.008004626817439
-2   2.0229400730320979
-2   2.0448685487873703
-2   2.2803034526671535
-2   2.1397447219817836
-2   2.4673733638922832
-2   2.2788935117998377
-2   2.1794848824592195
-2   2.2626492668360592
-2   2.2453860522660198
-2   2.8284478210854958
-2   2.4999057446368118
-2   3.1999323241570385
-2   2.9109614276193208
-2   2.266226945662603
-2   3.2007676837381931
-2   2.6969313891964033
-2   2.3204461481126319
-2   2.4238378328289167
-2   2.7146439820669497
-2   2.1778023085948091
-2   2.4225187900281302
-2   2.3807691423203874
-2   2.6762433472876492
-2   2.7437866543341713
-2   3.621484368723153
-2   2.0227136332299054
-2   2.0038472856321716
-2   2.0589014517027397
-2   2.0046566442284259
-2   2.4662570003307516
-2   2.0663738534066711
-2   2.4516445052687059
-2   2.2217468182189117
-2   2.175622055077524
-2   2.7446208848145481
-2   2.0361462318711503
-2   2.0014272561287103
-2   2.902714368854038
-2   2.6148791306163526
-2   2.4638498851989734
-2   2.1183719862286789
-2   2.0057661546511292
-2   2.9896435148310552
-2   2.0016246956503876
-2   2.0115648024877872
-2   2.0080081225799438
-2   2.0136206949507001
-2   2.0162735224425754
-2   2.0605812604241462
-2   2.8408778454454828
-2   2.0122311425234245
-2   2.0197208257068371
-2   2.2042359380270375
-2   3.7083603917859769
-2   2.1990943945316528
-2   2.2272266399665828
-2   2.7297975997511008
-2   2.8075084512537645
-2   2.9152095437457555
-2   2.3650993572059762
-2   2.1552089586096108
-2   2.0305206299526577
-2   2.080872569782596
-2   2.0867755775202221
-2   2.9408341485622604
-2   2.0005819573176087
-2   2.0089464489263031
-2   2.0014244202639206
-2   2.0062050956547357
-2   2.0026900837746604
-2   2.0032009883294313
-2   2.0070672557840039
-2   2.1982403530037682
-2   2.1708378152234671
-2   2.5921466049178643
-2   2.6138806840612236
-2   2.2125592262572611
-2   2.1879931143740499
-2   2.1261186891547101
-2   2.1070933294395124
-2   2.0021639327407685
-2   2.0193647430649904
-2   2.6331502015860453
-2   2.7222127707833459
-2   2.3120905717279627
-2   2.1919013662286919
-2   2.1409925993840195
-2   2.1599578520549234
-2   2.0034677354876691
-2   2.0554954538026391
-2   2.2780645768747196
-2   2.2349123767122419
-2   2.1256118851065962
-2   2.6785007505582543
-2   2.8117103371386549
-2   2.0026652068527437
-2   2.0616079643449687
-2   2.0228420593627927
-2   3.2398940297631684
-2   2.8514942004965831
-2   3.1820575227442944
-2   2.7539529662193885
-2   2.1509491402384784
-2   2.0313538614784004
-2   2.0026821303351623
-2   2.0042790915731037
-2   2.0011119374108022
-2   2.0046771636751961
-2   2.0341903906032077
-2   2.0028712733291387
-2   2.9676130165708092
-2   2.0223293382061218
-2   2.0044675089486335
-2   2.9790403580476128
-2   2.0033093994489088
-2   2.0065595474212414
-2   2.0363674699425331
-2   2.015984703073129
-2   2.0349406133618793
-2   2.011203406796179
-2   2.7757856898457001
-2   2.0910209589437199
-2   2.2507012426664721
-2   2.0661929677115722
-2   2.0637894072042551
-2   2.2455310884376165
-2   2.6637158555001741
-2   2.1765284063630128
-2   2.1369604761680399
-2   2.2511819939953495
-2   2.7616199040854355
-2   2.2351188379064402
-2   2.9635274050482741
-2   2.9474366499574929
-2   2.8415193882611938
-2   3.8477085722559323

-1   1.0561249465180287
-1   1.119840826391842
-1   1.1422778310404309
-1   1.5446673682660719
-1   1.0736241975396212
-1   1.5689970797211736
-1   1.344931439478817
-1   1.3470113816775937
-1   1.1471374977669737
-1   1.7478290517210691
-1   1.9075990369628908
-1   1.2534808963836888
-1   1.8520827233529293
-1   1.7795254846295214
-1   1.0502883916748638
-1   2.8056675639923943
-1   1.89073845111648
-1   1.3928115314297644
-1   1.131479940029682
-1   2.0775926841468046
-1   1.7986526861405134
-1   2.7137207769540836
-1   1.4023257641600939
-1   1.1701525358804834
-1   1.8527540597761263
-1   1.0321324282159197
-1   1.5150831548633499
-1   2.403507138274962
-1   1.6375638589439987
-1   2.152785073323797
-1   1.0753483165474274
-1   1.3706095452800138
-1   1.6556523559753553
-1   1.5071385462352258
-1   1.0678815860025064
-1   1.647916427405459
-1   1.5200923445448291
-1   1.6415176490864356
-1   1.3589789865541499
-1   1.612709974200996
-1   1.7886322647908002
-1   1.2012646736581971
-1   1.6558070482561642
-1   1.4137700629388426
-1   1.3923483203817983
-1   2.6921533053282367
-1   1.1447300170502717
-1   1.3252411850676618
-1   1.6559693762311305
-1   1.4945853462949747
-1   1.1427053051182188
-1   1.8173146100023905
-1   1.7612625924022556
-1   1.9235358172968859
-1   1.4566714854835578
-1   1.9871023782295136
-1   2.006103272016214
-1   1.9548757392523992
-1   2.0594795265771966
-1   2.1994221468860675
-1   2.6744913781399102
-1   1.8410830667265596
-1   1.6448665096233714
-1   1.8591733990022141
-1   2.9902990633698359
-1   1.9928016721845676
-1   1.8890299541960709
-1   1.8576606172834311
-1   1.3593000919192766
-1   1.8923528370163005
-1   2.1410421925482455
-1   1.7898718833978751
-1   2.4231582885317162
-1   2.5724958197533545
-1   2.2380730420897921
-1   1.4977109809991525
-1   1.8287903210352492
-1   1.5394902871898877
-1   1.989936681046037
-1   1.5012356810234975
-1   1.7651435955503225
-1   2.7195253533967252
-1   2.0288850745316633
-1   2.1180705247758493
-1   2.1425258385145507
-1   1.801095225306292
-1   1.3956086979843774
-1   2.8211903903036246
-1   1.867492279305746
-1   2.1741913338450147
-1   1.6462024465168961
-1   1.4099256654432004
-1   1.5442512619115503
-1   1.836979500696482
-1   1.317337390031718
-1   2.1181088436731721
-1   1.90654247176687
-1   1.6602799817437828
-1   1.1151291904079592
-1   2.0307590945264833
-1   1.2677122478077905
-1   1.800855128695062
-1   2.7794089544136997
-1   1.6726778435051686
-1   1.9879019693391276
-1   1.2240727708031485
-1   1.3490150528339055
-1   1.2149654468551223
-1   1.938070046330814
-1   1.5508096968476375
-1   1.4690035074311147
-1   1.7405187707069207
-1   1.8888097374733213
-1   1.2217117038989675
-1   1.1629228212269571
-1   1.1081240332137143
-1   1.8798624516253253
-1   2.0588402028017616
-1   1.967178664506779
-1   2.2434008442995448
-1   2.2654563783601458
-1   1.6805942421983286
-1   1.6011779237940642
-1   2.3622864959308196
-1   1.3652297399252991
-1   2.5742287738640859
-1   1.5232380333882163
-1   1.3162250862605607
-1   1.7643569912448966
-1   1.8505773586540171
-1   1.7895396377442379
-1   1.8043033972968074
-1   1.6710180119177407
-1   1.5199780943739163
-1   1.4090855510504141
-1   1.7011917018086677
-1   1.4837432912859279
-1   1.5353880025495257
-1   1.785602429893252
-1   2.058299531880146
-1   1.6683194828642214
-1   1.5229091442772251
-1   1.8036756637954352
-1   1.9513403249305661
-1   2.3674377949831911
-1   2.073743172053597
-1   2.0599608451339133
-1   2.8989515034146764
-1   1.4284654588299108
-1   1.5245950465058677
-1   2.5072316690213521
-1   2.4231835262308423
-1   1.7552299222720547
-1   1.7588665580137777
-1   1.7129851520515489
-1   1.9310525536263836
-1   1.5717264071899173
-1   1.4484764389540317
-1   1.7321485082183234
-1   1.6648808212331012
-1   2.2261768313619315
-1   1.7249511118553835
-1   1.4247215407131744
-1   1.4605483017825973
-1   2.3606475820743849
-1   1.7300382618301202
-1   2.1281884471933243
-1   1.6373924847317185
-1   1.6213797241871992
-1   1.3522595962154966
-1   1.4489843590456382
-1   1.3730123259505298
-1   1.6467119538606672
-1   1.4217011123387755
-1   2.27448173306867
-1   1.5282949399452721
-1   2.2904359194720989
-1   2.14905481757709
-1   1.7385888778122012
-1   2.2155256563618511
-1   1.8244925129008016
-1   1.7449969195570616
-1   1.7585294638942894
-1   1.9140555428220782
-1   1.2103965692613758
-1   2.1890070107514452
-1   2.2164630126123734
-1   1.1434749060088605
-1   1.0634241282257897
-1   3.074118032330968
-1   1.798527737058671
-1   1.5244359444438929
-1   2.677769039067297
-1   1.2325506112675637
-1   2.5146602085454508
-1   2.385050493909914
-1   1.6144985153219849
-1   2.7294834605359974
-1   1.8739779778919741
-1   1.2410467454144585
-1   1.4886465993562989
-1   1.5634709303138847
-1   1.0875995292083169
-1   1.8575780461518407
-1   1.1276043318256528
-1   1.5267337395095777
-1   1.41908119032451
-1   1.2384858807244779
-1   1.755379261471341
-1   1.216777902007137
-1   1.9800508635070364
-1   1.7045152855592747
-1   1.984019985766861
-1   1.8524914841947053
-1   1.3419823064746328
-1   1.7010919949296488
-1   1.5183973140559583
-1   1.4265506682325229
-1   2.1481126155533552
-1   1.6405406944337808
-1   2.1766068578825379
-1   2.0081035173348534
-1   1.9524713135451148
-1   1.8462365742973565
-1   1.2896714327886369
-1   1.4707376178852789
-1   1.1832385453035599
-1   1.8015718298049035
-1   1.977823832624249
-1   2.0930733490428604
-1   1.8485351323333612
-1   1.3437852651010378
-1   1.2647505137665933
-1   1.7149405455311273
-1   1.7133284338952652
-1   1.4148756494405199
-1   1.7246953321821756
-1   1.4479743716833544
-1   1.7222846154452731
-1   1.4097880826091438
-1   1.7978222324231257
-1   2.2811168075121993
-1   1.9306674181050263
-1   1.9046334020856555
-1   1.8474411013173637
-1   1.8286960206758778
-1   2.4164225578495366
-1   2.1635850509156116
-1   1.9932241870342104
-1   1.6334440029561117
-1   1.9229147007025946
-1   2.7813323820852709
-1   2.3170154232369087
-1   2.0499139874073422
-1   2.6316654834346833
-1   1.4615514286166211
-1   3.1014056057255566
-1   2.1864725061271737
-1   1.8649253668888615
-1   2.3321685745016807
-1   1.9192685522472694
-1   1.5492933083647058
-1   2.3548597117957328
-1   2.2199185010751279
-1   1.4573412044201128
-1   1.5348040335765392
-1   1.8473261032097708
-1   2.274079413882915
-1   2.3376312015683709
-1   2.2591821388269282
-1   2.2938752633197832
-1   1.6890553741071588
-1   3.710968535041097
-1   1.1617594883188349
-1   1.8936290396260582
-1   1.1723310880392097
-1   1.2657491981461126
-1   1.1053392756972533
-1   1.7811892518286196
-1   1.1248653655850431
-1   1.3582302368934167
-1   1.6768577245909517
-1   1.9179982645393658
-1   1.3054160068191096
-1   1.4115198219279306
-1   1.9796235232618047
-1   1.5339039926864184
-1   2.4757353491187719
-1   1.6518713222653938
-1   1.7998571075635024
-1   1.8870189153658181
-1   1.7208797898114088
-1   2.8899156389723522
-1   1.3381284466635199
-1   1.9751651391626197
-1   1.0196872473562666
-1   1.0375787457954708
-1   1.6585858720633864
-1   1.0103487566412144
-1   1.4580399392057928
-1   1.0734479162836319
-1   1.7422584015419038
-1   1.75326245557752
-1   2.2189081677641425
-1   2.345272176758439
-1   1.8946951007903969
-1   2.1952878154398441
-1   1.7661498279016197
-1   1.9529288851959841
-1   1.8493531229796454
-1   1.2166942857773559
-1   1.4067382154305674
-1   2.3116162793857464
-1   1.7908420408598245
-1   1.9103142504240989
-1   1.2353547331512358
-1   1.4377614933721965
-1   1.8551996570915108
-1   1.8589089860743262
-1   1.8918061151955787
-1   1.9792133941577248
-1   1.8665104297999844
-1   1.1684691978407546
-1   2.4021417828461988
-1   1.2246675664179099
-1   1.7997873839858571
-1   2.0691601943148292
-1   1.8021563704669634
-1   1.2009771039982955
-1   1.1840527306427095
-1   1.5406976630120606
-1   1.5553757057072
-1   3.3468996776328108
-1   1.5827763892730213
-1   1.2644542474593019
-1   2.0294587061136387
-1   1.5484572160641794
-1   1.6330061059972674
-1   2.0979153116191531
-1   1.2762985581818995
-1   1.8116538460763789
-1   2.0472832246531008
-1   2.6411403816293451
-1   1.341111021394243
-1   1.5297235915830907
-1   1.9821002896730171
-1   2.1042600881078344
-1   1.9851379773891167
-1   1.990596439499384
-1   1.4163142101440922
-1   1.5993868503981608
-1   1.0675654568603115
-1   1.1156161312101625
-1   1.6466426903408391
-1   1.803781738167316
-1   2.8325355576876854
-1   1.7010679534191819
-1   1.0281372279374548
-1   1.3669738646263137
-1   1.689937499819913
-1   1.7316292058402629
-1   1.8220318491841163
-1   1.5040941952598019
-1   1.0143021421437353
-1   1.6253413915957964
-1   1.9443660098301701
-1   1.945049014652823
-1   1.0095652011354936
-1   1.0069773762412617
-1   1.0580950686870916
-1   1.4952046300860644
-1   1.0476503506607724
-1   1.6028568981079809
-1   2.1074570953539675
-1   2.1561496819486865
-1   1.5211252952352585
-1   1.5193261365196316
-1   1.2028175421566647
-1   1.3340189203572608
-1   2.5876449968286761
-1   2.511465819133242
-1   1.078461945918858
-1   1.1795671374402694
-1   1.7134073218191399
-1   1.916824140975705
-1   1.7767184674304164
-1   1.3380977227242061
-1   1.1959558652479936
-1   1.2487793172662998
-1   1.8357128842845718
-1   1.8710042288920796
-1   1.8228540564306468
-1   1.0973890643374198
-1   1.0418163307144699
-1   1.1029125279817851
-1   1.0984488103024854
-1   1.0767803694218747
-1   1.5842988280194481
-1   1.9187908525442556
-1   2.063661190129956
-1   2.1274046501722412
-1   1.3353402690628808
-1   2.4101808014755846
-1   1.9165486924742825
-1   1.4447129573173279
-1   1.995839303288423
-1   1.1636944444405277
-1   1.6094192449011793
-1   1.425565150101902
-1   1.0139153182492442
-1   1.0255505834177496
-1   1.0256753554137628
-1   1.9818095643762446
-1   1.0583899297344144
-1   1.8175404636062638
-1   1.1149346632197241
-1   1.9909865623979179
-1   1.0351882294067603
-1   1.2474382020283243
-1   1.4268853627737663
-1   2.3181731126648475
-1   2.2303910225806387
-1   2.4236619025486772
-1   2.5258981075887599
-1   2.0363637685727984
-1   2.188704910865666
-1   1.6933855952394592
-1   1.6472077087713979
-1   1.4539327582072601
-1   1.5874722247653446
-1   1.2126582252758613
-1   1.9681088649913807
-1   1.2937958586837324
-1   2.7065941792098589
-1   2.1910773137729724
-1   2.4402871420951229
-1   1.232131302977441
-1   2.8195526255006613
-1   1.8113868517193463
-1   1.9758524197694491
-1   1.7265858415442139
-1   1.4471870180668689
-1   1.1320433767338438
-1   1.9609614056430078
-1   1.0287287832362446
-1   1.0415270549984788
-1   1.2349050081988768
-1   1.2073192426268602
-1   1.7834922677045646
-1   1.2790468027072304
-1   1.6256197868676749
-1   1.1539331560670745
-1   1.1990118141517776
-1   1.95234296333191
-1   1.48448082029497
-1   1.7050826545973208
-1   1.8266629375250303
-1   1.960380527125797
-1   1.3624386839903504
-1   2.4755428575461393
-1   1.933705836378516
-1   1.8629574424296718
-1   2.8907008705235975
-1   1.0218434416561482
-1   1.0449523908660086
-1   1.0202051458092793
-1   1.8441241786607518
-1   1.0598204839822873
-1   1.2258097472953782
-1   1.2004702499506492
-1   1.1552403799212518
-1   1.7498523470895764
-1   1.1755639123328978
-1   1.2873161266853621
-1   1.1661242744126297
-1   1.791233261156417
-1   1.309072493151386
-1   1.7194406407219085
-1   1.9008419334468938
-1   1.9009470718502079
-1   1.1294873367443687
-1   1.3330077735786556
-1   2.5017123610950653
-1   1.994558522784859
-1   1.7366858189905083
-1   1.476336008758917
-1   1.6530786264151769
-1   1.6465589368144791
-1   1.5810501889317883
-1   1.9923118482014135
-1   2.1015169232899131
-1   1.3641685808564847
-1   2.2903770716874066
-1   2.0512481877672895
-1   1.9945588184772074
-1   1.5401238217648077
-1   2.3656023228720562
-1   2.564081118372084
-1   2.0272774324022858
-1   2.8463164065254047
-1   2.0568145410844383
-1   2.9320626034897606
-1   2.8098465514763777
-1   3.8290791673508311

0   0.062624014599313216
0   1.0064125040558924
0   0.87280193177641463
0   1.0674438921970646
0   1.0043243826916624
0   0.88263175732495025
0   1.024782613652041
0   0.23870438190806331
0   1.0491603554380646
0   1.6847690045512183
0   1.0051702322585003
0   1.9945660815964161
0   0.67521272786949549
0   1.0313066723682554
0   1.0062661495106231
0   1.3298993533893231
0   1.6024948802850907
0   1.9407913480861194
0   1.7651806577389664
0   2.7540176099128586
0   1.0027717595744077
0   1.4998314670070632
0   1.0056827477459704
0   1.2670768491266418
0   1.1477912581560479
0   1.8168137827667037
0   1.8305756584819908
0   2.7258158168498769
0   0.79539564308730704
0   1.1234820691621168
0   1.2702060382263036
0   1.7317750499956999
0   0.40279458337107066
0   1.1534451393508187
0   1.0047766776478924
0   0.79472365813829282
0   2.6232983112108346
0   0.10101833991854281
0   1.8413199524244428
0   1.4547648838510785
0   1.5983440784181546
0   1.003816564974239
0   1.9270907424503214
0   0.81789643475443397
0   1.1439509844128257
0   1.0038513029268037
0   1.9881902470938626
0   1.1991546773032049
0   0.38598568372368802
0   1.6597594395553474
0   1.39158579225594
0   1.0154235355149897
0   1.7398130651428816
0   1.911473376410679
0   1.0661157375833532
0   1.491997942813108
0   1.2801440256157774
0   1.034688403350257
0   0.4680938114541946
0   1.0960616636840057
0   2.3048148065963754
0   1.6622406286313676
0   0.82280875398372233
0   1.0546118217484934
0   1.027761505826071
0   1.4543754504211861
0   1.2103044430974534
0   1.7972333495625912
0   2.1070206641536622
0   1.2677824985866339
0   1.4473758731984738
0   1.0814864885422846
0   1.1953868817201345
0   1.8895010216432873
0   1.5735703659396072
0   2.546972531767898
0   1.1908285168804156
0   1.0210049770813536
0   1.7533675274724518
0   2.573188332125905
0   1.9351081349520562
0   1.6270666142880392
0   1.5356627324382406
0   3.1656910195703585
0   1.8006086204036307
0   1.9288076604844346
0   1.4668246853876954
0   2.1014730247697897
0   1.6795386492882494
0   1.4385675891351197
0   1.9808619789034925
0   2.33646121382198
0   1.61850059223522
0   1.8218333099739072
0   1.8855118783365516
0   1.6306283543488984
0   2.0147671776630847
0   0.846592238426215
0   1.9277606637512661
0   1.9299891899839818
0   1.2601582000604621
0   1.3104656431989146
0   2.1734185947008755
0   1.7171050728431458
0   1.3667717109599693
0   1.8209300094907062
0   1.650916854549882
0   1.6521267654152951
0   2.1545571527015936
0   1.4650586276281925
0   2.2568212209398908
0   1.6653924115757786
0   1.6097471126418701
0   1.5368801327460546
0   1.9937872849217078
0   1.2537530150697616
0   1.5275512026179934
0   1.6538187618128646
0   1.1124676591160332
0   1.2185983720434259
0   1.5805658216840985
0   2.6675422430417943
0   1.4119139509652681
0   1.6933221720798914
0   0.77392946994797707
0   1.3298331155777741
0   2.5415484459789779
0   1.5798990765213379
0   1.162492711284588
0   1.4581828293568435
0   1.1024680660239929
0   1.2998055446149777
0   1.0220564003531918
0   1.5633890074158021
0   0.58440145988112868
0   1.0444277440192926
0   1.0657337856119178
0   1.4580642847213363
0   1.0078012630672044
0   1.9624005825700506
0   1.4150188090507352
0   1.934430727230231
0   1.0330472974887508
0   1.1759027700599851
0   1.6745560626782057
0   0.29627528871605302
0   1.0125889308875253
0   1.8298978474864924
0   1.8331962398328927
0   1.2609971519822674
0   2.5431328171404814
0   1.9053411627038215
0   2.0861475566621208
0   1.3603751952798633
0   1.4906827060558501
0   1.8334911474123792
0   1.7803263621110998
0   0.9215375350861601
0   1.427801374156104
0   1.2776522285929535
0   2.3116208209935354
0   0.55238223432639222
0   1.1253126873146786
0   1.1830595358881875
0   1.8829780321643574
0   2.0035266575655584
0   1.9317238819483666
0   1.2553722369027414
0   1.1700760455787367
0   1.1641254767432496
0   1.7105155883758183
0   1.6483211386084347
0   1.727561861391667
0   1.5917298510214661
0   2.0323728985399376
0   1.6491533445352462
0   1.2016242747258221
0   1.8481909200319531
0   1.3717836570742363
0   2.0692957722335916
0   1.4519017780745058
0   1.1035549690581108
0   2.2353886795080848
0   2.3252196155289693
0   1.1663391928094053
0   1.7439572469940248
0   1.7937665498530895
0   2.6372404742465827
0   2.338703124214367
0   0.98613000493170788
0   1.4971765591278858
0   1.4833343917617905
0   1.1362818579385272
0   1.8169768677796165
0   1.719952786596938
0   1.2014650094569728
0   1.7088479368669303
0   1.8747946688681463
0   1.9245574653029509
0   1.4535508042244438
0   1.6127475795967294
0   1.1381526726760187
0   1.4484070447094688
0   1.3904056402535026
0   1.5189956547596388
0   1.5559441965479945
0   0.63390839981965508
0   2.3363145427927261
0   2.0405718785188283
0   1.1313642007523277
0   1.2968869888933796
0   1.4085909596332644
0   1.4713879749135985
0   1.6171115379380714
0   1.0593872975838556
0   1.9910543236856508
0   1.5625106785196325
0   1.5628319068364003
0   1.9400274049050399
0   0.90034888760458953
0   1.905773891720639
0   1.2728344206017512
0   1.3527289062647929
0   1.3342104565233484
0   1.9640373950329022
0   1.6461940686051606
0   1.8851766842162343
0   2.1178484479795916
0   1.7050986251215767
0   1.0228747393368867
0   1.0480739440770472
0   1.0363951137808827
0   1.7337180692242651
0   1.983752135163098
0   2.0062767160425694
0   1.9539971401113676
0   0.86365691590861182
0   0.36116087102694083
0   2.3536355397545341
0   2.4331414792672392
0   1.5551838296903724
0   1.5563507338702354
0   2.2043911820773778
0   2.3206655825893434
0   1.0610160051337116
0   1.0718179697426202
0   2.4138532950098019
0   2.3605240316914222
0   0.88486270871781225
0   1.9366814468462712
0   1.0184399954927348
0   0.11618734841771261
0   1.0189308720422967
0   0.55394422786278485
0   1.5344857660798006
0   1.9191573323350588
0   1.0274572470830807
0   1.0109651116619536
0   1.9535033573605198
0   1.111820692754349
0   1.3717305558060016
0   1.3307667405663635
0   1.7856182677331978
0   1.2753236952854883
0   1.4532380656659853
0   1.3105510465564432
0   1.0448200311072047
0   1.2630237040846122
0   1.1622049427219969
0   0.44359387493015789
0   1.6714229590408163
0   1.0075819635001868
0   1.03519235521747
0   0.83087516279702056
0   1.6073068179814936
0   2.1398990774184727
0   2.6924165691631354
0   1.1350394928292578
0   2.0002960058300219
0   1.9328821437918764
0   1.5528703956109351
0   0.65447039139105878
0   1.0197040282618925
0   1.6171064124561494
0   1.0688068285888781
0   1.9707759721142746
0   2.5104470577810725
0   1.6050908662564547
0   1.8614277761564595
0   1.0268414112029458
0   1.025658015515629
0   1.6487117491820062
0   1.7098099201760801
0   1.1420424420517503
0   1.8963239017636395
0   1.1920048930837723
0   1.6428915696073281
0   1.1038238180714257
0   1.3234400589870996
0   1.5866738082507541
0   1.7578359208862522
0   1.5597103408031838
0   1.8468628690952027
0   1.3403076430146781
0   1.4077338809602937
0   1.9362544095836292
0   1.5504540061830969
0   1.9292306472761678
0   1.7734681186205119
0   1.2726032355099242
0   2.7898527816596181
0   2.2918507111149156
0   2.0157802784830818
0   1.9949861801456348
0   2.8050960364180724
0   1.1993969177997919
0   3.2797245107010049
0   1.9047576363928576
0   1.8420351508522157
0   2.7113315186773383
0   1.7913569348556018
0   1.4838936863460843
0   1.4782073974213603
0   1.8024651684179132
0   0.65485236729750973
0   1.1252950581896295
0   2.2959617919186659
0   2.0308315818563418
0   1.9962055285778919
0   2.1622339580717869
0   1.2949712565974072
0   2.388118823813731
0   1.9527458658997134
0   2.4113216259212429
0   1.9738153323148966
0   1.1039285577748617
0   0.54620698141175872
0   1.0205257406239432
0   3.772849358483966
0   1.0353114125296841
0   1.9138536580301677
0   0.4561703510262759
0   1.0620656813142668
0   1.0022526584984692
0   1.718717407747465
0   1.0173222177174059
0   0.57806835945919333
0   1.5439629709566449
0   1.0604897530058399
0   1.3720617268598572
0   1.7302054562713809
0   1.1057952616332822
0   0.61984570466605882
0   1.075841714607884
0   1.846398166444859
0   1.8796782548236717
0   1.3312259875721981
0   2.4065196760690717
0   1.8316468621790003
0   0.85624379156009889
0   1.0164181228698594
0   2.9370341670190321
0   1.4880739720633696
0   1.659572452049213
0   1.0059455411033507
0   1.5210130457862499
0   1.0887023449957729
0   1.0186580714284763
0   1.0249384357017179
0   0.89422922052694642
0   1.0066244133337929
0   1.6405870653913261
0   1.0066619698614723
0   1.3722081594420339
0   1.3698037307914339
0   1.3260796591838069
0   1.7019723659650157
0   1.4981279775442291
0   1.7287303035668309
0   1.6737317106998266
0   2.1381508609707218
0   2.5621402749653268
0   1.0874785007424146
0   1.6097855882124534
0   1.0957775194455881
0   1.0145295214119061
0   1.0468126194932628
0   1.3219917155626892
0   2.8443816320686395
0   1.3252287650295502
0   1.327668649876504
0   1.8375893477815435
0   1.7796262518027217
0   1.0080158809823252
0   1.0267410564365926
0   1.9827086468124189
0   1.9904402747221668
0   1.4089352975209262
0   1.7101129251198448
0   1.0037309823252973
0   2.8122610457839716
0   0.78936126543036189
0   0.35829850272138586
0   1.0452624772811712
0   1.7537074647335622
0   1.6727621115121107
0   1.0063708136948253
0   1.9854645926027286
0   1.1152752913922757
0   1.9589052599825867
0   1.081453134683005
0   2.5789340949506374
0   1.5678255072624152
0   1.548173233689139
0   2.5500772761697186
0   1.1495087976205656
0   1.0456256245578457
0   1.023841965247833
0   1.0472435914065854
0   1.6670684115251926
0   2.3463337920030387
0   0.92728493967039394
0   1.1275603406107559
0   1.0376993217891288
0   1.5699138240785726
0   1.4466855093482236
0   1.2197896613999697
0   1.8933681250564178
0   1.7909641729485961
0   2.5169463298441084
0   1.9229093159030541
0   2.2356441911642078
0   1.2672684703797696
0   1.2659846422824252
0   0.58658623102775453
0   0.69910655936262933
0   1.6783137589414934
0   1.9626338309267584
0   1.4212851396730097
0   1.0049889501795919
0   1.006269000024403
0   2.6032293199010823
0   1.7278070432091743
0   1.0160617867261688
0   1.0041952612357672
0   0.81360136406257677
0   0.44308031011041116
0   1.0073921594684487
0   1.9879343432790417
0   1.9669898701984914
0   1.9928248648689468
0   1.0015126468454429
0   1.0052793135619338
0   1.9591826827581467
0   1.9182802136878081
0   1.0067537322451583
0   1.0009454311016113
0   0.077333779663321112
0   1.0613696597420517
0   0.040697405393081532
0   0.084958350296120422
0   0.67014373686175754
0   1.0561315967414924
0   1.0069263097926882
0   1.7640089733401569
0   0.44608704436432034
0   1.9175140544097999
0   2.9232494780144997
0   2.8188426728369169
0   1.8294734608485994
0   1.0348226759584105
0   1.0008359807837761
0   1.3749524786322875
0   1.0724543417719781
0   1.984925968855471
0   1.8560025797042812
0   1.0039911254663871
0   1.0172930599337517
0   1.3056171167920096
0   1.1346278936927796
0   1.0576161165623179
0   1.9159065653525778
0   0.57739129804230083
0   1.0039847062178346
0   1.0048644412949317
0   1.9760946357595506
0   1.9037856486696976
0   1.0969289398644706
0   0.39400012177492916
0   1.0418260661876253
0   0.34241206713748096
0   1.0080473934616718
0   1.0100058402874186
0   0.13760373362862455
0   1.0166900441918367
0   1.0230640210850299
0   0.4140685810341741
0   1.5466177578934821
0   2.4837217038014172
0   0.64654262184803368
0   1.5005887795125799
0   1.552190956222359
0   1.5618779386068389
0   2.273771593505487
0   1.6750906561899721
0   0.52914765406633268
0   1.9775181344987871
0   1.9241590652516742
0   1.19172279970211
0   1.0625584682719331
0   1.1465550232070461
0   0.081392417461885969
0   0.09239834339861952
0   1.0069460961799082
0   1.0051957311758606
0   0.63885473375698365
0   1.0088953005189347
0   1.7718806291374465
0   0.96002388392618787
0   1.033381609602515
0   1.0174162132728479
0   1.9553680579078172
0   1.2510525424528043
0   1.0718780320100083
0   1.6293841271570257
0   0.67898221497578559
0   1.00765737262828
0   2.604413027000462
0   1.9063294177877768
0   2.6291714947213158
0   1.7497717866913307
0   0.88007107918992911
0   1.0233495041158376
0   1.8562237948683262
0   1.8839139145213015
0   2.2413494273132004
0   1.4821782967095618
0   2.4855800684702714
0   1.3941106805447447
0   0.48495356959721458
0   1.4986422053539477
0   1.4891360384333785
0   1.4113977398662017
0   0.89826734220187343
0   1.3636258916933737
0   1.8699451113302339
0   1.8805365388670476
0   1.5464338390203616
0   2.9834933948624065
0   1.4097509833519246
0   1.986529380450472
0   1.3095248629911254
0   1.9941490328854883
0   1.3596144240046415
0   1.1141653238181053
0   1.908387832024224
0   0.082758792535268744
0   1.0069435259803847
0   1.0071557068096735
0   0.55850898365605262
0   0.36870400577959472
0   1.0101821683444245
0   1.1225328905661645
0   1.1009435287113689
0   1.4397238434886797
0   1.8588602449673917
0   1.8412450343667581
0   1.0099843997790412
0   1.1055479749974206
0   1.0350572788102064
0   1.9199084392736681
0   1.399235691266344
0   1.4103530457101552
0   1.0065771051275916
0   1.1648274748565757
0   1.4074433858525399
0   2.8486521285047717
0   1.961346139132186
0   1.7826185445019163
0   0.080006886003556876
0   2.8887248548031139
0   0.14298545699937104
0   1.0018666728169794
0   1.0117731486732593
0   1.0028271774975122
0   0.19205828828822802
0   1.979356145142471
0   1.0255177519546124
0   0.15410503181325874
0   1.0323211369365815
0   1.0296045556373694
0   0.49245541898697587
0   1.0214407884488337
0   1.9773745214569232
0   1.0570159527730938
0   1.1947359475423991
0   1.0197697145283913
0   1.51134376822522
0   1.1485333584397512
0   1.0679050676371029
0   1.8854242381142754
0   1.6387565154170436
0   1.9157507117425219
0   0.62526167134829835
0   1.134799922534516
0   2.655234955622225
0   1.0390697328797687
0   1.1028777824278011
0   1.0500326869579359
0   1.9901128245472686
0   1.4797393917221171
0   1.8178848292416263
0   1.9851160320674515
0   1.1106665438342858
0   1.3829702034098104
0   1.8857288130029946
0   1.6316553717973803
0   2.5325808073109481
0   1.1024075543290144
0   1.9329810557232014
0   1.8226629840269393
0   1.3647452470595027
0   2.9113961052713639
0   2.0471377454515483
0   1.981108822153669
0   2.7973080332923166
0   2.0330358945721589
0   2.938355787197986
0   2.8224091359378867
0   3.8196586634333149

1   1.0561249465180165
1   1.1198408263918103
1   1.1422778310404216
1   1.544667368266059
1   1.0736241975396348
1   1.5689970797212691
1   1.3449314394788467
1   1.3470113816775084
1   1.1471374977668587
1   1.7478290517210109
1   1.9075990369628983
1   1.2534808963838915
1   1.8520827233529271
1   1.7795254846295245
1   1.0502883916748871
1   2.8056675639923774
1   1.8907384511163814
1   1.392811531429931
1   1.1314799400297237
1   2.0775926841467789
1   1.7986526861404859
1   2.7137207769540219
1   1.4023257641602087
1   1.1701525358805023
1   1.8527540597761156
1   1.032132428215913
1   1.5150831548632859
1   2.4035071382750988
1   1.6375638589440822
1   2.1527850733237899
1   1.0753483165474218
1   1.3706095452798817
1   1.6556523559753393
1   1.5071385462351956
1   1.0678815860025197
1   1.6479164274054261
1   1.520092344544834
1   1.6415176490865075
1   1.3589789865541162
1   1.6127099742009903
1   1.7886322647908548
1   1.2012646736581143
1   1.6558070482562846
1   1.4137700629387575
1   1.3923483203817977
1   2.6921533053282123
1   1.1447300170502814
1   1.3252411850677663
1   1.655969376231035
1   1.4945853462950336
1   1.1427053051182028
1   1.8173146100023732
1   1.761262592402256
1   1.9235358172969352
1   1.4566714854836078
1   1.9871023782295918
1   2.0061032720161416
1   1.9548757392523939
1   2.0594795265771828
1   2.1994221468860244
1   2.6744913781397686
1   1.8410830667266729
1   1.6448665096229704
1   1.8591733990022301
1   2.9902990633700361
1   1.9928016721847377
1   1.889029954195959
1   1.8576606172836683
1   1.3593000919194895
1   1.8923528370157419
1   2.1410421925481082
1   1.7898718833977671
1   2.4231582885319431
1   2.57249581975339
1   2.2380730420898081
1   1.4977109809991684
1   1.8287903210352665
1   1.5394902871898517
1   1.9899366810457915
1   1.5012356810237693
1   1.7651435955502968
1   2.7195253533963286
1   2.028885074531686
1   2.1180705247764351
1   2.1425258385145356
1   1.8010952253061512
1   1.3956086979844449
1   2.8211903903036468
1   1.8674922793057842
1   2.1741913338451861
1   1.646202446516797
1   1.4099256654432364
1   1.5442512619116138
1   1.8369795006965028
1   1.3173373900316863
1   2.1181088436731192
1   1.906542471766854
1   1.6602799817437766
1   1.1151291904080629
1   2.0307590945265099
1   1.2677122478076566
1   1.8008551286950514
1   2.7794089544137224
1   1.672677843505145
1   1.9879019693390934
1   1.2240727708031216
1   1.3490150528339186
1   1.214965446855186
1   1.9380700463308176
1   1.5508096968495875
1   1.4690035074290511
1   1.7405187707068599
1   1.888809737473331
1   1.2217117038989613
1   1.1629228212270297
1   1.1081240332137077
1   1.8798624516253315
1   2.0588402028017616
1   1.9671786645067071
1   2.2434008442995848
1   2.2654563783601041
1   1.6805942421984366
1   1.6011779237940766
1   2.3622864959307872
1   1.3652297399253024
1   2.5742287738638545
1   1.523238033388584
1   1.3162250862604152
1   1.7643569912450463
1   1.8505773586540197
1   1.7895396377442374
1   1.8043033972967777
1   1.671018011917718
1   1.5199780943739789
1   1.409085551050459
1   1.7011917018086833
1   1.483743291285808
1   1.5353880025495581
1   1.7856024298932374
1   2.05829953188013
1   1.6683194828642027
1   1.5229091442772642
1   1.8036756637955329
1   1.9513403249305377
1   2.3674377949833381
1   2.0737431720528789
1   2.0599608451346452
1   2.8989515034145286
1   1.4284654588298979
1   1.5245950465058473
1   2.5072316690213303
1   2.4231835262308259
1   1.7552299222720777
1   1.7588665580137994
1   1.7129851520515773
1   1.9310525536263885
1   1.5717264071899022
1   1.4484764389541047
1   1.7321485082182977
1   1.664880821233119
1   2.2261768313619825
1   1.7249511118552814
1   1.4247215407132019
1   1.4605483017825911
1   2.3606475820743986
1   1.7300382618301549
1   2.1281884471932933
1   1.6373924847316736
1   1.6213797241872392
1   1.352259596215438
1   1.4489843590455842
1   1.3730123259504861
1   1.6467119538607164
1   1.4217011123388232
1   2.2744817330686611
1   1.5282949399452206
1   2.2904359194721109
1   2.1490548175770776
1   1.7385888778122234
1   2.2155256563618875
1   1.8244925129008056
1   1.7449969195570518
1   1.758529463894325
1   1.914055542822064
1   1.2103965692613552
1   2.1890070107511779
1   2.2164630126123561
1   1.1434749060092886
1   1.0634241282257941
1   3.0741180323309414
1   1.7985277370586727
1   1.5244359444438733
1   2.677769039067293
1   1.2325506112675844
1   2.5146602085453842
1   2.3850504939100268
1   1.6144985153226243
1   2.7294834605355929
1   1.873977977892026
1   1.2410467454143894
1   1.4886465993563966
1   1.5634709303137866
1   1.0875995292083149
1   1.8575780461518283
1   1.1276043318256537
1   1.5267337395095444
1   1.4190811903245024
1   1.2384858807244892
1   1.7553792614713646
1   1.216777902007157
1   1.9800508635070386
1   1.7045152855592534
1   1.9840199857669027
1   1.8524914841947151
1   1.3419823064747143
1   1.7010919949296333
1   1.5183973140559419
1   1.4265506682325158
1   2.1481126155534671
1   1.6405406944335925
1   2.1766068578825282
1   2.0081035173348529
1   1.9524713135451126
1   1.846236574297389
1   1.2896714327886327
1   1.4707376178852547
1   1.183238545303543
1   1.8015718298049017
1   1.9778238326242854
1   2.0930733490428288
1   1.8485351323333385
1   1.3437852651010702
1   1.2647505137665997
1   1.7149405455311224
1   1.7133284338952643
1   1.4148756494404913
1   1.7246953321822063
1   1.4479743716833469
1   1.7222846154452793
1   1.4097880826091456
1   1.7978222324231194
1   2.2811168075121988
1   1.9306674181050405
1   1.9046334020856799
1   1.8474411013173415
1   1.8286960206758729
1   2.4164225578495335
1   2.1635850509156347
1   1.9932241870342073
1   1.6334440029561326
1   1.9229147007026124
1   2.7813323820852527
1   2.3170154232368887
1   2.049913987407372
1   2.6316654834347091
1   1.4615514286165818
1   3.1014056057255512
1   2.1864725061272012
1   1.8649253668888668
1   2.332168574501722
1   1.9192685522471966
1   1.5492933083646787
1   2.3548597117956325
1   2.2199185010752309
1   1.4573412044200995
1   1.5348040335766049
1   1.8473261032097397
1   2.2740794138828666
1   2.3376312015684171
1   2.2591821388266848
1   2.2938752633200425
1   1.6890553741071579
1   3.710968535041129
1   1.1617594883187246
1   1.8936290396260662
1   1.1723310880392142
1   1.2657491981461073
1   1.1053392756972455
1   1.7811892518286139
1   1.1248653655850573
1   1.358230236893424
1   1.6768577245909468
1   1.9179982645393632
1   1.3054160068191247
1   1.4115198219279381
1   1.9796235232617825
1   1.5339039926864184
1   2.4757353491187852
1   1.6518713222653845
1   1.7998571075635037
1   1.8870189153658132
1   1.7208797898113972
1   2.8899156389723597
1   1.3381284466635279
1   1.9751651391626166
1   1.0196872473562686
1   1.0375787457954735
1   1.6585858720634103
1   1.010348756641217
1   1.4580399392057692
1   1.0734479162836259
1   1.7422584015419185
1   1.7532624555774996
1   2.2189081677641092
1   2.3452721767584963
1   1.8946951007903676
1   2.1952878154398112
1   1.7661498279016188
1   1.9529288851959832
1   1.8493531229797289
1   1.2166942857773808
1   1.4067382154305501
1   2.3116162793857562
1   1.790842040859848
1   1.9103142504240718
1   1.2353547331512591
1   1.4377614933721601
1   1.8551996570913905
1   1.8589089860743524
1   1.8918061151955761
1   1.9792133941578403
1   1.8665104297999933
1   1.1684691978407566
1   2.4021417828462002
1   1.2246675664178892
1   1.7997873839858665
1   2.0691601943147999
1   1.8021563704669479
1   1.2009771039983397
1   1.1840527306427091
1   1.540697663012073
1   1.5553757057072195
1   3.346899677632873
1   1.5827763892730196
1   1.2644542474592961
1   2.0294587061136085
1   1.5484572160641297
1   1.6330061059972567
1   2.097915311618936
1   1.2762985581820587
1   1.8116538460764042
1   2.047283224653079
1   2.641140381629179
1   1.3411110213944153
1   1.5297235915832754
1   1.9821002896730264
1   2.1042600881077278
1   1.9851379773891673
1   1.9905964394993862
1   1.4163142101440864
1   1.5993868503982696
1   1.0675654568603097
1   1.1156161312104402
1   1.6466426903407245
1   1.8037817381673156
1   2.8325355576876392
1   1.7010679534191997
1   1.0281372279374561
1   1.3669738646263065
1   1.6899374998199677
1   1.7316292058401945
1   1.8220318491840599
1   1.5040941952598605
1   1.0143021421437288
1   1.6253413915958128
1   1.9443660098301567
1   1.9450490146528598
1   1.0095652011354932
1   1.0069773762412617
1   1.0580950686870874
1   1.4952046300861206
1   1.0476503506607819
1   1.6028568981079236
1   2.1074570953540608
1   2.156149681948698
1   1.5211252952351382
1   1.519326136519545
1   1.2028175421567326
1   1.3340189203573993
1   2.5876449968286139
1   2.5114658191332437
1   1.0784619459189329
1   1.1795671374403207
1   1.7134073218188948
1   1.9168241409756654
1   1.7767184674304448
1   1.3380977227243707
1   1.1959558652478803
1   1.2487793172662476
1   1.8357128842847055
1   1.87100422889216
1   1.8228540564306028
1   1.0973890643374244
1   1.0418163307144896
1   1.1029125279818106
1   1.0984488103024028
1   1.0767803694218161
1   1.5842988280194836
1   1.9187908525442516
1   2.0636611901300421
1   2.1274046501720867
1   1.3353402690629805
1   2.4101808014755548
1   1.916548692474342
1   1.444712957317339
1   1.9958393032885122
1   1.1636944444405206
1   1.6094192449011393
1   1.4255651501019206
1   1.0139153182492482
1   1.0255505834177765
1   1.025675355413773
1   1.9818095643763147
1   1.0583899297343038
1   1.8175404636062606
1   1.1149346632197394
1   1.9909865623978975
1   1.0351882294066723
1   1.2474382020280124
1   1.4268853627740343
1   2.3181731126648635
1   2.2303910225806138
1   2.4236619025485986
1   2.5258981075888154
1   2.0363637685727745
1   2.1887049108656891
1   1.6933855952394019
1   1.6472077087713428
1   1.453932758207372
1   1.5874722247657544
1   1.2126582252755673
1   1.9681088649912879
1   1.293795858683817
1   2.7065941792100974
1   2.1910773137728259
1   2.4402871420949777
1   1.2321313029776522
1   2.819552625500676
1   1.8113868517194112
1   1.9758524197692422
1   1.7265858415441504
1   1.4471870180669499
1   1.1320433767338383
1   1.9609614056430189
1   1.0287287832362659
1   1.0415270549984637
1   1.2349050081989883
1   1.2073192426269372
1   1.7834922677043319
1   1.2790468027067037
1   1.6256197868681248
1   1.1539331560672912
1   1.1990118141513184
1   1.9523429633321343
1   1.4844808202947772
1   1.7050826545974953
1   1.8266629375249837
1   1.9603805271258312
1   1.3624386839902669
1   2.4755428575462077
1   1.9337058363784694
1   1.8629574424297646
1   2.8907008705236041
1   1.021843441656155
1   1.0449523908660197
1   1.020205145809278
1   1.8441241786608411
1   1.0598204839823386
1   1.2258097472952625
1   1.2004702499506241
1   1.1552403799211171
1   1.7498523470897567
1   1.1755639123329404
1   1.2873161266852053
1   1.1661242744128479
1   1.7912332611562491
1   1.3090724931517452
1   1.7194406407217318
1   1.9008419334468543
1   1.9009470718501857
1   1.1294873367440659
1   1.3330077735788191
1   2.5017123610952336
1   1.9945585227846983
1   1.7366858189901087
1   1.4763360087594881
1   1.6530786264151822
1   1.6465589368143614
1   1.5810501889317319
1   1.9923118482014961
1   2.1015169232917525
1   1.3641685808565225
1   2.2903770716856622
1   2.0512481877671696
1   1.9945588184772371
1   1.5401238217650142
1   2.365602322871609
1   2.5640811183723953
1   2.0272774324022649
1   2.8463164065253923
1   2.0568145410843992
1   2.9320626034897241
1   2.8098465514763822
1   3.8290791673508817

2   2.0004550991324517
2   2.000929844176675
2   2.0018742491918555
2   2.1778200311942584
2   2.0139233471028839
2   2.8603887408586575
2   2.0050207335226324
2   2.1391351232497549
2   2.0055684391519324
2   2.8795836362387801
2   2.0023398129796761
2   2.8741591262021169
2   2.0049181168131853
2   2.1315165860342238
2   2.0334220160311505
2   2.0162913263727456
2   2.0330628685536625
2   2.0351067914717613
2   2.0169959792178278
2   2.8223138237912209
2   2.1896873127167331
2   2.0057347553592924
2   2.1223879548604394
2   2.9470319255538229
2   2.6756396384662815
2   2.6271844362114205
2   2.0503296588490705
2   2.3920710274772143
2   2.259353586540076
2   2.7284265056632671
2   2.3656095934415085
2   2.1683363693525863
2   2.9801527168871056
2   2.5820502390848774
2   2.2206910529706887
2   2.2255907175284553
2   2.8714193859774269
2   2.6062618734277936
2   2.3953567712047756
2   3.0733125721054755
2   2.4692410155237812
2   2.373605526518864
2   3.0204791251351364
2   2.3920284860222027
2   2.5264591601523221
2   2.3229786368048204
2   2.1739459643132899
2   2.4987246702104366
2   2.2900901451804803
2   2.2794198414743407
2   2.2981969871452925
2   2.5413658524400469
2   2.0166680379929671
2   2.0029998907127884
2   2.0115448022019851
2   2.0117117518140111
2   2.048815082508201
2   2.1634880094629478
2   2.8798635451661876
2   2.4777825254307788
2   2.416750050242281
2   2.9020663300557077
2   2.2054042783688552
2   2.1120421463756642
2   2.234368591226489
2   2.0297906076540686
2   2.5452241652879284
2   2.2551944639259882
2   2.9013846740940887
2   2.0789936918889769
2   2.3319856891639676
2   3.012138856166108
2   2.0786466442803935
2   2.8459416022580677
2   2.1352713972437201
2   2.9341701894288188
2   2.6688673218727903
2   2.1287610203573522
2   2.0689882614226733
2   2.1808455561021396
2   2.0607972137610786
2   2.5439933108904662
2   2.3687700215499969
2   2.3080623095661879
2   2.2564716428249092
2   2.2372850950933203
2   2.0398981401438445
2   2.7553063271790026
2   2.3118216563597049
2   2.0338430237042844
2   2.5484214166807129
2   2.0877344927382979
2   2.6595287229699345
2   2.6761408627580452
2   2.7092041589492921
2   2.7052538440194445
2   2.9799320226089487
2   2.3810606487761548
2   2.6122446145454381
2   2.6982689652013088
2   2.1269292310511121
2   2.0042952409900465
2   2.056131240287614
2   2.0644563664174589
2   2.0690770712247506
2   2.2481386385773283
2   2.1375787303068341
2   2.2324427911545732
2   2.5533571713535448
2   2.7899813664565869
2   2.0469350569457223
2   2.0075278158971281
2   2.9738074674833217
2   2.0206259949146772
2   2.0121660504286543
2   2.0080046268174372
2   2.0229400730320957
2   2.0448685487873686
2   2.2803034526671726
2   2.1397447219817631
2   2.467373363892305
2   2.278893511799811
2   2.1794848824592323
2   2.2626492668360729
2   2.2453860522660314
2   2.8284478210854527
2   2.4999057446368478
2   3.1999323241570479
2   2.9109614276193239
2   2.266226945662591
2   3.2007676837381647
2   2.6969313891964215
2   2.3204461481126262
2   2.4238378328288932
2   2.7146439820669652
2   2.1778023085948202
2   2.4225187900281169
2   2.3807691423203816
2   2.6762433472876563
2   2.7437866543341642
2   3.6214843687231681
2   2.0227136332299018
2   2.0038472856321747
2   2.0589014517027464
2   2.004656644228425
2   2.4662570003307493
2   2.0663738534066689
2   2.4516445052687121
2   2.2217468182189148
2   2.1756220550775169
2   2.7446208848145406
2   2.0361462318711538
2   2.0014272561287112
2   2.9027143688540673
2   2.614879130616437
2   2.463849885198885
2   2.118371986228639
2   2.0057661546511287
2   2.9896435148310538
2   2.0016246956503871
2   2.011564802487785
2   2.0080081225799429
2   2.0136206949507027
2   2.0162735224425736
2   2.06058126042414
2   2.8408778454454717
2   2.0122311425234254
2   2.0197208257068371
2   2.2042359380270495
2   3.7083603917859547
2   2.1990943945317207
2   2.2272266399665743
2   2.7297975997510786
2   2.8075084512537734
2   2.9152095437457466
2   2.3650993572059846
2   2.1552089586095944
2   2.0305206299526648
2   2.0808725697826076
2   2.086775577520231
2   2.9408341485622631
2   2.0005819573176091
2   2.0089464489263089
2   2.0014244202639215
2   2.0062050956547361
2   2.0026900837746608
2   2.0032009883294313
2   2.0070672557840008
2   2.1982403530037682
2   2.1708378152234671
2   2.5921466049178257
2   2.6138806840611775
2   2.2125592262573557
2   2.1879931143741151
2   2.1261186891546875
2   2.1070933294394578
2   2.0021639327407681
2   2.0193647430649957
2   2.6331502015864867
2   2.7222127707832824
2   2.3120905717275186
2   2.1919013662288034
2   2.1409925993839649
2   2.1599578520548848
2   2.003467735487666
2   2.0554954538026511
2   2.2780645768746828
2   2.2349123767122396
2   2.1256118851066166
2   2.6785007505582477
2   2.8117103371386598
2   2.0026652068527522
2   2.0616079643449314
2   2.0228420593628171
2   3.2398940297632581
2   2.8514942004965889
2   3.1820575227442225
2   2.753952966219392
2   2.150949140238378
2   2.0313538614784563
2   2.0026821303351556
2   2.0042790915731015
2   2.0011119374107995
2   2.0046771636751965
2   2.0341903906031948
2   2.0028712733291409
2   2.9676130165708274
2   2.0223293382061067
2   2.0044675089486246
2   2.9790403580476279
2   2.0033093994489097
2   2.0065595474212361
2   2.0363674699425305
2   2.0159847030731131
2   2.0349406133618868
2   2.011203406796195
2   2.7757856898456668
2   2.0910209589436946
2   2.2507012426665023
2   2.0661929677115616
2   2.06378940720443
2   2.245531088437529
2   2.6637158555001186
2   2.1765284063629577
2   2.1369604761679235
2   2.2511819939953677
2   2.7616199040855443
2   2.2351188379063216
2   2.9635274050482758
2   2.9474366499576727
2   2.8415193882611969
2   3.8477085722559021

3   3.0000367823826739
3   3.0000589470696255
3   3.0004959873772346
3   3.0015080816263069
3   3.0005139015049402
3   3.0351761550200611
3   3.0101363332476119
3   3.8124340288968561
3   3.0005993437811784
3   3.192287234141499
3   3.8475146430251419
3   3.001646357327743
3   3.1701739390018822
3   3.0001806211092963
3   3.0064664534813401
3   3.0004881993317905
3   3.0029212048801388
3   3.0002467607748513
3   3.7849832157085022
3   3.0007955958378463
3   3.0304437036505147
3   3.1633475481008189
3   3.0047557855184972
3   3.0660279061814033
3   3.0132952781157143
3   3.0019243254208572
3   3.7618157560265209
3   3.0003741081078266
3   3.2659739040095674
3   3.0001303786687239
3   3.00429688521417
3   3.000066380060654
3   3.0023025174264282
3   3.0052788123173175
3   3.296139242930499
3   3.0024314090383317
3   3.2549243990608732
3   3.5095316221498143
3   3.0072340048284039
3   3.0076574021852833
3   3.0917103167578532
3   3.0114139988266206
3   3.9148603604646963
3   3.0001012934389593
3   3.0001842226511881
3   3.0002694517162811
3   3.0015781807909536
3   3.0001024412634894
3   3.0000168121791488
3   3.6810384117710075
3   3.0000496355611834
3   3.3714459516948265
3   3.0000163371890687
3   3.002519694305942
3   3.0001705958068365
3   3.0002134098594118
3   3.000008159968214
3   3.0000310801740833
3   3.0398315954986828
3   3.0000180620767631
3   3.9144695337588526
3   3.0000888707413256
3   3.0678017109182938
3   3.000040955143219
3   3.0000517098611952
3   3.000278093501632
3   3.0000338102844899
3   3.0000018128336756
3   3.0000188013574203
3   3.1230040509208372
3   3.0001052705913152
3   3.9012367832176595

4   4
4   4
4   4
4   4
4   4
4   4
4   4
4   4
4   4

