-1.5   1.5
-1.5   1.5
-1.5   1.5
-1.5   1.5

-0.5   0.50154089512398881
-0.5   0.5
-0.5   1.4997225738921072
-0.5   0.49999999999999989
-0.5   1.499096584204642
-0.5   0.50051478634124713
-0.5   1.4999999999999993
-0.5   0.5
-0.5   0.50026430627888163
-0.5   0.50219328426289289
-0.5   0.49999999999999978
-0.5   1.4989218120669976

0.5   0.50154089512398881
0.5   0.5
0.5   1.4997225738921078
0.5   0.50000000000000022
0.5   1.4990965842046424
0.5   0.50051478634124691
0.5   1.5000000000000004
0.5   0.50000000000000022
0.5   0.50026430627888185
0.5   0.50219328426289356
0.5   0.50000000000000022
0.5   1.4989218120669978

1.5   1.5
1.5   1.5
1.5   1.5
1.5   1.5

