0   -41.5044   0.0517016   0.0292459   0.0859339   0.174061   0.0176538   0.282808   0.0176538   0.174061   0.0859339   0.0292459   0.0517016   
1   -53.221   0.011133   0.0270138   0.0661249   0.122817   0.173768   0.198286   0.173768   0.122817   0.0661249   0.0270138   0.011133   
2   -54.3936   0.00952339   0.0244357   0.0643938   0.123733   0.175997   0.203835   0.175997   0.123733   0.0643938   0.0244357   0.00952339   
3   -54.63   0.0134917   0.0338415   0.0762213   0.124227   0.162351   0.179735   0.162351   0.124227   0.0762213   0.0338415   0.0134917   
4   -54.6086   0.0149369   0.0346646   0.0809309   0.12104   0.163462   0.169932   0.163462   0.12104   0.0809309   0.0346646   0.0149369   
5   -54.5647   0.0171161   0.0376406   0.0855299   0.118801   0.160091   0.161642   0.160091   0.118801   0.0855299   0.0376406   0.0171161   
6   -54.6086   0.0149369   0.0346646   0.0809309   0.12104   0.163462   0.169932   0.163462   0.12104   0.0809309   0.0346646   0.0149369   
7   -54.63   0.0134917   0.0338415   0.0762213   0.124227   0.162351   0.179735   0.162351   0.124227   0.0762213   0.0338415   0.0134917   
8   -54.3936   0.00952339   0.0244357   0.0643938   0.123733   0.175997   0.203835   0.175997   0.123733   0.0643938   0.0244357   0.00952339   
9   -53.221   0.011133   0.0270138   0.0661249   0.122817   0.173768   0.198286   0.173768   0.122817   0.0661249   0.0270138   0.011133   
10   -41.5044   0.0517016   0.0292459   0.0859339   0.174061   0.0176538   0.282808   0.0176538   0.174061   0.0859339   0.0292459   0.0517016   
