0   -30.766   0.0523511   0.0296253   0.085721   0.17389   0.0175373   0.28175   0.0175373   0.17389   0.085721   0.0296253   0.0523511   
1   -38.6931   0.0113946   0.0275562   0.0666959   0.12286   0.17295   0.197086   0.17295   0.12286   0.0666959   0.0275562   0.0113946   
2   -39.1831   0.00974552   0.0250441   0.0648564   0.123739   0.175498   0.202235   0.175498   0.123739   0.0648564   0.0250441   0.00974552   
3   -39.1299   0.0168125   0.0368448   0.0813451   0.119197   0.160059   0.171483   0.160059   0.119197   0.0813451   0.0368448   0.0168125   
4   -39.0174   0.0120731   0.0325834   0.0725643   0.126146   0.163104   0.187057   0.163104   0.126146   0.0725643   0.0325834   0.0120731   
5   -39.0394   0.00882117   0.021839   0.0634429   0.123886   0.179431   0.205159   0.179431   0.123886   0.0634429   0.021839   0.00882117   
6   -39.0174   0.0120731   0.0325834   0.0725643   0.126146   0.163104   0.187057   0.163104   0.126146   0.0725643   0.0325834   0.0120731   
7   -39.1299   0.0168125   0.0368448   0.0813451   0.119197   0.160059   0.171483   0.160059   0.119197   0.0813451   0.0368448   0.0168125   
8   -39.1831   0.00974552   0.0250441   0.0648564   0.123739   0.175498   0.202235   0.175498   0.123739   0.0648564   0.0250441   0.00974552   
9   -38.6931   0.0113946   0.0275562   0.0666959   0.12286   0.17295   0.197086   0.17295   0.12286   0.0666959   0.0275562   0.0113946   
10   -30.766   0.0523511   0.0296253   0.085721   0.17389   0.0175373   0.28175   0.0175373   0.17389   0.085721   0.0296253   0.0523511   
