-2.5   2.5
-2.5   2.5
-2.5   2.5
-2.5   2.4999999999999996
-2.5   2.5000000000000004
-2.5   2.5000000000000004

-1.5   1.5014175414955657
-1.5   1.5069575243597115
-1.5   1.5272285523630491
-1.5   1.5220824851366381
-1.5   2.4241559915087341
-1.5   1.5952943016533903
-1.5   2.4135425105076687
-1.5   1.582380834338434
-1.5   1.5000911069373917
-1.5   1.5106202124605783
-1.5   1.5120511588245416
-1.5   1.5214403703288482
-1.5   1.5047334170360718
-1.5   2.2524858351841073
-1.5   1.7981938623126821
-1.5   1.982012103776809
-1.5   2.1011245950519899
-1.5   1.5014675127937736
-1.5   1.5073423865708513
-1.5   1.502657569065263
-1.5   1.5005229671205456
-1.5   1.5727478316571117
-1.5   2.443950380701676
-1.5   1.5000662313491224
-1.5   1.502650289029579
-1.5   1.502241790296897
-1.5   1.5000257376894788
-1.5   1.6056780100472827
-1.5   1.5001270948559093
-1.5   2.4250485384281792

-0.5   0.54636371640932602
-0.5   0.5314435828473083
-0.5   1.4691104518509464
-0.5   1.4802219187290673
-0.5   0.54327025398506756
-0.5   0.60008544430016597
-0.5   1.2276423697102163
-0.5   1.4435596630591556
-0.5   1.5386936619815401
-0.5   0.92740658812169174
-0.5   1.781445950869339
-0.5   1.2634204707168941
-0.5   0.83931894439602384
-0.5   1.4261991508604748
-0.5   2.1280427719292585
-0.5   1.4855942253124996
-0.5   1.4773520583581485
-0.5   0.6166060809198064
-0.5   0.54797515935787078
-0.5   1.4735671362882601
-0.5   0.52867067033130111
-0.5   0.56551355692992944
-0.5   1.4972142968022015
-0.5   0.94126895400022148
-0.5   1.1649116094894929
-0.5   1.4334438186431793
-0.5   1.0714461333172789
-0.5   1.4684867494640679
-0.5   2.1819962735930618
-0.5   1.4854320470321001
-0.5   0.94198151841010014
-0.5   2.387683018657548
-0.5   0.64335955606071726
-0.5   1.4819063962929728
-0.5   0.52743875348440228
-0.5   1.4982417640715811
-0.5   1.4822281047687187
-0.5   0.52974737767884283
-0.5   0.63285300727614557
-0.5   0.99880491797805804
-0.5   0.95177525550591491
-0.5   1.1687766996398101
-0.5   1.2273102820230568
-0.5   2.3392606711215622
-0.5   1.463042525607908
-0.5   0.76857520006257829
-0.5   0.53714644061886174
-0.5   0.50385306160269727
-0.5   0.52549059320179481
-0.5   0.53836181899708979
-0.5   1.4574220968874796
-0.5   0.57125386785603038
-0.5   1.4757563343259292
-0.5   0.55253173086002483
-0.5   0.75759397159780217
-0.5   1.3979278554835999
-0.5   0.68414361710167992
-0.5   1.4961624215845049
-0.5   1.4477205396161827
-0.5   2.4208997198346474

0.5   0.54636371640932024
0.5   0.53144358284730808
0.5   1.4691104518509464
0.5   1.4802219187290664
0.5   0.54327025398507378
0.5   0.60008544430016819
0.5   1.227642369710213
0.5   1.4435596630591601
0.5   1.5386936619815574
0.5   0.92740658812169374
0.5   1.781445950869311
0.5   1.2634204707168946
0.5   0.83931894439603316
0.5   1.4261991508604617
0.5   2.1280427719292678
0.5   1.4855942253125021
0.5   1.4773520583581479
0.5   0.61660608091980929
0.5   0.54797515935787167
0.5   1.4735671362882605
0.5   0.52867067033130288
0.5   0.56551355692992922
0.5   1.4972142968022015
0.5   0.94126895400022126
0.5   1.164911609489496
0.5   1.4334438186431802
0.5   1.071446133317276
0.5   1.4684867494640679
0.5   2.1819962735930636
0.5   1.4854320470321025
0.5   0.94198151841009925
0.5   2.387683018657548
0.5   0.64335955606071549
0.5   1.4819063962929755
0.5   0.52743875348440294
0.5   1.4982417640715799
0.5   1.4822281047687187
0.5   0.52974737767884217
0.5   0.63285300727614469
0.5   0.99880491797807802
0.5   0.95177525550591136
0.5   1.1687766996397921
0.5   1.2273102820230593
0.5   2.3392606711215644
0.5   1.463042525607908
0.5   0.76857520006257363
0.5   0.53714644061885863
0.5   0.50385306160269749
0.5   0.5254905932017937
0.5   0.53836181899709135
0.5   1.457422096887478
0.5   0.57125386785603549
0.5   1.4757563343259279
0.5   0.55253173086002327
0.5   0.75759397159780684
0.5   1.3979278554835979
0.5   0.68414361710168303
0.5   1.4961624215845077
0.5   1.4477205396161845
0.5   2.4208997198346425

1.5   1.5014175414955653
1.5   1.5069575243597124
1.5   1.52722855236305
1.5   1.5220824851366368
1.5   2.4241559915087345
1.5   1.5952943016533863
1.5   2.4135425105076709
1.5   1.5823808343384336
1.5   1.5000911069373912
1.5   1.5106202124605792
1.5   1.5120511588245424
1.5   1.5214403703288495
1.5   1.5047334170360727
1.5   2.2524858351841104
1.5   1.798193862312679
1.5   1.9820121037768108
1.5   2.1011245950519868
1.5   1.501467512793774
1.5   1.5073423865708513
1.5   1.5026575690652626
1.5   1.5005229671205451
1.5   1.57274783165711
1.5   2.4439503807016791
1.5   1.5000662313491224
1.5   1.5026502890295794
1.5   1.5022417902968979
1.5   1.5000257376894801
1.5   1.6056780100472827
1.5   1.5001270948559098
1.5   2.4250485384281815

2.5   2.5
2.5   2.5
2.5   2.5
2.5   2.4999999999999996
2.5   2.5000000000000004
2.5   2.5000000000000004

