-4   4
-4   4
-4   4
-4   4
-4   4
-4   4
-4   4
-4   4
-4   4

-3   3.0000382880935508
-3   3.0000615670010191
-3   3.0005127114801544
-3   3.0015654230291751
-3   3.000592964750691
-3   3.0368904005242685
-3   3.0104337819506291
-3   3.8058910221055955
-3   3.000620069866923
-3   3.1981018921796993
-3   3.8452750642223732
-3   3.0017158769865233
-3   3.1723034349915382
-3   3.000186125298653
-3   3.0066519943183412
-3   3.0005057658617078
-3   3.0030302990866811
-3   3.0002578939742612
-3   3.7832243912707577
-3   3.0008189727140344
-3   3.0309601879818855
-3   3.1625551257864331
-3   3.004914527872748
-3   3.0682797717764019
-3   3.0138648928489262
-3   3.0019556634989639
-3   3.7612480579960623
-3   3.0003866643620651
-3   3.2658096980844213
-3   3.0001349468982621
-3   3.0044570894984832
-3   3.0000687463323348
-3   3.0023798333796923
-3   3.0056035052508685
-3   3.2955610011932879
-3   3.0023930510653476
-3   3.2642160928074277
-3   3.5007032538195046
-3   3.0074858113619847
-3   3.0079083093802823
-3   3.094267780537713
-3   3.0117539022088988
-3   3.9123356672158058
-3   3.0001050438748278
-3   3.000190109447618
-3   3.0002793712364628
-3   3.0016335674726591
-3   3.0001052758051112
-3   3.0000175071219868
-3   3.6717899369670421
-3   3.0000513378863527
-3   3.381275399907024
-3   3.0000169828617853
-3   3.0026036558595459
-3   3.0001769544442389
-3   3.0002211406150994
-3   3.0000085545923385
-3   3.0000321482860408
-3   3.0409843858777519
-3   3.0000189026881032
-3   3.9123239112940071
-3   3.0000918461987958
-3   3.0692969190746107
-3   3.0000424925856635
-3   3.0000536206062431
-3   3.0002897554955901
-3   3.0000347201156252
-3   3.000003192241957
-3   3.0000189740329506
-3   3.1253546394550042
-3   3.0001098235694696
-3   3.8992863155283652

-2   2.0004770343757312
-2   2.001010589358402
-2   2.0019836558432438
-2   2.1810871525006212
-2   2.0144189981542482
-2   2.8575415615833295
-2   2.0052476031255226
-2   2.1415687694165899
-2   2.0057303076142028
-2   2.8770409958140934
-2   2.0024784217170524
-2   2.8736899023118907
-2   2.0050813032237866
-2   2.1307590331365764
-2   2.0348241514278151
-2   2.016930669511324
-2   2.0354206706710749
-2   2.0370199209170963
-2   2.0169459719597662
-2   2.8162345088886269
-2   2.1945082720935294
-2   2.005986768863977
-2   2.1255319028922925
-2   2.9455373775506839
-2   2.671439245834704
-2   2.6178957963445804
-2   2.0528095579753436
-2   2.4003232510868182
-2   2.2602243400532744
-2   2.7469357874235505
-2   2.3414650187445116
-2   2.1772209349445268
-2   2.9678845452015601
-2   2.5759691697396656
-2   2.2328110339529412
-2   2.220124545294496
-2   2.8729895330012001
-2   2.6174654186257591
-2   2.4033516816562859
-2   3.0579138839297388
-2   2.4609302312978545
-2   2.374269708674698
-2   3.0156837490712527
-2   2.3971108920665394
-2   2.5408754350799811
-2   2.3224015835154552
-2   2.1704503646915247
-2   2.4845014717000824
-2   2.2954139275800518
-2   2.2981718646948774
-2   2.2809827362567763
-2   2.5530227931384073
-2   2.0172196687736408
-2   2.0031102071679907
-2   2.0119870937378992
-2   2.0120876055507559
-2   2.0486451536450572
-2   2.1696838054484497
-2   2.8750636328185806
-2   2.4667667473398751
-2   2.4209338031757492
-2   2.8927508921427521
-2   2.2225791518830782
-2   2.1167701475957204
-2   2.2439364349575506
-2   2.0302134109796999
-2   2.5472232268142969
-2   2.2495007126240201
-2   2.8886168795880733
-2   2.0810747477538656
-2   2.3262655623892821
-2   2.9951113905410836
-2   2.079610290290788
-2   2.8645672826092436
-2   2.1590690527686638
-2   2.9193049363107848
-2   2.6657328555583808
-2   2.1343567306642521
-2   2.0715452047300777
-2   2.1925880193156706
-2   2.0601693775918561
-2   2.524880920478592
-2   2.3721549629146095
-2   2.3086887003212087
-2   2.2563840029405737
-2   2.2451158714402712
-2   2.0383426034322341
-2   2.7547551083613011
-2   2.3039540184330272
-2   2.0359585729144993
-2   2.5537135398990132
-2   2.0901152449467508
-2   2.6581347776762785
-2   2.6752037909156514
-2   2.7092109828806032
-2   2.7052790845496202
-2   2.9794128164655298
-2   2.3812161462178287
-2   2.6048757181451623
-2   2.6979792212499838
-2   2.1362376035832544
-2   2.0044690861063135
-2   2.0592585332847855
-2   2.0699277156011129
-2   2.0664679472079359
-2   2.2453062269012642
-2   2.1375995455481784
-2   2.2250999602927406
-2   2.5590837939362885
-2   2.7876504748559539
-2   2.0485867038437733
-2   2.0077053915971366
-2   2.9727116062175436
-2   2.0212656239466371
-2   2.0127114851910264
-2   2.0085026129984591
-2   2.0241228388591894
-2   2.0468904427078911
-2   2.2937578897417557
-2   2.1537056026702972
-2   2.4562566216604815
-2   2.268650315717768
-2   2.1832259436528942
-2   2.2602547357294909
-2   2.2481991819698939
-2   2.8354055902731181
-2   2.484729614240845
-2   3.1928300615829337
-2   2.917100328301427
-2   2.2639657978639356
-2   3.196743473259104
-2   2.6973660812511357
-2   2.3249282571167034
-2   2.43510624882218
-2   2.7155670672071484
-2   2.1640480397762967
-2   2.4248017140932898
-2   2.3859761038301821
-2   2.6712346050510565
-2   2.7579505066925707
-2   3.6072796480017244
-2   2.0232434093414216
-2   2.0039880959398779
-2   2.0619546567408449
-2   2.0048814235696968
-2   2.4668896876758923
-2   2.067486682570788
-2   2.4458119549090043
-2   2.2229947900129994
-2   2.1808171071124351
-2   2.7411717763813819
-2   2.0378041713038355
-2   2.0014893969886876
-2   2.9005333663590203
-2   2.6109861842973396
-2   2.4678378505190945
-2   2.1207845276464838
-2   2.005916250710154
-2   2.9893416867114349
-2   2.0017002980685143
-2   2.0119148943158223
-2   2.0083753796663708
-2   2.0143626579245359
-2   2.016859480973499
-2   2.0627617294612421
-2   2.8348625431517074
-2   2.0128040329034653
-2   2.0198528185472471
-2   2.2112448281229282
-2   3.6983013576891963
-2   2.2008320425310148
-2   2.2287047932299915
-2   2.7329145522485896
-2   2.8055554511009455
-2   2.9133840700818694
-2   2.3629708503482934
-2   2.1661052780069148
-2   2.0305002440423396
-2   2.0813765247285048
-2   2.0893440065752893
-2   2.9389498883137275
-2   2.0006008536377009
-2   2.0094431476595034
-2   2.0014761259759406
-2   2.0064255803586781
-2   2.0027857555325448
-2   2.003324255984023
-2   2.0073543238280078
-2   2.1978668345041603
-2   2.1711044238825421
-2   2.5849702972032689
-2   2.6074541622457699
-2   2.2070151204713402
-2   2.1797386149156095
-2   2.1414654763073608
-2   2.1216431604052675
-2   2.002246748242706
-2   2.0201207036299871
-2   2.6395827854384963
-2   2.718216753550633
-2   2.301090027947803
-2   2.1929316973373867
-2   2.144729604579072
-2   2.1634733036156537
-2   2.0556190008607804
-2   2.0034072982403242
-2   2.2813498443658107
-2   2.2356374928000791
-2   2.1268547702261196
-2   2.675604434901965
-2   2.8110432869178572
-2   2.0028774777930733
-2   2.0642994384404942
-2   2.0239500365984808
-2   3.2259700922559085
-2   2.8488099591901541
-2   3.1947554743548543
-2   2.7520184130300955
-2   2.1547824548233128
-2   2.0297586444490481
-2   2.0027263089826928
-2   2.0044294357464985
-2   2.0011542745319737
-2   2.0048282677570244
-2   2.0354628552690035
-2   2.0029856417301533
-2   2.9664090763475861
-2   2.0231751448279449
-2   2.0046308009400327
-2   2.9782407785341807
-2   2.0034199824983654
-2   2.0067425467018554
-2   2.0378139196541425
-2   2.0167578355035034
-2   2.0366680255641207
-2   2.0113229876271554
-2   2.7661364902180332
-2   2.0921661190025631
-2   2.2611154145439132
-2   2.0674137732714133
-2   2.064792012135952
-2   2.2295818551670541
-2   2.6739266696957844
-2   2.1791525241537042
-2   2.1348586561315606
-2   2.2563086989108414
-2   2.757646862950907
-2   2.2436175550415278
-2   2.962677387632374
-2   2.9460493549604783
-2   2.8385871261722468
-2   3.8445692375299876

-1   1.0601027821022657
-1   1.1243621937267556
-1   1.142726845129385
-1   1.5351380434170832
-1   1.0754961986760412
-1   1.5829257184510723
-1   1.3437825036415749
-1   1.3424333656360616
-1   1.1499752308698969
-1   1.7464824183686392
-1   1.906482098863699
-1   1.2585906531921647
-1   1.8490409571483841
-1   1.7766871149815389
-1   1.0524254970231472
-1   2.802507638297973
-1   1.8848716661955214
-1   1.4070602366346738
-1   1.1342135178393131
-1   2.0786614766589788
-1   1.7918077157235848
-1   2.7055059962648018
-1   1.4155124653119076
-1   1.1756690734136532
-1   1.8470273469097522
-1   1.03345678270201
-1   1.5258145055272934
-1   2.3817710794914366
-1   1.6295135120803694
-1   2.1631095984593611
-1   1.0794475161442543
-1   1.3725564717129768
-1   1.6476721895455131
-1   1.5199267480562115
-1   1.0620657881305398
-1   1.6212093980280144
-1   1.5347355286851077
-1   1.6689259547059438
-1   1.3565836238101299
-1   1.6093436117600555
-1   1.7887234826859166
-1   1.1961333144861472
-1   1.6534383466576865
-1   1.4235135718721503
-1   1.3980583997363649
-1   2.6867397465254061
-1   1.147374891449314
-1   1.3346603578950484
-1   1.6445556312901477
-1   1.5079712343116571
-1   1.147497559552324
-1   1.8128956501927989
-1   1.7584463037210001
-1   1.9224433684349176
-1   1.4791585675809569
-1   1.9993420706330576
-1   1.9847781974400927
-1   1.9465158247555032
-1   2.057669124151253
-1   2.1942773858588889
-1   1.8430050698021545
-1   2.6754345721113908
-1   1.6622903142156638
-1   1.8527701578557649
-1   2.9744665271269923
-1   1.9800045906184005
-1   1.8982951489947335
-1   1.8662578933633842
-1   1.3100387404635112
-1   1.9110322685898762
-1   2.0672971700262361
-1   1.8549280064071265
-1   2.4448957979281349
-1   2.5689211642103031
-1   2.2441459161833079
-1   1.496432612513118
-1   1.844686045743952
-1   1.5310463546993169
-1   1.9938892720417796
-1   1.491150431097543
-1   1.768878198802565
-1   2.7219852615434803
-1   2.0266254999803248
-1   2.1079812935157505
-1   2.1440806167141919
-1   1.7948175431707702
-1   1.4006261037672028
-1   2.8256542028215725
-1   1.8704908406906311
-1   2.1712111989756089
-1   1.6501887796201844
-1   1.4107372523917261
-1   1.5410513645975055
-1   1.8421422275093242
-1   1.3218385869972236
-1   2.0919681092583433
-1   1.9097354769491517
-1   1.6738677405865148
-1   1.1195809532877139
-1   2.0376881269650742
-1   1.2674751495523444
-1   1.8126935749295048
-1   2.7751950947075548
-1   1.663570770514613
-1   1.9871728724747464
-1   1.2341475593775086
-1   1.3490977420001515
-1   1.2218966889522549
-1   1.9392310283926419
-1   1.582770987532327
-1   1.4333981554356194
-1   1.7320843608861933
-1   1.8864906836081636
-1   1.2265629012998589
-1   1.1720906965306483
-1   1.1121317260952741
-1   1.8759824992407959
-1   2.0497254698706016
-1   1.9730720970720466
-1   2.2441229557149991
-1   1.6808838379466406
-1   2.2778442329007036
-1   1.6090118399731188
-1   2.354380557886937
-1   1.3457215269864193
-1   2.4649023126136198
-1   1.690448508828474
-1   1.3291040969005321
-1   1.754663831421956
-1   1.8499646081939494
-1   1.7886510330549634
-1   1.8168149110436334
-1   1.6633192886061328
-1   1.5116863870780146
-1   1.4046257638184731
-1   1.6976899653264002
-1   1.5033266595334762
-1   1.5421286824693539
-1   1.7790182065579296
-1   2.0555300920615731
-1   1.6724022623242378
-1   1.5167431990469624
-1   1.8014610600453813
-1   1.945797848494466
-1   2.3498917728001625
-1   2.1326776772799216
-1   2.0037094008292633
-1   2.9070151971149216
-1   1.4277911299318953
-1   1.525393084115449
-1   2.4912007826678142
-1   2.4160556649190492
-1   1.7662468914347538
-1   1.7743485140212769
-1   1.717241194670402
-1   1.9232033614678765
-1   1.5810082180920055
-1   1.4423379431857875
-1   1.7351764003296939
-1   1.6657147653721447
-1   2.2189899014656551
-1   1.7367429842926918
-1   1.4227527631560219
-1   1.4626219975059787
-1   2.3477216729908514
-1   1.7350775738566209
-1   2.1044977768619941
-1   1.6772265555265902
-1   1.6390669501607666
-1   1.3345502813231351
-1   1.4521448818727929
-1   1.3762984805497847
-1   1.6518661506128414
-1   1.4377948294330953
-1   2.2618095069000113
-1   1.5213452037227526
-1   2.2937221818261997
-1   2.1522617602744396
-1   1.7320999260842247
-1   2.0346210930494641
-1   1.7509461439535388
-1   1.9441569722059273
-1   1.8279474311047967
-1   1.9123698352713818
-1   1.2186693368062123
-1   2.2168350947175997
-1   2.2228726116627819
-1   1.0901188188844679
-1   1.0648498457214903
-1   3.0722566224459276
-1   1.7989658491386775
-1   1.5244776239562916
-1   2.6771189129076163
-1   1.2331807132553276
-1   2.5079779388924726
-1   2.3897474910914678
-1   1.6367879344923661
-1   2.7143628783444047
-1   1.8680616673284511
-1   1.2522862938032364
-1   1.4944199850162341
-1   1.5548511275152443
-1   1.0904458329857822
-1   1.8490909418916965
-1   1.1365156929890978
-1   1.5127763470540776
-1   1.4388405069388017
-1   1.2369041945202561
-1   1.7705386672858463
-1   1.2162791947941387
-1   1.9810022239452114
-1   1.7013532098740241
-1   1.9787839845066717
-1   1.8501989826684326
-1   1.3646616413939028
-1   1.6759941907281246
-1   1.519352694679164
-1   1.4307127348299498
-1   2.1375004639040349
-1   1.6478657966326464
-1   2.1732938521911453
-1   2.0088770671084171
-1   1.9630976094866632
-1   1.8202766075076737
-1   1.2948140780910289
-1   1.4975728111066016
-1   1.1774449362554236
-1   1.7945908161123127
-1   1.9693372553569657
-1   2.0965520240830218
-1   1.8467842434000987
-1   1.3568475256352555
-1   1.2780739387245761
-1   1.7167052232126299
-1   1.7113704808657073
-1   1.4114061256101149
-1   1.7278425684059533
-1   1.4349450433966069
-1   1.7361238952829039
-1   1.4174108376109935
-1   1.7951736676626142
-1   2.2875036250766239
-1   1.9327495587006625
-1   1.8929187797572982
-1   1.8550486134775817
-1   1.8270709162655114
-1   2.4166445648271111
-1   2.1820156676652331
-1   1.9705621794608033
-1   1.6316725921341364
-1   1.9187491129075087
-1   2.3012260901368671
-1   2.7857418892898003
-1   2.0576133056046775
-1   2.6327041486958001
-1   1.4628504944889236
-1   3.0793595754501282
-1   2.1878686295233503
-1   1.883070148683474
-1   2.3052531774132885
-1   1.9600390765150006
-1   1.555511377793251
-1   2.3789727688187323
-1   2.1963907908580063
-1   1.4481380244575821
-1   1.5323984852688541
-1   1.8598333945713748
-1   2.2674186444346263
-1   2.3158668616523803
-1   2.30757211964041
-1   2.257673126402592
-1   1.7016784140639105
-1   3.6992212847355948
-1   1.1739681024464352
-1   1.1796714304370564
-1   1.8874046984817889
-1   1.2739317312379377
-1   1.1098744677221097
-1   1.7819996997568817
-1   1.1226553343455592
-1   1.3620915581869133
-1   1.6758934106795249
-1   1.9137773686672523
-1   1.3146560245875378
-1   1.4172385985778728
-1   1.97284474560246
-1   1.5316880232131282
-1   2.4619701508163634
-1   1.6679037451663206
-1   1.8102374959766867
-1   1.880305240025498
-1   1.715679056395762
-1   2.8872262363921264
-1   1.3453534609522519
-1   1.9744469158299687
-1   1.0203861312420062
-1   1.0385560745457401
-1   1.6565243952780944
-1   1.0107694184241067
-1   1.4602405530590583
-1   1.0765935703223388
-1   1.7395131360484943
-1   1.7498401906902443
-1   2.2161108605469972
-1   2.33758749076314
-1   1.892704261193185
-1   2.2046224693727425
-1   1.8101921498601277
-1   1.9498573152800538
-1   1.8117107695457739
-1   1.2220264801794465
-1   1.4038233976143619
-1   2.3116721176909558
-1   1.7802999112695992
-1   1.9005467960857811
-1   1.2504957045423386
-1   1.4573184865984736
-1   1.8834775081357762
-1   1.8748297624522983
-1   1.8799304667211456
-1   1.952425507001422
-1   1.8624308908154861
-1   1.1715080886427225
-1   2.3934540353223506
-1   1.2331843041609836
-1   1.7969497673148842
-1   2.0680800179555816
-1   1.7975994081195075
-1   1.2076672398473514
-1   1.2092273180107154
-1   1.5529064961359791
-1   1.5449434702327807
-1   3.3111183262608508
-1   1.5750778531222505
-1   1.2670931840191373
-1   2.0701817456352756
-1   1.5712560762465584
-1   1.5638921755577262
-1   2.1514650518839744
-1   1.2745361455615498
-1   1.7965700507963889
-1   2.0362111502692009
-1   2.6324466892308487
-1   1.3436671448382662
-1   1.5230312520818501
-1   1.9715134541545223
-1   2.1312076649705212
-1   1.9827988171388493
-1   1.9898319690481836
-1   1.4267644282951069
-1   1.5977922387815386
-1   1.0688128710756304
-1   1.115238324425649
-1   1.6573658768006401
-1   1.8018048723287587
-1   2.8294977844052402
-1   1.6978862252424651
-1   1.0290435179150712
-1   1.3698022769931359
-1   1.6803088561193653
-1   1.7157832721579798
-1   1.8284194136593004
-1   1.5226326128666434
-1   1.014891930885641
-1   1.6279112039148838
-1   1.9481874344225862
-1   1.9400587884179004
-1   1.0099574281459212
-1   1.0072660166685952
-1   1.0604018800180026
-1   1.5033836915031058
-1   1.0498068607777526
-1   1.5964123696277528
-1   2.1005465928088549
-1   2.1450736534902162
-1   1.5315795484114094
-1   1.5323156809140084
-1   1.2006692518786313
-1   1.3369686647111176
-1   2.5815865922557344
-1   2.507027737441041
-1   1.0814083709023385
-1   1.1835009980930351
-1   1.7108792251422207
-1   1.9156362881637192
-1   1.776899324229491
-1   1.3440947245545705
-1   1.197046946486384
-1   1.250431840560023
-1   1.8372656884895791
-1   1.8703903402098612
-1   1.8183696255219086
-1   1.1014079227131406
-1   1.0432470780093839
-1   1.1053831068732503
-1   1.1051977525214134
-1   1.0880409648193741
-1   1.5824638888820814
-1   1.9119344077086486
-1   2.0456630856114346
-1   2.1157095751139234
-1   1.3172831915597378
-1   2.4231225521547208
-1   1.9223964340402659
-1   1.447601243037008
-1   2.0051278642332031
-1   1.1630573651719427
-1   1.6139405584863269
-1   1.4299222105124538
-1   1.0144280523873248
-1   1.0272259290652355
-1   1.0266352086682418
-1   1.9790097474830248
-1   1.0640173627328489
-1   1.8161624800059633
-1   1.1225936008109365
-1   1.9943160234259278
-1   1.0352313154583654
-1   1.263938510064021
-1   1.4307790188345422
-1   2.2989259130957378
-1   2.225808638448028
-1   2.4190698589013464
-1   2.4753275714004386
-1   2.0389540364173637
-1   2.2361012108428588
-1   1.6971958043685551
-1   1.6479875992208042
-1   1.4522758158646205
-1   1.594983069555485
-1   1.2023602235136241
-1   1.9662193241709636
-1   1.3010439211347333
-1   2.7752474895149448
-1   2.0953105571920485
-1   2.4434229783668537
-1   1.2309104843646612
-1   2.8194595143644117
-1   1.8081472981468494
-1   1.9893874718750379
-1   1.727121254047713
-1   1.4530769326496342
-1   1.1358121577702593
-1   1.9603074749457328
-1   1.0298514593026311
-1   1.0434516795916196
-1   1.2359335614650868
-1   1.2081723967022662
-1   1.7805378361266126
-1   1.2182744058541577
-1   1.6722986565203199
-1   1.1585410687013975
-1   1.2080731820773201
-1   1.9502092841462457
-1   1.4765788097408135
-1   1.7119566652372247
-1   1.8281647256215807
-1   1.9582354702754605
-1   1.3651520545388469
-1   2.4752693255250899
-1   1.9311634519574121
-1   1.8633412566640053
-1   2.8876312267449653
-1   1.0226575864617076
-1   1.0465011585574706
-1   1.0212345713291244
-1   1.8372051264732825
-1   1.0627286301930334
-1   1.2353243126266646
-1   1.2042710510678376
-1   1.1626190937987049
-1   1.7419703465426633
-1   1.1729680157197415
-1   1.2936105323088773
-1   1.1750980913595244
-1   1.7825440058498345
-1   1.3223053803379765
-1   1.7103128266987917
-1   1.895259589345097
-1   1.8975911891497801
-1   1.1262792977914451
-1   1.3475835661677276
-1   2.4765042065053655
-1   2.0309100829752502
-1   1.6959108935846929
-1   1.5250252781511699
-1   1.6363378458345048
-1   1.6373921150018322
-1   1.6046899228077316
-1   1.9924162414828146
-1   2.0812079333003877
-1   1.368028669959388
-1   2.3029475227692044
-1   2.0488596801240031
-1   1.9948512422768911
-1   1.5584210812411254
-1   2.3510664295166297
-1   2.5729794489971787
-1   2.027882324024064
-1   2.0579881507795244
-1   2.8425900213792965
-1   2.9303263109899684
-1   2.806873180093969
-1   3.8258001307017437

0   0.06847302496616281
0   1.0076574595524175
0   0.88450139502693048
0   1.0693343101811903
0   1.0045031073411517
0   0.85477843488206484
0   0.24578500514160295
0   1.025911170938584
0   1.048575083108223
0   1.6976812876598033
0   1.0054031638298901
0   1.9942581346298343
0   0.68206265911157282
0   1.0313466799819879
0   1.0065389197739221
0   1.3354950735356916
0   1.5944873862136348
0   1.9385957799677662
0   1.7653963991408266
0   2.7488946984076752
0   1.0028799619942059
0   1.4859917303745294
0   1.0060082883504182
0   1.2893091588694914
0   1.1498394871747988
0   1.808412205143425
0   1.8243074041446365
0   2.7191398749918947
0   0.81982975724693463
0   1.1262807938452144
0   1.2747774567286194
0   1.7237374819746627
0   0.41094242185132768
0   1.1592092645480805
0   1.0051764738551006
0   0.80394165601606926
0   2.6178022969650869
0   0.10448342547045875
0   1.8378065559303791
0   1.4567912617705401
0   1.5958713058488976
0   1.0039952119231252
0   1.9246216498334401
0   0.81862709904330289
0   1.1484654138445676
0   1.0040055228457021
0   1.9874631254000259
0   1.2099998319176861
0   0.39938949688632885
0   1.6633722428054072
0   1.3917793534202691
0   1.0158656563215445
0   1.7162705486116985
0   1.9079812271416934
0   1.0698981476617218
0   1.491088431352942
0   1.3066413397888068
0   1.0375988311407405
0   0.48314571646186955
0   1.0966673616513851
0   2.2942227569891873
0   1.7085541355534359
0   0.74113250957879995
0   1.0580031655377133
0   1.0274234785862386
0   1.4474462679659599
0   1.2166900467758703
0   1.7969683931448142
0   2.0900081434870956
0   1.2788624998452263
0   1.4556112091010722
0   1.0891033886206949
0   1.2224741399771639
0   1.8953254989487869
0   1.5656369845217881
0   2.5222901835506479
0   1.2149864329539874
0   1.0142921789149024
0   1.7522541047069491
0   2.6096235480769678
0   1.8901512196743937
0   1.6185081791936384
0   1.523233272307722
0   3.1534872205721722
0   1.7914400138220303
0   1.9262373932702506
0   1.4912493940572029
0   2.1117365450977501
0   1.7063751956610207
0   1.4501430175248176
0   1.96821155212848
0   2.3340447153466144
0   1.6299481220867467
0   1.8127020649124237
0   1.9017887872974284
0   1.6262196959878192
0   2.0017759768287235
0   0.86251660095734795
0   1.899715035648303
0   1.9213392067160333
0   1.2626235334800771
0   1.3217811475886319
0   2.1585556504128487
0   1.7078967064602377
0   1.3662486772556341
0   1.6596052136100252
0   1.8275505584713043
0   1.652513949284347
0   2.1324633438847904
0   1.4355459247697464
0   2.3306337552604224
0   1.6670212671368994
0   1.6268140606658967
0   1.4679529543106884
0   1.9934240749520158
0   1.2612862797235145
0   1.6548365811963976
0   1.5278177917462981
0   1.1141906372528663
0   1.2241996320965873
0   1.5748407525859704
0   2.6705105525841821
0   1.4150240384480839
0   1.688984058557796
0   0.79238949792122182
0   1.3472647229572141
0   2.5236019616049439
0   1.5896949815802142
0   1.1691550637732029
0   1.4513863205603295
0   1.0864643651447432
0   1.3046592360110627
0   1.0231692891125717
0   1.580553924103981
0   0.5958021352197822
0   1.0455758448712171
0   1.067887155127812
0   1.4385354841835296
0   1.0079471642954876
0   1.9613038922648092
0   1.4263140960930243
0   1.9317925241499849
0   1.0343417296310817
0   1.1802988152269256
0   1.6810864856259702
0   0.30537182961003795
0   1.0135967632892284
0   1.8246602870812718
0   1.8273160517232458
0   1.2101553987411828
0   2.5467619054469517
0   1.9025911306168806
0   2.0827295229566345
0   1.4077594821251762
0   1.4913363804156858
0   1.8320527039823444
0   1.7679785445103837
0   0.94453156190080856
0   1.417336459644561
0   1.2785914575196731
0   2.313531215031785
0   0.5454554340912372
0   1.1295876228512345
0   1.1916724737277118
0   1.8865657064578114
0   2.0082944303605719
0   1.9338519087892565
0   1.2644827734563293
0   1.1667083561604032
0   1.1707680011409241
0   1.7211569645727587
0   1.6734882765453829
0   1.7291454560585304
0   1.5767176945265877
0   2.0069242063788515
0   1.6499884073389137
0   1.2053783597502432
0   1.8411943778443352
0   1.371798983035728
0   2.0586191617299967
0   1.4740295081718693
0   1.1141087174224256
0   2.214208554007147
0   2.3072374059238712
0   1.1619640236031779
0   1.738105203363987
0   1.7808926313428808
0   2.627784165929798
0   2.3601613324876785
0   0.98202293749958858
0   1.4805536784407021
0   1.4859293964676634
0   1.1416431565414289
0   1.8217678091911895
0   1.739063192586471
0   1.2053250605279713
0   1.7143096057750302
0   1.874021919388293
0   1.9149474202474148
0   1.4550401254156549
0   1.6084682921031943
0   1.1316420027728809
0   1.4369988884312022
0   1.4080318130691618
0   1.5342061300800673
0   1.548007911271482
0   0.65416934447615427
0   2.3394664615709835
0   2.04283228690878
0   1.1334463022798376
0   1.303327008126423
0   1.3979772393578325
0   1.4762238144423383
0   1.6224614198085989
0   1.0584918169190805
0   1.5631123757316501
0   1.5630476781430067
0   1.9799796867153221
0   1.9364050987345283
0   0.91112428522217992
0   1.9060250520723319
0   1.2817193804480804
0   1.3482791336748601
0   1.3333515062591281
0   1.9666872771855024
0   1.6439523106375953
0   1.8810127190700796
0   2.1191390434674928
0   1.7009579627412239
0   1.0250800973087961
0   1.0501979197898859
0   1.0378471361515269
0   1.7648224412048803
0   1.9833937924102765
0   2.0055526235603343
0   1.9530361920192125
0   0.81799072465923972
0   0.37228963507690593
0   2.353126807673342
0   2.4321873267732173
0   1.5550802849808023
0   1.556507806456759
0   2.2010563012030646
0   2.3191135898594322
0   1.0618684160703638
0   1.0745403313127035
0   2.4145906722079982
0   2.360088137609341
0   0.88496044385779982
0   1.934405765326594
0   1.0188526080569962
0   0.11956085729291799
0   1.0194781038632643
0   0.55025937060660146
0   1.5402288285983547
0   1.9151589500346793
0   1.0282662735555042
0   1.0114634017638846
0   1.9508974759149367
0   1.1159262582080469
0   1.3759538265455624
0   1.3323703361635049
0   1.7523485340787159
0   1.28111113950591
0   1.484700433827185
0   1.3116094990199256
0   1.0464400261479361
0   1.2610612550165723
0   1.1506985494650461
0   0.44084037810361942
0   1.6791530525111096
0   1.0094636964860646
0   1.0340657076763116
0   0.83133310715923492
0   1.6062329170347067
0   2.1324124633718609
0   2.6924158929362663
0   1.1425862886620575
0   2.0047929220216258
0   1.9309547263031051
0   1.5703585783634932
0   0.66062578678231465
0   1.0204673099935864
0   1.6000437094847504
0   1.0983337455701092
0   1.9697132409820206
0   2.4827954282315372
0   1.6201476726945447
0   1.8599194508624581
0   1.031048706693303
0   1.0263592548070275
0   1.6770826567559323
0   1.7167234571558532
0   1.1114591440393726
0   1.8832402761573221
0   1.1827698513448006
0   1.6388199980640921
0   1.3522214268053228
0   1.1297669016363447
0   1.5735731715933383
0   1.7525878683793139
0   1.6114525019929933
0   1.8474482218013533
0   1.2852610592892717
0   1.4084006231791573
0   1.9373646384951848
0   1.5343262933699835
0   1.935738006169708
0   1.762320831027631
0   1.2913557581937072
0   2.8079694936941357
0   2.2915780839866762
0   1.9851815807162136
0   1.9958916679741838
0   2.8002530641718528
0   1.1968922511422904
0   3.2794871130093304
0   1.9014433784951921
0   1.8298970297958377
0   2.6988752654572834
0   1.8118582614969903
0   1.5028319990301502
0   1.4752252528536509
0   1.7897433917487273
0   0.67808630656957836
0   1.1341716450971848
0   2.2871365490034843
0   2.0403652067060114
0   2.0004319905036403
0   2.1748432615813384
0   1.29444856552
0   2.3675961616267696
0   1.949799444001572
0   2.4089565763108634
0   1.9804652150771158
0   1.1066121626789485
0   0.55583824864848874
0   1.0209642291801664
0   3.7638208347422104
0   1.0367359965901239
0   1.9118100771876718
0   0.46849959864074298
0   1.0644404487828376
0   1.0023650567742286
0   1.6868004968638242
0   1.0176047201031451
0   0.6405623422172495
0   1.5599585223834094
0   1.0622772983369881
0   1.3680257817151313
0   1.7172814656141897
0   1.109006698456467
0   0.63272514490735476
0   1.0774168289376045
0   1.8405148077813593
0   1.8568354758899752
0   1.3287734550072861
0   2.4232894557234057
0   1.8346497202524734
0   0.86248940347286296
0   1.0169808797985189
0   2.9351831888695834
0   1.4875438551382281
0   1.6556386396998928
0   1.0061346574739713
0   1.5127853946161367
0   1.1002147611927158
0   1.0192228407717352
0   1.0256246409733933
0   0.89599444947844664
0   1.0069006777447098
0   1.6396702524214541
0   1.0069408443971277
0   1.3670241590644787
0   1.365173588699766
0   1.3994451919717812
0   1.6964326385607515
0   1.4198456417069205
0   1.7230533018532985
0   1.6722247436653159
0   2.1463411493459028
0   2.5666845369990887
0   1.0986649598423417
0   1.1049174199003975
0   1.6091111179102344
0   1.0186036088950297
0   1.0467138884470129
0   1.3211031141401866
0   2.844800829417093
0   1.3258816859171123
0   1.3275573763036346
0   1.8365611891357831
0   1.7794481460886997
0   1.0083794240231605
0   1.0283590873582713
0   1.9827442638469979
0   1.9900311062241514
0   1.4106584104503179
0   1.7044658208208068
0   1.0039213939249647
0   2.8097028810312632
0   0.79980944482111638
0   0.36683555063525397
0   1.0474345681663673
0   1.7528881536716718
0   1.690048565854875
0   1.006724668715498
0   1.9846699156264251
0   1.1230836701216216
0   1.9929107848953254
0   1.113907479498476
0   2.4578053160061799
0   1.5699829106845224
0   1.5423795852143898
0   2.6054155574842195
0   1.1516462031428678
0   0.99947664370869216
0   1.018269861038799
0   1.3600168340863286
0   1.5489177904203033
0   2.2409282645894089
0   0.93670683337992999
0   1.1206440215697777
0   1.0456806802289154
0   1.5791804514798695
0   1.4553563416516431
0   1.2210253290168083
0   1.9105288065787369
0   1.7943932031841721
0   2.5161790891062839
0   2.2412947868026327
0   1.902852663904731
0   1.2777665631479198
0   1.2638855472586992
0   0.59834109267700031
0   0.70665066192608239
0   1.6829514317628842
0   1.9500358828025854
0   1.428952257007637
0   1.0048039072226174
0   1.006377934402197
0   2.5994141887122058
0   1.7237843066348981
0   1.0167287365259434
0   1.0043569296020436
0   0.82299721344661902
0   0.44819473028634382
0   1.007824549856307
0   1.9880026253196537
0   1.9659494793851215
0   1.9924134040385146
0   1.0015735800463852
0   1.0054638917068075
0   1.9560663170564396
0   1.9192510630619783
0   1.0069930925286108
0   1.0009731618826905
0   0.080177624803853043
0   1.0637875144056372
0   0.042082396518068999
0   0.088092978017421664
0   0.68394759538576566
0   1.0584184150628297
0   1.0071705220913509
0   1.7568155321097954
0   0.46061736062220926
0   1.9141958523555189
0   2.9203305789495158
0   2.8110429543752407
0   1.8218535132896174
0   1.0359121792136283
0   1.0008491740327445
0   1.4028432428060453
0   1.0754962128370706
0   1.9838568333210662
0   1.8384737365905042
0   1.0036105927942787
0   1.0185166259006653
0   1.300732584212176
0   1.1403519168565679
0   1.0601398691063204
0   1.9142956406103071
0   0.58347503931164302
0   1.0041738127434496
0   1.0051871909429109
0   1.975519816258748
0   1.8997466912951957
0   1.1001131053015007
0   0.40223272935680132
0   1.0433424084303313
0   0.35368564095444188
0   1.0083498363630141
0   1.0100438181959679
0   0.14569318150271526
0   1.0175200107987492
0   1.0356953869783214
0   0.44177412392640125
0   1.5627628960974786
0   2.4757581891516627
0   0.72477327303307248
0   1.4881373276932448
0   1.4940636278425814
0   1.5289630716173646
0   2.2819735383231623
0   1.6795245083006822
0   0.55636712577817171
0   1.9767904884796597
0   1.9124700930968301
0   1.1969528000559317
0   1.0654522934432531
0   1.1515035850657831
0   0.083797870596342028
0   0.095086086419429949
0   1.0072394133538862
0   1.0053477051653579
0   0.64290388503294249
0   1.009508387549177
0   1.7694574157555567
0   0.96315997525088548
0   1.0351598603718801
0   1.0185599222493937
0   1.9542427656634214
0   1.2555152276248449
0   1.0757759360185071
0   0.70563674049704539
0   1.6195031015724162
0   1.0097809210702235
0   2.5901491486197701
0   1.9029480562817516
0   2.6085629024871322
0   1.7436094954736965
0   0.88441215220081459
0   1.0234622831892426
0   1.8549662210097644
0   1.9048153056321753
0   2.2583325664864664
0   1.4985691479810221
0   2.4602418825841865
0   1.4145219031471199
0   0.48041953070431775
0   1.4778665694090647
0   1.4442666096879193
0   1.4517477998798636
0   0.99365479495493481
0   1.3746652785766289
0   1.8311993572207581
0   1.8639397836155611
0   1.5493750813195071
0   2.9702674981580874
0   1.4084531541119261
0   1.9882594246750322
0   1.3379687497033605
0   1.9939985444746231
0   1.363306029877966
0   1.1173602828558145
0   1.9054958213491062
0   0.086097604078237633
0   1.0071993861028672
0   1.0073949360695909
0   0.56582429008180868
0   0.3802624688878431
0   1.010780768744685
0   1.1569338373161568
0   1.0727361171578598
0   1.4207400505419634
0   1.8570692636414803
0   1.8547199293468557
0   1.0103351195937214
0   1.0992454703703203
0   1.036218464775436
0   1.9204575425780051
0   1.3724000031933212
0   1.4403476254012459
0   1.0066656420699835
0   1.1675429004412885
0   1.4057891248893803
0   2.8480803017490324
0   1.9607227477425386
0   1.7772281565057004
0   0.082260809029060522
0   2.8858583023920366
0   0.14713874258524406
0   1.0019896612749295
0   1.0122331734038359
0   1.0029328399378603
0   0.19807840752404793
0   1.9785312056344777
0   1.0266668440391677
0   0.15875425294119183
0   1.0338092118443305
0   1.0309865418810908
0   0.50674032304651884
0   1.022937704280088
0   1.9764933752970681
0   1.0597656549931844
0   1.1993171752042566
0   1.0204154278272288
0   1.4503236616244155
0   1.2226753565832424
0   1.0697089941877715
0   1.8792108508435859
0   1.6206782131239441
0   1.9120420304065724
0   0.64519508253002567
0   1.1377441739965872
0   2.6416901277606324
0   1.0423085341887659
0   1.1299473427842546
0   1.0504631402098901
0   1.9896615033294687
0   1.4946165128579114
0   1.8069151601179496
0   1.9844125619536195
0   1.1141542430692346
0   1.3407728659416218
0   1.8592204364884921
0   1.6825679343098949
0   2.5527955721202784
0   1.1064612660882511
0   1.9309193714107651
0   1.8183702616559461
0   1.3691670501699975
0   2.9088453037091258
0   2.0481437600413086
0   1.9806511752047338
0   2.7921404752290382
0   2.0332541537550326
0   2.9367102723116951
0   2.8203732245369659
0   3.8160934841412351

1   1.0601027821022944
1   1.1243621937267942
1   1.1427268451293378
1   1.5351380434170725
1   1.0754961986761058
1   1.5829257184510568
1   1.3437825036415341
1   1.3424333656360703
1   1.1499752308698523
1   1.7464824183688017
1   1.9064820988636706
1   1.2585906531920146
1   1.8490409571483544
1   1.7766871149815424
1   1.0524254970231801
1   2.8025076382979948
1   1.8848716661955693
1   1.4070602366346103
1   1.1342135178393433
1   2.078661476658977
1   1.7918077157236008
1   2.705505996264824
1   1.4155124653118611
1   1.1756690734136226
1   1.8470273469097571
1   1.0334567827020316
1   1.5258145055271637
1   2.3817710794915175
1   1.6295135120805315
1   2.1631095984593141
1   1.0794475161441999
1   1.3725564717129064
1   1.6476721895455246
1   1.5199267480562368
1   1.0620657881305438
1   1.6212093980279492
1   1.534735528685077
1   1.6689259547060069
1   1.3565836238100877
1   1.6093436117600373
1   1.7887234826859642
1   1.1961333144861035
1   1.653438346657695
1   1.4235135718721728
1   1.3980583997364127
1   2.6867397465255132
1   1.1473748914493109
1   1.3346603578951146
1   1.6445556312898915
1   1.5079712343116536
1   1.147497559552318
1   1.812895650192814
1   1.758446303720985
1   1.9224433684349078
1   1.4791585675808707
1   1.9993420706330203
1   1.9847781974401637
1   1.9465158247555503
1   2.0576691241511824
1   2.1942773858590403
1   1.8430050698022074
1   2.6754345721113348
1   1.6622903142156167
1   1.8527701578558737
1   2.9744665271269008
1   1.980004590618401
1   1.898295148994614
1   1.8662578933633136
1   1.3100387404637253
1   1.9110322685891745
1   2.0672971700262059
1   1.8549280064071985
1   2.4448957979285972
1   2.5689211642103671
1   2.2441459161833555
1   1.4964326125131093
1   1.8446860457439027
1   1.5310463546992303
1   1.9938892720416832
1   1.4911504310975701
1   1.7688781988025766
1   2.7219852615435531
1   2.0266254999803701
1   2.1079812935157167
1   2.1440806167142106
1   1.7948175431708266
1   1.4006261037671879
1   2.8256542028214406
1   1.8704908406907967
1   2.1712111989755534
1   1.6501887796202617
1   1.4107372523917465
1   1.541051364597585
1   1.8421422275093708
1   1.3218385869972862
1   2.0919681092583899
1   1.9097354769491406
1   1.6738677405864153
1   1.1195809532876224
1   2.0376881269650444
1   1.2674751495523275
1   1.8126935749295181
1   2.7751950947075081
1   1.6635707705145957
1   1.9871728724747997
1   1.234147559377468
1   1.3490977420001935
1   1.2218966889521976
1   1.9392310283926442
1   1.5827709875308211
1   1.4333981554372908
1   1.7320843608861796
1   1.8864906836081872
1   1.2265629012998296
1   1.1720906965306648
1   1.1121317260953121
1   1.8759824992407808
1   2.0497254698705287
1   1.9730720970720719
1   2.2441229557150248
1   1.6808838379467819
1   2.2778442329006841
1   1.6090118399730229
1   2.3543805578868819
1   1.3457215269864637
1   2.4649023126136882
1   1.6904485088284003
1   1.3291040969005334
1   1.7546638314219578
1   1.8499646081939285
1   1.7886510330549585
1   1.8168149110436236
1   1.6633192886061323
1   1.5116863870780546
1   1.4046257638184354
1   1.6976899653264343
1   1.5033266595334722
1   1.5421286824693126
1   1.7790182065579372
1   2.0555300920615873
1   1.6724022623242032
1   1.5167431990469322
1   1.8014610600454217
1   1.9457978484944616
1   2.3498917728001616
1   2.1326776772801632
1   2.0037094008290195
1   2.9070151971149323
1   1.4277911299319117
1   1.5253930841153927
1   2.4912007826677312
1   2.4160556649191345
1   1.7662468914347405
1   1.7743485140212982
1   1.7172411946704349
1   1.9232033614679698
1   1.5810082180920015
1   1.4423379431856131
1   1.7351764003296668
1   1.6657147653721296
1   2.2189899014656205
1   1.7367429842928348
1   1.4227527631560122
1   1.4626219975059851
1   2.3477216729908745
1   1.7350775738566631
1   2.1044977768621114
1   1.6772265555263903
1   1.6390669501607693
1   1.3345502813231163
1   1.4521448818727669
1   1.3762984805497691
1   1.6518661506128587
1   1.4377948294330345
1   2.2618095069000432
1   1.5213452037228263
1   2.2937221818261784
1   2.1522617602744156
1   1.7320999260842558
1   2.0346210930525177
1   1.7509461439535818
1   1.9441569722027592
1   1.8279474311047514
1   1.9123698352713787
1   1.2186693368061927
1   2.2168350947176005
1   2.2228726116627584
1   1.0901188188845143
1   1.064849845721493
1   3.0722566224459169
1   1.7989658491386793
1   1.5244776239563094
1   2.6771189129076443
1   1.233180713255281
1   2.5079779388916656
1   2.3897474910923062
1   1.6367879344951177
1   2.7143628783425928
1   1.8680616673284045
1   1.2522862938032819
1   1.4944199850162865
1   1.5548511275151937
1   1.0904458329857891
1   1.8490909418916903
1   1.1365156929891265
1   1.5127763470540847
1   1.4388405069388224
1   1.2369041945202421
1   1.7705386672857664
1   1.2162791947942071
1   1.9810022239452079
1   1.7013532098739406
1   1.9787839845066979
1   1.850198982668414
1   1.364661641393907
1   1.6759941907282498
1   1.5193526946791436
1   1.4307127348299151
1   2.1375004639040402
1   1.6478657966326398
1   2.17329385219112
1   2.0088770671084224
1   1.9630976094867312
1   1.8202766075076537
1   1.2948140780910224
1   1.4975728111065361
1   1.177444936255422
1   1.7945908161123061
1   1.9693372553569457
1   2.0965520240830378
1   1.846784243400089
1   1.3568475256352794
1   1.2780739387245796
1   1.7167052232126343
1   1.7113704808657086
1   1.4114061256101558
1   1.7278425684059235
1   1.4349450433966398
1   1.7361238952828777
1   1.4174108376110086
1   1.7951736676625898
1   2.2875036250766314
1   1.9327495587007171
1   1.8929187797572786
1   1.8550486134775315
1   1.8270709162654866
1   2.4166445648271639
1   2.1820156676652349
1   1.9705621794608166
1   1.6316725921341209
1   1.9187491129074918
1   2.3012260901368919
1   2.7857418892897634
1   2.0576133056046468
1   2.6327041486957916
1   1.4628504944889371
1   3.0793595754501673
1   2.1878686295233241
1   1.8830701486834704
1   2.3052531774133782
1   1.9600390765149096
1   1.5555113777932621
1   2.3789727688188558
1   2.1963907908577842
1   1.4481380244576303
1   1.5323984852687826
1   1.8598333945714147
1   2.2674186444346849
1   2.3158668616523759
1   2.3075721196403074
1   2.2576731264026901
1   1.7016784140639145
1   3.6992212847356072
1   1.1739681024464608
1   1.1796714304370417
1   1.8874046984817907
1   1.2739317312379357
1   1.1098744677221126
1   1.781999699756891
1   1.1226553343455645
1   1.3620915581869093
1   1.675893410679496
1   1.913777368667271
1   1.3146560245875276
1   1.4172385985778659
1   1.972844745602452
1   1.5316880232131278
1   2.4619701508163492
1   1.6679037451663556
1   1.8102374959767231
1   1.8803052400254634
1   1.7156790563957793
1   2.8872262363921157
1   1.3453534609522404
1   1.9744469158299731
1   1.0203861312420039
1   1.0385560745457394
1   1.6565243952781037
1   1.0107694184241049
1   1.4602405530590481
1   1.076593570322345
1   1.7395131360484934
1   1.7498401906902408
1   2.2161108605470159
1   2.3375874907631529
1   1.8927042611931584
1   2.2046224693727217
1   1.8101921498602125
1   1.94985731528004
1   1.8117107695456669
1   1.2220264801794358
1   1.4038233976143875
1   2.3116721176909549
1   1.7802999112695312
1   1.9005467960858109
1   1.2504957045423004
1   1.4573184865985158
1   1.8834775081357438
1   1.8748297624522596
1   1.8799304667211469
1   1.9524255070014611
1   1.8624308908154728
1   1.1715080886427385
1   2.3934540353223395
1   1.2331843041610735
1   1.7969497673148584
1   2.0680800179555794
1   1.7975994081195275
1   1.20766723984739
1   1.2092273180107778
1   1.5529064961359555
1   1.5449434702326958
1   3.3111183262607851
1   1.5750778531223597
1   1.2670931840191555
1   2.0701817456352996
1   1.5712560762465508
1   1.5638921755577204
1   2.1514650518839473
1   1.2745361455613458
1   1.7965700507963631
1   2.0362111502692128
1   2.6324466892309402
1   1.3436671448382571
1   1.5230312520819029
1   1.9715134541545294
1   2.1312076649705793
1   1.982798817138745
1   1.9898319690481858
1   1.4267644282951282
1   1.5977922387815977
1   1.0688128710756359
1   1.1152383244256754
1   1.657365876800605
1   1.8018048723287583
1   2.8294977844052629
1   1.6978862252425015
1   1.0290435179150739
1   1.3698022769930844
1   1.6803088561193666
1   1.7157832721579913
1   1.8284194136593017
1   1.5226326128666234
1   1.0148919308856317
1   1.6279112039148949
1   1.9481874344226067
1   1.9400587884178866
1   1.0099574281459243
1   1.0072660166685969
1   1.0604018800179835
1   1.5033836915031413
1   1.0498068607777629
1   1.596412369627715
1   2.1005465928089486
1   2.1450736534902837
1   1.5315795484111816
1   1.5323156809136584
1   1.2006692518788427
1   1.3369686647113761
1   2.5815865922557237
1   2.5070277374409864
1   1.0814083709023459
1   1.1835009980930884
1   1.710879225142254
1   1.9156362881636375
1   1.7768993242295053
1   1.3440947245545087
1   1.1970469464863798
1   1.2504318405601256
1   1.8372656884895222
1   1.870390340209902
1   1.8183696255219428
1   1.1014079227131421
1   1.0432470780094043
1   1.1053831068732536
1   1.1051977525214458
1   1.0880409648193619
1   1.5824638888820988
1   1.9119344077085945
1   2.0456630856114244
1   2.1157095751139972
1   1.3172831915597278
1   2.4231225521547173
1   1.9223964340401789
1   1.447601243037052
1   2.0051278642333132
1   1.163057365172057
1   1.6139405584861986
1   1.4299222105123501
1   1.0144280523873268
1   1.0272259290652448
1   1.0266352086682278
1   1.9790097474829649
1   1.0640173627329399
1   1.8161624800060081
1   1.1225936008108814
1   1.9943160234260988
1   1.0352313154583692
1   1.2639385100634102
1   1.4307790188344862
1   2.2989259130958821
1   2.2258086384481772
1   2.4190698589014463
1   2.4753275714003617
1   2.0389540364175005
1   2.236101210842925
1   1.6971958043682767
1   1.6479875992207198
1   1.4522758158647433
1   1.5949830695555081
1   1.2023602235136643
1   1.9662193241708303
1   1.30104392113495
1   2.7752474895156629
1   2.0953105571910342
1   2.4434229783670789
1   1.2309104843643492
1   2.8194595143644405
1   1.8081472981469568
1   1.9893874718749491
1   1.7271212540476046
1   1.4530769326496611
1   1.1358121577701967
1   1.960307474945767
1   1.0298514593026289
1   1.0434516795915918
1   1.2359335614650608
1   1.2081723967023672
1   1.7805378361264195
1   1.218274405855019
1   1.6722986565195641
1   1.1585410687016995
1   1.2080731820783375
1   1.950209284145517
1   1.4765788097409696
1   1.7119566652372065
1   1.8281647256214932
1   1.9582354702754756
1   1.3651520545388598
1   2.4752693255250717
1   1.9311634519574179
1   1.8633412566640821
1   2.8876312267449031
1   1.0226575864617071
1   1.0465011585574691
1   1.0212345713291444
1   1.8372051264731892
1   1.0627286301930297
1   1.2353243126267723
1   1.2042710510678212
1   1.1626190937986958
1   1.7419703465425993
1   1.1729680157198028
1   1.2936105323093783
1   1.1750980913590705
1   1.7825440058501654
1   1.3223053803377249
1   1.7103128266988614
1   1.8952595893450011
1   1.8975911891498116
1   1.1262792977919827
1   1.3475835661672184
1   2.4765042065055147
1   2.0309100829749265
1   1.6959108935843981
1   1.5250252781512286
1   1.6363378458344999
1   1.637392115001854
1   1.6046899228078786
1   1.9924162414827902
1   2.0812079333005631
1   1.3680286699594346
1   2.3029475227691285
1   2.048859680124103
1   1.9948512422768898
1   1.5584210812409816
1   2.3510664295162025
1   2.5729794489975308
1   2.0278823240241102
1   2.0579881507794702
1   2.8425900213793227
1   2.9303263109899809
1   2.8068731800940112
1   3.8258001307017881

2   2.000477034375733
2   2.0010105893584016
2   2.0019836558432473
2   2.1810871525005759
2   2.0144189981542571
2   2.8575415615833712
2   2.0052476031255204
2   2.141568769416565
2   2.0057303076142095
2   2.8770409958141103
2   2.0024784217170533
2   2.8736899023119684
2   2.0050813032237893
2   2.130759033136493
2   2.0348241514278187
2   2.0169306695113125
2   2.0354206706710425
2   2.0370199209170994
2   2.0169459719597644
2   2.816234508888698
2   2.1945082720934743
2   2.0059867688639783
2   2.1255319028922885
2   2.9455373775506755
2   2.671439245834708
2   2.6178957963445733
2   2.0528095579753378
2   2.4003232510868973
2   2.2602243400532394
2   2.746935787423364
2   2.3414650187445583
2   2.1772209349444682
2   2.9678845452017097
2   2.5759691697397171
2   2.2328110339528138
2   2.2201245452944738
2   2.8729895330012196
2   2.6174654186257591
2   2.4033516816563196
2   3.0579138839297806
2   2.4609302312978061
2   2.3742697086746558
2   3.0156837490712807
2   2.397110892066598
2   2.5408754350799629
2   2.322401583515441
2   2.170450364691487
2   2.4845014717000624
2   2.295413927580038
2   2.298171864694897
2   2.2809827362567447
2   2.5530227931384673
2   2.017219668773639
2   2.0031102071679903
2   2.0119870937378996
2   2.0120876055507551
2   2.0486451536450625
2   2.1696838054484235
2   2.875063632818581
2   2.4667667473398969
2   2.4209338031757555
2   2.8927508921427658
2   2.2225791518830613
2   2.1167701475957217
2   2.2439364349575786
2   2.0302134109796968
2   2.5472232268142987
2   2.2495007126240107
2   2.8886168795880227
2   2.0810747477538576
2   2.3262655623892652
2   2.995111390541024
2   2.0796102902908093
2   2.8645672826091451
2   2.159069052769115
2   2.9193049363106254
2   2.6657328555583848
2   2.134356730664253
2   2.071545204730084
2   2.1925880193156835
2   2.0601693775918544
2   2.5248809204785716
2   2.3721549629146068
2   2.3086887003212304
2   2.2563840029405835
2   2.2451158714402664
2   2.0383426034322327
2   2.7547551083612989
2   2.3039540184329486
2   2.0359585729144949
2   2.5537135398990722
2   2.090115244946757
2   2.6581347776762669
2   2.675203790915675
2   2.7092109828806099
2   2.7052790845495993
2   2.9794128164655089
2   2.3812161462178834
2   2.6048757181451201
2   2.6979792212499873
2   2.1362376035832695
2   2.0044690861063148
2   2.0592585332847841
2   2.0699277156011098
2   2.0664679472079333
2   2.2453062269012638
2   2.1375995455481744
2   2.2250999602927179
2   2.559083793936308
2   2.7876504748559583
2   2.0485867038437733
2   2.0077053915971361
2   2.9727116062175432
2   2.0212656239466398
2   2.0127114851910251
2   2.0085026129984587
2   2.0241228388591899
2   2.0468904427078916
2   2.2937578897417339
2   2.1537056026702803
2   2.4562566216605037
2   2.2686503157177955
2   2.1832259436529009
2   2.2602547357294949
2   2.2481991819698832
2   2.835405590273103
2   2.4847296142408388
2   3.1928300615829017
2   2.9171003283014736
2   2.2639657978639418
2   3.196743473259096
2   2.6973660812511144
2   2.3249282571166927
2   2.4351062488221884
2   2.7155670672071421
2   2.164048039776306
2   2.4248017140933045
2   2.3859761038301541
2   2.6712346050510569
2   2.7579505066926129
2   3.6072796480017288
2   2.0232434093414216
2   2.0039880959398779
2   2.0619546567408409
2   2.0048814235696955
2   2.4668896876758994
2   2.067486682570788
2   2.4458119549090021
2   2.2229947900130229
2   2.1808171071124227
2   2.7411717763813543
2   2.0378041713038373
2   2.0014893969886876
2   2.9005333663590069
2   2.6109861842973494
2   2.4678378505190817
2   2.1207845276465087
2   2.0059162507101522
2   2.9893416867114357
2   2.0017002980685143
2   2.0119148943158267
2   2.0083753796663726
2   2.0143626579245337
2   2.0168594809734981
2   2.062761729461239
2   2.8348625431517429
2   2.0128040329034662
2   2.019852818547244
2   2.2112448281228887
2   3.6983013576891448
2   2.200832042531089
2   2.2287047932299964
2   2.7329145522486016
2   2.8055554511009433
2   2.9133840700818672
2   2.3629708503482814
2   2.1661052780069165
2   2.0305002440423405
2   2.0813765247285172
2   2.0893440065752991
2   2.9389498883137279
2   2.0006008536377027
2   2.0094431476595034
2   2.001476125975941
2   2.0064255803586786
2   2.0027857555325457
2   2.0033242559840252
2   2.0073543238280216
2   2.1978668345041541
2   2.1711044238825448
2   2.5849702972032271
2   2.6074541622457392
2   2.2070151204713948
2   2.1797386149155984
2   2.1414654763074084
2   2.121643160405259
2   2.0022467482427055
2   2.020120703629988
2   2.6395827854385336
2   2.7182167535506578
2   2.3010900279478061
2   2.1929316973373321
2   2.1447296045790281
2   2.1634733036156835
2   2.0556190008607644
2   2.0034072982403246
2   2.28134984436584
2   2.2356374928000653
2   2.126854770226096
2   2.6756044349019787
2   2.8110432869178665
2   2.0028774777930858
2   2.0642994384405573
2   2.02395003659846
2   3.225970092255853
2   2.8488099591901288
2   3.1947554743548849
2   2.752018413030072
2   2.1547824548233949
2   2.0297586444490112
2   2.0027263089826866
2   2.0044294357465011
2   2.0011542745319755
2   2.0048282677570257
2   2.0354628552689835
2   2.0029856417301541
2   2.9664090763475848
2   2.0231751448278992
2   2.0046308009400398
2   2.9782407785342149
2   2.0034199824983587
2   2.0067425467018523
2   2.0378139196541132
2   2.0167578355035345
2   2.0366680255641176
2   2.0113229876271497
2   2.7661364902179479
2   2.0921661190025573
2   2.2611154145440189
2   2.0674137732714173
2   2.0647920121357926
2   2.2295818551672784
2   2.6739266696957547
2   2.1791525241537455
2   2.1348586561316187
2   2.2563086989108943
2   2.7576468629508626
2   2.2436175550415141
2   2.9626773876323744
2   2.9460493549604738
2   2.8385871261722069
2   3.8445692375299831

3   3.0000382880935517
3   3.0000615670010178
3   3.0005127114801544
3   3.0015654230291746
3   3.0005929647506919
3   3.0368904005242792
3   3.0104337819506255
3   3.8058910221055946
3   3.0006200698669234
3   3.1981018921796878
3   3.8452750642223776
3   3.0017158769865238
3   3.1723034349915351
3   3.0001861252986526
3   3.0066519943183412
3   3.0005057658617065
3   3.003030299086682
3   3.0002578939742608
3   3.7832243912707639
3   3.000818972714034
3   3.0309601879818797
3   3.1625551257864344
3   3.004914527872748
3   3.0682797717763979
3   3.0138648928489253
3   3.0019556634989626
3   3.7612480579960579
3   3.0003866643620656
3   3.2658096980844289
3   3.0001349468982621
3   3.0044570894984832
3   3.0000687463323352
3   3.0023798333796909
3   3.0056035052508685
3   3.2955610011932901
3   3.0023930510653476
3   3.2642160928074189
3   3.5007032538195135
3   3.0074858113619842
3   3.0079083093802823
3   3.0942677805377135
3   3.0117539022088984
3   3.9123356672158076
3   3.0001050438748269
3   3.0001901094476167
3   3.0002793712364619
3   3.0016335674726577
3   3.0001052758051121
3   3.0000175071219859
3   3.6717899369670404
3   3.0000513378863536
3   3.381275399907024
3   3.0000169828617858
3   3.0026036558595455
3   3.0001769544442372
3   3.0002211406150971
3   3.0000085545923385
3   3.0000321482860408
3   3.0409843858777519
3   3.0000189026881028
3   3.9123239112940373
3   3.0000918461987971
3   3.0692969190745747
3   3.0000424925856648
3   3.0000536206062436
3   3.0002897554955892
3   3.0000347201156257
3   3.000003192241957
3   3.0000189740329497
3   3.1253546394549918
3   3.0001098235694688
3   3.899286315528375

4   4
4   4
4   4
4   4
4   4
4   4
4   4
4   4
4   4

