-3   2.9999999999999996
-3   2.9999999999999996
-3   3.0000000000000004
-3   2.9999999999999996
-3   2.9999999999999996
-3   3.0000000000000004
-3   3.0000000000000004

-2   2.0000102210760704
-2   2.0010557941148628
-2   2.0013829788241604
-2   2.0035218839525588
-2   2.0081787373148186
-2   2.9693961812209291
-2   2.0022078565661161
-2   2.0340413808693412
-2   2.9493481237626762
-2   2.057683087519957
-2   2.0037132533980335
-2   2.0204407138215181
-2   2.0011854597206651
-2   2.39156004990117
-2   2.0002903951646647
-2   2.0002138713354061
-2   2.1562502762154439
-2   2.5375442040622507
-2   2.0097216713181782
-2   2.0005111084362754
-2   2.9576496514738135
-2   2.036410377747973
-2   2.0004328598269563
-2   2.0159835531742809
-2   2.0000003105593418
-2   2.9951205562791738
-2   2.0000685125272928
-2   2.0014527269937812
-2   2.0000346434714351
-2   2.0001405927010256
-2   2.0040629640765717
-2   2.0001199936490868
-2   2.9516244232361855
-2   2.0000601576855601
-2   2.0621832544848386
-2   2.0000083400134248
-2   2.0001745155664907
-2   2.000928759377087
-2   2.0000089057725146
-2   2.0582904428622859
-2   2.0000441153628228
-2   2.9568951253105857

-1   1.0034833189501229
-1   1.0533596898275623
-1   1.0054665183468474
-1   1.9641163628643348
-1   1.0063651081948999
-1   1.9899837134308775
-1   1.0095996603669162
-1   1.0347630563176684
-1   1.9780158559990064
-1   1.0186825949380705
-1   1.0675425706209691
-1   1.6272419156337916
-1   1.9531651511890571
-1   1.4873376878067992
-1   2.0274557813772631
-1   2.2885188685163995
-1   1.3512420314622728
-1   1.1733451219436171
-1   1.7038483889332379
-1   1.3797064251398434
-1   1.6664088928171203
-1   2.6680894132958137
-1   1.2041756415168869
-1   1.8121303127124451
-1   1.9239186926594796
-1   1.7392868647660138
-1   1.0957149591421176
-1   1.0224790353489308
-1   1.002121765515501
-1   1.9990941420482455
-1   1.0287982609269071
-1   1.5082904127501116
-1   1.5335608414200261
-1   1.6925993294556103
-1   1.785864460548694
-1   1.8992556111009642
-1   1.5255962557711626
-1   1.3426305481299972
-1   1.5273210139923385
-1   1.6399119235194877
-1   1.7225841290072053
-1   1.2964355098292046
-1   1.7546227834933577
-1   1.8887558879696384
-1   1.0110460811865354
-1   1.0720583150615377
-1   1.7439866704148987
-1   1.3705746762743558
-1   1.0356435451869748
-1   1.9535227531237194
-1   2.9533663819991816
-1   1.0180483167811267
-1   2.0077530003474435
-1   1.3157075940170719
-1   1.611194658309052
-1   1.8122847400587379
-1   1.5043500831048355
-1   1.2755030542522905
-1   1.9774413192802025
-1   1.8092178633912996
-1   2.3863175252492357
-1   1.0018534217089317
-1   1.0366484031620384
-1   1.6599461261371014
-1   1.4587241875350412
-1   1.0014550394545014
-1   1.978160435014924
-1   1.0025924454200679
-1   1.0141974153905196
-1   1.0933780508764177
-1   1.7034551440901531
-1   1.9105073057649165
-1   1.2787314191359549
-1   1.0529322124468168
-1   1.1676719253007668
-1   1.9860982587731826
-1   1.988333419811219
-1   1.022804192362428
-1   1.0050650911181904
-1   1.0251519819043224
-1   2.5681983028316813
-1   1.7717472778723775
-1   1.0015114617303809
-1   1.9166601475266511
-1   1.3122339702438059
-1   1.8132181796922042
-1   1.0157751385585549
-1   1.0040881234556913
-1   1.0016918723553305
-1   1.0050590562677584
-1   1.9971040606307944
-1   1.0159270670740239
-1   1.0053350832194237
-1   1.9858689273006975
-1   1.0148486871685884
-1   1.0093135269054228
-1   1.0412697137940476
-1   1.8807569132344018
-1   1.1601088059863145
-1   1.1492687619662658
-1   1.9474687893732328
-1   1.106577235596286
-1   1.9888290746836943
-1   1.9540110149795562
-1   2.9454194096655644

0   0.0096478395539454365
0   1.001293275077509
0   0.29011304755080403
0   1.0016684424472317
0   1.0013283343009403
0   1.9217270040635945
0   1.0009304718500367
0   1.9949061840806515
0   1.0011597342124698
0   0.38059735702091024
0   0.020017551882451246
0   1.0011497411624957
0   1.0156899573654372
0   1.8930272478050494
0   0.018015706832469114
0   1.0032258338713902
0   1.2708829511737947
0   1.9934146994927184
0   1.3329169833446672
0   1.3240727838304129
0   1.5915625032231304
0   2.4448602886211934
0   1.0065177349839465
0   1.9704044314718296
0   1.1361514764713287
0   1.3661002849117665
0   1.0800311652324781
0   2.455287473694852
0   1.2832381886237474
0   0.31421692448160221
0   1.0228118307763514
0   1.7952809341537033
0   1.8835105094163795
0   1.9598146563446157
0   0.25846388391360753
0   1.0000655274248438
0   0.056249202106944507
0   1.0012224916898689
0   1.0115960962908963
0   1.9532908326113363
0   1.0010989148948248
0   0.19859281720549893
0   1.3022579293235226
0   1.3022716827786589
0   1.0098345193561418
0   0.84448106099726483
0   1.0003519353652317
0   1.1592206122103228
0   0.9854758607153622
0   2.0266265516398754
0   1.9514170794081567
0   1.0012760200934971
0   1.2401393807347023
0   1.5067398150282383
0   1.2015637515729718
0   1.6306268892881004
0   1.4906005010239707
0   1.87571997979272
0   1.417772802031213
0   1.0032676122991702
0   0.04663605757660505
0   1.9915699331508407
0   1.0041266448254753
0   1.0324738712677393
0   1.0328469690914011
0   1.992666304029119
0   1.0007053077644434
0   0.61956787705110261
0   2.9656445739395938
0   1.7986812115353388
0   1.0002623788657756
0   1.9903550252463984
0   1.9945462233065903
0   1.0104699730896856
0   0.011690987673154685
0   0.042165684237171597
0   1.3037187139818947
0   1.3035635824933265
0   1.0001788659034547
0   2.8153499413286114
0   1.3025892938836785
0   1.0761535848768322
0   1.9995778076698856
0   1.0016246321833058
0   1.0000631074619468
0   1.0000220655484089
0   1.99779808105776
0   0.0035914186521222025
0   1.0012788759634836
0   0.20390269931667382
0   1.0004768079365618
0   0.083292588360939335
0   1.0007597576168814
0   0.072994398257248183
0   1.9504473506611046
0   1.9738422584358117
0   1.0000747066070952
0   1.0001805392667964
0   1.0021624133744842
0   1.9927861076173365
0   1.9892600686972735
0   1.0170694406634808
0   1.0001045628947649
0   0.073192408113603058
0   0.042767623104402519
0   1.0036633254545095
0   2.7725881680258855
0   1.2594567730710817
0   0.04848463155022098
0   1.0002805745055157
0   1.3122128329132363
0   1.0003042527519082
0   1.9861714189543656
0   1.4234593917214087
0   0.054489246910316647
0   0.010799143278001355
0   1.0000968419490874
0   1.0037259797019669
0   1.000427200211079
0   1.0022796348709901
0   0.92340928356742502
0   0.039364340185541913
0   1.618801414265818
0   1.0000089556927083
0   1.0025710686875735
0   1.9872108294113229
0   0.011072243619440814
0   1.0000654016924715
0   0.13407401876482072
0   1.0000233923606847
0   1.0036511938817332
0   1.9996855219065131
0   1.0235963013879446
0   0.30225379349547843
0   1.0000088457295069
0   1.943341425603256
0   1.102120748896543
0   1.9969004445986513
0   1.950513120383234
0   2.940971610688166

1   1.0034833189501224
1   1.053359689827563
1   1.0054665183468472
1   1.9641163628643334
1   1.0063651081948966
1   1.9899837134308811
1   1.009599660366916
1   1.0347630563176693
1   1.9780158559990064
1   1.0186825949380709
1   1.0675425706209729
1   1.6272419156338125
1   1.9531651511890544
1   1.4873376878067526
1   2.0274557813773315
1   2.2885188685163596
1   1.3512420314622671
1   1.1733451219436237
1   1.7038483889332472
1   1.3797064251398743
1   1.666408892817095
1   2.6680894132957564
1   1.2041756415168741
1   1.8121303127125077
1   1.9239186926594796
1   1.7392868647660107
1   1.0957149591421169
1   1.0224790353489293
1   1.0021217655155015
1   1.9990941420482473
1   1.0287982609269086
1   1.5082904127501133
1   1.5335608414200288
1   1.6925993294556214
1   1.785864460548694
1   1.8992556111009384
1   1.5255962557711871
1   1.3426305481300134
1   1.5273210139923341
1   1.6399119235194899
1   1.7225841290071915
1   1.2964355098292004
1   1.7546227834933603
1   1.8887558879696416
1   1.0110460811865367
1   1.0720583150615384
1   1.7439866704149058
1   1.3705746762743496
1   1.0356435451869757
1   1.9535227531237203
1   2.9533663819991758
1   1.0180483167811263
1   2.0077530003474449
1   1.3157075940170591
1   1.6111946583090466
1   1.8122847400587507
1   1.5043500831048404
1   1.2755030542522916
1   1.9774413192801936
1   1.809217863391293
1   2.3863175252492348
1   1.0018534217089312
1   1.0366484031620378
1   1.6599461261371067
1   1.458724187535035
1   1.0014550394545012
1   1.9781604350149267
1   1.0025924454200685
1   1.01419741539052
1   1.0933780508764113
1   1.7034551440901606
1   1.9105073057649289
1   1.2787314191359638
1   1.0529322124468061
1   1.1676719253007495
1   1.9860982587731866
1   1.9883334198112186
1   1.0228041923624256
1   1.0050650911181904
1   1.0251519819043204
1   2.5681983028316551
1   1.7717472778723544
1   1.0015114617303822
1   1.9166601475267155
1   1.3122339702438346
1   1.8132181796921767
1   1.0157751385585558
1   1.0040881234556922
1   1.0016918723553312
1   1.0050590562677553
1   1.997104060630793
1   1.0159270670740286
1   1.005335083219425
1   1.9858689273006944
1   1.0148486871685862
1   1.0093135269054194
1   1.0412697137939897
1   1.8807569132345101
1   1.160108805986231
1   1.1492687619662252
1   1.947468789373259
1   1.1065772355961958
1   1.9888290746837294
1   1.9540110149795664
1   2.9454194096655768

2   2.0000102210760704
2   2.0010557941148632
2   2.0013829788241622
2   2.0035218839525575
2   2.0081787373148181
2   2.9693961812209269
2   2.0022078565661148
2   2.0340413808693421
2   2.9493481237626717
2   2.0576830875199623
2   2.0037132533980331
2   2.020440713821519
2   2.0011854597206646
2   2.3915600499011656
2   2.0002903951646642
2   2.0002138713354056
2   2.1562502762158116
2   2.5375442040619318
2   2.0097216713181791
2   2.0005111084362754
2   2.9576496514738126
2   2.0364103777479734
2   2.0004328598269554
2   2.0159835531742809
2   2.0000003105593422
2   2.9951205562791752
2   2.0000685125272928
2   2.0014527269937821
2   2.000034643471436
2   2.0001405927010265
2   2.004062964076573
2   2.0001199936490881
2   2.9516244232361957
2   2.0000601576855597
2   2.0621832544848249
2   2.0000083400134252
2   2.0001745155664898
2   2.0009287593770866
2   2.0000089057725137
2   2.0582904428622841
2   2.0000441153628237
2   2.9568951253105893

3   2.9999999999999996
3   2.9999999999999996
3   3.0000000000000004
3   2.9999999999999996
3   2.9999999999999996
3   3.0000000000000004
3   3.0000000000000004

