0   -29.0107   0.0525115   0.0297188   0.0856685   0.173848   0.0175087   0.281489   0.0175087   0.173848   0.0856685   0.0297188   0.0525115   
1   -36.3184   0.011464   0.0276982   0.0668455   0.122869   0.172736   0.196773   0.172736   0.122869   0.0668455   0.0276982   0.011464   
2   -36.6977   0.0098344   0.0252681   0.0650658   0.123762   0.17524   0.201661   0.17524   0.123762   0.0650658   0.0252681   0.0098344   
3   -36.6072   0.0176111   0.0377003   0.0829085   0.117959   0.159618   0.168406   0.159618   0.117959   0.0829085   0.0377003   0.0176111   
4   -36.495   0.0113722   0.0313973   0.0711886   0.125627   0.165965   0.1889   0.165965   0.125627   0.0711886   0.0313973   0.0113722   
5   -36.5361   0.00860664   0.0214525   0.0612679   0.124683   0.178695   0.210591   0.178695   0.124683   0.0612679   0.0214525   0.00860664   
6   -36.495   0.0113722   0.0313973   0.0711886   0.125627   0.165965   0.1889   0.165965   0.125627   0.0711886   0.0313973   0.0113722   
7   -36.6072   0.0176111   0.0377003   0.0829085   0.117959   0.159618   0.168406   0.159618   0.117959   0.0829085   0.0377003   0.0176111   
8   -36.6977   0.0098344   0.0252681   0.0650658   0.123762   0.17524   0.201661   0.17524   0.123762   0.0650658   0.0252681   0.0098344   
9   -36.3184   0.011464   0.0276982   0.0668455   0.122869   0.172736   0.196773   0.172736   0.122869   0.0668455   0.0276982   0.011464   
10   -29.0107   0.0525115   0.0297188   0.0856685   0.173848   0.0175087   0.281489   0.0175087   0.173848   0.0856685   0.0297188   0.0525115   
