-2.5   2.5
-2.5   2.5
-2.5   2.5000000000000004
-2.5   2.5000000000000004
-2.5   2.5000000000000004
-2.5   2.5

-1.5   1.5008563315335497
-1.5   1.5039570534821949
-1.5   1.5179162879248107
-1.5   1.514785688680619
-1.5   2.4524674194943716
-1.5   1.5746980165191919
-1.5   2.4356346840535599
-1.5   1.5515134455257646
-1.5   1.5001095770394786
-1.5   1.5059209348825768
-1.5   1.5070443686541384
-1.5   1.5145256585462299
-1.5   1.5035133456268128
-1.5   2.270993468836549
-1.5   1.7873065899584781
-1.5   1.9065154940382176
-1.5   2.1763060297934449
-1.5   1.5008843618937084
-1.5   1.5043206364860602
-1.5   1.5015212183498829
-1.5   1.5003001282705846
-1.5   1.5497851813058401
-1.5   2.4625028582994881
-1.5   1.5000402629166021
-1.5   1.5016132932742834
-1.5   1.501313462927063
-1.5   1.5000126739579991
-1.5   1.5705226510074088
-1.5   1.5000761041489952
-1.5   2.4507552478858607

-0.5   0.52439357773588435
-0.5   0.51689582239420728
-0.5   1.4845102952378308
-0.5   1.4905526534843743
-0.5   0.52185685795267789
-0.5   0.55453086925360928
-0.5   1.4638998455085352
-0.5   1.2453154819280337
-0.5   0.90314680120397117
-0.5   1.4417324446009969
-0.5   1.9232434349873042
-0.5   1.2183757938665143
-0.5   0.71817729677583064
-0.5   1.2857393972704561
-0.5   2.2745440243229367
-0.5   1.487193570373484
-0.5   1.4872402494210086
-0.5   0.57139453588880751
-0.5   0.52875301900838578
-0.5   1.4844606157728597
-0.5   0.51516599413664665
-0.5   0.54204533733291016
-0.5   1.4991019499221772
-0.5   0.99885399154240484
-0.5   1.3220143210649469
-0.5   1.1856821835733358
-0.5   1.0198987485361826
-0.5   1.5743212842220675
-0.5   2.2361019916777969
-0.5   1.5031150174179841
-0.5   0.77215843613552226
-0.5   2.4228255858757626
-0.5   0.59067344042740322
-0.5   1.4883329088185957
-0.5   0.51769366848895304
-0.5   1.498983402903064
-0.5   1.487858576227072
-0.5   0.52071740080305373
-0.5   0.57338591059620492
-0.5   0.85630141799062676
-0.5   1.2827510083424094
-0.5   1.0235522149275742
-0.5   1.1540559785672961
-0.5   2.4128036761819507
-0.5   1.4756259237658205
-0.5   0.65467890352991032
-0.5   0.52577081849781937
-0.5   0.50263145300578849
-0.5   0.51611595495199269
-0.5   0.52415712870203146
-0.5   1.4753862513486686
-0.5   0.54086336375450461
-0.5   1.4861636717660698
-0.5   0.52832881842347201
-0.5   0.68964751497216281
-0.5   1.423142976936578
-0.5   0.64276751140196753
-0.5   1.4957251986705526
-0.5   1.4682247037218235
-0.5   2.4439135720443739

0.5   0.52439357773588413
0.5   0.51689582239420728
0.5   1.48451029523783
0.5   1.4905526534843723
0.5   0.52185685795267944
0.5   0.55453086925360817
0.5   1.4638998455085388
0.5   1.2453154819280312
0.5   0.90314680120397495
0.5   1.4417324446010027
0.5   1.9232434349873055
0.5   1.2183757938665145
0.5   0.71817729677582509
0.5   1.2857393972704312
0.5   2.274544024322954
0.5   1.4871935703734835
0.5   1.4872402494210122
0.5   0.57139453588880973
0.5   0.528753019008386
0.5   1.4844606157728597
0.5   0.51516599413664643
0.5   0.54204533733290905
0.5   1.4991019499221776
0.5   0.99885399154240861
0.5   1.3220143210649464
0.5   1.1856821835733371
0.5   1.0198987485361819
0.5   1.5743212842220555
0.5   2.2361019916778027
0.5   1.5031150174179859
0.5   0.77215843613552804
0.5   2.4228255858757617
0.5   0.59067344042740366
0.5   1.4883329088185959
0.5   0.51769366848895304
0.5   1.4989834029030638
0.5   1.4878585762270742
0.5   0.52071740080305262
0.5   0.57338591059620669
0.5   0.85630141799065429
0.5   1.2827510083423876
0.5   1.0235522149275649
0.5   1.1540559785673052
0.5   2.4128036761819533
0.5   1.4756259237658194
0.5   0.65467890352990366
0.5   0.52577081849781759
0.5   0.50263145300578804
0.5   0.51611595495199136
0.5   0.52415712870203257
0.5   1.4753862513486682
0.5   0.54086336375450861
0.5   1.486163671766074
0.5   0.5283288184234709
0.5   0.68964751497217747
0.5   1.4231429769365673
0.5   0.64276751140197774
0.5   1.4957251986705564
0.5   1.4682247037218263
0.5   2.4439135720443739

1.5   1.5008563315335497
1.5   1.5039570534821944
1.5   1.5179162879248129
1.5   1.514785688680619
1.5   2.4524674194943694
1.5   1.5746980165191946
1.5   2.4356346840535585
1.5   1.5515134455257664
1.5   1.5001095770394786
1.5   1.5059209348825773
1.5   1.5070443686541384
1.5   1.5145256585462303
1.5   1.5035133456268124
1.5   2.2709934688365476
1.5   1.7873065899584768
1.5   1.9065154940382167
1.5   2.1763060297934449
1.5   1.5008843618937084
1.5   1.5043206364860602
1.5   1.5015212183498829
1.5   1.5003001282705841
1.5   1.5497851813058401
1.5   2.4625028582994872
1.5   1.5000402629166016
1.5   1.5016132932742821
1.5   1.5013134629270617
1.5   1.5000126739579982
1.5   1.5705226510074106
1.5   1.5000761041489938
1.5   2.4507552478858572

2.5   2.5
2.5   2.5
2.5   2.5000000000000004
2.5   2.5000000000000004
2.5   2.5000000000000004
2.5   2.5

