-2.5   2.5
-2.5   2.5000000000000004
-2.5   2.5000000000000004
-2.5   2.5000000000000004
-2.5   2.5000000000000004
-2.5   2.5000000000000004

-1.5   1.5029235138266399
-1.5   1.5163753909778053
-1.5   1.5502408477838294
-1.5   1.5358601821695044
-1.5   2.3552868775837332
-1.5   1.6261584078650508
-1.5   2.3738048435264432
-1.5   1.6533967357235566
-1.5   1.5001603029524673
-1.5   1.5264802192186377
-1.5   1.5265764071044892
-1.5   1.5368223260575258
-1.5   1.5068775937187793
-1.5   2.2227984220696895
-1.5   2.0650686323987109
-1.5   1.8024341590165434
-1.5   2.0042546036574911
-1.5   1.5030825196930353
-1.5   1.5164375323343693
-1.5   1.5062622448006961
-1.5   1.5012221626873932
-1.5   1.6169706241445883
-1.5   2.4048157085930875
-1.5   1.5001429792123404
-1.5   1.5054927013993895
-1.5   1.5049549503358457
-1.5   1.5000938198375193
-1.5   1.6764405415273314
-1.5   1.5002586440361552
-1.5   2.3706219771412314

-0.5   0.62984263871262769
-0.5   0.58416988094164379
-0.5   1.4022943053898973
-0.5   1.4362249340800282
-0.5   0.62211435681460792
-0.5   0.73689005545184916
-0.5   1.2008814198933067
-0.5   1.4000134376885001
-0.5   1.6396243333320215
-0.5   0.97553036315286956
-0.5   1.4961583536245866
-0.5   1.3027811355449206
-0.5   1.1118730476382894
-0.5   1.6516890703987568
-0.5   1.8399943044014728
-0.5   1.4819131800610219
-0.5   1.4499075361063096
-0.5   0.73562420529831041
-0.5   0.60193039300521956
-0.5   1.4377633311476941
-0.5   0.58862000124901681
-0.5   1.4760635534093778
-0.5   0.61677467170377254
-0.5   1.0756444124676821
-0.5   1.1536880107406853
-0.5   1.46025007035312
-0.5   1.2604085959006093
-0.5   1.1607567583786536
-0.5   1.9918010689262999
-0.5   1.4059064294207104
-0.5   1.32694879826539
-0.5   2.3201287380411402
-0.5   0.7569837417104639
-0.5   1.4667604585428755
-0.5   0.55167260151882891
-0.5   1.4961231115846316
-0.5   1.4714307643317877
-0.5   0.54559711890380402
-0.5   0.82046903702961971
-0.5   1.1701232655034333
-0.5   0.86818290520722852
-0.5   1.0119701410157624
-0.5   1.3137762027879627
-0.5   2.0943217353062784
-0.5   1.4320686827251714
-0.5   1.0680543967761789
-0.5   0.56147683269956961
-0.5   0.5076054628558937
-0.5   0.55106169068577504
-0.5   0.57323123030403633
-0.5   1.403253396433487
-0.5   0.66156997594045608
-0.5   1.4413728290713865
-0.5   0.63569058255004851
-0.5   0.87074495340521518
-0.5   0.74013720116139825
-0.5   1.3566605350225314
-0.5   1.4950354055859301
-0.5   1.4008210953379809
-0.5   2.3765643034351065

0.5   0.62984263871262613
0.5   0.58416988094164379
0.5   1.4022943053898937
0.5   1.4362249340800239
0.5   0.62211435681460836
0.5   0.73689005545185005
0.5   1.2008814198933073
0.5   1.4000134376884994
0.5   1.6396243333320091
0.5   0.97553036315286912
0.5   1.4961583536245977
0.5   1.3027811355449237
0.5   1.1118730476382899
0.5   1.6516890703987532
0.5   1.839994304401475
0.5   1.4819131800610197
0.5   1.4499075361063087
0.5   0.73562420529830863
0.5   0.60193039300521911
0.5   1.4377633311476903
0.5   0.58862000124901592
0.5   1.4760635534093796
0.5   0.61677467170377409
0.5   1.0756444124676823
0.5   1.1536880107406839
0.5   1.4602500703531176
0.5   1.2604085959006093
0.5   1.1607567583786538
0.5   1.9918010689262977
0.5   1.4059064294207091
0.5   1.3269487982653911
0.5   2.3201287380411366
0.5   0.7569837417104659
0.5   1.4667604585428753
0.5   0.55167260151882891
0.5   1.4961231115846292
0.5   1.4714307643317901
0.5   0.54559711890379647
0.5   0.82046903702962704
0.5   1.1701232655034319
0.5   0.86818290520722075
0.5   1.0119701410157607
0.5   1.3137762027879658
0.5   2.0943217353062744
0.5   1.4320686827251699
0.5   1.0680543967761718
0.5   0.56147683269956827
0.5   0.50760546285589325
0.5   0.55106169068577526
0.5   0.57323123030403278
0.5   1.4032533964334946
0.5   0.66156997594044209
0.5   1.441372829071381
0.5   0.63569058255005206
0.5   0.87074495340519364
0.5   0.74013720116139914
0.5   1.3566605350225409
0.5   1.4950354055859232
0.5   1.40082109533798
0.5   2.3765643034351034

1.5   1.5029235138266408
1.5   1.5163753909778053
1.5   1.5502408477838272
1.5   1.5358601821695048
1.5   2.3552868775837315
1.5   1.6261584078650508
1.5   2.3738048435264423
1.5   1.6533967357235553
1.5   1.5001603029524677
1.5   1.5264802192186373
1.5   1.5265764071044892
1.5   1.5368223260575249
1.5   1.5068775937187793
1.5   2.222798422069689
1.5   2.0650686323987113
1.5   1.8024341590165425
1.5   2.0042546036574902
1.5   1.503082519693034
1.5   1.5164375323343684
1.5   1.5062622448006953
1.5   1.5012221626873923
1.5   1.6169706241445883
1.5   2.4048157085930857
1.5   1.5001429792123386
1.5   1.5054927013993882
1.5   1.5049549503358457
1.5   1.5000938198375189
1.5   1.6764405415273278
1.5   1.5002586440361552
1.5   2.3706219771412331

2.5   2.5
2.5   2.5000000000000004
2.5   2.5000000000000004
2.5   2.5000000000000004
2.5   2.5000000000000004
2.5   2.5000000000000004

