0   -44.6021   0.0515789   0.0291742   0.0859742   0.174093   0.017676   0.283008   0.017676   0.174093   0.0859742   0.0291742   0.0515789   
1   -57.4118   0.0110869   0.0269169   0.0660231   0.122808   0.173914   0.198502   0.173914   0.122808   0.0660231   0.0269169   0.0110869   
2   -58.7821   0.00949906   0.0243618   0.0643585   0.123747   0.176013   0.204042   0.176013   0.123747   0.0643585   0.0243618   0.00949906   
3   -59.1121   0.0130223   0.0333904   0.0757024   0.124745   0.163036   0.180207   0.163036   0.124745   0.0757024   0.0333904   0.0130223   
4   -59.1321   0.0151791   0.0350666   0.0818902   0.120586   0.163433   0.167691   0.163433   0.120586   0.0818902   0.0350666   0.0151791   
5   -59.1212   0.0180001   0.0384275   0.0872049   0.117567   0.159375   0.15885   0.159375   0.117567   0.0872049   0.0384275   0.0180001   
6   -59.1321   0.0151791   0.0350666   0.0818902   0.120586   0.163433   0.167691   0.163433   0.120586   0.0818902   0.0350666   0.0151791   
7   -59.1121   0.0130223   0.0333904   0.0757024   0.124745   0.163036   0.180207   0.163036   0.124745   0.0757024   0.0333904   0.0130223   
8   -58.7821   0.00949906   0.0243618   0.0643585   0.123747   0.176013   0.204042   0.176013   0.123747   0.0643585   0.0243618   0.00949906   
9   -57.4118   0.0110869   0.0269169   0.0660231   0.122808   0.173914   0.198502   0.173914   0.122808   0.0660231   0.0269169   0.0110869   
10   -44.6021   0.0515789   0.0291742   0.0859742   0.174093   0.017676   0.283008   0.017676   0.174093   0.0859742   0.0291742   0.0515789   
