0   -34.8344   0.0291041   0.112752   8.2933e-07   0.248356   0.109786   0.109786   0.248356   8.2933e-07   0.112752   0.0291041   
1   -45.4793   0.0156094   0.0375573   0.0890443   0.155283   0.202506   0.202506   0.155283   0.0890443   0.0375573   0.0156094   
2   -46.3615   0.0144085   0.0370398   0.0915299   0.15483   0.202192   0.202192   0.15483   0.0915299   0.0370398   0.0144085   
3   -46.5413   0.0198872   0.0447408   0.101131   0.148129   0.186112   0.186112   0.148129   0.101131   0.0447408   0.0198872   
4   -46.5151   0.0213355   0.049254   0.104521   0.147097   0.177793   0.177793   0.147097   0.104521   0.049254   0.0213355   
5   -46.5151   0.0213355   0.049254   0.104521   0.147097   0.177793   0.177793   0.147097   0.104521   0.049254   0.0213355   
6   -46.5413   0.0198872   0.0447408   0.101131   0.148129   0.186112   0.186112   0.148129   0.101131   0.0447408   0.0198872   
7   -46.3615   0.0144085   0.0370398   0.0915299   0.15483   0.202192   0.202192   0.15483   0.0915299   0.0370398   0.0144085   
8   -45.4793   0.0156094   0.0375573   0.0890443   0.155283   0.202506   0.202506   0.155283   0.0890443   0.0375573   0.0156094   
9   -34.8344   0.0291041   0.112752   8.2933e-07   0.248356   0.109786   0.109786   0.248356   8.2933e-07   0.112752   0.0291041   
