-3   2.9999999999999996
-3   3
-3   3
-3   3.0000000000000004
-3   3
-3   3.0000000000000004
-3   2.9999999999999996

-2   2.000061422944551
-2   2.0032720732629361
-2   2.0045344220088031
-2   2.007787802510923
-2   2.0239545490000959
-2   2.9054977119473357
-2   2.0046167727716289
-2   2.1057012229828103
-2   2.8927053449744156
-2   2.0110725796984537
-2   2.1113893953619565
-2   2.0897106883381888
-2   2.003459203136905
-2   2.3097927191702383
-2   2.0013584614315727
-2   2.0007017102964011
-2   2.1536288416588483
-2   2.5565820660004732
-2   2.0332812585467406
-2   2.00197023017191
-2   2.913707757485656
-2   2.0470659736879533
-2   2.0012767143166306
-2   2.0487609163848384
-2   2.0000028118452358
-2   2.9846241529692668
-2   2.0002085013775153
-2   2.0046549998660721
-2   2.0000992008772838
-2   2.0004094535228387
-2   2.0125816823773297
-2   2.0003929102908486
-2   2.8941642882543741
-2   2.0001877895052735
-2   2.1292831217884309
-2   2.0000263015952893
-2   2.0005180498908821
-2   2.0017832726846376
-2   2.0000159093572858
-2   2.1326516592756897
-2   2.0001514396866988
-2   2.8998585402858703

-1   1.0156187803948329
-1   1.1283063404917368
-1   1.0139042096507127
-1   1.9056281942888371
-1   1.024519733478181
-1   1.9688898321688453
-1   1.0270907757200787
-1   1.2391251489592612
-1   1.8373232261668093
-1   1.0682417548956789
-1   1.1789615380646239
-1   1.4969788329221467
-1   1.875182257762988
-1   1.6158598728290579
-1   2.1902311726281822
-1   1.5103921344061444
-1   1.9730614374281714
-1   1.2789409876239601
-1   1.5010056575254027
-1   2.2037624893684788
-1   1.6653095101101325
-1   1.6840211528235711
-1   1.2825749180765935
-1   2.1876499541920964
-1   1.8104549396400573
-1   1.7385772138867255
-1   1.2121345080973496
-1   1.0575508781149305
-1   1.0061027677116687
-1   1.9955747091108189
-1   1.142812068265515
-1   1.4753218330140023
-1   1.4535349316741177
-1   1.6617467271485977
-1   1.7730136764319178
-1   1.924484822273147
-1   1.529135914909344
-1   1.3678518578229912
-1   1.5138578250129036
-1   1.6446563072209712
-1   1.7115640632554299
-1   1.2986490070845409
-1   1.7450856338755134
-1   1.8926462350133848
-1   1.0389370217499567
-1   1.1739634810450494
-1   1.5553693455707034
-1   1.6049085247884318
-1   1.0656099823034471
-1   1.8827140335624799
-1   2.8901095093596698
-1   1.0700004727244457
-1   1.8370623630471581
-1   1.4729344672705913
-1   1.6410851724462199
-1   1.7636187229733911
-1   1.6177543830054475
-1   1.9255498784731104
-1   1.9577544121058565
-1   1.0998606776290187
-1   2.3902798977030639
-1   1.0063816001846264
-1   1.0779722018367968
-1   1.5040627641034252
-1   1.5550848954705949
-1   1.0907263015300774
-1   1.9538087382767313
-1   1.0074428588820448
-1   1.0405830224233421
-1   1.6021706549018879
-1   1.8323353408093417
-1   1.0816157066321641
-1   1.1728239807592109
-1   1.1859071872808284
-1   1.4184100788568612
-1   1.9588473858821973
-1   1.9646967678128302
-1   1.0221268962509904
-1   1.0857212887881762
-1   1.6553750478713058
-1   1.6991107747163756
-1   1.546362838652751
-1   2.413520836492336
-1   1.0053512751493325
-1   1.3903167294862795
-1   1.828132357486608
-1   1.0165183340532147
-1   1.0102140288366599
-1   1.0054387907890994
-1   1.0161947920814978
-1   1.9884039548906158
-1   1.0523172873365874
-1   1.0203178433537812
-1   1.9522249272686727
-1   1.0452714960783975
-1   1.0382911238308914
-1   1.1351509883655404
-1   1.5690136563965509
-1   1.4729562039488886
-1   1.2529529868200073
-1   1.1909253574159113
-1   1.9254011265474476
-1   1.9774996048307187
-1   1.8909691601961351
-1   2.8893848871661443

0   0.042771234353252363
0   1.0063005342637039
0   0.56300575501506889
0   1.0036507207256593
0   1.006052436021355
0   1.8002092524847781
0   1.0023782268461698
0   1.9836853768861458
0   1.0065427150206174
0   0.62610054883215471
0   0.066146567148163804
0   1.0037322812947964
0   1.0382906806975374
0   1.7867881438385691
0   0.052219312755209413
0   1.3214877919048218
0   1.0137592542748215
0   1.9700728858902865
0   1.2896608832442442
0   1.8536484986768427
0   1.008082077914215
0   2.3184252330302759
0   1.0079444776347521
0   1.3933615855097741
0   1.9200416665114717
0   1.9519984259211087
0   1.3261451224523917
0   1.1961222110109131
0   1.3160368228210493
0   0.98137325739188874
0   2.1856847962376174
0   1.0639737413888231
0   1.9140512961070382
0   1.4866150349797198
0   0.53832989497898187
0   1.0002806208210813
0   1.0037587434514093
0   0.13465503301541615
0   1.0338532971111067
0   1.8210616428822282
0   1.0033759637803823
0   1.3017715830469554
0   1.3018784878389371
0   0.55802342078593647
0   1.0141671305986673
0   0.84902200376610892
0   1.001073510841239
0   1.1549399750415841
0   0.98811881515894684
0   2.0316561439670195
0   1.9513805382578489
0   1.0039127221513335
0   1.2201157444367106
0   1.5041667174040398
0   1.2054180968557637
0   1.6393337576068565
0   1.4835624907301468
0   1.8686545635335512
0   1.4136965891217346
0   1.010898858926754
0   1.967414793993568
0   0.13421423016873146
0   1.0149964881301989
0   1.0955684732898143
0   1.0593048329108776
0   1.9765941047124884
0   1.0028964497776087
0   0.7965718385641678
0   2.9148455608733017
0   1.7166447252845827
0   1.0005551139814257
0   1.9798455274204181
0   1.9811068975666091
0   1.0252685301685611
0   1.3023154225000972
0   1.3059707587806308
0   0.05418478620473155
0   0.11201608356019455
0   1.0005204493561402
0   2.7523476404980007
0   1.3031158790073849
0   1.1869686214041311
0   1.9986831924838677
0   1.0052001309207499
0   1.000219579519404
0   1.9936556007304334
0   1.0000897572885932
0   0.011516980634315721
0   1.004209884392294
0   0.51023106658731376
0   1.0014199124938947
0   0.16076418967840611
0   1.0020520337046614
0   0.2756852135471034
0   1.8414782957749218
0   1.9165293727997992
0   1.0003832478442636
0   1.0004017176114599
0   1.0094270585908767
0   1.976621130160654
0   1.9611464736839497
0   1.060367227810739
0   1.0002942602481446
0   0.31068313652321233
0   0.12742267830833187
0   1.0813063327435677
0   1.5898163172929194
0   2.4361706636220171
0   0.18411967492545156
0   1.00078254291816
0   0.80291011007223623
0   1.0010071672238603
0   1.9428326768393225
0   1.8129527081512209
0   0.086222085395208925
0   0.038161696681142332
0   1.0004826579175043
0   1.0116797005854332
0   1.001110597668041
0   0.9627678866659144
0   1.0066827355162848
0   0.11845743020489252
0   1.010006504063985
0   1.0002249752910077
0   1.5995596517228647
0   1.9553396246509753
0   0.034725805133099752
0   1.0003623648708442
0   0.37966140393016579
0   1.0207425209437353
0   1.0000779113619511
0   1.9989595597830636
0   0.42990846404243832
0   1.0627755394088751
0   1.0000267861633392
0   1.8747290614525234
0   1.1713784779822078
0   1.989937710137633
0   1.9089713782753051
0   2.8782151580116824

1   1.0156187803948309
1   1.1283063404917435
1   1.0139042096507112
1   1.9056281942888353
1   1.0245197334781795
1   1.9688898321688488
1   1.0270907757200776
1   1.2391251489593567
1   1.8373232261667356
1   1.0682417548956795
1   1.1789615380646299
1   1.4969788329221534
1   1.87518225776298
1   1.6158598728290312
1   2.1902311726281884
1   1.5103921344061413
1   1.9730614374281816
1   1.2789409876239428
1   1.501005657525381
1   2.2037624893685215
1   1.6653095101100917
1   1.6840211528235893
1   1.2825749180765889
1   2.1876499541920995
1   1.8104549396400618
1   1.7385772138867219
1   1.2121345080973431
1   1.0575508781149308
1   1.0061027677116696
1   1.9955747091108207
1   1.1428120682655114
1   1.4753218330140021
1   1.4535349316741224
1   1.6617467271485986
1   1.7730136764319178
1   1.9244848222731434
1   1.5291359149093564
1   1.3678518578229855
1   1.5138578250129013
1   1.6446563072209757
1   1.7115640632554223
1   1.2986490070845376
1   1.7450856338755121
1   1.8926462350133955
1   1.0389370217499554
1   1.1739634810450521
1   1.5553693455707052
1   1.6049085247884318
1   1.0656099823034479
1   1.882714033562479
1   2.890109509359672
1   1.0700004727244461
1   1.8370623630471501
1   1.472934467270592
1   1.6410851724462132
1   1.7636187229733959
1   1.6177543830054462
1   1.9255498784731113
1   1.9577544121058539
1   1.0998606776290172
1   2.3902798977030639
1   1.0063816001846273
1   1.077972201836795
1   1.5040627641034221
1   1.5550848954706362
1   1.0907263015300235
1   1.9538087382767269
1   1.0074428588820443
1   1.040583022423343
1   1.602170654901895
1   1.8323353408091938
1   1.081615706632379
1   1.1728239807591994
1   1.18590718728083
1   1.4184100788568628
1   1.958847385882196
1   1.9646967678128284
1   1.0221268962509897
1   1.0857212887881735
1   1.6553750478714004
1   1.6991107747163769
1   1.5463628386526027
1   2.4135208364923644
1   1.0053512751493334
1   1.3903167294862737
1   1.828132357486612
1   1.0165183340532162
1   1.0102140288366583
1   1.0054387907890987
1   1.0161947920815011
1   1.9884039548906012
1   1.0523172873365731
1   1.0203178433538045
1   1.9522249272686789
1   1.0452714960783982
1   1.0382911238308958
1   1.1351509883655513
1   1.5690136563965438
1   1.4729562039488862
1   1.2529529868200038
1   1.1909253574158953
1   1.9254011265474471
1   1.9774996048307294
1   1.8909691601961445
1   2.8893848871661385

2   2.0000614229445492
2   2.0032720732629365
2   2.0045344220088031
2   2.0077878025109244
2   2.0239545490000985
2   2.905497711947334
2   2.0046167727716293
2   2.1057012229828116
2   2.8927053449744111
2   2.0110725796984541
2   2.1113893953619622
2   2.0897106883381906
2   2.0034592031369045
2   2.3097927191702357
2   2.0013584614315731
2   2.0007017102964015
2   2.1536288416589482
2   2.5565820660003866
2   2.0332812585467401
2   2.00197023017191
2   2.9137077574856578
2   2.0470659736879524
2   2.0012767143166319
2   2.048760916384837
2   2.0000028118452366
2   2.984624152969269
2   2.0002085013775162
2   2.0046549998660703
2   2.0000992008772842
2   2.0004094535228387
2   2.0125816823773284
2   2.0003929102908473
2   2.8941642882543603
2   2.0001877895052727
2   2.1292831217884483
2   2.0000263015952884
2   2.0005180498908817
2   2.0017832726846385
2   2.0000159093572849
2   2.132651659275683
2   2.0001514396866971
2   2.8998585402858699

3   2.9999999999999996
3   3
3   3
3   3.0000000000000004
3   3
3   3.0000000000000004
3   2.9999999999999996

