0   -32.4181   0.0522187   0.0295479   0.0857644   0.173925   0.017561   0.281965   0.017561   0.173925   0.0857644   0.0295479   0.0522187   
1   -40.9281   0.0113387   0.0274414   0.066575   0.122853   0.173123   0.197339   0.173123   0.122853   0.066575   0.0274414   0.0113387   
2   -41.5227   0.00968429   0.0248846   0.0647167   0.123726   0.175666   0.202645   0.175666   0.123726   0.0647167   0.0248846   0.00968429   
3   -41.5083   0.0160941   0.0361633   0.0800549   0.120367   0.160385   0.173872   0.160385   0.120367   0.0800549   0.0361633   0.0160941   
4   -41.4011   0.0127406   0.0332886   0.0741365   0.125736   0.161916   0.184365   0.161916   0.125736   0.0741365   0.0332886   0.0127406   
5   -41.4011   0.00903194   0.0223341   0.0654222   0.123164   0.179972   0.200152   0.179972   0.123164   0.0654222   0.0223341   0.00903194   
6   -41.4011   0.0127406   0.0332886   0.0741365   0.125736   0.161916   0.184365   0.161916   0.125736   0.0741365   0.0332886   0.0127406   
7   -41.5083   0.0160941   0.0361633   0.0800549   0.120367   0.160385   0.173872   0.160385   0.120367   0.0800549   0.0361633   0.0160941   
8   -41.5227   0.00968429   0.0248846   0.0647167   0.123726   0.175666   0.202645   0.175666   0.123726   0.0647167   0.0248846   0.00968429   
9   -40.9281   0.0113387   0.0274414   0.066575   0.122853   0.173123   0.197339   0.173123   0.122853   0.066575   0.0274414   0.0113387   
10   -32.4181   0.0522187   0.0295479   0.0857644   0.173925   0.017561   0.281965   0.017561   0.173925   0.0857644   0.0295479   0.0522187   
