-2   2.0000000000000004
-2   2.0000000000000004
-2   2
-2   2.0000000000000004
-2   2

-1   1.0042258291914838
-1   1.0025030166679656
-1   1.0246529298008789
-1   1.9802972847956455
-1   1.9924001267494957
-1   1.0029203772427582
-1   1.0097294200879985
-1   1.0003204871811913
-1   1.0400861416684919
-1   1.9718922792228146
-1   1.0017112791560736
-1   1.0059632377088212
-1   1.9777733461431244
-1   1.000279577998578
-1   1.0349688573605544
-1   1.0012531117718368
-1   1.0001463563383322
-1   1.016064517170274
-1   1.0000220826998603
-1   1.9895883185871193

0   0.0092378895787305071
0   0.99999999999999911
0   0.99999999999999978
0   1.0000000000000013
0   0.086262563822735228
0   1.5609352511194698
0   1
0   1.9612122062756221
0   0.99999999999999978
0   1.0000000000000004
0   0.091417320139059566
0   0.99999999999999978
0   0.0025394419278276237
0   1.0000000000000002
0   1.9975748774032227
0   0.99999999999999978
0   1.0000000000000002
0   1.5609352511194712
0   0.99999999999999756
0   1.0000000000000007
0   0.99999999999999978
0   0.0011924082207559472
0   0.0025394419278276237
0   1.0000000000000016
0   0.00636803557321719
0   1.0000000000000002
0   0.066742446367823338
0   1.0000000000000011
0   1.0000000000000007
0   1.9845428796737856

1   1.0042258291914834
1   1.0025030166679665
1   1.0246529298008795
1   1.9802972847956446
1   1.9924001267494944
1   1.0029203772427582
1   1.0097294200880005
1   1.0003204871811917
1   1.0400861416684921
1   1.9718922792228151
1   1.0017112791560743
1   1.0059632377088217
1   1.9777733461431226
1   1.0002795779985776
1   1.0349688573605547
1   1.0012531117718368
1   1.0001463563383319
1   1.0160645171702745
1   1.0000220826998594
1   1.989588318587117

2   2.0000000000000004
2   2.0000000000000004
2   2
2   2.0000000000000004
2   2

