-3   2.9999999999999996
-3   3
-3   3
-3   3
-3   3.0000000000000004
-3   3
-3   3

-2   2.0000132997532534
-2   2.0012624446383502
-2   2.0016666800225353
-2   2.0040294063233786
-2   2.0097105814277536
-2   2.9632643079596779
-2   2.0025329665545519
-2   2.040993923304196
-2   2.942467928068496
-2   2.0647946726748154
-2   2.0044191066889154
-2   2.0255609096127962
-2   2.0014047135492508
-2   2.3844214518561979
-2   2.0003669905203556
-2   2.0002574823085149
-2   2.1558208290105703
-2   2.5403133927421697
-2   2.0117814303706281
-2   2.000627736501273
-2   2.9525400012873582
-2   2.03853493687234
-2   2.0005142668287745
-2   2.0194893635961506
-2   2.0000004408038774
-2   2.9941540654356635
-2   2.0000817174842749
-2   2.0017438819174185
-2   2.0000410337660948
-2   2.0001669309574948
-2   2.0048597139764381
-2   2.0001443954719589
-2   2.944630051242032
-2   2.000071958853141
-2   2.0707599568124655
-2   2.0000099902102635
-2   2.0002074986020957
-2   2.0010657489999009
-2   2.0000100898826596
-2   2.0671734804329742
-2   2.000053427347384
-2   2.9501933560521554

-1   1.00435955043586
-1   1.0620562477575997
-1   1.0064322072046665
-1   1.9578920570644849
-1   1.007804760180683
-1   1.9880212382351128
-1   1.0113557195433054
-1   1.0460716339055711
-1   1.970822383458104
-1   1.0227729143182911
-1   1.0801652390225951
-1   1.5977476743128047
-1   1.9444219504779308
-1   1.518304641332358
-1   2.055177476677617
-1   2.2495118200468269
-1   1.3867167743580637
-1   1.1672229006693866
-1   1.6964279273855518
-1   1.3981145498466676
-1   1.6643240497787009
-1   2.6107633799719356
-1   1.2095954229235002
-1   1.8715248558759168
-1   1.9112167802355184
-1   1.7389998892926455
-1   1.1098957880659468
-1   1.0262073254414894
-1   1.002505279687026
-1   1.9989526556307449
-1   1.0362957364352856
-1   1.5043612747437907
-1   1.5276681026861767
-1   1.6892324585899665
-1   1.7858830863605326
-1   1.9023009619172258
-1   1.5260382314742253
-1   1.3454838116715075
-1   1.5256038241171153
-1   1.6407605864203449
-1   1.7212336927700549
-1   1.2966897355384843
-1   1.7540855535515205
-1   1.8892489916492501
-1   1.0132308387329301
-1   1.0839454054945217
-1   1.709149297881742
-1   1.4145218507116557
-1   1.0394739214726332
-1   1.9456093206991447
-1   2.9464008471348699
-1   1.0219706325554814
-1   2.0033158684368724
-1   1.3384640764175726
-1   1.5883426064275397
-1   1.8047226993889343
-1   1.5265948159277194
-1   1.4421929598400611
-1   1.9753119649525646
-1   1.6701089925400163
-1   2.3871200434329318
-1   1.0020370086101276
-1   1.0417131801028101
-1   1.6310055533926886
-1   1.4900497361422766
-1   1.0020380704223124
-1   1.9751499324429878
-1   1.0030660199031369
-1   1.0168240464000886
-1   1.124073900583574
-1   1.6852205563553957
-1   1.8822709204528238
-1   1.2670953652085308
-1   1.0653298218112279
-1   1.2064039853744071
-1   1.9834744711271584
-1   1.9861063224979021
-1   1.0278249631274048
-1   1.0062746724702003
-1   1.0372197316128211
-1   2.4786580833556386
-1   1.7607725692466687
-1   1.0017432822671979
-1   2.0120955340961455
-1   1.3248971508998981
-1   1.8173577186219894
-1   1.0164145911942533
-1   1.0047465686770269
-1   1.0020298715222564
-1   1.006060233646169
-1   1.9964523095611595
-1   1.0192436942274217
-1   1.0064990842561783
-1   1.9829027909788648
-1   1.0177222217649595
-1   1.0114867320741985
-1   1.0495299454010996
-1   1.8513897584720325
-1   1.1965041377582077
-1   1.1627844799046223
-1   1.9450706935645901
-1   1.116580071892437
-1   1.9882053137857736
-1   1.9464014902984816
-1   2.9383794154710823

0   0.011635559989452315
0   1.001628689015255
0   0.3269582087810502
0   1.0020327080374418
0   1.0015829017423998
0   1.9087064202409025
0   1.0010910945299154
0   1.9938902860973906
0   1.0015313382584652
0   0.41517856163752953
0   0.024154104477476901
0   1.0013834783582927
0   1.0183137818937069
0   1.8800186760863298
0   0.021341647646850426
0   1.0040079847960302
0   1.2773794864709633
0   1.9917905312398596
0   1.3266507471194633
0   1.4234155379636355
0   1.5044506804688309
0   2.4311608943671472
0   1.0062737640233836
0   1.9652609085132489
0   1.1839420923086212
0   1.3636200281738677
0   1.0929429286617247
0   2.3632209985743513
0   1.2925499214867142
0   0.38718866016085307
0   1.0270589154899006
0   1.8739972733291381
0   1.8522139829828355
0   1.9541207014098028
0   0.29345469145944314
0   1.0000795239231619
0   0.065049180952840402
0   1.0014570330516828
0   1.0137379959696624
0   1.9423349643267609
0   1.0013159205832527
0   0.23630773693345508
0   1.3022058209627763
0   1.3022251433274841
0   1.0103114584305577
0   0.84499005997915022
0   1.0004188151175244
0   1.1589377207169576
0   0.98573897015568357
0   2.0272913009043627
0   1.9514875277995749
0   1.0015215982969383
0   1.2378590769933102
0   1.5064129445908088
0   1.2020327846957353
0   1.6316823988929685
0   1.4896988722224882
0   1.8751434348615899
0   1.4169131186206607
0   1.0039512934767978
0   0.05532835583772866
0   1.9896860590888483
0   1.0050279228071457
0   1.0388645945692181
0   1.0368110478309576
0   1.9911924157364314
0   1.0008740596089505
0   0.64791056187299434
0   2.9600496333008635
0   1.7858668060407785
0   1.000298775536353
0   1.9890711812244937
0   1.9934283866179565
0   1.012099445196682
0   0.014245678545442231
0   0.049485635405123074
0   1.3038419769316596
0   1.3036911892328242
0   1.0002119078084137
0   2.8085542137153854
0   1.3026143967994783
0   1.0889050643505414
0   1.9994953646063331
0   1.0019499861301031
0   1.0000766046185492
0   1.0000271440317481
0   1.9973922476407915
0   0.0043112538877330131
0   1.0015401872233869
0   0.23920063117362356
0   1.0005673408614666
0   0.093419006391848747
0   1.0008965048958074
0   0.089358607554446134
0   1.9400576252699651
0   1.9691838458040176
0   1.0000981417040955
0   1.0002066960641287
0   1.0026912735034745
0   1.9913259701558261
0   1.9869280966076652
0   1.0207292382617779
0   1.000123504008209
0   0.091245811052155346
0   0.051001318681516361
0   1.0063324593994907
0   2.7326474973292445
0   1.3773432214418528
0   0.059684552103796751
0   1.0003320146616992
0   1.1828322662846957
0   1.0003669656767684
0   1.9828856151776049
0   1.4835814046193441
0   0.060044607495879143
0   0.013132384177738987
0   1.0001227955282901
0   1.0044700661336141
0   1.0005030294571746
0   1.0027102622942865
0   0.93017422116220327
0   0.046934621184826719
0   1.6149565138050916
0   1.0000172424127451
0   1.0031606689576589
0   1.9845144868398368
0   0.013265428333423257
0   1.0000861463828195
0   0.15907761112680918
0   1.000028117869467
0   1.0049066596246261
0   1.9996230473781291
0   1.0278485311498802
0   0.32471659761702276
0   1.0000105317890178
0   1.9365131410945846
0   1.1123726627661918
0   1.9962712582825928
0   1.944210022048328
0   2.9333988325373044

1   1.004359550435862
1   1.0620562477576112
1   1.0064322072046665
1   1.9578920570644796
1   1.0078047601806801
1   1.9880212382351172
1   1.0113557195433025
1   1.0460716339055753
1   1.9708223834581053
1   1.022772914318292
1   1.0801652390225913
1   1.5977476743127812
1   1.9444219504779352
1   1.5183046413323691
1   2.0551774766775908
1   2.2495118200468611
1   1.3867167743580642
1   1.1672229006694068
1   1.6964279273855496
1   1.3981145498466649
1   1.6643240497786955
1   2.6107633799719459
1   1.2095954229235162
1   1.8715248558759172
1   1.9112167802355176
1   1.7389998892926228
1   1.1098957880659464
1   1.0262073254414905
1   1.0025052796870273
1   1.998952655630744
1   1.0362957364352863
1   1.5043612747438018
1   1.527668102686174
1   1.6892324585899505
1   1.7858830863605375
1   1.9023009619172266
1   1.5260382314742333
1   1.3454838116714742
1   1.5256038241171073
1   1.6407605864203583
1   1.7212336927700802
1   1.2966897355384843
1   1.7540855535515165
1   1.8892489916492496
1   1.0132308387329296
1   1.0839454054945221
1   1.7091492978817469
1   1.4145218507116484
1   1.0394739214726323
1   1.9456093206991447
1   2.9464008471348664
1   1.0219706325554816
1   2.0033158684368733
1   1.3384640764175773
1   1.5883426064275294
1   1.8047226993889298
1   1.5265948159277283
1   1.442192959840028
1   1.975311964952573
1   1.6701089925400483
1   2.3871200434329292
1   1.0020370086101289
1   1.041713180102811
1   1.6310055533926957
1   1.490049736142268
1   1.0020380704223133
1   1.9751499324429891
1   1.003066019903136
1   1.0168240464000902
1   1.1240739005835858
1   1.6852205563554148
1   1.8822709204528159
1   1.2670953652084944
1   1.0653298218112282
1   1.2064039853744246
1   1.9834744711271619
1   1.9861063224979034
1   1.0278249631274077
1   1.0062746724702025
1   1.0372197316128386
1   2.4786580833555623
1   1.7607725692466669
1   1.0017432822671988
1   2.0120955340962285
1   1.3248971508999021
1   1.8173577186219907
1   1.0164145911942519
1   1.0047465686770285
1   1.0020298715222584
1   1.0060602336461664
1   1.9964523095611639
1   1.0192436942274226
1   1.006499084256169
1   1.9829027909788621
1   1.0177222217649609
1   1.0114867320742009
1   1.0495299454010887
1   1.8513897584720693
1   1.1965041377581613
1   1.1627844799046609
1   1.9450706935645639
1   1.1165800718924308
1   1.9882053137857785
1   1.9464014902984776
1   2.9383794154710836

2   2.0000132997532543
2   2.0012624446383507
2   2.0016666800225345
2   2.004029406323379
2   2.0097105814277549
2   2.9632643079596779
2   2.0025329665545497
2   2.0409939233041952
2   2.942467928068496
2   2.0647946726748145
2   2.0044191066889159
2   2.0255609096127958
2   2.0014047135492516
2   2.3844214518562055
2   2.000366990520356
2   2.0002574823085153
2   2.1558208290105609
2   2.5403133927421724
2   2.0117814303706281
2   2.0006277365012735
2   2.9525400012873537
2   2.038534936872344
2   2.000514266828775
2   2.0194893635961528
2   2.0000004408038787
2   2.9941540654356671
2   2.0000817174842753
2   2.0017438819174189
2   2.0000410337660952
2   2.0001669309574948
2   2.004859713976439
2   2.0001443954719607
2   2.9446300512420298
2   2.0000719588531424
2   2.0707599568124708
2   2.0000099902102639
2   2.0002074986020948
2   2.0010657489998995
2   2.0000100898826583
2   2.067173480432968
2   2.0000534273473849
2   2.9501933560521616

3   2.9999999999999996
3   3
3   3
3   3
3   3.0000000000000004
3   3
3   3

