-2   2
-2   2
-2   2
-2   2
-2   2

-1   1.0079952629732321
-1   1.00443269275334
-1   1.0365053535314415
-1   1.9684857016731336
-1   1.9847201980949425
-1   1.0059299872733489
-1   1.0201051945154629
-1   1.0005583776550782
-1   1.0725720131287784
-1   1.948407652328302
-1   1.0032061244672006
-1   1.0107686081126694
-1   1.9613140823771675
-1   1.0005194071357641
-1   1.0599940756934636
-1   1.002350780845394
-1   1.0002620579018313
-1   1.0282621982784359
-1   1.0000386433063877
-1   1.9814958685160078

0   0.017180178047961903
0   0.99999999999999911
0   0.99999999999999911
0   1.0000000000000004
0   0.13083890885150584
0   1.560418678411474
0   0.99999999999999911
0   1.933757412132965
0   1.0000000000000002
0   1.0000000000000002
0   0.15584219012329958
0   1.0000000000000004
0   0.0046532172225979274
0   1
0   1.9956079297170577
0   0.99999999999999978
0   1.0000000000000004
0   1.5604186784114762
0   0.999999999999998
0   1.0000000000000013
0   1.0000000000000018
0   0.0021405181481313207
0   0.0046532172225980384
0   1.0000000000000007
0   0.011973640385544493
0   1.0000000000000007
0   0.10835562432200896
0   0.99999999999999933
0   1.0000000000000002
0   1.9736299646731452

1   1.0079952629732318
1   1.0044326927533405
1   1.0365053535314366
1   1.9684857016731372
1   1.9847201980949447
1   1.0059299872733494
1   1.0201051945154629
1   1.0005583776550779
1   1.0725720131287779
1   1.9484076523283038
1   1.003206124467201
1   1.0107686081126694
1   1.9613140823771666
1   1.0005194071357641
1   1.059994075693464
1   1.0023507808453933
1   1.0002620579018302
1   1.0282621982784355
1   1.0000386433063868
1   1.9814958685160078

2   2
2   2
2   2
2   2
2   2

