-3.5   3.5
-3.5   3.5
-3.5   3.5
-3.5   3.5
-3.5   3.5
-3.5   3.5
-3.5   3.5
-3.5   3.5

-2.5   2.5000912569021998
-2.5   2.5001120348190735
-2.5   2.5016806676632179
-2.5   2.5064467976267815
-2.5   2.5066703780888342
-2.5   2.5728605252549541
-2.5   3.3943069661271994
-2.5   2.8699131103895614
-2.5   3.165155518692472
-2.5   2.5126059168128734
-2.5   2.5452312473732213
-2.5   2.5178812844267995
-2.5   2.5081826376665393
-2.5   2.5014085683416054
-2.5   2.5009071600150721
-2.5   2.5085695910332344
-2.5   3.0697240963543995
-2.5   2.5096641211268982
-2.5   3.0983975405059834
-2.5   2.5043258712455754
-2.5   2.5669822815818226
-2.5   2.6976107439672612
-2.5   2.8757820999211838
-2.5   2.7692550627927219
-2.5   2.5033358002280801
-2.5   2.570272113445994
-2.5   2.5166579499910595
-2.5   2.5003613587543394
-2.5   2.5022924449261801
-2.5   2.5000862201737379
-2.5   3.4680274810108886
-2.5   2.5004697754163514
-2.5   2.5222983895999209
-2.5   2.5035842216789184
-2.5   2.5008479081910937
-2.5   3.4901508712017293
-2.5   2.5000281060103573
-2.5   2.5019449107302032
-2.5   2.5000996204535424
-2.5   2.5071946994978163
-2.5   2.5000392541160092
-2.5   2.5005278219802971
-2.5   2.5011287570084093
-2.5   2.5000940578433575
-2.5   2.5000856378086018
-2.5   2.7132390883606141
-2.5   3.3291452410043645
-2.5   2.5000362096773157
-2.5   2.5003388190864437
-2.5   2.5000612618922813
-2.5   2.500049410800234
-2.5   2.5005594430712268
-2.5   2.500020104717827
-2.5   2.6149465937850547
-2.5   2.5001043844809829
-2.5   3.4105824431614566

-1.5   1.5014536743224309
-1.5   1.5039091471627963
-1.5   1.6642371640821318
-1.5   1.5128622860980219
-1.5   2.3786770932450421
-1.5   1.5493915809128636
-1.5   1.5100307450681134
-1.5   2.4449733275288636
-1.5   1.5069482056783365
-1.5   2.3186634376214448
-1.5   1.7136361646938814
-1.5   1.5453229457122819
-1.5   1.5226634466979942
-1.5   1.526086072319536
-1.5   1.5600473137824555
-1.5   2.4665542432539511
-1.5   1.649558045222046
-1.5   1.8350105403171089
-1.5   2.093342051103789
-1.5   1.9924743762479742
-1.5   1.8705775678962162
-1.5   1.8341698662647148
-1.5   1.5381371727651181
-1.5   3.3195061142553701
-1.5   1.7637691122952281
-1.5   2.6244184027263739
-1.5   2.0326910496907691
-1.5   2.2245327997978914
-1.5   2.50611685491132
-1.5   2.2770585625174036
-1.5   1.7337073759260173
-1.5   1.8280238313327346
-1.5   1.9667574391155496
-1.5   2.1641055915895664
-1.5   2.2402342235104236
-1.5   1.6174747155788864
-1.5   2.4140782633804854
-1.5   1.5602802344732134
-1.5   1.5378398500661876
-1.5   1.5076043717633674
-1.5   1.5205550183237193
-1.5   2.4735845505417511
-1.5   1.518284965311568
-1.5   1.5389338157833783
-1.5   2.4322057646402668
-1.5   1.5612743730447005
-1.5   2.4162891124209471
-1.5   1.5832060997602881
-1.5   1.502666216030172
-1.5   1.5558037896669261
-1.5   1.5221053586099584
-1.5   1.9522746749218718
-1.5   1.953284253121947
-1.5   1.9556236390146076
-1.5   1.9870259741330556
-1.5   1.5521355655504143
-1.5   2.0570230945671897
-1.5   2.047884345293665
-1.5   2.3838468952824847
-1.5   2.0611699734371123
-1.5   2.0978167453235748
-1.5   2.171194330190354
-1.5   2.6259153484266173
-1.5   2.405727580898418
-1.5   1.8477059809880187
-1.5   1.8638023623123634
-1.5   2.1061049739367932
-1.5   2.190620452158881
-1.5   2.0675799316306231
-1.5   2.2070492831048454
-1.5   2.0538645138584855
-1.5   2.29565198088831
-1.5   2.2495054752817021
-1.5   2.0103687279855698
-1.5   1.5068107606163852
-1.5   1.5155457575461315
-1.5   1.5271885833876784
-1.5   1.5034862592945699
-1.5   1.524806937992079
-1.5   1.587313328282935
-1.5   2.3408004217344369
-1.5   2.1004763266692001
-1.5   1.7674807962571917
-1.5   1.9944952679751013
-1.5   1.9458081923562833
-1.5   2.2115200124924503
-1.5   2.40711836787675
-1.5   1.5294009606066634
-1.5   1.5173548004162924
-1.5   3.1678032344707887
-1.5   2.2783607441225162
-1.5   1.9877113648282299
-1.5   1.5672572410073444
-1.5   1.7393365386215889
-1.5   2.4216180970812546
-1.5   1.5646453344138189
-1.5   2.2875887543471638
-1.5   1.7878512789864063
-1.5   2.4214665810094518
-1.5   1.5610003987386527
-1.5   1.5221243718476805
-1.5   1.6506153886894124
-1.5   2.92986920863994
-1.5   2.3640964467103638
-1.5   1.5138730869245993
-1.5   2.3539771798216771
-1.5   1.5212664004641749
-1.5   1.5222372805031457
-1.5   2.4470314584293176
-1.5   2.022887218924537
-1.5   1.9392723228227777
-1.5   2.1111031812169334
-1.5   2.0650478552655853
-1.5   1.6125507500763501
-1.5   1.5027266692741543
-1.5   1.5108373818803216
-1.5   1.5055535951356558
-1.5   1.5060429196280429
-1.5   1.5062072176554837
-1.5   1.7510737726520653
-1.5   1.7316384687647153
-1.5   1.5522964698358228
-1.5   2.3242767714607191
-1.5   2.2724663860001098
-1.5   1.5057293452317371
-1.5   1.5587744873181846
-1.5   2.0560697494113671
-1.5   2.0110982336063867
-1.5   2.0323607041806153
-1.5   2.0473796659016545
-1.5   1.5073005992577277
-1.5   1.5058620285972908
-1.5   1.5097276357293112
-1.5   1.9729623979457864
-1.5   1.9188059802365531
-1.5   1.8741106116635939
-1.5   1.5073880003145876
-1.5   1.9831897546273014
-1.5   2.118058968074525
-1.5   3.3492708199328991
-1.5   2.4869668266229215
-1.5   1.5017705263446093
-1.5   1.6158664038485493
-1.5   1.5093903049933317
-1.5   1.5021385022604434
-1.5   1.5175094500458917
-1.5   1.5065578513348119
-1.5   1.5836084575517821
-1.5   1.5035844040346613
-1.5   2.4262937044729194
-1.5   1.5072024519870655
-1.5   2.491816743395932
-1.5   1.5021499037186228
-1.5   1.5539725637939164
-1.5   1.5339604464549161
-1.5   1.5015889292166218
-1.5   1.5510224671073782
-1.5   2.2328920084528652
-1.5   1.8140499157827312
-1.5   1.6685589380944146
-1.5   1.7486763700604691
-1.5   2.1971526361676155
-1.5   1.7155833894975654
-1.5   2.4599939639628023
-1.5   1.683562695878726
-1.5   2.4662216180503393
-1.5   2.3757658172482854
-1.5   3.3816236212467143

-0.5   0.54467148173829827
-0.5   0.63302763639696491
-0.5   1.2529559735227074
-0.5   0.95322059677408544
-0.5   0.97101272606574374
-0.5   0.89435309799414364
-0.5   1.3414787162593227
-0.5   1.4223052342289202
-0.5   1.2905832169779972
-0.5   2.343186032456916
-0.5   1.2191335154568759
-0.5   0.98201208698756925
-0.5   1.4804242428174696
-0.5   2.4243286847840251
-0.5   0.6240248887049693
-0.5   1.4759215358462241
-0.5   0.6573199481985148
-0.5   1.3188466211063581
-0.5   0.54816706543538873
-0.5   2.0982458261429526
-0.5   1.415621016917034
-0.5   1.3037399693736351
-0.5   0.57272606785476698
-0.5   0.92012257776787298
-0.5   1.1654722793039711
-0.5   1.4850373296372155
-0.5   1.2719525549281023
-0.5   1.283967849288804
-0.5   0.58208256467253405
-0.5   1.8485832704354248
-0.5   1.4272926613092602
-0.5   1.8624325350874571
-0.5   0.89541333556356006
-0.5   1.7700176421688267
-0.5   1.9619290009502746
-0.5   2.0751801415675519
-0.5   1.1485849097802938
-0.5   1.6733224643135656
-0.5   2.0942653277286292
-0.5   1.5650146087799932
-0.5   2.1351748885577102
-0.5   1.5250615532735479
-0.5   1.4072736253448632
-0.5   1.9642334819810965
-0.5   1.1773797405240662
-0.5   2.828455239042603
-0.5   2.0206529597306924
-0.5   1.6680655604301937
-0.5   1.8865720678443192
-0.5   1.3626738104273493
-0.5   1.7812588110874366
-0.5   1.6563402526050051
-0.5   1.6955451759400852
-0.5   1.5027980018724034
-0.5   1.4605754878808734
-0.5   1.592938531904645
-0.5   1.9114865045029217
-0.5   1.3909974539894587
-0.5   1.845773706967333
-0.5   1.1011925377493068
-0.5   2.3408417356259608
-0.5   0.67920881499758079
-0.5   1.4069209260029791
-0.5   1.0023833653752858
-0.5   0.70196025012652075
-0.5   1.2203866180418645
-0.5   0.80218458231200773
-0.5   1.4516650835161873
-0.5   1.3628244170658301
-0.5   1.668792350044852
-0.5   1.4259855088248303
-0.5   0.59502664017057905
-0.5   1.8159578764806534
-0.5   1.4088209870835868
-0.5   1.7687451127639604
-0.5   1.3574291126137779
-0.5   1.8623349772823516
-0.5   1.1639770047976077
-0.5   2.1012377028384432
-0.5   1.0998493723895786
-0.5   1.0230446111716618
-0.5   1.2020187962634674
-0.5   1.3176414034556061
-0.5   1.4813618366474985
-0.5   0.62862991495235909
-0.5   1.1758762554436417
-0.5   1.5000330009188887
-0.5   1.5001654778405182
-0.5   0.77980560292883205
-0.5   1.0807242537799098
-0.5   1.3966410636062445
-0.5   1.4485774554869157
-0.5   1.4342286320056339
-0.5   0.7268935562635841
-0.5   1.842588799699147
-0.5   1.8882996153186231
-0.5   2.0898006650196286
-0.5   1.2143573984981675
-0.5   1.5058406802205733
-0.5   1.7894601070279128
-0.5   1.7221896121985787
-0.5   1.6822452610721008
-0.5   1.8770824551584999
-0.5   1.722594548023848
-0.5   1.5631661874487479
-0.5   1.9000632728437625
-0.5   1.9765198075487005
-0.5   1.6600608199826943
-0.5   1.7621676577810721
-0.5   2.1819153483027862
-0.5   2.0246203928909221
-0.5   1.5102254711116103
-0.5   1.6714500772877994
-0.5   1.6443774251767791
-0.5   1.3033063657241639
-0.5   1.4549551649110242
-0.5   2.0450426266472146
-0.5   2.0684777101998506
-0.5   2.2444015717951808
-0.5   1.8998442114706005
-0.5   2.1890336520147429
-0.5   0.55176464059721475
-0.5   0.58710901017219563
-0.5   1.1684142794958297
-0.5   0.99895763987149833
-0.5   1.4900672020566255
-0.5   0.55649218515496646
-0.5   0.68059229957118328
-0.5   1.4256548620651788
-0.5   1.4809299802521081
-0.5   1.4964392825342354
-0.5   1.5477948064751073
-0.5   1.4334816646053594
-0.5   2.0519135903067003
-0.5   1.2761872771685452
-0.5   1.1744776296950299
-0.5   2.4237405055126664
-0.5   1.4027284112002814
-0.5   1.4088022098771944
-0.5   1.3365221684954489
-0.5   2.0650442268533307
-0.5   2.301013611643778
-0.5   1.4806951477204797
-0.5   0.97263475121583198
-0.5   1.4855121213908764
-0.5   1.3947070228173244
-0.5   1.3991704987017997
-0.5   3.0737827935139728
-0.5   1.1166982532728198
-0.5   1.4807339334087009
-0.5   2.0112894626726705
-0.5   1.5351364147472473
-0.5   1.5255768227479427
-0.5   0.95539943146135009
-0.5   2.0343901781657068
-0.5   0.79472629849106058
-0.5   1.4234213259727477
-0.5   1.1834234971556232
-0.5   1.0870696653842962
-0.5   2.3279616550800024
-0.5   0.92843687861188484
-0.5   2.3000358932125358
-0.5   0.79587119877634094
-0.5   1.4761511288842952
-0.5   1.4564021321881715
-0.5   0.79014987210477061
-0.5   1.8378640555861021
-0.5   1.8522864602413662
-0.5   0.76192047218068315
-0.5   1.3840773048707757
-0.5   3.005438392205336
-0.5   1.6686879508313432
-0.5   1.5126067802752523
-0.5   1.4958215120100791
-0.5   1.4084281988173328
-0.5   1.3897236577297158
-0.5   2.3400403218806454
-0.5   1.7496109386602314
-0.5   1.2571609961185437
-0.5   1.6864481555950084
-0.5   1.2536944485494512
-0.5   1.7866771238278107
-0.5   1.7379898583140005
-0.5   0.85006992536521619
-0.5   0.86057039399371482
-0.5   1.4667365803492178
-0.5   0.5460406380161722
-0.5   0.79574253398354355
-0.5   1.4893838397322572
-0.5   1.3660567301184978
-0.5   1.4939888654767899
-0.5   0.56355719496470846
-0.5   0.55135094082307878
-0.5   1.3024789530555889
-0.5   1.4452594613070042
-0.5   0.84750315253256514
-0.5   0.62473515739290386
-0.5   1.7079956751015262
-0.5   1.932526567551319
-0.5   1.6819719726054752
-0.5   2.1206927779353513
-0.5   2.1617385885990013
-0.5   1.437778499056884
-0.5   0.59387741307988318
-0.5   0.59261316766315919
-0.5   0.62879847480962114
-0.5   1.4763157237501952
-0.5   0.52731889702887846
-0.5   0.7491066121252592
-0.5   1.5127305492437211
-0.5   1.8565519549121605
-0.5   2.2474810855945857
-0.5   1.5072018504602673
-0.5   1.5064507393219944
-0.5   1.459732978641465
-0.5   0.90796904958453317
-0.5   1.4136739165266479
-0.5   0.98477962082504233
-0.5   0.65744687613549813
-0.5   1.2709601839002336
-0.5   0.51018125456417263
-0.5   0.52314025634314376
-0.5   0.55511189532535887
-0.5   0.60034958103285874
-0.5   1.1919027348952538
-0.5   1.0811755125857163
-0.5   1.023965476566989
-0.5   1.8495438559392468
-0.5   2.3851509382029326
-0.5   1.7305314884117946
-0.5   2.3609139783815252
-0.5   1.616267383756385
-0.5   2.5866309526484654
-0.5   1.9157979285531588
-0.5   0.94482238626414716
-0.5   1.6096445956236205
-0.5   0.85050658580868577
-0.5   1.4336277964066568
-0.5   1.5827094741478862
-0.5   0.94517063075534868
-0.5   1.3099312609813014
-0.5   0.58378149948850644
-0.5   1.461440630159226
-0.5   0.805741181197976
-0.5   1.0376669717609814
-0.5   0.52100426317061443
-0.5   1.2457989742008986
-0.5   0.92534516269844591
-0.5   1.3200880641962394
-0.5   1.3978414930480989
-0.5   1.4903985111133853
-0.5   0.99417311334293434
-0.5   2.2749177913075318
-0.5   1.4669334025852034
-0.5   2.3589965613659172
-0.5   0.52582671644966772
-0.5   0.58597104761915952
-0.5   1.4783467620175752
-0.5   0.62126098201009561
-0.5   0.55767182972438567
-0.5   0.78274030402591332
-0.5   1.498730457490004
-0.5   1.4014206673549021
-0.5   1.3844033463899079
-0.5   0.63655076703801972
-0.5   2.2084263497604719
-0.5   1.4928629412244581
-0.5   1.2897341440290633
-0.5   0.83119193236406419
-0.5   1.500315320031548
-0.5   1.4170204801543156
-0.5   0.9123527545024015
-0.5   2.3629782964166517
-0.5   1.6588546418955898
-0.5   1.5187594998566811
-0.5   2.3646960090239211
-0.5   1.5943207623818316
-0.5   2.4692209505924101
-0.5   2.3720779400325434
-0.5   3.3684506566041832

0.5   0.54467148173827384
0.5   0.63302763639698201
0.5   1.2529559735227314
0.5   0.95322059677386561
0.5   0.97101272606573552
0.5   0.89435309799432239
0.5   1.341478716259314
0.5   1.422305234228926
0.5   1.2905832169779932
0.5   2.3431860324569378
0.5   1.2191335154569098
0.5   0.98201208698752951
0.5   1.4804242428174714
0.5   2.4243286847840291
0.5   0.62402488870498463
0.5   1.4759215358462183
0.5   0.6573199481985128
0.5   1.318846621106325
0.5   0.54816706543540228
0.5   2.0982458261430095
0.5   1.4156210169169825
0.5   1.3037399693736111
0.5   0.57272606785477853
0.5   0.92012257776789474
0.5   1.1654722793038861
0.5   1.4850373296372144
0.5   1.2719525549281718
0.5   1.283967849288812
0.5   0.58208256467251651
0.5   1.8485832704354634
0.5   1.4272926613091546
0.5   1.8624325350874416
0.5   0.89541333556364999
0.5   1.7700176421688609
0.5   1.9619290009504708
0.5   2.0751801415675466
0.5   1.1485849097800744
0.5   1.6733224643135842
0.5   2.09426532772869
0.5   1.5650146087800079
0.5   2.1351748885573496
0.5   1.5250615532735265
0.5   1.4072736253451694
0.5   1.9642334819810596
0.5   1.1773797405240281
0.5   2.8284552390426776
0.5   2.0206529597307181
0.5   1.6680655604299655
0.5   1.8865720678444435
0.5   1.3626738104272567
0.5   1.7812588110875121
0.5   1.6563402526050224
0.5   1.6955451759400875
0.5   1.5027980018724372
0.5   1.4605754878809503
0.5   1.5929385319047142
0.5   1.9114865045028555
0.5   1.3909974539893193
0.5   1.8457737069673974
0.5   1.1011925377492775
0.5   2.3408417356259594
0.5   0.67920881499757946
0.5   1.4069209260029636
0.5   1.0023833653753005
0.5   0.70196025012654895
0.5   1.2203866180418506
0.5   0.80218458231193401
0.5   1.4516650835162341
0.5   1.3628244170658357
0.5   1.6687923500449107
0.5   1.4259855088248357
0.5   0.59502664017057416
0.5   1.8159578764805877
0.5   1.4088209870836073
0.5   1.7687451127639533
0.5   1.3574291126137443
0.5   1.8623349772823632
0.5   1.1639770047975972
0.5   2.1012377028384552
0.5   1.0998493723895677
0.5   1.023044611171674
0.5   1.202018796263461
0.5   1.3176414034555919
0.5   1.4813618366474959
0.5   0.62862991495235798
0.5   1.1758762554436313
0.5   1.5000330009188869
0.5   1.5001654778405196
0.5   0.77980560292883072
0.5   1.0807242537799142
0.5   1.3966410636062521
0.5   1.4485774554869109
0.5   1.4342286320056468
0.5   0.72689355626331209
0.5   1.842588799699302
0.5   1.8882996153185969
0.5   2.0898006650196259
0.5   1.2143573984981455
0.5   1.5058406802205782
0.5   1.7894601070279177
0.5   1.7221896121985907
0.5   1.6822452610720937
0.5   1.8770824551585092
0.5   1.7225945480238578
0.5   1.5631661874487377
0.5   1.9000632728437781
0.5   1.9765198075486854
0.5   1.6600608199827138
0.5   1.7621676577810552
0.5   2.181915348302756
0.5   2.0246203928910091
0.5   1.5102254711115797
0.5   1.6714500772877297
0.5   1.6443774251768
0.5   1.3033063657241526
0.5   1.4549551649108823
0.5   2.0450426266470383
0.5   2.0684777102000491
0.5   2.2444015717952825
0.5   1.8998442114706124
0.5   2.1890336520147451
0.5   0.55176464059721431
0.5   0.58710901017219919
0.5   1.1684142794958436
0.5   0.998957639871485
0.5   1.490067202056623
0.5   0.55649218515496912
0.5   0.68059229957116973
0.5   1.4256548620651839
0.5   1.4809299802521025
0.5   1.4964392825342305
0.5   1.5477948064750811
0.5   1.4334816646053525
0.5   2.0519135903067194
0.5   1.2761872771685574
0.5   1.1744776296950425
0.5   2.4237405055126637
0.5   1.4027284112002687
0.5   1.4088022098771913
0.5   1.3365221684954609
0.5   2.0650442268533387
0.5   2.3010136116437701
0.5   1.4806951477204855
0.5   0.97263475121581844
0.5   1.4855121213908746
0.5   1.3947070228172671
0.5   1.3991704987017846
0.5   3.0737827935139999
0.5   1.1166982532728107
0.5   1.4807339334087017
0.5   2.0112894626726683
0.5   1.5351364147472473
0.5   1.5255768227479543
0.5   0.95539943146134831
0.5   2.0343901781657219
0.5   0.79472629849106347
0.5   1.423421325972742
0.5   1.1834234971556106
0.5   1.0870696653842991
0.5   2.327961655080006
0.5   0.92843687861188351
0.5   2.3000358932125287
0.5   0.79587119877633761
0.5   1.4761511288842954
0.5   1.4564021321881677
0.5   0.79014987210477439
0.5   1.8378640555861003
0.5   1.852286460241356
0.5   0.76192047218067938
0.5   1.3840773048707766
0.5   3.005438392205328
0.5   1.6686879508313481
0.5   1.512606780275231
0.5   1.4958215120100784
0.5   1.4084281988173772
0.5   1.3897236577297127
0.5   2.3400403218806378
0.5   1.7496109386602501
0.5   1.2571609961152448
0.5   1.6864481555975988
0.5   1.2536944485494155
0.5   1.7866771238278663
0.5   1.7379898583140276
0.5   0.85006992536519577
0.5   0.86057039399374036
0.5   1.4667365803492129
0.5   0.54604063801616021
0.5   0.79574253398348604
0.5   1.4893838397322599
0.5   1.366056730118542
0.5   1.4939888654767943
0.5   0.56355719496470935
0.5   0.55135094082311653
0.5   1.3024789530555816
0.5   1.4452594613070022
0.5   0.84750315253254449
0.5   0.62473515739291186
0.5   1.7079956751015191
0.5   1.9325265675514269
0.5   1.6819719726055711
0.5   2.1206927779352482
0.5   2.1617385885989213
0.5   1.4377784990568814
0.5   0.59387741307987651
0.5   0.59261316766316119
0.5   0.62879847480962048
0.5   1.4763157237502023
0.5   0.52731889702887891
0.5   0.74910661212524188
0.5   1.5127305492434115
0.5   1.8565519549124834
0.5   2.2474810855945613
0.5   1.5072018504601852
0.5   1.506450739322001
0.5   1.459732978641467
0.5   0.90796904958454294
0.5   1.4136739165266667
0.5   0.98477962082499615
0.5   0.65744687613551323
0.5   1.2709601839002631
0.5   0.51018125456417396
0.5   0.52314025634316863
0.5   0.55511189532536043
0.5   0.60034958103285074
0.5   1.1919027348953219
0.5   1.0811755125854514
0.5   1.0239654765669208
0.5   1.8495438559393986
0.5   2.3851509382029588
0.5   1.7305314884118901
0.5   2.3609139783814284
0.5   1.6162673837563242
0.5   2.5866309526485289
0.5   1.9157979285530788
0.5   0.94482238626414983
0.5   1.6096445956235228
0.5   0.85050658580861671
0.5   1.4336277964067841
0.5   1.582709474148007
0.5   0.94517063075531338
0.5   1.3099312609813365
0.5   0.58378149948850644
0.5   1.4614406301592215
0.5   0.80574118119803728
0.5   1.0376669717609057
0.5   0.52100426317061022
0.5   1.2457989742009297
0.5   0.92534516269833378
0.5   1.3200880641961887
0.5   1.3978414930481364
0.5   1.4903985111133988
0.5   0.99417311334288638
0.5   2.2749177913076442
0.5   1.466933402585145
0.5   2.3589965613659154
0.5   0.52582671644966905
0.5   0.58597104761917151
0.5   1.4783467620175745
0.5   0.6212609820101902
0.5   0.55767182972428619
0.5   0.78274030402591888
0.5   1.498730457490006
0.5   1.401420667354953
0.5   1.384403346389891
0.5   0.63655076703789271
0.5   2.2084263497605723
0.5   1.4928629412244692
0.5   1.2897341440288743
0.5   0.83119193236426714
0.5   1.5003153200315613
0.5   1.4170204801541018
0.5   0.91235275450240949
0.5   2.362978296416558
0.5   1.6588546418957546
0.5   1.5187594998566865
0.5   2.3646960090239295
0.5   1.5943207623818441
0.5   2.4692209505924039
0.5   2.3720779400325331
0.5   3.3684506566041801

1.5   1.5014536743224309
1.5   1.5039091471627972
1.5   1.6642371640821003
1.5   1.5128622860980236
1.5   2.3786770932450616
1.5   1.5493915809128489
1.5   1.5100307450681063
1.5   2.4449733275288743
1.5   1.5069482056783383
1.5   2.3186634376214728
1.5   1.7136361646938405
1.5   1.5453229457122832
1.5   1.522663446697992
1.5   1.5260860723195377
1.5   1.5600473137824511
1.5   2.4665542432539511
1.5   1.6495580452220784
1.5   1.8350105403171035
1.5   2.0933420511037633
1.5   1.9924743762480328
1.5   1.8705775678961736
1.5   1.8341698662647206
1.5   1.5381371727651101
1.5   3.3195061142553728
1.5   1.7637691122951042
1.5   2.624418402726457
1.5   2.0326910496907562
1.5   2.2245327997979079
1.5   2.5061168549113035
1.5   2.2770585625173911
1.5   1.7337073759260835
1.5   1.828023831332739
1.5   1.9667574391155664
1.5   2.1641055915895349
1.5   2.2402342235104209
1.5   1.6174747155788869
1.5   2.4140782633804858
1.5   1.560280234473217
1.5   1.5378398500661898
1.5   1.5076043717633674
1.5   1.5205550183237193
1.5   2.4735845505417511
1.5   1.5182849653115666
1.5   1.5389338157833845
1.5   2.4322057646402628
1.5   1.5612743730446912
1.5   2.4162891124209462
1.5   1.5832060997602939
1.5   1.502666216030172
1.5   1.5558037896669288
1.5   1.5221053586099704
1.5   1.9522746749218651
1.5   1.9532842531219337
1.5   1.9556236390146053
1.5   1.9870259741330529
1.5   1.552135565550409
1.5   2.0570230945671875
1.5   2.0478843452936717
1.5   2.3838468952824767
1.5   2.0611699734370932
1.5   2.0978167453235659
1.5   2.1711943301903598
1.5   2.6259153484266182
1.5   2.4057275808984366
1.5   1.8477059809880334
1.5   1.8638023623123807
1.5   2.1061049739368136
1.5   2.1906204521588388
1.5   2.0675799316304651
1.5   2.2070492831049431
1.5   2.0538645138585512
1.5   2.295651980888326
1.5   2.2495054752816959
1.5   2.010368727985564
1.5   1.5068107606163839
1.5   1.515545757546132
1.5   1.5271885833876797
1.5   1.5034862592945699
1.5   1.524806937992079
1.5   1.5873133282829355
1.5   2.340800421734436
1.5   2.1004763266691975
1.5   1.767480796257193
1.5   1.9944952679751062
1.5   1.9458081923562753
1.5   2.2115200124924557
1.5   2.4071183678767514
1.5   1.5294009606066674
1.5   1.517354800416292
1.5   3.1678032344708065
1.5   2.2783607441225135
1.5   1.9877113648282179
1.5   1.5672572410073498
1.5   1.7393365386215867
1.5   2.421618097081252
1.5   1.5646453344138189
1.5   2.2875887543471571
1.5   1.7878512789864152
1.5   2.4214665810094504
1.5   1.5610003987386531
1.5   1.5221243718476822
1.5   1.6506153886894239
1.5   2.9298692086399347
1.5   2.3640964467103545
1.5   1.5138730869246024
1.5   2.3539771798216815
1.5   1.5212664004641745
1.5   1.5222372805031457
1.5   2.4470314584293167
1.5   2.0228872189245366
1.5   1.9392723228228346
1.5   2.1111031812168757
1.5   2.0650478552655906
1.5   1.6125507500763536
1.5   1.5027266692741548
1.5   1.5108373818803229
1.5   1.505553595135654
1.5   1.506042919628042
1.5   1.5062072176554824
1.5   1.7510737726520693
1.5   1.731638468764729
1.5   1.5522964698358241
1.5   2.3242767714607018
1.5   2.2724663860001018
1.5   1.5057293452317366
1.5   1.5587744873181859
1.5   2.0560697494113538
1.5   2.0110982336064116
1.5   2.0323607041806291
1.5   2.0473796659016279
1.5   1.507300599257726
1.5   1.505862028597289
1.5   1.5097276357293108
1.5   1.9729623979457847
1.5   1.9188059802365416
1.5   1.8741106116636459
1.5   1.5073880003146147
1.5   1.9831897546272761
1.5   2.1180589680745081
1.5   3.3492708199329062
1.5   2.4869668266229232
1.5   1.5017705263446075
1.5   1.6158664038485373
1.5   1.5093903049933268
1.5   1.5021385022604443
1.5   1.5175094500458921
1.5   1.5065578513348132
1.5   1.5836084575517368
1.5   1.5035844040346622
1.5   2.4262937044729562
1.5   1.5072024519870628
1.5   2.491816743395932
1.5   1.502149903718621
1.5   1.5539725637938706
1.5   1.5339604464549121
1.5   1.5015889292166196
1.5   1.5510224671073787
1.5   2.2328920084529509
1.5   1.8140499157826806
1.5   1.6685589380944101
1.5   1.7486763700604615
1.5   2.1971526361676195
1.5   1.7155833894975325
1.5   2.4599939639628237
1.5   1.6835626958787335
1.5   2.4662216180503589
1.5   2.3757658172482881
1.5   3.3816236212466957

2.5   2.5000912569022007
2.5   2.5001120348190735
2.5   2.5016806676632184
2.5   2.5064467976267824
2.5   2.5066703780888342
2.5   2.5728605252549652
2.5   3.3943069661271905
2.5   2.8699131103896089
2.5   3.1651555186924289
2.5   2.512605916812864
2.5   2.545231247373231
2.5   2.5178812844268004
2.5   2.5081826376665384
2.5   2.5014085683416059
2.5   2.5009071600150716
2.5   2.5085695910332344
2.5   3.069724096354407
2.5   2.5096641211269062
2.5   3.0983975405059763
2.5   2.5043258712455709
2.5   2.5669822815818222
2.5   2.6976107439672665
2.5   2.8757820999211829
2.5   2.7692550627927153
2.5   2.5033358002280814
2.5   2.5702721134459936
2.5   2.5166579499910586
2.5   2.5003613587543385
2.5   2.5022924449261801
2.5   2.5000862201737371
2.5   3.4680274810108891
2.5   2.5004697754163523
2.5   2.5222983895999223
2.5   2.5035842216789193
2.5   2.5008479081910937
2.5   3.490150871201728
2.5   2.5000281060103569
2.5   2.5019449107302032
2.5   2.5000996204535433
2.5   2.5071946994978176
2.5   2.5000392541160088
2.5   2.5005278219802967
2.5   2.5011287570084089
2.5   2.5000940578433566
2.5   2.5000856378086027
2.5   2.7132390883606265
2.5   3.3291452410043489
2.5   2.5000362096773143
2.5   2.5003388190864437
2.5   2.5000612618922804
2.5   2.5000494108002327
2.5   2.5005594430712255
2.5   2.5000201047178261
2.5   2.6149465937850627
2.5   2.5001043844809825
2.5   3.4105824431614513

3.5   3.5
3.5   3.5
3.5   3.5
3.5   3.5
3.5   3.5
3.5   3.5
3.5   3.5
3.5   3.5

