-2   2
-2   2.0000000000000004
-2   2
-2   2
-2   2

-1   1.0092817389396727
-1   1.005052896326093
-1   1.039562762440855
-1   1.9650063765193666
-1   1.9820187496156234
-1   1.0070217643677182
-1   1.0237907775925308
-1   1.0006338794815965
-1   1.0829164830627467
-1   1.9407632672850101
-1   1.0037141207324685
-1   1.0123422170595329
-1   1.9561872909873284
-1   1.000600254138351
-1   1.0676410825571725
-1   1.0027246834643857
-1   1.0002998606251359
-1   1.0321122300901084
-1   1.000043885154994
-1   1.9789072166089472

0   0.019853770421789263
0   1.0000000000000004
0   1.0000000000000011
0   1.0000000000000002
0   0.1430037320491846
0   1.5602464053070606
0   1.0000000000000029
0   1.9251684225094112
0   1.0000000000000007
0   1.0000000000000007
0   0.17553121101158908
0   0.99999999999999978
0   0.0053560620189762043
0   1.0000000000000007
0   1.9949604850416285
0   1.0000000000000004
0   1.0000000000000007
0   1.5602464053070633
0   1.0000000000000009
0   1.0000000000000016
0   1.0000000000000007
0   0.0024502462353129806
0   0.0053560620189760932
0   1.0000000000000007
0   0.013881480910611033
0   1.0000000000000002
0   0.12047381226816278
0   1.0000000000000007
0   1.0000000000000002
0   1.9702566594115196

1   1.0092817389396718
1   1.0050528963260934
1   1.0395627624408523
1   1.9650063765193684
1   1.9820187496156203
1   1.0070217643677186
1   1.0237907775925355
1   1.0006338794815968
1   1.0829164830627465
1   1.9407632672850084
1   1.0037141207324678
1   1.0123422170595333
1   1.9561872909873297
1   1.000600254138351
1   1.0676410825571727
1   1.002724683464385
1   1.0002998606251354
1   1.0321122300901071
1   1.0000438851549938
1   1.9789072166089459

2   2
2   2.0000000000000004
2   2
2   2
2   2

