-4   4
-4   4
-4   4
-4   4
-4   4
-4   4
-4   4
-4   4
-4   4

-3   3.000033385323043
-3   3.0000530751256265
-3   3.0004575746492734
-3   3.0013777167937685
-3   3.000346081348336
-3   3.0314054725943222
-3   3.009444616988719
-3   3.8275170642107676
-3   3.0005527709884041
-3   3.1786091661227052
-3   3.8528940162813026
-3   3.0014898204510359
-3   3.1650045626401919
-3   3.0001679645542354
-3   3.0060356396758969
-3   3.0004481191739716
-3   3.0026729994989698
-3   3.0002217855700866
-3   3.7891732987622495
-3   3.0007411709337184
-3   3.0289309775674838
-3   3.1653273330339191
-3   3.0043914986514544
-3   3.0608248997953167
-3   3.0120108248751087
-3   3.0018480733908248
-3   3.7630908485891217
-3   3.0003452231213887
-3   3.2663595821901783
-3   3.0001199232123987
-3   3.0039322616847102
-3   3.0000609762848249
-3   3.0021249566428363
-3   3.0045782333452511
-3   3.2975436026214213
-3   3.0024790088311595
-3   3.232016914806537
-3   3.5310394038571173
-3   3.0066589846295493
-3   3.0070798645710806
-3   3.0857082081740868
-3   3.0106241525066788
-3   3.9207453871312818
-3   3.0000927588098381
-3   3.0001706426501338
-3   3.0002468451698054
-3   3.0014514070845477
-3   3.000095849872531
-3   3.0000152533581899
-3   3.7032717536859909
-3   3.0000457221772772
-3   3.3476072668237173
-3   3.0000148752913667
-3   3.0023268654702098
-3   3.0001561238096763
-3   3.0001957653639071
-3   3.0000072972902316
-3   3.0000286309911131
-3   3.037146928882585
-3   3.0000161785536101
-3   3.9195039342508124
-3   3.0000820351302759
-3   3.0642633605682694
-3   3.0000374570680237
-3   3.0000473565541115
-3   3.00025185843666
-3   3.0000316701416265
-3   3.0000060620583233
-3   3.0000183340936895
-3   3.1173817890177213
-3   3.0000950010737126
-3   3.9058856673770173

-2   2.0004077885342446
-2   2.0007679938591818
-2   2.0016351670752623
-2   2.1699526292964046
-2   2.0127856464801077
-2   2.8671745659532295
-2   2.0045132621539281
-2   2.1332556243667811
-2   2.0051893451071949
-2   2.8856163784517417
-2   2.002040915810654
-2   2.8751223689979004
-2   2.0045438792665138
-2   2.1333578794037074
-2   2.0302623173957848
-2   2.014853665162271
-2   2.0280288002719349
-2   2.0308443919928285
-2   2.0170042268538979
-2   2.836102065720516
-2   2.1783529749828121
-2   2.0051769787355935
-2   2.1148959432747776
-2   2.9505298032744647
-2   2.685800178847757
-2   2.6494845762761194
-2   2.0448151457575969
-2   2.3720358563491817
-2   2.2567769273421092
-2   2.6777892814389395
-2   2.4300973629298408
-2   2.1503362688944336
-2   3.0057187185585601
-2   2.5914890310880652
-2   2.1939102289808661
-2   2.241275043154312
-2   2.8685788761965187
-2   2.5784123787242481
-2   2.3752352696328924
-2   3.1104628472100271
-2   2.4897763254140268
-2   2.3720648210889856
-2   3.0308326033487298
-2   2.379081984419765
-2   2.4926125935221779
-2   2.3241507357180016
-2   2.1840293709630951
-2   2.5293211323788314
-2   2.2767265524610161
-2   2.2367697709201648
-2   2.3409341484796737
-2   2.5120982236608018
-2   2.0154401285709671
-2   2.0027495979486258
-2   2.0108497683147646
-2   2.010543895908699
-2   2.0494375720600182
-2   2.1493273328172089
-2   2.8901053656298599
-2   2.5030858547585964
-2   2.4070195151790559
-2   2.9211478979345342
-2   2.1692120553236571
-2   2.1015165821050688
-2   2.2096417614681831
-2   2.0284018642341834
-2   2.5404203575652073
-2   2.2693166154711499
-2   2.9314644025548331
-2   2.0734790496348174
-2   2.3453576496515636
-2   2.0779589156444809
-2   3.061099375147184
-2   2.7905086619789494
-2   2.631656427360864
-2   2.4803732647410959
-2   2.6759506325415168
-2   2.0633047024477991
-2   2.1164661629841062
-2   2.151394621145545
-2   2.0641776916416412
-2   2.5891353489502156
-2   2.3588927602225329
-2   2.3017278418480855
-2   2.256285952731373
-2   2.2239392318546138
-2   2.0439619796978135
-2   2.756143663732936
-2   2.3330893532065131
-2   2.0292570940155699
-2   2.5333581773606473
-2   2.0822879585742995
-2   2.6626129594995231
-2   2.678270602330306
-2   2.7091685279639641
-2   2.7051811974686282
-2   2.9811381360383056
-2   2.3806945276280285
-2   2.6276006252327466
-2   2.6989064891439734
-2   2.1072300022916055
-2   2.0039079550832417
-2   2.0526159262592558
-2   2.0490288402157644
-2   2.0739312495581834
-2   2.2546732955697495
-2   2.1377307959941794
-2   2.250357568704477
-2   2.5390340333372516
-2   2.7954784303275666
-2   2.0431599706940831
-2   2.0071178067393416
-2   2.9762688821873731
-2   2.0191429234902509
-2   2.0109423402063555
-2   2.0069044234616928
-2   2.0203641308573843
-2   2.0404007623199512
-2   2.2486278068001506
-2   2.1131585766272529
-2   2.4870945818048127
-2   2.3019187599512154
-2   2.1707359615418786
-2   2.2734726416688589
-2   2.2345529553473082
-2   2.8108064813878353
-2   2.5362256956718765
-2   3.2166568365452477
-2   2.8956722369043493
-2   2.2725407348384357
-2   3.2099552361309973
-2   2.6951703840271994
-2   2.3104467895062797
-2   2.3952683044794232
-2   2.711699662298753
-2   2.2134961633750621
-2   2.4177144171892513
-2   2.3679494828724774
-2   2.6883960041818473
-2   2.710097102569379
-2   3.6541390143454757
-2   2.0214322746475442
-2   2.0035297573320281
-2   2.0522189591516646
-2   2.0041587493462787
-2   2.4645833656296965
-2   2.0636798315382912
-2   2.4653782442174395
-2   2.218492830780828
-2   2.1634717478653229
-2   2.7529210227511007
-2   2.0323859396628885
-2   2.0012878348676533
-2   2.9079046307606209
-2   2.6246319952269799
-2   2.453788095541221
-2   2.11257766340806
-2   2.005413992331381
-2   2.9903429815633222
-2   2.0107577186614809
-2   2.0014570740897342
-2   2.0071920906695171
-2   2.0120014915528026
-2   2.0149407933529493
-2   2.0555546608347623
-2   2.8547841951281323
-2   2.0109494849832625
-2   2.0193481104936648
-2   2.1878186428622475
-2   3.7316703552151687
-2   2.1947547962822411
-2   2.2235177591418842
-2   2.7226832858459882
-2   2.8122393375718437
-2   2.9194835354348792
-2   2.3683248907562504
-2   2.1314743202440178
-2   2.0305296560469537
-2   2.0798235050936973
-2   2.0807899321286771
-2   2.9451539602833012
-2   2.0005391268171153
-2   2.0078687542353202
-2   2.00130726409229
-2   2.0057008641699068
-2   2.0024716283541393
-2   2.0029211093854444
-2   2.0064654320223965
-2   2.1990926709277265
-2   2.1701805190015868
-2   2.6091489246106008
-2   2.6292030339408123
-2   2.2206100748085889
-2   2.2038348097806524
-2   2.0929780083389429
-2   2.0775175638723571
-2   2.0019763194382989
-2   2.0176452219779115
-2   2.6174151034503415
-2   2.7321762284527669
-2   2.3384233189584571
-2   2.1888391146659765
-2   2.132147540396415
-2   2.1515936877061086
-2   2.0034673918861934
-2   2.0545835050176242
-2   2.2694053622690031
-2   2.2333531330331149
-2   2.1248936658777615
-2   2.6848161633774343
-2   2.8132425631497795
-2   2.0022331069600181
-2   2.0558336451434926
-2   2.0207558605860454
-2   3.2735620984698723
-2   2.8574957965133683
-2   3.1503363234600634
-2   2.7585819163155665
-2   2.1414434424600457
-2   2.0354277494151818
-2   2.0025749276609095
-2   2.003935125182104
-2   2.0010162927469972
-2   2.0043273638140575
-2   2.0312815463814573
-2   2.0026127312949598
-2   2.9703618309742432
-2   2.0204060021130466
-2   2.0040953273249915
-2   2.9808570326730202
-2   2.0030544662626233
-2   2.0061299518138305
-2   2.0330908116183712
-2   2.0142289279868986
-2   2.0310869489491274
-2   2.010941500885755
-2   2.797782392929737
-2   2.0880805718055968
-2   2.2266784462866327
-2   2.0632571122811796
-2   2.0614960457772056
-2   2.2878958778395302
-2   2.6345800221128646
-2   2.1702294766970085
-2   2.1434581032149289
-2   2.2393530640304751
-2   2.7687425137369903
-2   2.2162048483793928
-2   2.9654847720674145
-2   2.9506603323548739
-2   2.8485563679297505
-2   3.855115287051964

-1   1.0474894027264976
-1   1.1093592895910755
-1   1.1405448573862877
-1   1.5671630324750025
-1   1.0692474600879285
-1   1.5377065382090178
-1   1.3493919047018568
-1   1.3551771953211698
-1   1.1407771322245464
-1   1.7480528690248027
-1   1.9099228987925176
-1   1.2433333241196065
-1   1.8588693984877236
-1   1.7864187631915214
-1   1.0455644350186513
-1   2.813142897194735
-1   1.9036995954386042
-1   1.3598742695342054
-1   1.125160023300835
-1   2.0748268364664821
-1   1.8146186335623571
-1   2.7327357625777551
-1   1.3717851026560688
-1   1.1574113685690028
-1   1.8658259357828744
-1   1.0292620998250004
-1   1.487733561536142
-1   2.452209784053097
-1   1.6581350560231467
-1   2.130297797743403
-1   1.0682675504719008
-1   1.3667544731588774
-1   1.6696928380870224
-1   1.4755459014553245
-1   1.0862665012770492
-1   1.7059053079086284
-1   1.4843526123142126
-1   1.5791436006575061
-1   1.3651977301627574
-1   1.6210879089904919
-1   1.7878082980277168
-1   1.2144176322912423
-1   1.6553516713087273
-1   1.3965410508996037
-1   1.379291181904658
-1   2.7047354094712182
-1   1.1389368933643262
-1   1.303928969806021
-1   1.6817903431112748
-1   1.4627055302249867
-1   1.1315666534972499
-1   1.8282592619253917
-1   1.7688746295466964
-1   1.9250282934752598
-1   1.4056062592645326
-1   1.9585531638822933
-1   1.974232184880079
-1   2.0525169089830646
-1   2.0648521859573417
-1   2.2167587172468539
-1   2.6672779347726272
-1   1.8360878326832104
-1   1.6070023552024719
-1   1.874507188063864
-1   3.0141329460222717
-1   2.0370103317673043
-1   1.868925168544489
-1   1.8335555256534737
-1   1.4674757001998011
-1   1.8657108204260031
-1   2.2186748293774667
-1   1.7505457435842153
-1   2.3604947673229479
-1   2.5782598782107367
-1   2.2111828971033081
-1   1.5091098398917158
-1   1.7874293528693812
-1   1.565005442520472
-1   1.9639161944352277
-1   1.5423805950381353
-1   1.7573149136585617
-1   2.7116736207848313
-1   2.0327663272711312
-1   2.1466123294893311
-1   2.1367777344081835
-1   1.8171405054508711
-1   1.3884763445969348
-1   2.8093352908544889
-1   1.8598165865031651
-1   2.1804981029568098
-1   1.6351433071385997
-1   1.4073883962594649
-1   1.5540927731670711
-1   1.8240059143311962
-1   1.3060160841709199
-1   2.1810083990128426
-1   1.9004967775721489
-1   1.62663128445126
-1   1.1037585044684792
-1   2.0128835976758257
-1   1.2688848947629554
-1   1.772295081910249
-1   2.7890199741928758
-1   1.6942762351013272
-1   1.989069955642385
-1   1.2026410601496558
-1   1.347501649453037
-1   1.1992071500684411
-1   1.9349849230790084
-1   1.4519916947077873
-1   1.5710557837424823
-1   1.7594806020969789
-1   1.8944256606930656
-1   1.2102109532539767
-1   1.1427812386895759
-1   1.099072616964045
-1   1.8891706705917306
-1   2.0809798026723989
-1   1.9531124309748917
-1   2.2416290797663052
-1   2.2351064147853981
-1   1.6794706918963889
-1   1.5853796527659627
-1   2.3792494524635814
-1   1.4143174153351339
-1   2.5936489755253946
-1   1.4607143358436929
-1   1.2931266319588457
-1   1.7804320232138062
-1   1.853984688918791
-1   1.7894422631886084
-1   1.7696485120562655
-1   1.6940285842010665
-1   1.5412545218802913
-1   1.419055020621943
-1   1.7087836601264006
-1   1.4393106179074491
-1   1.5173724560176747
-1   1.7999281355876189
-1   2.0637209867200537
-1   1.6659597766676151
-1   1.5409634186104153
-1   1.8068149044404462
-1   1.9666986426713455
-1   2.4115509316698125
-1   1.9760551099888377
-1   2.1371072741388737
-1   2.8748818659595532
-1   1.4321261440436681
-1   1.5249629890109651
-1   2.5453147216288556
-1   2.4329894061617106
-1   1.7301162905704013
-1   1.7325622767110462
-1   1.7008402293920724
-1   1.9488036140825886
-1   1.5495191711842144
-1   1.4678342833726499
-1   1.7193020957229685
-1   1.6622284545835786
-1   2.2458760225827792
-1   1.6955931591492743
-1   1.4295861696747503
-1   1.4555932394665119
-1   2.3906526452900345
-1   1.7187993447078678
-1   2.153440910743706
-1   1.5782212519511543
-1   1.4717545530387595
-1   1.505779037535
-1   1.4416148024451019
-1   1.3669875245255758
-1   1.6358985895859997
-1   1.3835786977710787
-1   2.3030241929480972
-1   1.5441286566297721
-1   2.2820240699336987
-1   2.1404547504147216
-1   1.7569353601792126
-1   2.2158948412225037
-1   1.853942746598324
-1   1.7795580241741336
-1   1.7356376254669921
-1   1.8907768599808041
-1   1.1933675168225319
-1   1.1246737824434652
-1   2.2150456543575405
-1   2.1957824368648744
-1   1.0609863123524261
-1   3.0783802252923071
-1   1.797558062434875
-1   1.5244048313035927
-1   2.6792696682395922
-1   1.2312468632714801
-1   2.5298036947356755
-1   2.3740219565174256
-1   1.585819141271672
-1   2.7489040042309112
-1   1.8869333843527532
-1   1.2163797734786295
-1   1.4748945720398274
-1   1.5833535616526104
-1   1.0811247444221637
-1   1.8765675814403688
-1   1.1082613951523479
-1   1.5592009108998126
-1   1.3721470925042023
-1   1.2434468852215776
-1   1.71753385193679
-1   1.2183553945461134
-1   1.9775076065807489
-1   1.7119106522018761
-1   1.996658136400661
-1   1.8577665308550984
-1   1.3292042050548225
-1   1.7268485256637929
-1   1.5162436724892796
-1   1.4178670486091474
-1   2.1753709524156122
-1   1.6181199272442388
-1   2.181467952844689
-1   2.0062353247116458
-1   1.9232215114039568
-1   1.9044198863679975
-1   1.2792612810199215
-1   1.4133281420294224
-1   1.1988394546513585
-1   1.817464076126428
-1   1.9975175112099843
-1   2.0848214622899617
-1   1.8528948366996376
-1   1.3133319913388894
-1   1.2399099819867512
-1   1.7102974491793743
-1   1.7125811299948861
-1   1.4237551257371386
-1   1.7167640432631823
-1   1.4847446594705278
-1   1.6838609436174794
-1   1.3933202469313655
-1   1.808034736994665
-1   1.9245147221792984
-1   2.2561445212780686
-1   1.9422944341186801
-1   1.8259318687628423
-1   1.8326684520292509
-1   2.4162183639307409
-1   2.1087051115305253
-1   2.0539060602365042
-1   1.6348110049287969
-1   1.94595369196723
-1   2.7612346957306535
-1   2.353725201009925
-1   2.028526482457857
-1   2.6334355412648387
-1   1.4683071383740498
-1   3.1488789078847859
-1   2.1829820298499878
-1   1.8222008434954868
-1   2.3824090846981476
-1   1.8333463629132289
-1   1.5369143061950439
-1   2.2978929186089778
-1   2.2697335528018829
-1   1.4838287416555718
-1   1.5407919085344828
-1   1.8172752694385634
-1   2.2908299312733709
-1   2.3900736648225744
-1   2.1624699488612595
-1   2.3573000050332058
-1   1.6580089338915172
-1   3.7362061508472078
-1   1.1374990097684505
-1   1.9068943372406713
-1   1.1560605180535424
-1   1.249075703706227
-1   1.0945796842724906
-1   1.7789914225300691
-1   1.1297465290672277
-1   1.3489158602106945
-1   1.6849797534244257
-1   1.9234284280443963
-1   1.2835563413892632
-1   1.3974629268617664
-1   1.995431223404851
-1   1.5393763566223932
-1   2.507765119519473
-1   1.6136658862454039
-1   1.7744082398240786
-1   1.9033911736364573
-1   1.7333687054373681
-1   2.8961173221511034
-1   1.3207696266457738
-1   1.976832151359611
-1   1.0181064277590395
-1   1.0352850916530081
-1   1.6636803995783738
-1   1.0094031945672857
-1   1.4525600016232221
-1   1.0663980960147601
-1   1.7490884808435703
-1   1.7618219982792236
-1   2.2257436025772477
-1   2.3634535492563908
-1   1.8954621366024598
-1   2.1728346787452679
-1   1.6874440919290894
-1   1.9127431284595682
-1   1.9593122186336256
-1   1.2044359813450189
-1   1.4175326886575497
-1   2.3063759649441651
-1   1.8090682154742339
-1   1.9198471218530173
-1   1.2182261140322277
-1   1.4032610550047988
-1   1.8109331208891062
-1   1.8772254106291495
-1   1.863603245363243
-1   2.0195057391566635
-1   1.8760884559253639
-1   1.1611729668550079
-1   2.4223433484629453
-1   1.2051596125793791
-1   1.807264835898402
-1   2.0695232344175483
-1   1.8103147627115144
-1   1.1879737346966408
-1   1.1856285185568463
-1   1.512377373939517
-1   1.5322066596037032
-1   3.4211422988793094
-1   1.6018171664063638
-1   1.2568811015360708
-1   1.8675027954953665
-1   1.5041668260990457
-1   1.8568209312453536
-1   1.93717514544077
-1   1.2844229258868967
-1   1.8720003469038589
-1   2.0809641613683421
-1   2.6598208709257229
-1   1.5488405059647152
-1   1.3349085249656538
-1   2.0055170778685407
-1   2.0415297103407504
-1   1.9826840520163604
-1   1.9919688674244194
-1   1.3917203331110604
-1   1.6068832344216513
-1   1.0645627671450344
-1   1.1157721191354963
-1   1.6217448264012466
-1   1.8085549321006633
-1   2.8396093260356983
-1   1.708851973067941
-1   1.0260540616647988
-1   1.3599451268165001
-1   1.7148499806134865
-1   1.7686094434979003
-1   1.804944544008424
-1   1.4595021569902755
-1   1.0130864910001907
-1   1.6188258565173328
-1   1.9352036384773954
-1   1.9569903048868209
-1   1.0086805633803255
-1   1.006328931136615
-1   1.0528615451942476
-1   1.4754848651751666
-1   1.0429235144208733
-1   1.6197663117515759
-1   2.180417110588206
-1   2.1232108056267669
-1   1.4961484771715772
-1   1.4862137573359295
-1   1.2106843885454235
-1   1.3279434003952331
-1   2.5211271692242727
-1   2.6013533447830985
-1   1.0725852854253541
-1   1.1712563784031214
-1   1.719277109189397
-1   1.9175919427727788
-1   1.7782392658687356
-1   1.3229340469383939
-1   1.1935968309374099
-1   1.2450117793292352
-1   1.832502769686899
-1   1.8723721254488415
-1   1.833687736913832
-1   1.0882861826730286
-1   1.0385205255773133
-1   1.0970817826576773
-1   1.0845767146662393
-1   1.057640017775513
-1   1.5815904983294926
-1   1.9335624006531127
-1   2.1083116301450588
-1   2.1544429613129235
-1   1.3822930099043274
-1   2.3743876886383681
-1   1.8997794054288253
-1   1.4416747743491147
-1   1.9744400676913449
-1   1.1656035022248985
-1   1.598313955253611
-1   1.4147920339557005
-1   1.0127573207765934
-1   1.022021955100137
-1   1.0235364383322556
-1   1.9851660756263176
-1   1.0502627772428041
-1   1.8206690668450878
-1   1.0988983484941666
-1   1.985192723582148
-1   1.0351112409208612
-1   1.2134013260668828
-1   1.4181466991803422
-1   2.3581876040737852
-1   2.2400532375210851
-1   2.4287466107631306
-1   2.5941941028217737
-1   1.8028026108426118
-1   2.0269478272034509
-1   2.0268636811405853
-1   1.655794678487581
-1   1.4591018707526813
-1   1.56821281224321
-1   1.2410255301335755
-1   1.9725683407337207
-1   1.2780077943278041
-1   2.5097962032152048
-1   2.4332697668657444
-1   2.4313658806161933
-1   1.2354417044484396
-1   2.819335879270533
-1   1.8191726139914204
-1   1.9438033055398849
-1   1.7250351821706147
-1   1.4329691903442761
-1   1.1233626987277086
-1   1.9625372884762737
-1   1.0261987198974065
-1   1.0371844069707723
-1   1.2323000907461639
-1   1.2050108071976715
-1   1.7903743314581106
-1   1.500488685943822
-1   1.4259358799687429
-1   1.1432942979988521
-1   1.1786720736849825
-1   1.9571074266693991
-1   1.5077139491358706
-1   1.6835499517276866
-1   1.8239401118469463
-1   1.9650855136633019
-1   1.3557796112589724
-1   2.4762947224177685
-1   1.9395075759741025
-1   1.8622093358097529
-1   2.8978038074877377
-1   1.0199937492856792
-1   1.0414223507011102
-1   1.0179428583492232
-1   1.8597804281952066
-1   1.0535388216892285
-1   1.2040904529516041
-1   1.1911318624593101
-1   1.1379765853576616
-1   1.7682056753454898
-1   1.1815607836129114
-1   1.269539653553925
-1   1.1483085898677754
-1   1.8091927349222767
-1   1.2806198029930449
-1   1.7408309147446328
-1   1.9129815616351284
-1   1.9081646545274911
-1   1.1444955560647971
-1   1.2916017164221847
-1   2.5601745461904213
-1   1.9081380750397448
-1   1.8187634309951308
-1   1.3698889559283007
-1   1.6935845981705415
-1   1.6690207642124864
-1   1.5231598976148115
-1   1.9921133717603028
-1   2.1568705053454882
-1   1.3545501655155263
-1   2.2513995161696894
-1   2.0545093063536464
-1   1.9939607001907875
-1   1.4998300796227524
-1   2.4038537979302927
-1   2.5384960132437588
-1   2.0258456907494637
-1   2.8550711133066069
-1   2.0543127441413418
-1   2.9361382107957965
-1   2.8170005414532806
-1   3.836847608139375

0   0.052381297685586636
0   1.0044150971816568
0   0.84161245240678162
0   1.0622312975935122
0   1.0039207553915164
0   0.95174591059170455
0   1.022211912610427
0   0.22219776649207401
0   1.6503166206584181
0   1.0502596232991031
0   1.0046503552062527
0   1.9952482184865752
0   0.65966877296776083
0   1.0310215650633574
0   1.0056554009589993
0   1.3169328296091636
0   1.621286924638671
0   1.9457773894816688
0   1.7652405350049212
0   2.7659442064691646
0   1.0025331056680808
0   1.5333716506692374
0   1.0049910861126565
0   1.2125248730047047
0   1.1428253425426915
0   1.8357394172974808
0   1.8449280075514949
0   2.7415701615504742
0   0.73816799671371425
0   1.1168431568899986
0   1.2588288456868506
0   1.7503161643396177
0   0.38342645404873954
0   1.1402876845803236
0   1.0039640489345705
0   0.77243922832297929
0   2.6361538086951826
0   0.093391504909723366
0   1.8495057435680549
0   1.6044169420554155
0   1.4498646499531771
0   1.0034210163242934
0   0.81560826949614396
0   1.9326959669531898
0   1.133501439912791
0   1.0034972626186733
0   1.9897417619277582
0   1.1749113415573387
0   0.3555256377472491
0   1.6555347667705882
0   1.3885211281933718
0   1.0144568528658029
0   1.793676840686711
0   1.9195143403731958
0   1.0579146103857133
0   1.4942708989273839
0   1.2118692301302667
0   1.0287179474293591
0   0.43285148237884408
0   1.0929337518162965
0   2.3299016913792605
0   1.5215080408360651
0   1.0350097123956397
0   1.0475678543013602
0   1.0288021378573649
0   1.4701437072351569
0   1.195309345102372
0   1.7994478678858394
0   2.1478667043803927
0   1.2423920218806639
0   1.4269599934467891
0   1.0657163725235606
0   1.1223127577465133
0   1.8737814506636301
0   1.593699838612805
0   2.6005485108369544
0   1.1394255859622071
0   1.0399440072218724
0   1.7568617098327652
0   2.4680176386924693
0   2.0573228758850575
0   1.6468275292859693
0   1.5632623697438137
0   3.1985913146679219
0   1.8195645397107745
0   1.9348983804488777
0   1.4063730834344574
0   2.0726353261011625
0   1.6225512480760247
0   1.4219627424538703
0   2.0117088736012789
0   2.3406458606994369
0   1.5871969471309937
0   1.8352671240949365
0   1.8390021243772905
0   1.6430358243357506
0   2.0408483869615184
0   0.80720992007285441
0   2.000927810208371
0   1.9480977414859297
0   1.25736091533948
0   1.284709595984256
0   1.7390723023772341
0   2.2068675790029046
0   1.3677467638432508
0   1.8044105686020449
0   1.6258833845624143
0   1.6504904227385024
0   2.2099361934496757
0   1.5263342048376765
0   2.0832650901326555
0   1.6628070740944483
0   1.5683947608884625
0   1.6883736701819392
0   1.9942406382644928
0   1.2365473617419691
0   1.5257877529415382
0   1.6503555871091677
0   1.1084556028623833
0   1.205387601805002
0   1.6050228078039988
0   2.6534269035823264
0   1.4027131583335206
0   1.703568698622647
0   0.73161481850781995
0   1.2902316987417612
0   2.5821323557430809
0   1.5494009062546885
0   1.1479139767300766
0   1.4769065123917182
0   1.1483293535421522
0   1.0194258027267717
0   1.2881992443515513
0   1.5200794440234886
0   0.55740430430946297
0   1.0417429039905588
0   1.0607913311438764
0   1.5027037701941635
0   1.0074539716716109
0   1.9648927792705737
0   1.3897900829046115
0   1.9403910988874964
0   1.0301101046135421
0   1.1653242382663738
0   1.6586027925192508
0   0.27523678561717113
0   1.0105639870777277
0   1.8428682783943042
0   1.8467170780307778
0   2.5338568193530513
0   1.3863986646641067
0   1.9116750290821418
0   1.2317460110726854
0   2.0916883540528359
0   1.4918821056136589
0   1.8376231408373966
0   1.8103193900920491
0   0.86427455552949284
0   2.3055115725775113
0   1.4579906895276808
0   1.2735290458436446
0   0.57228053824446046
0   1.1159051845828476
0   1.1640174385591664
0   1.8710761783248255
0   1.9916158612216264
0   1.9252688111454672
0   1.2319211391813671
0   1.182177564868377
0   1.150810334663896
0   1.679277351136514
0   1.5854139829606342
0   1.633875538743597
0   1.7235518104036949
0   2.0905042061262162
0   1.6450331086738466
0   1.1934668808574509
0   1.8644685312333364
0   1.3719316356545748
0   2.0952415590979738
0   1.3985951392226659
0   1.0782838040656821
0   2.2870841267468518
0   2.3675980600765465
0   1.1774424515105548
0   1.7577439877161636
0   1.8284176919211617
0   2.658763839053162
0   2.2792097724931919
0   0.99721093426620278
0   1.4796615918991847
0   1.5322702685916818
0   1.1237261448870484
0   1.802444233866539
0   1.6758627523359428
0   1.1924205516286746
0   1.6956443215332144
0   1.876344911135948
0   1.949122196421047
0   1.4501476031166651
0   1.6243299575836709
0   1.1532477101016352
0   1.4759206608010935
0   1.3467716658860069
0   1.4823668291210053
0   1.5764659307492761
0   0.58718829732610067
0   2.3277658383753081
0   2.0354994491905503
0   1.1262977111325561
0   1.2811044250629744
0   1.4346277842699282
0   1.4581878634843886
0   1.6023055441749778
0   1.0615622574892909
0   2.0192012077109527
0   1.9475612172336501
0   1.5607317248319101
0   1.5620282155237617
0   0.87519267290916347
0   1.9051785028211139
0   1.2523723675972016
0   1.3645055384072289
0   1.3365310450920356
0   1.9563545047089286
0   1.6518810615571407
0   1.8950185658553456
0   2.1141813974872772
0   1.7148308532201115
0   1.0183488681959678
0   1.0438159521832844
0   1.0331292645863313
0   1.618759779538788
0   1.9844623702721629
0   2.0077454727533128
0   1.9562072170813805
0   1.0232349369643567
0   0.33594447530133931
0   2.3548065770894828
0   2.4349880171221465
0   1.5554284641782812
0   1.5561692523580599
0   2.2121807778168248
0   2.324155215485729
0   1.0590385595255383
0   2.412114241173716
0   2.361520932691461
0   1.0657365962876317
0   0.88451861307560509
0   1.9418818543689946
0   1.0174504035073242
0   0.10841771180735016
0   1.0176538110908564
0   0.56772716998879647
0   1.5186738604588186
0   1.9279133023058881
0   1.0255793738945218
0   1.0098969505677464
0   1.9590108435500357
0   1.1030917346506066
0   1.3615023669654045
0   1.8446916838472065
0   1.3267814556111286
0   1.2583545704925925
0   1.0402331401455474
0   1.3078566852976174
0   1.3958445375941357
0   1.2690573274691854
0   1.194541800173647
0   0.47556921504588767
0   1.6413837324713629
0   1.0054215830899202
0   1.0383479705497465
0   0.83487010040057164
0   1.6100587841515472
0   2.157077905715703
0   2.6905783969557899
0   1.1167964021442942
0   1.9892908285372783
0   1.9373773997772106
0   1.5114598927950653
0   0.6398186891960207
0   1.0179806875953814
0   1.661120224094824
0   1.0246971748182541
0   1.9731877183489317
0   2.5607475277570817
0   1.5643010286181838
0   1.8651569599819835
0   1.0203872634431863
0   1.0240836143076479
0   1.5230984227368243
0   1.6798908544109246
0   1.2794744162675096
0   1.9213946947921139
0   1.2278099112955014
0   1.6521354997519206
0   1.0696032162453009
0   1.2602662658354815
0   1.5969788857622755
0   1.7712117117632675
0   1.3860116999866692
0   1.8460718407982499
0   1.5079143732303044
0   1.4049664982417616
0   1.9330404641594816
0   1.589299730783714
0   1.9127268440239202
0   1.8008447992706706
0   1.2273371944506768
0   2.7398835635938141
0   2.2906514879949187
0   2.0958010576572774
0   1.988052236901682
0   2.817667203446284
0   1.2042710760256359
0   3.2757167701012797
0   1.9122287256135317
0   1.8790190464636134
0   2.7378089669968313
0   1.7426137833543764
0   1.8237271252265339
0   1.4432256945550903
0   1.4862729766492078
0   0.6160457705973319
0   1.106359446977879
0   2.3153183582831485
0   2.0080234374464432
0   1.9862514553150916
0   2.1339170789423112
0   1.2962053787527645
0   2.4359096668433211
0   1.9596295637592198
0   2.4168093877080805
0   1.960051201810098
0   1.0976507876922574
0   0.52343088191004927
0   1.0194838565753119
0   3.7928269514005715
0   1.0320809939830011
0   1.9184342356018509
0   0.42747216019274736
0   1.0566699071532557
0   1.0020151607174574
0   1.7783384991168529
0   1.0166142071394129
0   0.44954714992546452
0   1.5017845872167324
0   1.0563370470944782
0   1.3875019063896938
0   1.7585987093733864
0   1.0983534106651016
0   0.58908038907355365
0   1.0720967942446109
0   1.8598220976188524
0   1.9372233630615905
0   1.3382519185656523
0   2.3626765181820111
0   1.8237952926669898
0   1.0151372150403202
0   0.84067429416478934
0   1.489330061401138
0   2.941322952110879
0   1.6692668489958433
0   1.0055262190279568
0   1.5412203323132658
0   1.0600654290930038
0   1.0173493257661135
0   1.0233376993995247
0   0.88995481845787894
0   1.0060030840616989
0   1.6428343998231951
0   1.0060409555813625
0   1.3863168829476804
0   1.3822395876906566
0   1.2042517847255714
0   1.7153859470385213
0   1.6231184374666112
0   1.7423713778601111
0   1.6762654243692112
0   2.1171518402037792
0   2.5499627996780778
0   1.0604691616141739
0   1.6111116113008785
0   1.0735186292885677
0   1.0083295824142771
0   1.0478841733353166
0   1.3241573971612595
0   2.8430754287311935
0   1.3255742100757231
0   1.3255887557104562
0   1.8382984361099934
0   1.78004500332715
0   1.0072047224135658
0   1.0231023474896046
0   1.9825833816137477
0   1.9913550714843256
0   1.4053061869117451
0   1.7237025565455957
0   1.0033110930489293
0   2.8181725399517799
0   0.7639288912211013
0   0.33850132894277474
0   1.0404462453913577
0   1.7562609102200977
0   1.6319043860070304
0   1.0056186750765281
0   1.9871372269865448
0   1.0988458752204513
0   1.8842573207623139
0   1.0000365339922639
0   2.8347769617686103
0   1.5591742172594287
0   1.5567965240628441
0   1.1451363886049877
0   2.4219749912528261
0   1.1534526398356113
0   1.0411002145960482
0   1.0760609442711491
0   1.4415560231205942
0   2.5000814385201342
0   0.90297170557154938
0   1.1405001745580057
0   1.0220904575007774
0   1.5464042894908485
0   1.4270419071602143
0   1.2327091027624273
0   1.8452318647544113
0   1.7859112951714127
0   2.5119238793057277
0   1.9740059486667958
0   2.2203540011248237
0   1.2442342653598499
0   1.2713584526674953
0   0.58267996429242319
0   0.68061888449666053
0   1.6668736332178957
0   1.9801619715827976
0   1.4028388063415975
0   1.005450586400189
0   1.0059999124289956
0   2.6124762593359359
0   1.7376973443122736
0   1.0145570187672237
0   1.0038284147062098
0   0.79062519722970248
0   0.43126288215486441
0   1.0064550467138047
0   1.9875668491956726
0   1.9694134902560338
0   1.993717146955845
0   1.0013751599088045
0   1.0048567068868868
0   1.9660955326651255
0   1.9165006799288071
0   1.0062065499013098
0   1.0008846289912892
0   0.070866461520524338
0   1.0558763940426066
0   0.037563386001494448
0   0.077780318101648538
0   0.63699574753373778
0   1.0509724447262798
0   1.0063674549643176
0   1.7808530710982926
0   0.41231290863802883
0   1.924979970418542
0   2.9298533943152227
0   2.8362146021982206
0   1.8466104671205326
0   1.0328795870335217
0   1.0008163832143258
0   1.300785023376128
0   1.0656819687056291
0   1.9872250644351865
0   1.8973445526380073
0   1.0049220961636895
0   1.0143826979980484
0   1.3235339005345028
0   1.1216424530518674
0   1.0518157720609018
0   1.9199680524056744
0   0.56291706774578887
0   1.0035721391622126
0   1.0041928655135295
0   1.9773970009396664
0   1.9128757136095706
0   1.0894926385932959
0   0.3743860673978523
0   1.0383621052964904
0   0.31637386269992185
0   1.007363929269143
0   1.0098857971439601
0   0.1202946459895522
0   1.0148648790041632
0   0.99058120870689548
0   0.35116755204129013
0   1.5042453807724603
0   0.49874308791464494
0   2.5033831383328864
0   1.5306510192509029
0   1.6532210226773798
0   1.6436006359908069
0   2.2520105514055841
0   1.6628116232950987
0   0.47700803392147739
0   1.9791851135533265
0   1.9453977795294062
0   1.1795079518019675
0   1.0561314444022123
0   1.1351652774276531
0   0.075830483255975856
0   0.086152094582684469
0   1.0062914874877387
0   1.0048474405561265
0   0.62884557809506703
0   1.0075769060957245
0   1.7777398708293517
0   0.95280446956928899
0   1.0294847769670461
0   1.0149805533897518
0   1.9580838090044117
0   1.2403538098865885
0   1.0633018397717939
0   1.6312246964538
0   0.6537748221715618
0   1.0069900244900272
0   2.635657241376105
0   1.914098198781705
0   2.6746626482188072
0   1.7650150726100504
0   0.86904319889936943
0   1.0229645358568737
0   1.8596248372133402
0   1.8531151857361507
0   1.4432181402332893
0   2.1809327714386018
0   1.3677326583086067
0   2.5307166080801076
0   0.49698324370340929
0   1.5566704339326671
0   1.5745260983387208
0   1.3292910029216136
0   0.68876405878998836
0   1.336157821894977
0   1.9473647889222918
0   1.9107164065246609
0   3.01283111241395
0   1.5382438472019695
0   1.4128470174824841
0   1.9818146139504904
0   1.994480668232276
0   1.2419616229438697
0   1.3505809061508203
0   1.1066524215325373
0   1.9149262035733803
0   0.075368038572190099
0   1.0063676567140545
0   1.0066043099229736
0   0.54080274398522987
0   0.34282655385903238
0   1.0088803422776942
0   1.0311047968070413
0   1.170830970092682
0   1.4957852633720208
0   1.8633404477758941
0   1.7990822826557129
0   1.0092140683731561
0   1.1217291531183629
0   1.0323380775920656
0   1.9176724201002275
0   1.4648640279230765
0   1.3332659442814296
0   1.0064240539243878
0   1.1582912071411806
0   1.4114066775830876
0   2.8499642606705828
0   1.9628354711209859
0   1.7953523400978444
0   0.074805589894701541
0   2.8953621347806209
0   0.13335898648070521
0   1.001599771566871
0   1.0107370405296681
0   1.002588203382196
0   0.17811373096871519
0   1.9812187297812556
0   1.0229673227968519
0   0.14333663985510225
0   1.0289751518158585
0   1.0265211466721744
0   0.45935751518222778
0   1.0182388271241312
0   1.9793768243119572
0   1.0508512678064925
0   1.1838499193495657
0   1.0182795315813085
0   1.6501508629660537
0   0.95605295168154258
0   1.0636050129062624
0   1.8989766756374569
0   1.679788376587533
0   1.9241289635466465
0   0.57954322711096729
0   1.127390415713825
0   2.6861730248232907
0   1.032554643660115
0   1.0383062696023369
0   1.0483782938429707
0   1.9910854353815965
0   1.4445804135215914
0   1.8404514443616056
0   1.9867221352971369
0   1.1027253041054172
0   1.5139093435363651
0   1.9580547111393787
0   1.4748827779674709
0   2.4748591968314821
0   1.0934520437626731
0   1.9377734674021085
0   1.8328733768061509
0   1.3543257077072386
0   2.9173104365452387
0   2.0447340889124943
0   1.9821945240344814
0   2.8094131827893971
0   2.0325801750033095
0   2.9421974973029834
0   2.8274259485828628
0   3.8280730193664461

1   1.047489402726496
1   1.1093592895910751
1   1.140544857386254
1   1.5671630324750008
1   1.0692474600880351
1   1.5377065382087358
1   1.3493919047018317
1   1.3551771953214604
1   1.1407771322244229
1   1.7480528690248587
1   1.9099228987925119
1   1.2433333241196178
1   1.8588693984877054
1   1.7864187631915498
1   1.0455644350186502
1   2.8131428971947412
1   1.9036995954385434
1   1.359874269534342
1   1.1251600233008106
1   2.074826836466495
1   1.8146186335622896
1   2.7327357625777484
1   1.3717851026560408
1   1.1574113685689913
1   1.8658259357829046
1   1.0292620998249742
1   1.4877335615359286
1   2.452209784053061
1   1.658135056023315
1   2.130297797743141
1   1.0682675504719401
1   1.3667544731592898
1   1.669692838086954
1   1.4755459014553471
1   1.0862665012771913
1   1.7059053079087478
1   1.4843526123141824
1   1.5791436006574027
1   1.3651977301628087
1   1.6210879089904995
1   1.7878082980276662
1   1.2144176322912272
1   1.6553516713088254
1   1.3965410508994953
1   1.3792911819046441
1   2.7047354094711782
1   1.1389368933643318
1   1.303928969806162
1   1.6817903431112358
1   1.4627055302249954
1   1.1315666534972271
1   1.8282592619253739
1   1.7688746295467195
1   1.9250282934752674
1   1.4056062592648342
1   1.9585531638821214
1   1.9742321848801931
1   2.0525169089828643
1   2.0648521859574216
1   2.2167587172466603
1   2.6672779347728577
1   1.8360878326831389
1   1.6070023552026562
1   1.8745071880638813
1   3.0141329460220563
1   2.0370103317674113
1   1.8689251685444725
1   1.8335555256533933
1   1.4674757001986691
1   1.8657108204268504
1   2.2186748293769409
1   1.7505457435848721
1   2.3604947673230452
1   2.5782598782107793
1   2.2111828971033467
1   1.5091098398916456
1   1.7874293528693839
1   1.5650054425204827
1   1.963916194435166
1   1.5423805950383449
1   1.7573149136587136
1   2.7116736207849179
1   2.0327663272710068
1   2.1466123294891495
1   2.1367777344080769
1   1.8171405054510976
1   1.3884763445969697
1   2.8093352908543299
1   1.8598165865031517
1   2.180498102956796
1   1.6351433071389367
1   1.4073883962595808
1   1.5540927731664658
1   1.8240059143311096
1   1.3060160841709367
1   2.1810083990128257
1   1.9004967775721511
1   1.6266312844515136
1   1.1037585044684577
1   2.0128835976758563
1   1.2688848947629554
1   1.7722950819102135
1   2.7890199741928829
1   1.6942762351012908
1   1.9890699556423783
1   1.2026410601497395
1   1.3475016494530021
1   1.199207150068486
1   1.9349849230790204
1   1.4519916947050899
1   1.5710557837449888
1   1.7594806020969891
1   1.8944256606930572
1   1.2102109532539835
1   1.1427812386895535
1   1.0990726169640177
1   1.8891706705917195
1   2.08097980267245
1   1.9531124309749708
1   2.2416290797663048
1   2.2351064147853688
1   1.6794706918961455
1   1.5853796527659112
1   2.3792494524637759
1   1.4143174153351312
1   2.5936489755254013
1   1.4607143358436838
1   1.2931266319591108
1   1.7804320232135815
1   1.8539846889187768
1   1.789442263188608
1   1.7696485120561953
1   1.6940285842010847
1   1.5412545218802931
1   1.4190550206219932
1   1.7087836601264237
1   1.4393106179074204
1   1.5173724560176938
1   1.7999281355876278
1   2.0637209867200532
1   1.6659597766676302
1   1.5409634186103789
1   1.8068149044403397
1   1.9666986426713526
1   2.4115509316699293
1   1.9760551099880623
1   2.1371072741395971
1   2.8748818659595758
1   1.4321261440436484
1   1.5249629890108078
1   2.5453147216288494
1   2.4329894061617536
1   1.7301162905704262
1   1.732562276711004
1   1.7008402293920808
1   1.9488036140825886
1   1.5495191711842211
1   1.4678342833727827
1   1.7193020957230214
1   1.6622284545835853
1   2.2458760225827938
1   1.6955931591490829
1   1.4295861696747363
1   1.4555932394665043
1   2.3906526452899817
1   1.7187993447078571
1   2.1534409107437589
1   1.578221251951204
1   1.4717545530385681
1   1.5057790375351785
1   1.4416148024450188
1   1.3669875245256371
1   1.6358985895860898
1   1.3835786977710627
1   2.3030241929480657
1   1.5441286566298049
1   2.2820240699337364
1   2.1404547504146629
1   1.7569353601792108
1   2.2158948412224877
1   1.8539427465984049
1   1.7795580241741655
1   1.7356376254670023
1   1.8907768599807997
1   1.1933675168224211
1   1.1246737824439252
1   2.2150456543575516
1   2.1957824368645955
1   1.0609863123524348
1   3.0783802252923014
1   1.7975580624348662
1   1.5244048313035905
1   2.6792696682395682
1   1.2312468632715623
1   2.5298036947359579
1   2.3740219565171325
1   1.5858191412717768
1   2.7489040042308086
1   1.8869333843527367
1   1.2163797734786557
1   1.4748945720398297
1   1.583353561652606
1   1.081124744422165
1   1.8765675814403742
1   1.1082613951523519
1   1.5592009108997829
1   1.3721470925041841
1   1.2434468852215945
1   1.7175338519368313
1   1.2183553945460897
1   1.9775076065807515
1   1.7119106522018739
1   1.9966581364006974
1   1.8577665308550944
1   1.3292042050548216
1   1.726848525663748
1   1.5162436724892649
1   1.4178670486091469
1   2.1753709524155607
1   1.6181199272442881
1   2.1814679528447471
1   2.006235324711636
1   1.9232215114039661
1   1.9044198863680495
1   1.2792612810199029
1   1.4133281420293942
1   1.198839454651355
1   1.817464076126428
1   1.9975175112099186
1   2.0848214622899803
1   1.8528948366996509
1   1.3133319913388881
1   1.2399099819867654
1   1.7102974491793805
1   1.712581129994891
1   1.4237551257371583
1   1.7167640432631548
1   1.4847446594705505
1   1.6838609436174563
1   1.3933202469313639
1   1.8080347369946526
1   1.9245147221792807
1   2.2561445212780806
1   1.9422944341186938
1   1.8259318687628414
1   1.8326684520292376
1   2.4162183639307395
1   2.1087051115306124
1   2.0539060602364061
1   1.6348110049288427
1   1.9459536919672171
1   2.7612346957306069
1   2.3537252010098793
1   2.0285264824579157
1   2.633435541264848
1   1.4683071383740161
1   3.1488789078848329
1   2.1829820298499896
1   1.8222008434954757
1   2.3824090846981445
1   1.8333463629132454
1   1.5369143061950887
1   2.297892918609111
1   2.269733552801672
1   1.4838287416556502
1   1.5407919085344899
1   1.8172752694385061
1   2.290829931273378
1   2.3900736648226295
1   2.1624699488610903
1   2.3573000050333661
1   1.6580089338914981
1   3.7362061508472086
1   1.1374990097684596
1   1.9068943372406606
1   1.1560605180535399
1   1.2490757037062385
1   1.0945796842724922
1   1.7789914225300882
1   1.129746529067241
1   1.348915860210673
1   1.6849797534244213
1   1.9234284280443896
1   1.283556341389247
1   1.3974629268617669
1   1.995431223404859
1   1.5393763566223972
1   2.5077651195194548
1   1.6136658862454438
1   1.7744082398240568
1   1.9033911736364759
1   1.7333687054373486
1   2.8961173221511132
1   1.3207696266457933
1   1.976832151359607
1   1.0181064277590377
1   1.0352850916530101
1   1.6636803995783596
1   1.0094031945672832
1   1.4525600016232361
1   1.0663980960147585
1   1.7490884808435658
1   1.7618219982792169
1   2.2257436025772286
1   2.3634535492564011
1   1.8954621366025504
1   2.172834678745275
1   1.687444091928989
1   1.9127431284595797
1   1.9593122186336118
1   1.2044359813450272
1   1.4175326886574258
1   2.3063759649442117
1   1.8090682154742574
1   1.9198471218530142
1   1.218226114032215
1   1.4032610550048312
1   1.8109331208890773
1   1.8772254106291539
1   1.8636032453632745
1   2.0195057391567004
1   1.8760884559253461
1   1.1611729668549844
1   2.4223433484629315
1   1.2051596125793997
1   1.8072648358984216
1   2.0695232344175163
1   1.8103147627114904
1   1.1879737346966359
1   1.185628518556918
1   1.5123773739395077
1   1.5322066596036761
1   3.4211422988794791
1   1.6018171664060388
1   1.2568811015360686
1   1.8675027954956676
1   1.5041668260990608
1   1.8568209312449779
1   1.9371751454411781
1   1.2844229258869151
1   1.8720003469037372
1   2.0809641613682324
1   2.6598208709257123
1   1.5488405059643595
1   1.3349085249656498
1   2.0055170778686362
1   2.0415297103407366
1   1.9826840520163866
1   1.991968867424422
1   1.3917203331110772
1   1.6068832344216766
1   1.0645627671450417
1   1.1157721191349996
1   1.6217448264015792
1   1.8085549321006646
1   2.8396093260357231
1   1.7088519730679099
1   1.0260540616648053
1   1.3599451268165379
1   1.7148499806135273
1   1.7686094434977813
1   1.8049445440083969
1   1.4595021569904059
1   1.0130864910002251
1   1.6188258565172906
1   1.9352036384774229
1   1.9569903048867983
1   1.0086805633803237
1   1.006328931136617
1   1.0528615451942427
1   1.4754848651751697
1   1.0429235144208775
1   1.6197663117515644
1   2.1804171105882348
1   2.1232108056268584
1   1.4961484771716085
1   1.4862137573359813
1   1.2106843885452006
1   1.3279434003950092
1   2.5211271692243198
1   2.6013533447831154
1   1.072585285425363
1   1.1712563784032015
1   1.7192771091893837
1   1.9175919427727499
1   1.7782392658687951
1   1.3229340469384552
1   1.1935968309374094
1   1.2450117793291897
1   1.8325027696867817
1   1.8723721254488095
1   1.8336877369138929
1   1.0882861826730255
1   1.0385205255773235
1   1.0970817826576778
1   1.0845767146661951
1   1.0576400177755518
1   1.5815904983294486
1   1.9335624006531584
1   2.1083116301451188
1   2.1544429613129013
1   1.3822930099043063
1   2.3743876886383473
1   1.8997794054287898
1   1.4416747743489924
1   1.9744400676914022
1   1.1656035022249669
1   1.5983139552536452
1   1.4147920339557274
1   1.0127573207765956
1   1.022021955100141
1   1.0235364383322647
1   1.9851660756262848
1   1.0502627772428528
1   1.8206690668450998
1   1.0988983484941106
1   1.9851927235822089
1   1.0351112409208463
1   1.2134013260665162
1   1.4181466991805651
1   2.3581876040737537
1   2.2400532375210669
1   2.4287466107632789
1   2.5941941028218642
1   1.8028026108439636
1   2.0269478272036596
1   2.0268636811392424
1   1.6557946784870183
1   1.4591018707527608
1   1.5682128122436261
1   1.2410255301333533
1   1.9725683407336878
1   1.2780077943278796
1   2.5097962032140111
1   2.4332697668667209
1   2.4313658806161231
1   1.2354417044485089
1   2.8193358792706267
1   1.8191726139914448
1   1.9438033055400226
1   1.7250351821706236
1   1.4329691903443058
1   1.1233626987277332
1   1.9625372884762831
1   1.026198719897407
1   1.0371844069707461
1   1.2323000907462245
1   1.2050108071976584
1   1.7903743314582021
1   1.5004886859434996
1   1.4259358799691255
1   1.1432942979987033
1   1.1786720736846474
1   1.9571074266695869
1   1.5077139491361002
1   1.6835499517275037
1   1.8239401118470124
1   1.9650855136633294
1   1.355779611258892
1   2.4762947224176832
1   1.9395075759741065
1   1.862209335809804
1   2.8978038074877355
1   1.0199937492856699
1   1.0414223507010802
1   1.0179428583492229
1   1.8597804281949188
1   1.0535388216892774
1   1.2040904529519902
1   1.1911318624592899
1   1.1379765853576529
1   1.7682056753455688
1   1.1815607836128783
1   1.269539653553839
1   1.1483085898678573
1   1.8091927349224357
1   1.2806198029929148
1   1.7408309147446182
1   1.9129815616351213
1   1.9081646545275341
1   1.1444955560647396
1   1.2916017164221436
1   2.5601745461903551
1   1.9081380750398571
1   1.8187634309950402
1   1.3698889559283409
1   1.693584598170558
1   1.6690207642125929
1   1.5231598976147129
1   1.992113371760337
1   2.156870505344505
1   1.3545501655155636
1   2.2513995161706091
1   2.0545093063537445
1   1.9939607001907094
1   1.4998300796228849
1   2.403853797930497
1   2.5384960132436163
1   2.0258456907493723
1   2.8550711133065954
1   2.0543127441412916
1   2.9361382107957525
1   2.8170005414532571
1   3.8368476081394238

2   2.0004077885342393
2   2.0007679938591818
2   2.0016351670752619
2   2.1699526292963971
2   2.012785646480109
2   2.8671745659532313
2   2.0045132621539308
2   2.1332556243667793
2   2.0051893451071967
2   2.8856163784517483
2   2.0020409158106554
2   2.8751223689978631
2   2.0045438792665116
2   2.1333578794037424
2   2.0302623173957857
2   2.0148536651622804
2   2.0280288002719713
2   2.0308443919928281
2   2.0170042268538957
2   2.8361020657204841
2   2.1783529749828188
2   2.0051769787355944
2   2.1148959432747749
2   2.9505298032744758
2   2.685800178847765
2   2.6494845762761052
2   2.0448151457576
2   2.3720358563492439
2   2.2567769273421154
2   2.6777892814386912
2   2.4300973629301623
2   2.1503362688944039
2   3.0057187185584802
2   2.5914890310881322
2   2.1939102289808536
2   2.2412750431542832
2   2.8685788761966129
2   2.5784123787243045
2   2.3752352696328165
2   3.1104628472099773
2   2.4897763254140024
2   2.3720648210889559
2   3.0308326033488013
2   2.3790819844198192
2   2.4926125935221011
2   2.3241507357180287
2   2.1840293709630192
2   2.5293211323788594
2   2.2767265524610654
2   2.2367697709201289
2   2.3409341484797479
2   2.5120982236607006
2   2.0154401285709671
2   2.0027495979486245
2   2.0108497683147646
2   2.0105438959086963
2   2.0494375720599893
2   2.1493273328171867
2   2.8901053656298759
2   2.5030858547586057
2   2.4070195151790537
2   2.9211478979345009
2   2.1692120553237002
2   2.101516582105079
2   2.2096417614682178
2   2.0284018642341715
2   2.5404203575652211
2   2.2693166154711113
2   2.9314644025548433
2   2.0734790496348126
2   2.3453576496515423
2   2.0779589156445124
2   3.0610993751472413
2   2.7905086619789241
2   2.6316564273594745
2   2.4803732647425014
2   2.6759506325414946
2   2.0633047024478008
2   2.1164661629840897
2   2.1513946211455752
2   2.0641776916416399
2   2.5891353489502178
2   2.3588927602225511
2   2.3017278418480855
2   2.2562859527313677
2   2.2239392318546094
2   2.0439619796978188
2   2.75614366373294
2   2.3330893532064736
2   2.0292570940155641
2   2.5333581773606815
2   2.0822879585742946
2   2.6626129594995205
2   2.6782706023302789
2   2.7091685279639539
2   2.7051811974686224
2   2.9811381360383016
2   2.3806945276280556
2   2.6276006252327528
2   2.6989064891439831
2   2.1072300022915993
2   2.0039079550832399
2   2.0526159262592554
2   2.0490288402157577
2   2.0739312495581879
2   2.2546732955697606
2   2.1377307959941603
2   2.2503575687044659
2   2.5390340333372574
2   2.7954784303275786
2   2.0431599706940831
2   2.0071178067393425
2   2.97626888218737
2   2.0191429234902505
2   2.0109423402063547
2   2.0069044234616942
2   2.0203641308573816
2   2.0404007623199507
2   2.2486278068001897
2   2.1131585766272418
2   2.4870945818048207
2   2.3019187599511644
2   2.1707359615418884
2   2.2734726416688771
2   2.2345529553472798
2   2.8108064813878362
2   2.5362256956718685
2   3.2166568365452926
2   2.8956722369043035
2   2.2725407348384339
2   3.2099552361310058
2   2.6951703840271812
2   2.3104467895062824
2   2.3952683044794352
2   2.7116996622987668
2   2.2134961633750496
2   2.4177144171892411
2   2.3679494828725081
2   2.6883960041818451
2   2.7100971025693599
2   3.6541390143454757
2   2.021432274647545
2   2.0035297573320294
2   2.0522189591516593
2   2.0041587493462778
2   2.4645833656296912
2   2.0636798315382969
2   2.4653782442174434
2   2.2184928307808187
2   2.1634717478653269
2   2.7529210227511109
2   2.0323859396628898
2   2.0012878348676515
2   2.9079046307606182
2   2.6246319952269794
2   2.4537880955412135
2   2.1125776634080613
2   2.0054139923313814
2   2.9903429815633245
2   2.0107577186614765
2   2.0014570740897346
2   2.0071920906695184
2   2.0120014915528035
2   2.0149407933529515
2   2.0555546608347557
2   2.8547841951281518
2   2.0109494849832723
2   2.0193481104936604
2   2.1878186428622151
2   3.7316703552151953
2   2.1947547962822758
2   2.223517759141874
2   2.7226832858459118
2   2.8122393375718513
2   2.9194835354348698
2   2.3683248907562637
2   2.1314743202440507
2   2.0305296560469612
2   2.0798235050936769
2   2.0807899321286794
2   2.9451539602832968
2   2.0005391268171144
2   2.0078687542353202
2   2.0013072640922882
2   2.005700864169905
2   2.0024716283541406
2   2.0029211093854453
2   2.0064654320224005
2   2.1990926709277283
2   2.1701805190015784
2   2.6091489246105244
2   2.6292030339407022
2   2.2206100748086652
2   2.2038348097808536
2   2.0929780083388789
2   2.0775175638723558
2   2.0019763194382985
2   2.017645221977908
2   2.6174151034502375
2   2.7321762284529751
2   2.3384233189585233
2   2.1888391146657296
2   2.1321475403964625
2   2.1515936877060922
2   2.0034673918861876
2   2.0545835050175931
2   2.2694053622689787
2   2.2333531330331429
2   2.1248936658778272
2   2.6848161633774161
2   2.8132425631497449
2   2.002233106960015
2   2.0558336451434855
2   2.0207558605860565
2   3.2735620984700482
2   2.8574957965133887
2   3.1503363234598356
2   2.7585819163156184
2   2.1414434424599111
2   2.035427749415299
2   2.0025749276609117
2   2.0039351251821063
2   2.0010162927469963
2   2.0043273638140566
2   2.0312815463814728
2   2.0026127312949589
2   2.9703618309742219
2   2.020406002113039
2   2.0040953273250075
2   2.980857032673033
2   2.003054466262622
2   2.0061299518138278
2   2.0330908116184059
2   2.0142289279868706
2   2.0310869489491168
2   2.0109415008857625
2   2.7977823929297521
2   2.0880805718055666
2   2.2266784462865803
2   2.0632571122812089
2   2.0614960457771478
2   2.2878958778396155
2   2.6345800221128695
2   2.1702294766970387
2   2.1434581032149982
2   2.2393530640304591
2   2.7687425137369113
2   2.216204848379371
2   2.9654847720674096
2   2.9506603323548983
2   2.8485563679297816
2   3.8551152870519543

3   3.0000333853230448
3   3.000053075125626
3   3.0004575746492739
3   3.0013777167937694
3   3.0003460813483347
3   3.0314054725943116
3   3.009444616988719
3   3.8275170642107881
3   3.0005527709884032
3   3.1786091661226958
3   3.8528940162813026
3   3.0014898204510363
3   3.1650045626401906
3   3.0001679645542372
3   3.0060356396758992
3   3.000448119173972
3   3.0026729994989707
3   3.0002217855700857
3   3.7891732987622344
3   3.0007411709337188
3   3.0289309775674886
3   3.1653273330339355
3   3.0043914986514548
3   3.0608248997953154
3   3.0120108248751079
3   3.0018480733908244
3   3.7630908485891261
3   3.0003452231213883
3   3.266359582190181
3   3.0001199232123921
3   3.0039322616847097
3   3.0000609762848245
3   3.002124956642835
3   3.004578233345252
3   3.2975436026214262
3   3.0024790088311599
3   3.2320169148065285
3   3.5310394038571209
3   3.0066589846295488
3   3.0070798645710801
3   3.0857082081740859
3   3.0106241525066779
3   3.9207453871312827
3   3.0000927588098381
3   3.0001706426501324
3   3.0002468451698063
3   3.0014514070845482
3   3.0000958498725305
3   3.0000152533581903
3   3.7032717536859954
3   3.0000457221772781
3   3.3476072668237111
3   3.0000148752913676
3   3.0023268654702102
3   3.0001561238096759
3   3.0001957653639062
3   3.0000072972902343
3   3.0000286309911153
3   3.0371469288825828
3   3.0000161785536101
3   3.9195039342508169
3   3.000082035130275
3   3.0642633605682668
3   3.0000374570680233
3   3.0000473565541106
3   3.0002518584366613
3   3.0000316701416265
3   3.0000060620583242
3   3.0000183340936895
3   3.1173817890177111
3   3.0000950010737135
3   3.9058856673770359

4   4
4   4
4   4
4   4
4   4
4   4
4   4
4   4
4   4

