-1.5   1.5
-1.5   1.5
-1.5   1.5
-1.5   1.4999999999999998

-0.5   0.50356649939609466
-0.5   0.50000000000000022
-0.5   1.4993777273983926
-0.5   0.49999999999999978
-0.5   1.4979141381815573
-0.5   0.50115293016623008
-0.5   1.4999999999999998
-0.5   0.5
-0.5   0.50059651095939461
-0.5   0.50508753013514252
-0.5   0.50000000000000022
-0.5   1.4974935720471425

0.5   0.50356649939609488
0.5   0.50000000000000022
0.5   1.4993777273983933
0.5   0.50000000000000022
0.5   1.4979141381815571
0.5   0.50115293016623008
0.5   1.5000000000000022
0.5   0.5
0.5   0.50059651095939461
0.5   0.50508753013514229
0.5   0.5
0.5   1.4974935720471425

1.5   1.5
1.5   1.5
1.5   1.5
1.5   1.4999999999999998

