0   -33.7603   0.0521221   0.0294915   0.085796   0.173951   0.0175783   0.282123   0.0175783   0.173951   0.085796   0.0294915   0.0521221   
1   -42.744   0.0112988   0.027359   0.0664882   0.122846   0.173247   0.197521   0.173247   0.122846   0.0664882   0.027359   0.0112988   
2   -43.4238   0.0096456   0.0247812   0.0646314   0.123721   0.175764   0.202914   0.175764   0.123721   0.0646314   0.0247812   0.0096456   
3   -43.4429   0.0155612   0.0356847   0.0791605   0.121232   0.160643   0.175437   0.160643   0.121232   0.0791605   0.0356847   0.0155612   
4   -43.3435   0.0132365   0.0336458   0.0754525   0.125018   0.161724   0.181845   0.161724   0.125018   0.0754525   0.0336458   0.0132365   
5   -43.3241   0.00923648   0.0229157   0.0670234   0.122674   0.180092   0.196117   0.180092   0.122674   0.0670234   0.0229157   0.00923648   
6   -43.3435   0.0132365   0.0336458   0.0754525   0.125018   0.161724   0.181845   0.161724   0.125018   0.0754525   0.0336458   0.0132365   
7   -43.4429   0.0155612   0.0356847   0.0791605   0.121232   0.160643   0.175437   0.160643   0.121232   0.0791605   0.0356847   0.0155612   
8   -43.4238   0.0096456   0.0247812   0.0646314   0.123721   0.175764   0.202914   0.175764   0.123721   0.0646314   0.0247812   0.0096456   
9   -42.744   0.0112988   0.027359   0.0664882   0.122846   0.173247   0.197521   0.173247   0.122846   0.0664882   0.027359   0.0112988   
10   -33.7603   0.0521221   0.0294915   0.085796   0.173951   0.0175783   0.282123   0.0175783   0.173951   0.085796   0.0294915   0.0521221   
