0   -35.4344   0.0290787   0.112722   7.97661e-07   0.248387   0.109811   0.109811   0.248387   7.97661e-07   0.112722   0.0290787   
1   -46.3121   0.0155898   0.0375183   0.0890109   0.155302   0.202579   0.202579   0.155302   0.0890109   0.0375183   0.0155898   
2   -47.2338   0.0143806   0.036973   0.0915054   0.154833   0.202307   0.202307   0.154833   0.0915054   0.036973   0.0143806   
3   -47.4306   0.019789   0.0447354   0.101062   0.14829   0.186124   0.186124   0.14829   0.101062   0.0447354   0.019789   
4   -47.4155   0.0214389   0.0493425   0.104671   0.146945   0.177602   0.177602   0.146945   0.104671   0.0493425   0.0214389   
5   -47.4155   0.0214389   0.0493425   0.104671   0.146945   0.177602   0.177602   0.146945   0.104671   0.0493425   0.0214389   
6   -47.4306   0.019789   0.0447354   0.101062   0.14829   0.186124   0.186124   0.14829   0.101062   0.0447354   0.019789   
7   -47.2338   0.0143806   0.036973   0.0915054   0.154833   0.202307   0.202307   0.154833   0.0915054   0.036973   0.0143806   
8   -46.3121   0.0155898   0.0375183   0.0890109   0.155302   0.202579   0.202579   0.155302   0.0890109   0.0375183   0.0155898   
9   -35.4344   0.0290787   0.112722   7.97661e-07   0.248387   0.109811   0.109811   0.248387   7.97661e-07   0.112722   0.0290787   
