0   -27.8347   0.0294968   0.113224   1.39622e-06   0.247876   0.109401   0.109401   0.247876   1.39622e-06   0.113224   0.0294968   
1   -35.7635   0.0159266   0.0381816   0.0895783   0.15497   0.201343   0.201343   0.15497   0.0895783   0.0381816   0.0159266   
2   -36.1876   0.0150094   0.038342   0.0922154   0.154596   0.199837   0.199837   0.154596   0.0922154   0.038342   0.0150094   
3   -36.1841   0.0212275   0.0453177   0.101804   0.146258   0.185393   0.185393   0.146258   0.101804   0.0453177   0.0212275   
4   -36.0509   0.016399   0.042414   0.0965018   0.153269   0.191416   0.191416   0.153269   0.0965018   0.042414   0.016399   
5   -36.0509   0.016399   0.042414   0.0965018   0.153269   0.191416   0.191416   0.153269   0.0965018   0.042414   0.016399   
6   -36.1841   0.0212275   0.0453177   0.101804   0.146258   0.185393   0.185393   0.146258   0.101804   0.0453177   0.0212275   
7   -36.1876   0.0150094   0.038342   0.0922154   0.154596   0.199837   0.199837   0.154596   0.0922154   0.038342   0.0150094   
8   -35.7635   0.0159266   0.0381816   0.0895783   0.15497   0.201343   0.201343   0.15497   0.0895783   0.0381816   0.0159266   
9   -27.8347   0.0294968   0.113224   1.39622e-06   0.247876   0.109401   0.109401   0.247876   1.39622e-06   0.113224   0.0294968   
