-2   2
-2   2
-2   2
-2   2
-2   1.9999999999999996

-1   1.0112751568600091
-1   1.0059834182191008
-1   1.043612691531735
-1   1.9599930946830826
-1   1.9777921756587737
-1   1.0087718050247472
-1   1.029570856842239
-1   1.0007465309424115
-1   1.0982400691209993
-1   1.9292794321799511
-1   1.0045005012847685
-1   1.0147273967350747
-1   1.9486463243280596
-1   1.0007248508053475
-1   1.078762638269841
-1   1.00330445943924
-1   1.000357175776984
-1   1.0378158826769419
-1   1.0000516725181416
-1   1.9750407760293189

0   0.023968230893747666
0   1.0000000000000011
0   1
0   0.99999999999999978
0   0.15975738802822759
0   1.5599825023586207
0   1.0000000000000011
0   1.9124455977882224
0   1.0000000000000002
0   0.99999999999999978
0   0.2042335612058862
0   1.0000000000000004
0   0.0064307356157502493
0   1.0000000000000007
0   1.9939757680883865
0   0.99999999999999933
0   1.0000000000000004
0   1.5599825023586216
0   1.0000000000000002
0   1.0000000000000011
0   1.0000000000000002
0   0.0029194692544987078
0   0.0064307356157502493
0   0.99999999999999822
0   0.016836034080112361
0   0.99999999999999978
0   0.13769978187036225
0   1.0000000000000002
0   1.0000000000000002
0   1.965302250972746

1   1.0112751568600093
1   1.0059834182191014
1   1.0436126915317356
1   1.9599930946830817
1   1.9777921756587737
1   1.0087718050247476
1   1.0295708568422379
1   1.0007465309424117
1   1.098240069120999
1   1.9292794321799525
1   1.0045005012847685
1   1.0147273967350749
1   1.9486463243280587
1   1.0007248508053475
1   1.0787626382698408
1   1.0033044594392402
1   1.0003571757769834
1   1.037815882676941
1   1.0000516725181408
1   1.9750407760293189

2   2
2   2
2   2
2   2
2   1.9999999999999996

