-3.5   3.4999999999999996
-3.5   3.5
-3.5   3.5
-3.5   3.4999999999999996
-3.5   3.5
-3.5   3.4999999999999996
-3.5   3.5
-3.5   3.4999999999999996

-2.5   2.5000992943668594
-2.5   2.5001192055671813
-2.5   2.5017983058755533
-2.5   2.5069508162934806
-2.5   2.506983980698565
-2.5   2.5776313524427121
-2.5   3.3866263135317292
-2.5   2.8618636262272568
-2.5   3.1709612683837753
-2.5   2.5071465035892908
-2.5   2.5550645199573268
-2.5   2.5189711617250365
-2.5   2.50854138899409
-2.5   2.501533248117731
-2.5   2.5009754386024623
-2.5   2.5092121539886811
-2.5   3.0695405327957896
-2.5   2.509312666400779
-2.5   3.0980392849986362
-2.5   2.5045419006621188
-2.5   2.5670803524555095
-2.5   2.6974424668246089
-2.5   2.8756040758406427
-2.5   2.7693495205405321
-2.5   2.5034157635162466
-2.5   2.570340574734292
-2.5   2.5178260591576422
-2.5   2.5003850897847819
-2.5   2.5023403845463092
-2.5   2.5000929091192963
-2.5   3.465568494056714
-2.5   2.5005101424551146
-2.5   2.5242471508834829
-2.5   2.5038264653172413
-2.5   2.500899985336039
-2.5   3.4894219185891759
-2.5   2.5000302331900262
-2.5   2.5021530397299396
-2.5   2.5001071709882341
-2.5   2.5076780490421515
-2.5   2.5000426909731597
-2.5   2.500564539588424
-2.5   2.501215614942764
-2.5   2.5001005890329817
-2.5   2.5000918721495951
-2.5   2.7192686190578379
-2.5   3.3239551774020537
-2.5   2.5000384541759497
-2.5   2.5003619763880685
-2.5   2.5000658092864585
-2.5   2.5000524069171881
-2.5   2.5005398735901965
-2.5   2.5000206206162896
-2.5   2.6197636814419867
-2.5   2.5001129167801253
-2.5   3.4067456949990755

-1.5   1.501672475289018
-1.5   1.5042992786442153
-1.5   1.6716896379529804
-1.5   1.5137180867080278
-1.5   2.3725776312790536
-1.5   1.5525804244309773
-1.5   1.5107992056635688
-1.5   2.4413671386373554
-1.5   1.5072113567368475
-1.5   2.3243417351576983
-1.5   1.7037857360900612
-1.5   1.5487987994740271
-1.5   1.5244820730511757
-1.5   1.528183035116577
-1.5   1.5649797042474698
-1.5   2.4638086971509598
-1.5   1.6594891667293745
-1.5   1.8325939271530753
-1.5   2.0800161115651212
-1.5   1.9840312427689573
-1.5   1.8837423772134518
-1.5   1.8364416453279104
-1.5   1.5393589111498005
-1.5   3.3076506497920111
-1.5   1.7992841187342195
-1.5   2.5911334292956054
-1.5   2.0379075415648065
-1.5   2.2143383085215458
-1.5   2.5058594960309843
-1.5   2.2802698354803344
-1.5   1.7394839573703322
-1.5   1.8453227924288549
-1.5   1.9720617565376739
-1.5   2.1583416316652175
-1.5   2.2432424058058911
-1.5   1.6217837500781664
-1.5   2.4081344345336775
-1.5   1.5641656353446742
-1.5   1.5404685732249099
-1.5   1.5080374124799247
-1.5   1.5215557700428213
-1.5   2.4718769901960265
-1.5   1.5191544313161378
-1.5   1.5428158886945136
-1.5   2.4285770449090593
-1.5   1.5621460940768257
-1.5   2.411894012168716
-1.5   1.5877939756731618
-1.5   1.5028444988803642
-1.5   1.5597825823188209
-1.5   1.952196926625954
-1.5   1.9488697576257352
-1.5   1.5303517952367769
-1.5   1.9664161645685416
-1.5   1.9843864879090982
-1.5   1.5392778685282069
-1.5   2.0568737212599153
-1.5   2.0481856820415358
-1.5   2.3847946632925536
-1.5   2.059901805409349
-1.5   2.0962318116083334
-1.5   2.1711526921907018
-1.5   2.6269958402909892
-1.5   2.4055290682391144
-1.5   1.8475735546042977
-1.5   1.8634119951538173
-1.5   2.1057469997819824
-1.5   2.1912092131526926
-1.5   2.0679261635020665
-1.5   2.203716758522972
-1.5   2.0561148002524812
-1.5   2.2948382375686545
-1.5   2.24967575866979
-1.5   2.0103594237421016
-1.5   1.5073153225437581
-1.5   1.5167191128377486
-1.5   1.5291632522198357
-1.5   1.5037767969447953
-1.5   1.526780191150563
-1.5   1.5921467223051371
-1.5   2.3270982405126208
-1.5   1.7861302404882515
-1.5   2.0627113129292125
-1.5   2.0300110450686875
-1.5   1.9435470598307871
-1.5   2.39935861077445
-1.5   2.2205490773717527
-1.5   1.5380222868996838
-1.5   1.5184215914017414
-1.5   3.139771634488441
-1.5   2.2787105215256269
-1.5   2.0195404904590299
-1.5   1.5573772604814042
-1.5   1.7480719698950344
-1.5   2.4181498204664349
-1.5   1.5689282549793924
-1.5   2.2804415842198722
-1.5   1.796633212738409
-1.5   2.4168293914339944
-1.5   1.5641116819382215
-1.5   1.5244831775874856
-1.5   1.6698507147825423
-1.5   2.9112268335106473
-1.5   2.348445746981902
-1.5   1.5149417859061329
-1.5   2.3741153586513732
-1.5   1.5216333315643928
-1.5   1.5234236484461792
-1.5   2.4422646698271011
-1.5   2.014529742587313
-1.5   1.9404056878007334
-1.5   2.1110536919168235
-1.5   2.0724888013683742
-1.5   1.6170028729386821
-1.5   1.5029261292106573
-1.5   1.5115788768663267
-1.5   1.5059365622004148
-1.5   1.5063560816728541
-1.5   1.5065197840046123
-1.5   1.7507720081066371
-1.5   1.7321765134821128
-1.5   1.5567575160677469
-1.5   2.323345107431221
-1.5   2.2689824264523994
-1.5   1.5061972777229524
-1.5   1.5655563142929432
-1.5   2.0425631633640413
-1.5   1.9901720598456589
-1.5   2.044796635422125
-1.5   2.0630431258291284
-1.5   1.508482101848112
-1.5   1.5062774819570675
-1.5   1.5102998687552383
-1.5   1.9704596202645059
-1.5   1.9198153604001309
-1.5   1.8735053765847773
-1.5   1.5086085135941607
-1.5   1.9866269817198248
-1.5   2.1195634749403474
-1.5   3.3419530720802788
-1.5   2.4862291937822585
-1.5   1.5021298605993634
-1.5   1.6233950864933346
-1.5   1.5096272692708257
-1.5   1.5022883050310547
-1.5   1.5187361338031997
-1.5   1.5069938070818063
-1.5   1.5871454736192354
-1.5   1.503813496325852
-1.5   2.4225878519239594
-1.5   1.5077655099998037
-1.5   2.4912221542031445
-1.5   1.5022761473131876
-1.5   1.5575605701205579
-1.5   1.5367280418968137
-1.5   1.5017687217590057
-1.5   1.5530762381427747
-1.5   2.2118742117832522
-1.5   1.8368515423132048
-1.5   1.6735691599062901
-1.5   1.7283019197998479
-1.5   1.7220022680247236
-1.5   2.2067355252548211
-1.5   2.4587098245146835
-1.5   1.6944670524832759
-1.5   2.4641290410643957
-1.5   2.37076657517337
-1.5   3.376936481659468

-0.5   0.55188781873834469
-0.5   0.64437789655493249
-0.5   1.2432190043293423
-0.5   0.96593237601841597
-0.5   0.96664453530720684
-0.5   0.90009366475576291
-0.5   1.3467281898770591
-0.5   1.4211100241819012
-0.5   1.2824695496686933
-0.5   2.3377827499453048
-0.5   1.2045117304344974
-0.5   1.0020437195485583
-0.5   1.4790366866196243
-0.5   2.4192671513038575
-0.5   0.63369505004875881
-0.5   1.4738396900342399
-0.5   1.3068022631140694
-0.5   0.66704937329392333
-0.5   0.55099939389442931
-0.5   2.1052081610620847
-0.5   1.4133874785658926
-0.5   1.2946954222731677
-0.5   0.57992385837355465
-0.5   0.94026691688337083
-0.5   1.1564290905992716
-0.5   1.4840628257153441
-0.5   1.2846664204403988
-0.5   1.2790439117899621
-0.5   0.58855386621546502
-0.5   1.8223326150012578
-0.5   1.4254678370661613
-0.5   1.8793818489537033
-0.5   0.9237666158598945
-0.5   1.7693933554477193
-0.5   1.9482279059707452
-0.5   2.0829712318944207
-0.5   1.1351777363239781
-0.5   1.6912382090399225
-0.5   2.0907029937193888
-0.5   1.5676189107691116
-0.5   1.5393636862142093
-0.5   2.0846323181885875
-0.5   1.4042955831618276
-0.5   1.9585603959362095
-0.5   1.2104779678028244
-0.5   2.8085012782507284
-0.5   2.02317573193934
-0.5   1.6414105176307179
-0.5   1.8726753906506071
-0.5   1.3900228282385054
-0.5   1.7968055621703889
-0.5   1.6590567280579722
-0.5   1.7220525811809639
-0.5   1.4978953954747647
-0.5   1.4282979094876431
-0.5   1.6184680295629184
-0.5   1.9338039352150442
-0.5   1.3716688124312248
-0.5   1.8560084615052803
-0.5   1.1032947167382254
-0.5   2.329219474223458
-0.5   0.68708377378882268
-0.5   1.4011511780543504
-0.5   1.0202938512649919
-0.5   0.71308766215422703
-0.5   1.2120576045726739
-0.5   0.81868336808626152
-0.5   1.4483091037476574
-0.5   1.3560149524226637
-0.5   1.6607846621669875
-0.5   1.4226050245493864
-0.5   0.59586616664110359
-0.5   1.8230194607022714
-0.5   1.4036028184725249
-0.5   1.7306471520198783
-0.5   1.3494031046550254
-0.5   1.9034201603353531
-0.5   1.1956905640825002
-0.5   2.0798737033089116
-0.5   1.0844573851463974
-0.5   1.024576688284512
-0.5   1.2267586180522509
-0.5   1.3218428769898054
-0.5   1.4801912544497489
-0.5   0.63841206947143814
-0.5   1.162302027680949
-0.5   1.5000409542640329
-0.5   1.5004140406846624
-0.5   0.79576492662104759
-0.5   1.1072092205980006
-0.5   1.4042604154482372
-0.5   1.443323766021787
-0.5   1.4182427629250611
-0.5   1.6724314106511726
-0.5   1.0226123848952502
-0.5   1.8879496042145414
-0.5   2.087953238016242
-0.5   1.2079470782157651
-0.5   1.506335578191202
-0.5   1.7198418218524094
-0.5   1.7811774886718257
-0.5   1.6828722301921326
-0.5   1.8771636809655594
-0.5   1.7200170079689143
-0.5   1.5592130741842749
-0.5   1.8964285273400572
-0.5   1.9768523656250112
-0.5   1.6586563856882033
-0.5   1.758686683358865
-0.5   2.1819161548476482
-0.5   2.0180880585319345
-0.5   1.510593339915411
-0.5   1.6744905685541842
-0.5   1.6439228160776023
-0.5   1.2949204873540738
-0.5   1.4603571665630741
-0.5   2.03667085751785
-0.5   2.0767259959155067
-0.5   2.2476790603341921
-0.5   1.9094378264300844
-0.5   2.1884210556904731
-0.5   0.55546476192175964
-0.5   0.59303203671531723
-0.5   1.1574910810843198
-0.5   1.0116933172660749
-0.5   1.4893384026419045
-0.5   0.55987409846781033
-0.5   0.67865986119107036
-0.5   1.4290834051018724
-0.5   1.4800909116516887
-0.5   1.4960532121549051
-0.5   1.5322840825277813
-0.5   1.427513468566139
-0.5   2.0771014935431715
-0.5   1.2930019210256101
-0.5   1.1653449476295996
-0.5   2.4219219962819589
-0.5   1.3882953548014785
-0.5   1.4212787204188866
-0.5   1.3563376113686343
-0.5   2.0430780055532911
-0.5   2.2926321446481128
-0.5   1.4765006629870845
-0.5   0.97912571404403548
-0.5   1.4839408696257099
-0.5   1.3755356692308467
-0.5   1.400238191553252
-0.5   3.0782055054960291
-0.5   1.1104358345835694
-0.5   1.4791150920610279
-0.5   2.0010788541038558
-0.5   1.5557975072595567
-0.5   1.5424528370206168
-0.5   0.94865022011484457
-0.5   2.0332168731749189
-0.5   0.81225941598872486
-0.5   1.4178197257283689
-0.5   1.1802774560921852
-0.5   1.0983208251664844
-0.5   2.3277657463189381
-0.5   0.91300597838130138
-0.5   2.2972989932133303
-0.5   0.80516064328886139
-0.5   1.4749356429877531
-0.5   1.4769392296965873
-0.5   1.0175937468186576
-0.5   1.8034475455005494
-0.5   1.7022539750136256
-0.5   0.76485193742958746
-0.5   1.3813486074825445
-0.5   3.0067568153028126
-0.5   1.6834685513968348
-0.5   1.4836320987891509
-0.5   1.4979452596467049
-0.5   1.4593346308530002
-0.5   1.3851586014078292
-0.5   2.3355594881817114
-0.5   1.7223255400425392
-0.5   1.7481119932922233
-0.5   1.2029600122037076
-0.5   1.2830478685850568
-0.5   1.7628347248698786
-0.5   1.7409608376655998
-0.5   0.8499773107967481
-0.5   0.86820239428932244
-0.5   1.4651327219625425
-0.5   0.55002410833858151
-0.5   0.80397558205368402
-0.5   1.4889681694780326
-0.5   1.3627911291834174
-0.5   1.4934946123974382
-0.5   0.56781142837491561
-0.5   0.55521945547924467
-0.5   1.2971583062638417
-0.5   1.4402449438726665
-0.5   0.85604036574044629
-0.5   0.63452825115677292
-0.5   1.7198819339357754
-0.5   1.9322797803765011
-0.5   1.6706809028877441
-0.5   2.1181272702955978
-0.5   2.1569082212077997
-0.5   1.4350430041305957
-0.5   0.60031530461171245
-0.5   0.59811154303458558
-0.5   0.63546330459417688
-0.5   1.4751904623997705
-0.5   0.52969066547057331
-0.5   0.76522211627042425
-0.5   1.5088364126815645
-0.5   1.8552327234965094
-0.5   2.2278188299172053
-0.5   1.5015801018731039
-0.5   1.5073781436574412
-0.5   1.4601151956437897
-0.5   0.92789942882578802
-0.5   1.4130225509771275
-0.5   0.99038060718778831
-0.5   0.66572613042165707
-0.5   1.2740882978796413
-0.5   0.51095708286714281
-0.5   0.524734486984203
-0.5   0.56092238892476542
-0.5   0.61710004297063081
-0.5   1.2238665486795617
-0.5   1.1004520292445281
-0.5   0.99653106979348993
-0.5   1.8331581976435527
-0.5   2.377332272709864
-0.5   1.7230709596103564
-0.5   2.3658788008236149
-0.5   1.6112474832635129
-0.5   2.5375139968954903
-0.5   1.9176684388948022
-0.5   1.0036870160422655
-0.5   1.6318251261609649
-0.5   0.83079610560214823
-0.5   1.4246844069351792
-0.5   1.5948237007934756
-0.5   0.95459579855744847
-0.5   1.3163007571821301
-0.5   0.58778057692823915
-0.5   1.4585472943014131
-0.5   0.82045964217031586
-0.5   1.0322956648489947
-0.5   0.52155369841828692
-0.5   1.2550734851238841
-0.5   0.9285803311673626
-0.5   1.3092343478896835
-0.5   1.3923617588527746
-0.5   1.4897849280922024
-0.5   1.0156996278708394
-0.5   2.2691062019600561
-0.5   1.468700459151757
-0.5   2.3518116420333279
-0.5   0.52764720108637997
-0.5   0.59187799588986634
-0.5   1.4770651380204205
-0.5   0.63072096953670798
-0.5   0.56042534016934287
-0.5   0.79978749670107385
-0.5   1.4982462009614614
-0.5   1.3945737213729834
-0.5   1.375305775003461
-0.5   0.64727087096112612
-0.5   2.1848089389998431
-0.5   1.4902125351265623
-0.5   1.333275736705607
-0.5   0.84268965822779718
-0.5   1.4988363771531974
-0.5   1.4140792568913307
-0.5   0.92690625179554398
-0.5   2.3495273837816795
-0.5   1.674796352415576
-0.5   1.519677488013397
-0.5   2.3576368277962585
-0.5   1.5960263649387798
-0.5   2.4674042743412752
-0.5   2.3684119673778645
-0.5   3.3632956714273186

0.5   0.55188781873832782
0.5   0.6443778965549285
0.5   1.2432190043293558
0.5   0.96593237601833604
0.5   0.96664453530721839
0.5   0.90009366475575359
0.5   1.3467281898770342
0.5   1.4211100241818893
0.5   1.282469549668718
0.5   2.3377827499453487
0.5   1.2045117304345241
0.5   1.0020437195485037
0.5   1.4790366866196194
0.5   2.4192671513038801
0.5   0.63369505004877835
0.5   1.4738396900342405
0.5   1.3068022631140359
0.5   0.66704937329392178
0.5   0.55099939389442887
0.5   2.1052081610621687
0.5   1.4133874785657734
0.5   1.2946954222731792
0.5   0.57992385837357441
0.5   0.94026691688336417
0.5   1.1564290905994505
0.5   1.4840628257153421
0.5   1.2846664204402092
0.5   1.2790439117899843
0.5   0.58855386621534578
0.5   1.8223326150012951
0.5   1.4254678370662426
0.5   1.8793818489537091
0.5   0.92376661585977438
0.5   1.7693933554475816
0.5   1.9482279059706937
0.5   2.0829712318945353
0.5   1.1351777363240529
0.5   1.6912382090398372
0.5   2.0907029937194461
0.5   1.5676189107690908
0.5   1.5393636862142159
0.5   2.0846323181886124
0.5   1.4042955831618427
0.5   1.9585603959362667
0.5   1.2104779678027022
0.5   2.8085012782506698
0.5   2.0231757319393653
0.5   1.6414105176307143
0.5   1.8726753906504361
0.5   1.390022828238789
0.5   1.7968055621704107
0.5   1.6590567280579451
0.5   1.7220525811809053
0.5   1.4978953954747962
0.5   1.428297909487837
0.5   1.6184680295626959
0.5   1.9338039352148808
0.5   1.3716688124311036
0.5   1.8560084615056285
0.5   1.1032947167382501
0.5   2.3292194742234589
0.5   0.68708377378881846
0.5   1.4011511780543491
0.5   1.0202938512649893
0.5   0.71308766215423014
0.5   1.2120576045726652
0.5   0.81868336808626796
0.5   1.4483091037476628
0.5   1.3560149524226666
0.5   1.6607846621670306
0.5   1.4226050245493791
0.5   0.59586616664111869
0.5   1.8230194607022212
0.5   1.4036028184725373
0.5   1.7306471520198712
0.5   1.3494031046550432
0.5   1.9034201603353607
0.5   1.1956905640824997
0.5   2.0798737033088948
0.5   1.0844573851464043
0.5   1.0245766882844554
0.5   1.2267586180522527
0.5   1.3218428769898449
0.5   1.4801912544497515
0.5   0.63841206947143614
0.5   1.1623020276809315
0.5   1.5000409542640356
0.5   1.5004140406846669
0.5   0.79576492662103737
0.5   1.1072092205980171
0.5   1.4042604154482456
0.5   1.4433237660218046
0.5   1.4182427629250631
0.5   1.6724314106505651
0.5   1.0226123848960933
0.5   1.8879496042145423
0.5   2.0879532380162358
0.5   1.2079470782157646
0.5   1.5063355781912287
0.5   1.7198418218523992
0.5   1.7811774886718794
0.5   1.6828722301921113
0.5   1.877163680965527
0.5   1.7200170079689272
0.5   1.5592130741842589
0.5   1.8964285273400456
0.5   1.9768523656249966
0.5   1.6586563856882357
0.5   1.7586866833588899
0.5   2.1819161548475918
0.5   2.0180880585325469
0.5   1.5105933399153897
0.5   1.6744905685534528
0.5   1.6439228160776134
0.5   1.294920487354118
0.5   1.4603571665631214
0.5   2.0366708575179162
0.5   2.0767259959154556
0.5   2.247679060334153
0.5   1.9094378264300813
0.5   2.1884210556904731
0.5   0.55546476192175809
0.5   0.59303203671531346
0.5   1.1574910810842836
0.5   1.0116933172661096
0.5   1.489338402641911
0.5   0.55987409846780989
0.5   0.67865986119109767
0.5   1.4290834051018551
0.5   1.4800909116516918
0.5   1.4960532121549055
0.5   1.5322840825277266
0.5   1.4275134685661404
0.5   2.0771014935432155
0.5   1.2930019210256214
0.5   1.1653449476296007
0.5   2.4219219962819571
0.5   1.3882953548014703
0.5   1.4212787204188839
0.5   1.3563376113686112
0.5   2.0430780055532813
0.5   2.2926321446481257
0.5   1.4765006629870794
0.5   0.97912571404405391
0.5   1.4839408696257093
0.5   1.3755356692308593
0.5   1.4002381915532558
0.5   3.0782055054959812
0.5   1.1104358345836505
0.5   1.4791150920610294
0.5   2.0010788541038593
0.5   1.5557975072595687
0.5   1.5424528370206123
0.5   0.94865022011486189
0.5   2.0332168731749025
0.5   0.81225941598872486
0.5   1.4178197257283709
0.5   1.1802774560921823
0.5   1.0983208251664733
0.5   2.3277657463189416
0.5   0.91300597838129094
0.5   2.2972989932133325
0.5   0.80516064328886272
0.5   1.47493564298775
0.5   1.4769392296965982
0.5   1.0175937468184719
0.5   1.8034475455005459
0.5   1.7022539750137615
0.5   0.76485193742955659
0.5   1.381348607482539
0.5   3.0067568153028126
0.5   1.6834685513968268
0.5   1.4836320987891813
0.5   1.4979452596466998
0.5   1.4593346308529767
0.5   1.3851586014078294
0.5   2.3355594881817066
0.5   1.7223255400425419
0.5   1.748111993292504
0.5   1.2029600122033814
0.5   1.2830478685850693
0.5   1.7628347248698484
0.5   1.7409608376655794
0.5   0.8499773107967421
0.5   0.86820239428929735
0.5   1.4651327219625347
0.5   0.55002410833858928
0.5   0.80397558205369934
0.5   1.4889681694780319
0.5   1.3627911291834103
0.5   1.4934946123974382
0.5   0.5678114283749105
0.5   0.55521945547924045
0.5   1.2971583062638614
0.5   1.4402449438726672
0.5   0.85604036574042475
0.5   0.63452825115678113
0.5   1.719881933935886
0.5   1.9322797803765099
0.5   1.6706809028876752
0.5   2.1181272702955867
0.5   2.1569082212077633
0.5   1.4350430041306115
0.5   0.6003153046117029
0.5   0.59811154303459624
0.5   0.63546330459413713
0.5   1.4751904623997762
0.5   0.52969066547056998
0.5   0.76522211627031855
0.5   1.5088364126812253
0.5   1.8552327234968091
0.5   2.2278188299172617
0.5   1.5015801018731305
0.5   1.5073781436574265
0.5   1.4601151956437466
0.5   0.92789942882574739
0.5   1.413022550977175
0.5   0.99038060718774745
0.5   0.66572613042163886
0.5   1.2740882978796757
0.5   0.51095708286713593
0.5   0.52473448698419944
0.5   0.56092238892478163
0.5   0.61710004297064325
0.5   1.2238665486796243
0.5   1.100452029244662
0.5   0.99653106979349904
0.5   1.8331581976434208
0.5   2.3773322727098001
0.5   1.7230709596103497
0.5   2.3658788008235763
0.5   1.6112474832635471
0.5   2.5375139968956102
0.5   1.917668438894812
0.5   1.0036870160422859
0.5   1.6318251261606651
0.5   0.83079610560210959
0.5   1.4246844069354228
0.5   1.5948237007935382
0.5   0.95459579855738896
0.5   1.3163007571820724
0.5   0.58778057692823915
0.5   1.4585472943014026
0.5   0.82045964217035472
0.5   1.032295664848965
0.5   0.52155369841822807
0.5   1.2550734851238927
0.5   0.92858033116735994
0.5   1.3092343478897133
0.5   1.3923617588527368
0.5   1.4897849280922093
0.5   1.0156996278708657
0.5   2.2691062019601009
0.5   1.468700459151697
0.5   2.351811642033343
0.5   0.5276472010863873
0.5   0.59187799588981194
0.5   1.4770651380204438
0.5   0.63072096953669465
0.5   0.56042534016932843
0.5   0.79978749670114113
0.5   1.4982462009614566
0.5   1.3945737213728713
0.5   1.3753057750034152
0.5   0.64727087096120917
0.5   2.184808938999816
0.5   1.4902125351265658
0.5   1.3332757367056889
0.5   0.84268965822780606
0.5   1.498836377153232
0.5   1.4140792568913383
0.5   0.92690625179549357
0.5   2.3495273837815565
0.5   1.6747963524157194
0.5   1.5196774880134116
0.5   2.3576368277962572
0.5   1.5960263649386617
0.5   2.4674042743412956
0.5   2.3684119673778836
0.5   3.3632956714273776

1.5   1.5016724752890172
1.5   1.504299278644214
1.5   1.6716896379529751
1.5   1.5137180867080278
1.5   2.3725776312790554
1.5   1.5525804244309813
1.5   1.5107992056635675
1.5   2.4413671386373528
1.5   1.5072113567368457
1.5   2.3243417351577005
1.5   1.7037857360900635
1.5   1.5487987994740253
1.5   1.5244820730511766
1.5   1.5281830351165779
1.5   1.5649797042474671
1.5   2.4638086971509625
1.5   1.6594891667293457
1.5   1.8325939271530891
1.5   2.0800161115651368
1.5   1.9840312427689244
1.5   1.8837423772134771
1.5   1.8364416453279246
1.5   1.5393589111498036
1.5   3.307650649792
1.5   1.7992841187342936
1.5   2.591133429295561
1.5   2.0379075415648011
1.5   2.2143383085215409
1.5   2.5058594960309537
1.5   2.2802698354803566
1.5   1.7394839573703269
1.5   1.8453227924289233
1.5   1.9720617565376188
1.5   2.1583416316652144
1.5   2.2432424058058804
1.5   1.6217837500781584
1.5   2.4081344345336979
1.5   1.5641656353446716
1.5   1.5404685732249046
1.5   1.5080374124799247
1.5   1.5215557700428177
1.5   2.4718769901960242
1.5   1.5191544313161334
1.5   1.5428158886945122
1.5   2.4285770449090549
1.5   1.5621460940768337
1.5   2.4118940121687138
1.5   1.5877939756731716
1.5   1.5028444988803642
1.5   1.5597825823188249
1.5   1.9521969266259589
1.5   1.948869757625741
1.5   1.5303517952367662
1.5   1.9664161645685359
1.5   1.984386487909096
1.5   1.5392778685282189
1.5   2.0568737212599264
1.5   2.0481856820415416
1.5   2.384794663292519
1.5   2.0599018054093512
1.5   2.0962318116083423
1.5   2.1711526921906992
1.5   2.6269958402909985
1.5   2.4055290682391375
1.5   1.8475735546043244
1.5   1.8634119951538022
1.5   2.1057469997819629
1.5   2.1912092131526864
1.5   2.0679261635019319
1.5   2.2037167585229187
1.5   2.0561148002526544
1.5   2.2948382375686558
1.5   2.2496757586698064
1.5   2.0103594237420954
1.5   1.5073153225437581
1.5   1.5167191128377486
1.5   1.5291632522198348
1.5   1.5037767969447939
1.5   1.5267801911505625
1.5   1.5921467223051389
1.5   2.3270982405126173
1.5   1.7861302404882564
1.5   2.0627113129292121
1.5   2.0300110450686866
1.5   1.9435470598307796
1.5   2.399358610774434
1.5   2.2205490773717562
1.5   1.5380222868997064
1.5   1.5184215914017378
1.5   3.1397716344884201
1.5   2.2787105215256318
1.5   2.0195404904590597
1.5   1.5573772604813958
1.5   1.7480719698950375
1.5   2.418149820466434
1.5   1.5689282549793933
1.5   2.2804415842198673
1.5   1.7966332127384179
1.5   2.4168293914339904
1.5   1.5641116819382179
1.5   1.524483177587487
1.5   1.6698507147825641
1.5   2.9112268335106628
1.5   2.3484457469818865
1.5   1.5149417859061303
1.5   2.3741153586513595
1.5   1.521633331564392
1.5   1.5234236484461805
1.5   2.4422646698271055
1.5   2.0145297425873232
1.5   1.9404056878007312
1.5   2.1110536919168212
1.5   2.0724888013683622
1.5   1.6170028729386834
1.5   1.5029261292106564
1.5   1.5115788768663254
1.5   1.5059365622004113
1.5   1.5063560816728541
1.5   1.5065197840046123
1.5   1.7507720081066411
1.5   1.7321765134820994
1.5   1.5567575160677247
1.5   2.3233451074312295
1.5   2.268982426452415
1.5   1.5061972777229546
1.5   1.5655563142929592
1.5   2.0425631633640897
1.5   1.9901720598456794
1.5   2.044796635422081
1.5   2.063043125829096
1.5   1.5084821018481147
1.5   1.506277481957067
1.5   1.5102998687552365
1.5   1.970459620264513
1.5   1.9198153604001154
1.5   1.8735053765848058
1.5   1.5086085135941514
1.5   1.9866269817198692
1.5   2.1195634749403549
1.5   3.3419530720802673
1.5   2.4862291937822678
1.5   1.5021298605993665
1.5   1.6233950864933062
1.5   1.5096272692708226
1.5   1.5022883050310569
1.5   1.5187361338032077
1.5   1.5069938070818067
1.5   1.5871454736193105
1.5   1.503813496325852
1.5   2.4225878519238999
1.5   1.5077655099997975
1.5   2.4912221542031396
1.5   1.5022761473131885
1.5   1.5575605701205686
1.5   1.5367280418968039
1.5   1.501768721759011
1.5   1.5530762381427716
1.5   2.2118742117832877
1.5   1.8368515423131497
1.5   1.6735691599062377
1.5   1.7283019197998484
1.5   1.7220022680247227
1.5   2.2067355252548868
1.5   2.4587098245146888
1.5   1.6944670524832413
1.5   2.464129041064377
1.5   2.3707665751733717
1.5   3.3769364816594947

2.5   2.5000992943668585
2.5   2.5001192055671817
2.5   2.5017983058755515
2.5   2.5069508162934797
2.5   2.506983980698565
2.5   2.5776313524427286
2.5   3.3866263135317127
2.5   2.8618636262272341
2.5   3.1709612683837975
2.5   2.5071465035893148
2.5   2.5550645199573068
2.5   2.5189711617250357
2.5   2.5085413889940895
2.5   2.5015332481177297
2.5   2.5009754386024623
2.5   2.5092121539886811
2.5   3.0695405327957874
2.5   2.5093126664007839
2.5   3.0980392849986353
2.5   2.5045419006621179
2.5   2.5670803524555152
2.5   2.697442466824624
2.5   2.8756040758406209
2.5   2.7693495205405143
2.5   2.5034157635162457
2.5   2.5703405747343115
2.5   2.5178260591576422
2.5   2.5003850897847819
2.5   2.5023403845463084
2.5   2.5000929091192958
2.5   3.4655684940567095
2.5   2.5005101424551137
2.5   2.5242471508834852
2.5   2.5038264653172395
2.5   2.500899985336039
2.5   3.4894219185891728
2.5   2.5000302331900253
2.5   2.5021530397299401
2.5   2.5001071709882323
2.5   2.5076780490421506
2.5   2.5000426909731588
2.5   2.500564539588424
2.5   2.5012156149427631
2.5   2.5001005890329804
2.5   2.5000918721495946
2.5   2.7192686190578135
2.5   3.3239551774020688
2.5   2.5000384541759502
2.5   2.5003619763880671
2.5   2.5000658092864567
2.5   2.500052406917189
2.5   2.5005398735901969
2.5   2.5000206206162905
2.5   2.6197636814419876
2.5   2.5001129167801253
2.5   3.406745694999076

3.5   3.4999999999999996
3.5   3.5
3.5   3.5
3.5   3.4999999999999996
3.5   3.5
3.5   3.4999999999999996
3.5   3.5
3.5   3.4999999999999996

