-3   2.9999999999999996
-3   3.0000000000000004
-3   2.9999999999999996
-3   3
-3   3.0000000000000004
-3   3.0000000000000004
-3   3

-2   2.000017248185868
-2   2.0014995615797888
-2   2.0019955421305653
-2   2.0045731743193538
-2   2.0114490879115565
-2   2.9562398411664548
-2   2.0028753089691893
-2   2.0489559301887508
-2   2.9351644953320202
-2   2.0721629121588117
-2   2.0052231093746911
-2   2.0318219485983255
-2   2.0016535655789309
-2   2.3761762875027101
-2   2.000461322157645
-2   2.0003080606833743
-2   2.1554016263481768
-2   2.5431180070023247
-2   2.0141881825057748
-2   2.0007669322390051
-2   2.9470971168929352
-2   2.0403920646064222
-2   2.0006068039688922
-2   2.0234565444399921
-2   2.000000617195794
-2   2.9930416243054769
-2   2.000096817405105
-2   2.002080078267841
-2   2.000048254576257
-2   2.000196787663918
-2   2.0057736428732906
-2   2.0001726865667497
-2   2.9371822807898798
-2   2.000085520458911
-2   2.0797734788900697
-2   2.0000118901741741
-2   2.0002450395503448
-2   2.0012074635951036
-2   2.0000112827078618
-2   2.0767035908588016
-2   2.0000643208366795
-2   2.9429664055582139

-1   1.0054354343493306
-1   1.0714973390280946
-1   1.007494149834165
-1   1.9509969819400856
-1   1.0095223038893384
-1   1.9857686363593361
-1   1.0133336920606266
-1   1.0610908336062852
-1   1.9611828890208352
-1   1.02761156668988
-1   1.0940741732209276
-1   1.5727792627888948
-1   1.9347583211859547
-1   1.5438405049231387
-1   2.082372945041723
-1   2.2079469577862536
-1   1.4168060252134074
-1   1.1681191909309225
-1   1.4157959115128789
-1   1.6925268468279571
-1   1.6650292047222708
-1   2.548139339894123
-1   1.2155367987180683
-1   1.9303210480615194
-1   1.8972609954518207
-1   1.7387552104485038
-1   1.1250103361323389
-1   1.0303273727110438
-1   1.0029399381985287
-1   1.9987777998682903
-1   1.0456381392640413
-1   1.5001160209886057
-1   1.5206942912853658
-1   1.6855707776838567
-1   1.7855008092888567
-1   1.9055275503524247
-1   1.5265013111954295
-1   1.3485502833373231
-1   1.5238090858964704
-1   1.6415848336676753
-1   1.7198133759921648
-1   1.2969571520567915
-1   1.75340006005381
-1   1.8897617910254709
-1   1.0158047851055141
-1   1.0968436444489169
-1   1.6760917036219913
-1   1.4553613828856182
-1   1.0434348739988468
-1   1.9369281477903848
-1   2.9388195727223905
-1   1.0266768005325204
-1   1.9956840805031395
-1   1.3653953603604514
-1   1.5670961238879415
-1   1.7974677849004537
-1   1.5463456329460086
-1   1.619931126377236
-1   1.9730052772611519
-1   1.4958259281923674
-1   2.3878652146609305
-1   1.0023270796338335
-1   1.0470868172468792
-1   1.6043945819206571
-1   1.5176629516725462
-1   1.0032029101435715
-1   1.9719609078269107
-1   1.0036019303524584
-1   1.0197889621198268
-1   1.1675030057563254
-1   1.6683676907773659
-1   1.8428269436203415
-1   1.2516926943474334
-1   1.0798987545341767
-1   1.2464441645935345
-1   1.9804903851147753
-1   1.983561155696119
-1   1.0337900103883215
-1   1.0077493018344761
-1   1.0581443646134177
-1   2.3831706487637363
-1   1.7501172659628534
-1   1.0020468490771448
-1   2.1023690486347024
-1   1.3370095785005651
-1   1.8207024445328357
-1   1.0168697856461721
-1   1.0054716317815342
-1   1.0024206349410731
-1   1.0072161274589038
-1   1.9956697189965138
-1   1.0230888246264236
-1   1.0078847097680763
-1   1.9794444504212425
-1   1.0210062031593317
-1   1.0141125093244503
-1   1.0591625943204184
-1   1.8165302263830605
-1   1.237854633562248
-1   1.1771006591733313
-1   1.9424225234398
-1   1.1269918374619552
-1   1.9873350910750185
-1   1.9381957951282973
-1   2.9309803941685226

0   0.014077458815879407
0   1.0020457231365663
0   0.36506212417929162
0   1.0024629988388103
0   1.0018685357633614
0   1.8943663849692776
0   1.0012683110657548
0   1.9927170165165982
0   1.0020034348068649
0   0.44981504382031756
0   0.028955345338435579
0   1.0016539438195551
0   1.0211714115505468
0   1.8663836894108434
0   0.02510754942007476
0   1.0049580503369739
0   1.2839322494193819
0   1.9897943580334858
0   1.3204324841743447
0   1.5379905752853986
0   1.3920909606049168
0   2.4160626823301814
0   1.0055434347905343
0   1.95950368287127
0   1.2520039613510272
0   1.3635664812876347
0   1.1070619476113961
0   2.258775336622513
0   1.2998515494054761
0   0.47130428407413549
0   1.0318179038924151
0   1.9453178034343814
0   1.8131734970403031
0   1.948096176066521
0   0.33028441953281318
0   1.0000964210449441
0   0.07463561350466541
0   1.0017263359334601
0   1.016170578166524
0   1.9292575544329433
0   1.0015644227452005
0   0.27861396363140523
0   1.3021494550496415
0   1.3021758890600701
0   1.0108289050364496
0   0.84554095964647225
0   1.000495415925446
0   1.1585743818817422
0   0.98603386281465966
0   2.0279785250074558
0   1.9515346897297188
0   1.0018030081420353
0   1.2354080378534125
0   1.5060727845901845
0   1.2025269193057919
0   1.6327928039609776
0   1.4887665230298355
0   1.8744602089554099
0   1.4160813949099849
0   1.0047459052973047
0   0.065148521436723561
0   1.9874351588423749
0   1.0060926128130336
0   1.0460955326685077
0   1.0408112814620019
0   1.9894927525700199
0   1.00107718418459
0   0.6748856593980519
0   2.9539134329931249
0   1.7734715754590877
0   1.0003372203407703
0   1.9877106414198216
0   1.9921200282220024
0   1.0138942038183236
0   0.017313961510289966
0   1.3039916111851508
0   1.3038337242651257
0   0.057627954664729475
0   1.0002493927383671
0   2.8010260136125664
0   1.3026512717599941
0   1.1028043681806075
0   1.9994006031760407
0   1.0023255776828568
0   1.0000924044772992
0   1.0000332904307574
0   1.9969329565210034
0   0.0051425721508440159
0   1.001843437077047
0   0.27771687712275928
0   1.0006704310372223
0   0.10393168579364465
0   1.0010490814693469
0   0.10881308903172793
0   1.9280932533550463
0   1.9637718128691843
0   1.0001274837515108
0   1.0002341788630329
0   1.0033360347367974
0   1.989636842745877
0   1.984175248107487
0   1.0250309853583928
0   1.000144834007378
0   0.11316404990309181
0   0.060365201218596121
0   1.0105275477817277
0   2.6897263448100004
0   1.4622079005624156
0   0.073007412336991928
0   1.0003897997235356
0   1.0742226053705872
0   1.0004398202410287
0   1.978915182660133
0   1.5439597741495783
0   0.065414667715869901
0   0.015874532005322961
0   1.0001551276478651
0   1.0053251473598652
0   1.0005870291837964
0   1.0031981531385272
0   0.93640163466391346
0   0.05556686749619133
0   1.0000302027890278
0   1.6115544420691426
0   1.0038657214061824
0   1.981350140304575
0   0.015787388882507081
0   1.0001124466284195
0   0.18719155118599518
0   1.0000336199817108
0   1.0064923311063627
0   1.9995503066218077
0   1.0325607145627775
0   0.34647295771305753
0   1.0000124584103482
0   1.9288167430567
0   1.1225916090596273
0   1.9955430974287021
0   1.9378353799252594
0   2.9253739203223992

1   1.0054354343493292
1   1.071497339028098
1   1.0074941498341663
1   1.950996981940083
1   1.0095223038893377
1   1.9857686363593339
1   1.0133336920606288
1   1.0610908336063054
1   1.9611828890208227
1   1.0276115666898795
1   1.0940741732209227
1   1.5727792627888872
1   1.9347583211859529
1   1.5438405049231485
1   2.0823729450417088
1   2.2079469577862501
1   1.4168060252134298
1   1.1681191909309065
1   1.4157959115128855
1   1.6925268468279633
1   1.6650292047222695
1   2.5481393398940679
1   1.215536798718083
1   1.9303210480615847
1   1.897260995451818
1   1.7387552104484927
1   1.1250103361323378
1   1.0303273727110454
1   1.0029399381985273
1   1.9987777998682894
1   1.045638139264041
1   1.5001160209886066
1   1.5206942912853707
1   1.6855707776838575
1   1.7855008092888487
1   1.9055275503524363
1   1.5265013111954255
1   1.3485502833373304
1   1.5238090858964526
1   1.6415848336676895
1   1.7198133759921568
1   1.2969571520567882
1   1.7534000600538149
1   1.8897617910254705
1   1.0158047851055152
1   1.096843644448918
1   1.6760917036219949
1   1.4553613828856153
1   1.0434348739988464
1   1.9369281477903852
1   2.9388195727223896
1   1.0266768005325184
1   1.9956840805031386
1   1.3653953603604478
1   1.5670961238879433
1   1.7974677849004528
1   1.5463456329460059
1   1.619931126377212
1   1.9730052772611426
1   1.4958259281923885
1   2.3878652146609323
1   1.0023270796338333
1   1.0470868172468795
1   1.6043945819206606
1   1.5176629516725439
1   1.0032029101435693
1   1.9719609078269102
1   1.0036019303524586
1   1.0197889621198275
1   1.1675030057562932
1   1.6683676907773686
1   1.842826943620365
1   1.2516926943474254
1   1.0798987545341781
1   1.2464441645935409
1   1.9804903851147713
1   1.983561155696115
1   1.0337900103883186
1   1.0077493018344779
1   1.0581443646133855
1   2.3831706487638353
1   1.7501172659628685
1   1.0020468490771435
1   2.1023690486346043
1   1.3370095785005494
1   1.8207024445328397
1   1.0168697856461728
1   1.0054716317815349
1   1.0024206349410749
1   1.0072161274589089
1   1.9956697189965138
1   1.0230888246264309
1   1.0078847097680801
1   1.979444450421235
1   1.0210062031593334
1   1.0141125093244439
1   1.0591625943203933
1   1.8165302263830236
1   1.2378546335623206
1   1.1771006591733297
1   1.9424225234398071
1   1.1269918374620116
1   1.9873350910749767
1   1.9381957951282924
1   2.9309803941685262

2   2.0000172481858676
2   2.0014995615797893
2   2.0019955421305649
2   2.0045731743193502
2   2.0114490879115565
2   2.9562398411664552
2   2.0028753089691902
2   2.0489559301887499
2   2.9351644953320193
2   2.0721629121588125
2   2.0052231093746911
2   2.0318219485983247
2   2.0016535655789314
2   2.376176287502719
2   2.0004613221576455
2   2.0003080606833743
2   2.1554016263480547
2   2.5431180070024255
2   2.0141881825057739
2   2.0007669322390047
2   2.9470971168929356
2   2.040392064606424
2   2.0006068039688927
2   2.023456544439993
2   2.000000617195794
2   2.9930416243054769
2   2.000096817405105
2   2.002080078267841
2   2.000048254576257
2   2.000196787663918
2   2.0057736428732902
2   2.0001726865667497
2   2.9371822807898798
2   2.0000855204589101
2   2.0797734788900657
2   2.0000118901741746
2   2.0002450395503453
2   2.0012074635951045
2   2.0000112827078622
2   2.0767035908588056
2   2.0000643208366791
2   2.9429664055582134

3   2.9999999999999996
3   3.0000000000000004
3   2.9999999999999996
3   3
3   3.0000000000000004
3   3.0000000000000004
3   3

