-3.5   3.5000000000000009
-3.5   3.5000000000000009
-3.5   3.5
-3.5   3.5
-3.5   3.5000000000000009
-3.5   3.5
-3.5   3.5000000000000009
-3.5   3.5

-2.5   2.5000591861815264
-2.5   2.5000807383997428
-2.5   2.5011782711759127
-2.5   2.5043245303528217
-2.5   2.5051860647245667
-2.5   2.5521060894417538
-2.5   3.4268143501478452
-2.5   2.9184543948175516
-2.5   3.1272019080913749
-2.5   2.5156873490642035
-2.5   2.5235145609762624
-2.5   2.5130446579173165
-2.5   2.5064303002554693
-2.5   2.5009057088645301
-2.5   2.5006217290421109
-2.5   2.5058840480793698
-2.5   3.0705368928450842
-2.5   2.5115405957074173
-2.5   3.0995382280536146
-2.5   2.5033509197174246
-2.5   2.566514021250192
-2.5   2.6984156145353273
-2.5   2.8766389896074647
-2.5   2.7687922111958727
-2.5   2.5029652803419045
-2.5   2.569933349221897
-2.5   2.5116431624720428
-2.5   2.5002584212795065
-2.5   2.5019839238256059
-2.5   2.5000586904780628
-2.5   3.4781919280282172
-2.5   2.5003067253793567
-2.5   2.5145200707398079
-2.5   2.50254045237258
-2.5   2.5006178670474539
-2.5   3.4932129530150107
-2.5   2.5000192257784066
-2.5   2.5011608464062203
-2.5   2.5000681109345573
-2.5   2.505090094029371
-2.5   2.5000254645238451
-2.5   2.5003709150101869
-2.5   2.5007673447962624
-2.5   2.5000661455312594
-2.5   2.5000592688008112
-2.5   2.6815917857854163
-2.5   3.3559915411600207
-2.5   2.5000263572540917
-2.5   2.5002394215093098
-2.5   2.5000421769547985
-2.5   2.5000360623051594
-2.5   2.5005840828548802
-2.5   2.5000169396722844
-2.5   2.5916155884745513
-2.5   2.5000693755946868
-2.5   3.4290764583677333

-1.5   1.5009770592164
-1.5   1.5024028897483368
-1.5   1.6279984856003207
-1.5   1.5091194391385598
-1.5   2.4072335120441513
-1.5   1.5352772303120221
-1.5   1.5068304268998034
-1.5   2.4607387770496842
-1.5   1.5056545885141706
-1.5   2.2753409851306543
-1.5   1.7782715445137796
-1.5   1.5307988541386788
-1.5   1.5152115679673872
-1.5   1.5175627064484081
-1.5   1.5398249052164759
-1.5   2.4775140810701806
-1.5   1.6015319721859398
-1.5   1.8415523656976087
-1.5   2.1597244099968691
-1.5   2.0436152418595759
-1.5   1.7993091016550524
-1.5   1.817113339317991
-1.5   1.5338248663426692
-1.5   3.3681244429391746
-1.5   1.6247766671631529
-1.5   2.7710066942456764
-1.5   2.2818401949241736
-1.5   2.0145907017149209
-1.5   2.4716533828290816
-1.5   2.2607645770596725
-1.5   1.7006046965616402
-1.5   1.7497615996514617
-1.5   1.9450708954591085
-1.5   2.1990819606751741
-1.5   2.2273693992214127
-1.5   1.5962716245305968
-1.5   2.4395949694323029
-1.5   1.5432317821088337
-1.5   1.5265942511198243
-1.5   1.5056883819244642
-1.5   1.5158913275336987
-1.5   2.4809550961959603
-1.5   1.5142657761974352
-1.5   1.5231693693126394
-1.5   2.4488812158968627
-1.5   1.5546659134962684
-1.5   2.4365025788750101
-1.5   1.5621937683363503
-1.5   1.5019283713377476
-1.5   1.5387429121225198
-1.5   1.513828178094581
-1.5   1.9524597711657297
-1.5   1.9525257270748626
-1.5   1.5118436061005731
-1.5   1.9961101722927137
-1.5   1.9885086966752481
-1.5   2.0576026190776577
-1.5   2.0465380913874558
-1.5   2.3795397678226302
-1.5   2.0673579282191121
-1.5   2.1050382565386689
-1.5   2.1713154166782309
-1.5   2.6202290768061074
-1.5   2.4061108229676447
-1.5   1.8482977861680436
-1.5   1.8656433398337109
-1.5   2.1077935550493163
-1.5   2.1877294153484259
-1.5   2.0662875766197097
-1.5   2.2209352315910298
-1.5   2.0445215643066663
-1.5   2.2995551734857713
-1.5   2.2486575033495737
-1.5   2.0103946212706156
-1.5   1.5046987047553602
-1.5   1.5106607568623667
-1.5   1.5188363621633449
-1.5   1.5023456706672773
-1.5   1.5167275486771334
-1.5   1.5649118547014957
-1.5   2.3978812506064129
-1.5   2.2679980485923092
-1.5   1.6832108921770468
-1.5   1.8204848795316209
-1.5   1.9588090042299515
-1.5   2.1741897810081481
-1.5   2.4339575633145989
-1.5   1.5049931856676593
-1.5   1.5130661122956384
-1.5   3.281774073838398
-1.5   2.2512386265441533
-1.5   1.8477800313274759
-1.5   1.6491181858911039
-1.5   1.6949270807049177
-1.5   2.4380261573808184
-1.5   1.5459736658263501
-1.5   2.3239873759167007
-1.5   1.7423586549100931
-1.5   2.4421291289017049
-1.5   1.5466983967403873
-1.5   1.5133010272093581
-1.5   1.5805963344576801
-1.5   3.0260756962978879
-1.5   2.4204331487121333
-1.5   1.5095654755099721
-1.5   2.2422027102367741
-1.5   1.5192840764331064
-1.5   1.516824968794237
-1.5   2.4654142371363399
-1.5   2.0711446583585489
-1.5   1.9400474838212807
-1.5   2.1108749730879319
-1.5   2.0199100833648918
-1.5   1.5902731153898202
-1.5   1.5021831266976706
-1.5   1.5077412822229048
-1.5   1.5038738431034862
-1.5   1.5045859036831457
-1.5   1.5047432538599725
-1.5   1.7517409931029135
-1.5   1.7285847230792473
-1.5   1.5298016957249509
-1.5   2.3288667185173755
-1.5   2.2902312297212108
-1.5   1.503824987413382
-1.5   1.5346200538214849
-1.5   2.1300260537664628
-1.5   2.1166972019514159
-1.5   1.9598548559073374
-1.5   1.9563001486642539
-1.5   1.50316714153562
-1.5   1.5041071273128375
-1.5   1.5071663234116701
-1.5   1.9083940152145868
-1.5   1.9869589999630772
-1.5   1.8844255039530493
-1.5   1.520070290664346
-1.5   1.9674675525123235
-1.5   2.0949456841887026
-1.5   3.3799788110297553
-1.5   1.5013791481680814
-1.5   2.4898718423321768
-1.5   1.5822234790705014
-1.5   1.5082382416230562
-1.5   1.5015008483662586
-1.5   1.5122636851206552
-1.5   1.5046680384204767
-1.5   1.566047390938011
-1.5   1.5025891321626559
-1.5   2.4436946155264683
-1.5   1.5048765871903598
-1.5   2.4943251286485308
-1.5   1.5015799680609492
-1.5   1.5381957238820188
-1.5   1.5223664919495801
-1.5   1.5009573668154599
-1.5   1.5409337931343963
-1.5   2.3240341034113343
-1.5   1.7115749243448608
-1.5   1.6459907898160271
-1.5   1.9168387603559252
-1.5   2.0744738234415001
-1.5   1.6814471218172597
-1.5   2.4657293706006356
-1.5   1.6413412050175871
-1.5   2.4748732886266316
-1.5   2.4006507440121423
-1.5   3.4041155869820039

-0.5   0.52261076845302212
-0.5   0.58666495184652789
-0.5   1.2953195370170911
-0.5   0.8879056454451848
-0.5   1.0011592646433625
-0.5   1.2988836808996584
-0.5   0.86774183275221484
-0.5   1.4248350608426599
-0.5   1.3331436021817527
-0.5   2.3690105053432995
-0.5   1.2931996050714327
-0.5   0.87614616503786968
-0.5   1.4863301078918456
-0.5   2.446255671287012
-0.5   0.58418273293393574
-0.5   1.4842933701375971
-0.5   0.61383356557469426
-0.5   1.3784522283988463
-0.5   0.535967074877848
-0.5   2.0582712872285303
-0.5   1.429741127920525
-0.5   1.3505514377589809
-0.5   0.55146127577095982
-0.5   0.8210067569572399
-0.5   1.4890945496746901
-0.5   1.2476426454590182
-0.5   1.153853032514202
-0.5   1.3149372891966358
-0.5   0.55686662015262867
-0.5   1.987496663426533
-0.5   1.4385397922451248
-0.5   1.7428843295189842
-0.5   0.77951859825670056
-0.5   1.773799053380591
-0.5   2.050181517406684
-0.5   2.0047389017608039
-0.5   1.2146435831406563
-0.5   1.6025980660513106
-0.5   2.0682468379465351
-0.5   1.5522093155514103
-0.5   2.3772531309356677
-0.5   1.4746534798924549
-0.5   1.4250034654929866
-0.5   1.9897010531396471
-0.5   1.0262439819381817
-0.5   2.9278048438495379
-0.5   1.9992271224243807
-0.5   1.7983256815752497
-0.5   1.8975364635277296
-0.5   1.6806619121443886
-0.5   1.30509595272323
-0.5   1.639957953699684
-0.5   1.5540632486807211
-0.5   1.5267398717416341
-0.5   1.6535334787221641
-0.5   1.4382653296212426
-0.5   1.764606521278993
-0.5   1.5301498133902731
-0.5   1.782424241244037
-0.5   1.0956973541457924
-0.5   2.3889012333629966
-0.5   0.64233564990492664
-0.5   1.4329266390034936
-0.5   0.9192230956968368
-0.5   0.6503051983801742
-0.5   1.261805499847525
-0.5   0.72472080402475947
-0.5   1.4683771290249137
-0.5   1.3974946151888126
-0.5   1.7178658829179212
-0.5   1.4366296191374273
-0.5   0.59513757725773253
-0.5   1.7676639029740162
-0.5   1.4353417209086012
-0.5   1.9747251517680193
-0.5   1.3954030821991026
-0.5   1.6099320425479191
-0.5   1.0098270770699067
-0.5   2.2003407807583972
-0.5   1.1804328714840973
-0.5   1.0185010577013573
-0.5   1.0732616609503109
-0.5   1.296375822619495
-0.5   1.486479842896659
-0.5   0.58773384389943928
-0.5   1.2520285715309876
-0.5   0.70573807214867812
-0.5   0.95723826825323366
-0.5   1.5000624150041348
-0.5   1.4993917861096535
-0.5   1.4051691515179017
-0.5   1.4538233767006721
-0.5   1.4683379342933627
-0.5   0.65089081373096769
-0.5   1.8528460860219602
-0.5   1.887529666749848
-0.5   1.2323284055652486
-0.5   2.0960795381961694
-0.5   1.5032446511863724
-0.5   1.8221632379928985
-0.5   1.7329179413435361
-0.5   1.6797327172206362
-0.5   1.8760097430042175
-0.5   1.7343095583583845
-0.5   1.58014271265866
-0.5   1.915020139053933
-0.5   1.9749397087879128
-0.5   1.6673042174420147
-0.5   1.7799620993425269
-0.5   2.181051910973633
-0.5   2.0496025150269666
-0.5   1.5085034482154978
-0.5   1.6603271444327996
-0.5   1.6457931752994628
-0.5   1.4272102055734672
-0.5   1.4531580639925936
-0.5   2.1327941227310467
-0.5   1.9781650481750179
-0.5   2.1942302197464301
-0.5   2.1915942471634375
-0.5   1.8091501310479332
-0.5   0.53634661055719968
-0.5   0.56167290561465011
-0.5   1.229791987675779
-0.5   0.92444711252263922
-0.5   1.4930968933140798
-0.5   0.54162460682953406
-0.5   0.70312577761298956
-0.5   1.4026367134322837
-0.5   1.4852126026025281
-0.5   1.497709161649009
-0.5   1.6384062664443739
-0.5   1.4603642672381045
-0.5   1.9193437979887671
-0.5   1.1920176098012862
-0.5   1.2040014641357604
-0.5   2.4272275780190977
-0.5   1.4898673168054386
-0.5   1.218401404922077
-0.5   1.3693574196813363
-0.5   2.3383914103391361
-0.5   2.1598521348982707
-0.5   1.4943242191994823
-0.5   0.93302466952875251
-0.5   1.486230973004286
-0.5   1.5726191765512358
-0.5   1.4131018306505976
-0.5   3.0006455797475464
-0.5   1.1552932919887899
-0.5   1.4886496634813062
-0.5   2.0540989950807664
-0.5   1.4306290244050137
-0.5   1.4415192537188217
-0.5   0.98587463680643039
-0.5   2.0471804164389167
-0.5   0.71563683910183373
-0.5   1.4475504355195041
-0.5   1.1787679650180856
-0.5   1.0301731159129863
-0.5   2.3201628074151057
-0.5   1.0354485548322003
-0.5   2.314695659094927
-0.5   0.74836585043500947
-0.5   1.481795884004659
-0.5   1.4534204704877971
-0.5   0.70779936825108725
-0.5   1.9132136015043364
-0.5   1.9456935786176612
-0.5   0.79810569149717492
-0.5   1.4026570562360783
-0.5   2.9840486148735521
-0.5   1.5859378945812508
-0.5   1.620261072540035
-0.5   1.4835743816338836
-0.5   1.1759800592783831
-0.5   1.4122960768506285
-0.5   2.3617582711982656
-0.5   0.98395910057602221
-0.5   1.9197521302187832
-0.5   1.7998610022046724
-0.5   1.0392967877984731
-0.5   1.8945068199363813
-0.5   1.7338943655263743
-0.5   0.83084492514166453
-0.5   0.8173203654240957
-0.5   1.4740971282681268
-0.5   0.52999114856309215
-0.5   0.75345354684309784
-0.5   1.4914480032765034
-0.5   1.383536881780743
-0.5   1.4959526022521723
-0.5   0.54524660271492653
-0.5   0.53565099951925954
-0.5   1.3303943583554507
-0.5   1.4654501116445884
-0.5   0.80237852500679718
-0.5   0.58352350093781347
-0.5   1.6512609384763843
-0.5   1.9302146841847923
-0.5   1.7332051636773711
-0.5   2.1347497493859673
-0.5   2.1827190090074655
-0.5   1.4504821824877299
-0.5   0.5667080598524612
-0.5   0.56960690063267028
-0.5   0.59784036765195192
-0.5   1.4816111405459382
-0.5   0.51798970629115892
-0.5   0.67775075133170959
-0.5   1.5228739629589532
-0.5   1.868085593012105
-0.5   2.3290149080135554
-0.5   1.5233393605026762
-0.5   1.5007755222029497
-0.5   1.4637426392180373
-0.5   0.81464778638612145
-0.5   1.4247120588536648
-0.5   0.97007101531649309
-0.5   0.61911847905188888
-0.5   1.2507304798752736
-0.5   0.50707090913760511
-0.5   0.51628699450975879
-0.5   0.53369477838898982
-0.5   0.5501506324124017
-0.5   1.0008541026994786
-0.5   0.98166563970079168
-0.5   1.186595265748291
-0.5   1.9019889728204142
-0.5   2.4146032116198026
-0.5   1.7762300939059177
-0.5   2.3183386940145376
-0.5   1.6357089514858565
-0.5   2.7847536478988175
-0.5   0.7473415076392691
-0.5   1.8374889959933576
-0.5   1.5118606410575079
-0.5   1.0735883769905223
-0.5   1.4494286613800178
-0.5   1.5248219809566286
-0.5   0.90788387530659298
-0.5   1.2665226762428219
-0.5   0.56549573340801285
-0.5   1.4734018241435929
-0.5   0.73488120627253051
-0.5   1.0763164415000306
-0.5   0.51838467953945599
-0.5   1.1718464096266961
-0.5   0.924990768537723
-0.5   1.369160982894017
-0.5   1.4237541486165759
-0.5   1.4930397060047631
-0.5   2.296254409105448
-0.5   0.89051953329735833
-0.5   1.4704543581687877
-0.5   2.3917420878194475
-0.5   0.51809301260436769
-0.5   0.56091591235299232
-0.5   1.4840023081285647
-0.5   0.58285292319598025
-0.5   0.54429953540855536
-0.5   0.70417959946337016
-0.5   1.4988134970268745
-0.5   1.4316961360657019
-0.5   1.4248638927795692
-0.5   0.5926121999201226
-0.5   2.3148657835686381
-0.5   1.4991890332132809
-0.5   1.070815583013105
-0.5   0.7773597125373144
-0.5   1.5034982980591001
-0.5   1.4322980414770905
-0.5   2.4139461150602366
-0.5   0.84720282048148321
-0.5   1.5967722592772495
-0.5   1.5144262480870041
-0.5   2.3964505099525737
-0.5   1.5856979643180424
-0.5   2.4773059794489547
-0.5   2.3914512280684486
-0.5   3.393083733349318

0.5   0.52261076845303056
0.5   0.58666495184654988
0.5   1.2953195370170769
0.5   0.88790564544523409
0.5   1.0011592646433476
0.5   1.298883680899702
0.5   0.86774183275219219
0.5   1.4248350608426612
0.5   1.3331436021817173
0.5   2.369010505343303
0.5   1.2931996050713221
0.5   0.87614616503800979
0.5   1.4863301078918443
0.5   2.4462556712870143
0.5   0.5841827329339524
0.5   1.4842933701375889
0.5   0.61383356557471225
0.5   1.3784522283989735
0.5   0.53596707487783823
0.5   2.05827128722854
0.5   1.4297411279203862
0.5   1.3505514377590175
0.5   0.5514612757709636
0.5   0.82100675695717862
0.5   1.4890945496746923
0.5   1.2476426454595895
0.5   1.1538530325136243
0.5   1.3149372891966047
0.5   0.55686662015263688
0.5   1.9874966634265649
0.5   1.438539792245157
0.5   1.7428843295189176
0.5   0.77951859825661995
0.5   1.7737990533802908
0.5   2.0501815174069771
0.5   2.0047389017608581
0.5   1.214643583140617
0.5   1.6025980660513111
0.5   2.0682468379466941
0.5   1.5522093155514116
0.5   2.3772531309355167
0.5   1.4746534798924644
0.5   1.4250034654930339
0.5   1.9897010531396435
0.5   1.026243981938211
0.5   2.9278048438495676
0.5   1.9992271224243958
0.5   1.7983256815752129
0.5   1.8975364635276804
0.5   1.6806619121443189
0.5   1.3050959527232056
0.5   1.6399579536996769
0.5   1.5540632486807322
0.5   1.5267398717415985
0.5   1.6535334787222276
0.5   1.4382653296213803
0.5   1.7646065212789614
0.5   1.5301498133903197
0.5   1.7824242412439451
0.5   1.0956973541457662
0.5   2.3889012333630006
0.5   0.64233564990495307
0.5   1.4329266390035338
0.5   0.91922309569683813
0.5   0.65030519838010603
0.5   1.2618054998475183
0.5   0.72472080402478189
0.5   1.4683771290249086
0.5   1.3974946151888155
0.5   1.717865882917859
0.5   1.4366296191374188
0.5   0.59513757725774941
0.5   1.7676639029740695
0.5   1.4353417209085986
0.5   1.9747251517680882
0.5   1.3954030821991026
0.5   1.6099320425478463
0.5   1.0098270770699074
0.5   2.2003407807583817
0.5   1.1804328714841206
0.5   1.0185010577013769
0.5   1.0732616609503585
0.5   1.2963758226194539
0.5   1.4864798428966604
0.5   0.58773384389944017
0.5   1.252028571530988
0.5   0.70573807214866346
0.5   0.95723826825323632
0.5   1.500062415004138
0.5   1.4993917861096526
0.5   1.4051691515179092
0.5   1.4538233767006608
0.5   1.4683379342933374
0.5   0.65089081373096547
0.5   1.852846086021974
0.5   1.8875296667498911
0.5   1.2323284055652648
0.5   2.0960795381961534
0.5   1.5032446511863755
0.5   1.8221632379928967
0.5   1.7329179413435387
0.5   1.6797327172206624
0.5   1.8760097430042126
0.5   1.7343095583583765
0.5   1.5801427126586436
0.5   1.9150201390539077
0.5   1.9749397087879141
0.5   1.6673042174420356
0.5   1.7799620993425318
0.5   2.1810519109736335
0.5   2.0496025150270589
0.5   1.5085034482155066
0.5   1.6603271444327223
0.5   1.6457931752994601
0.5   1.4272102055734042
0.5   1.4531580639927111
0.5   2.1327941227305316
0.5   1.9781650481755455
0.5   2.1942302197463182
0.5   2.1915942471634358
0.5   1.809150131048002
0.5   0.5363466105571999
0.5   0.56167290561464722
0.5   1.2297919876757526
0.5   0.92444711252267364
0.5   1.493096893314078
0.5   0.54162460682953695
0.5   0.70312577761308881
0.5   1.402636713432224
0.5   1.4852126026025267
0.5   1.497709161649009
0.5   1.6384062664443912
0.5   1.4603642672381041
0.5   1.9193437979887622
0.5   1.1920176098012891
0.5   1.2040014641357601
0.5   2.4272275780190973
0.5   1.4898673168054304
0.5   1.2184014049220637
0.5   1.3693574196813305
0.5   2.3383914103391401
0.5   2.1598521348982787
0.5   1.494324219199469
0.5   0.93302466952876317
0.5   1.4862309730042875
0.5   1.5726191765512532
0.5   1.4131018306506042
0.5   3.0006455797475287
0.5   1.1552932919888022
0.5   1.4886496634813087
0.5   2.0540989950807571
0.5   1.4306290244050268
0.5   1.4415192537188217
0.5   0.98587463680641751
0.5   2.0471804164389207
0.5   0.71563683910183506
0.5   1.4475504355195081
0.5   1.1787679650180805
0.5   1.0301731159129812
0.5   2.3201628074151168
0.5   1.0354485548322017
0.5   2.3146956590949297
0.5   0.7483658504350077
0.5   1.4817958840046568
0.5   1.4534204704878011
0.5   0.70779936825108747
0.5   1.9132136015043484
0.5   1.9456935786176697
0.5   0.79810569149714383
0.5   1.4026570562360732
0.5   2.9840486148735521
0.5   1.585937894581241
0.5   1.6202610725400262
0.5   1.483574381633876
0.5   1.1759800592783751
0.5   1.412296076850631
0.5   2.3617582711982639
0.5   0.98395910057606706
0.5   1.9197521302187979
0.5   1.7998610022046546
0.5   1.0392967877985133
0.5   1.8945068199363817
0.5   1.7338943655263472
0.5   0.83084492514164299
0.5   0.81732036542407283
0.5   1.4740971282681352
0.5   0.52999114856308593
0.5   0.75345354684308208
0.5   1.4914480032765043
0.5   1.3835368817807414
0.5   1.4959526022521723
0.5   0.54524660271492786
0.5   0.53565099951924933
0.5   1.3303943583554625
0.5   1.4654501116445948
0.5   0.80237852500680096
0.5   0.58352350093780947
0.5   1.6512609384763581
0.5   1.9302146841848491
0.5   1.7332051636774057
0.5   2.1347497493859096
0.5   2.1827190090074615
0.5   1.4504821824877507
0.5   0.56670805985244255
0.5   0.56960690063264074
0.5   0.59784036765193327
0.5   1.4816111405459516
0.5   0.51798970629116714
0.5   0.67775075133170581
0.5   1.5228739629613148
0.5   1.8680855930100417
0.5   2.3290149080135434
0.5   1.5233393605027254
0.5   1.500775522202872
0.5   1.4637426392180481
0.5   0.81464778638628954
0.5   1.4247120588536528
0.5   0.97007101531642248
0.5   0.61911847905189221
0.5   1.2507304798753529
0.5   0.50707090913760822
0.5   0.51628699450973348
0.5   0.53369477838899004
0.5   0.55015063241239881
0.5   1.0008541026994862
0.5   0.98166563970071086
0.5   1.1865952657482735
0.5   1.9019889728205119
0.5   2.4146032116198515
0.5   1.776230093905935
0.5   2.3183386940145558
0.5   1.6357089514857837
0.5   2.784753647898766
0.5   0.74734150763917651
0.5   1.8374889959934668
0.5   1.5118606410575199
0.5   1.0735883769904053
0.5   1.4494286613800378
0.5   1.5248219809566339
0.5   0.90788387530659276
0.5   1.2665226762427848
0.5   0.56549573340801795
0.5   1.4734018241436029
0.5   0.7348812062725496
0.5   1.0763164415000555
0.5   0.51838467953942069
0.5   1.1718464096266465
0.5   0.92499076853777806
0.5   1.3691609828940103
0.5   1.4237541486164984
0.5   1.4930397060047877
0.5   2.2962544091054236
0.5   0.89051953329740452
0.5   1.4704543581687854
0.5   2.3917420878194782
0.5   0.51809301260436103
0.5   0.56091591235298166
0.5   1.484002308128576
0.5   0.58285292319599136
0.5   0.54429953540855514
0.5   0.70417959946342656
0.5   1.4988134970268736
0.5   1.4316961360657208
0.5   1.4248638927795263
0.5   0.59261219991998093
0.5   2.3148657835685076
0.5   1.4991890332133067
0.5   1.0708155830133785
0.5   0.77735971253747804
0.5   1.5034982980591285
0.5   1.4322980414771374
0.5   2.4139461150600936
0.5   0.84720282048153273
0.5   1.5967722592773157
0.5   1.5144262480870108
0.5   2.3964505099525781
0.5   1.5856979643180646
0.5   2.4773059794489551
0.5   2.3914512280684215
0.5   3.3930837333493078

1.5   1.5009770592164018
1.5   1.5024028897483368
1.5   1.6279984856003185
1.5   1.5091194391385621
1.5   2.4072335120441517
1.5   1.5352772303120408
1.5   1.5068304268998007
1.5   2.460738777049662
1.5   1.5056545885141728
1.5   2.2753409851305961
1.5   1.7782715445138573
1.5   1.5307988541386797
1.5   1.5152115679673885
1.5   1.5175627064484081
1.5   1.5398249052164745
1.5   2.4775140810701757
1.5   1.6015319721859509
1.5   1.8415523656976029
1.5   2.1597244099968456
1.5   2.0436152418595679
1.5   1.7993091016550555
1.5   1.817113339317999
1.5   1.5338248663426697
1.5   3.3681244429391795
1.5   1.6247766671631121
1.5   2.7710066942457505
1.5   2.2818401949241705
1.5   2.0145907017149502
1.5   2.4716533828290079
1.5   2.2607645770596374
1.5   1.700604696561681
1.5   1.7497615996514511
1.5   1.9450708954591405
1.5   2.1990819606751595
1.5   2.227369399221435
1.5   1.5962716245305857
1.5   2.4395949694322976
1.5   1.5432317821088377
1.5   1.5265942511198247
1.5   1.5056883819244655
1.5   1.515891327533704
1.5   2.4809550961959568
1.5   1.5142657761974325
1.5   1.5231693693126296
1.5   2.4488812158968631
1.5   1.5546659134962759
1.5   2.436502578875015
1.5   1.5621937683363489
1.5   1.5019283713377471
1.5   1.538742912122518
1.5   1.5138281780945801
1.5   1.9524597711657252
1.5   1.9525257270748648
1.5   1.5118436061005731
1.5   1.9961101722927146
1.5   1.9885086966752512
1.5   2.0576026190776706
1.5   2.0465380913874665
1.5   2.3795397678227137
1.5   2.0673579282191326
1.5   2.1050382565386072
1.5   2.1713154166782225
1.5   2.6202290768060559
1.5   2.4061108229676309
1.5   1.8482977861680445
1.5   1.8656433398337078
1.5   2.1077935550492737
1.5   2.1877294153484508
1.5   2.0662875766197133
1.5   2.2209352315908339
1.5   2.0445215643068955
1.5   2.2995551734857722
1.5   2.2486575033495892
1.5   2.0103946212706107
1.5   1.5046987047553593
1.5   1.5106607568623667
1.5   1.5188363621633454
1.5   1.5023456706672773
1.5   1.5167275486771339
1.5   1.5649118547014944
1.5   2.3978812506064213
1.5   2.2679980485923248
1.5   1.6832108921770312
1.5   1.8204848795316071
1.5   1.9588090042299529
1.5   2.1741897810081499
1.5   2.4339575633145976
1.5   1.5049931856676597
1.5   1.5130661122956388
1.5   3.2817740738383936
1.5   2.2512386265441497
1.5   1.8477800313274719
1.5   1.6491181858911141
1.5   1.6949270807049119
1.5   2.4380261573808251
1.5   1.545973665826351
1.5   2.3239873759167038
1.5   1.7423586549100856
1.5   2.4421291289017044
1.5   1.54669839674039
1.5   1.5133010272093568
1.5   1.5805963344576703
1.5   3.0260756962978923
1.5   2.4204331487121427
1.5   1.5095654755099717
1.5   2.2422027102367736
1.5   1.5192840764331073
1.5   1.5168249687942388
1.5   2.4654142371363368
1.5   2.0711446583585644
1.5   1.9400474838212922
1.5   2.1108749730879186
1.5   2.0199100833648744
1.5   1.5902731153898202
1.5   1.5021831266976697
1.5   1.5077412822229044
1.5   1.5038738431034853
1.5   1.5045859036831448
1.5   1.5047432538599725
1.5   1.7517409931029158
1.5   1.7285847230792668
1.5   1.5298016957250002
1.5   2.3288667185173599
1.5   2.2902312297211695
1.5   1.5038249874133838
1.5   1.5346200538214876
1.5   2.1300260537665481
1.5   2.116697201951522
1.5   1.9598548559072495
1.5   1.9563001486641394
1.5   1.5031671415356169
1.5   1.5041071273128379
1.5   1.5071663234116679
1.5   1.9083940152146162
1.5   1.9869589999630639
1.5   1.8844255039530724
1.5   1.5200702906644414
1.5   1.967467552512284
1.5   2.0949456841886374
1.5   3.3799788110297486
1.5   1.5013791481680827
1.5   2.4898718423321773
1.5   1.582223479070497
1.5   1.5082382416230486
1.5   1.50150084836626
1.5   1.5122636851206512
1.5   1.5046680384204749
1.5   1.5660473909379133
1.5   1.5025891321626541
1.5   2.4436946155265256
1.5   1.5048765871903611
1.5   2.4943251286485344
1.5   1.5015799680609478
1.5   1.5381957238820161
1.5   1.5223664919495641
1.5   1.5009573668154568
1.5   1.5409337931344105
1.5   2.3240341034115239
1.5   1.7115749243446357
1.5   1.645990789815968
1.5   1.9168387603559802
1.5   2.0744738234414895
1.5   1.6814471218172744
1.5   2.4657293706006356
1.5   1.6413412050175977
1.5   2.4748732886266356
1.5   2.4006507440121219
1.5   3.4041155869819946

2.5   2.5000591861815273
2.5   2.5000807383997441
2.5   2.5011782711759127
2.5   2.5043245303528225
2.5   2.5051860647245676
2.5   2.5521060894417658
2.5   3.4268143501478407
2.5   2.9184543948176307
2.5   3.1272019080913012
2.5   2.5156873490641938
2.5   2.5235145609762695
2.5   2.5130446579173151
2.5   2.5064303002554706
2.5   2.500905708864531
2.5   2.5006217290421118
2.5   2.5058840480793698
2.5   3.0705368928450825
2.5   2.5115405957074217
2.5   3.0995382280536128
2.5   2.5033509197174237
2.5   2.5665140212501982
2.5   2.6984156145353295
2.5   2.8766389896074598
2.5   2.7687922111958763
2.5   2.5029652803418974
2.5   2.5699333492218979
2.5   2.5116431624720423
2.5   2.5002584212795069
2.5   2.5019839238256067
2.5   2.5000586904780633
2.5   3.4781919280282181
2.5   2.5003067253793576
2.5   2.514520070739807
2.5   2.50254045237258
2.5   2.5006178670474535
2.5   3.4932129530150124
2.5   2.5000192257784066
2.5   2.5011608464062207
2.5   2.5000681109345577
2.5   2.5050900940293714
2.5   2.5000254645238447
2.5   2.5003709150101869
2.5   2.5007673447962637
2.5   2.5000661455312607
2.5   2.5000592688008121
2.5   2.6815917857854412
2.5   3.3559915411599981
2.5   2.5000263572540908
2.5   2.5002394215093093
2.5   2.5000421769547985
2.5   2.5000360623051581
2.5   2.5005840828548802
2.5   2.5000169396722849
2.5   2.5916155884745704
2.5   2.5000693755946881
2.5   3.4290764583677205

3.5   3.5000000000000009
3.5   3.5000000000000009
3.5   3.5
3.5   3.5
3.5   3.5000000000000009
3.5   3.5
3.5   3.5000000000000009
3.5   3.5

