-1.5   1.5
-1.5   1.5
-1.5   1.5
-1.5   1.4999999999999998

-0.5   0.50194805374055962
-0.5   0.5
-0.5   1.4996519454321662
-0.5   0.5
-0.5   1.4988586315511456
-0.5   0.50064561940279817
-0.5   1.5
-0.5   0.5
-0.5   0.5003320792011956
-0.5   0.50277448807977043
-0.5   0.49999999999999978
-0.5   1.4986354764077658

0.5   0.50194805374055962
0.5   0.5
0.5   1.4996519454321664
0.5   0.49999999999999989
0.5   1.4988586315511447
0.5   0.50064561940279773
0.5   1.5000000000000004
0.5   0.49999999999999978
0.5   0.50033207920119582
0.5   0.50277448807977043
0.5   0.5
0.5   1.4986354764077654

1.5   1.5
1.5   1.5
1.5   1.5
1.5   1.4999999999999998

