-2   2
-2   2
-2   2.0000000000000004
-2   2
-2   2

-1   1.0045058519826295
-1   1.0026533126570898
-1   1.0257296238577325
-1   1.9793093279427358
-1   1.9918472477573737
-1   1.0031332682635676
-1   1.0104678321376672
-1   1.0003392157251041
-1   1.0426134426414986
-1   1.9700917607946113
-1   1.0018228598232202
-1   1.0063321639888341
-1   1.9764647734355982
-1   1.0002975927142386
-1   1.0369851861525847
-1   1.0013349245839542
-1   1.0001552689306941
-1   1.0170248645374391
-1   1.0000233859836103
-1   1.9889570613705971

0   0.0098347205133104687
0   1.0000000000000018
0   1.0000000000000002
0   0.99999999999999956
0   0.090186087021158268
0   1.5608961237508092
0   0.99999999999999489
0   1.9590247538154677
0   0.99999999999999956
0   1.0000000000000002
0   0.0966194129593545
0   1
0   0.0026998777689347664
0   1.0000000000000004
0   1.9974243728302836
0   1.0000000000000007
0   0.99999999999999978
0   1.5608961237508083
0   1.0000000000000007
0   1.0000000000000013
0   1.0000000000000011
0   0.0012653964910956939
0   0.0026998777689348774
0   1.0000000000000011
0   0.0067857646877332867
0   1.0000000000000002
0   0.070227353862683084
0   0.99999999999999867
0   1.0000000000000007
0   1.9836676376961373

1   1.0045058519826291
1   1.00265331265709
1   1.025729623857732
1   1.9793093279427363
1   1.9918472477573737
1   1.0031332682635679
1   1.0104678321376681
1   1.000339215725105
1   1.0426134426414986
1   1.9700917607946113
1   1.0018228598232206
1   1.0063321639888347
1   1.9764647734355942
1   1.000297592714239
1   1.0369851861525847
1   1.0013349245839538
1   1.0001552689306936
1   1.0170248645374402
1   1.0000233859836103
1   1.9889570613705989

2   2
2   2
2   2.0000000000000004
2   2
2   2

