0   -45.6346   0.0515421   0.0291527   0.0859862   0.174102   0.0176826   0.283068   0.0176826   0.174102   0.0859862   0.0291527   0.0515421   
1   -58.8088   0.0110733   0.0268882   0.0659929   0.122805   0.173958   0.198566   0.173958   0.122805   0.0659929   0.0268882   0.0110733   
2   -60.2451   0.00949259   0.0243417   0.0643505   0.123752   0.176013   0.2041   0.176013   0.123752   0.0643505   0.0243417   0.00949259   
3   -60.6067   0.0128947   0.0332633   0.0755745   0.124869   0.163254   0.180289   0.163254   0.124869   0.0755745   0.0332633   0.0128947   
4   -60.6413   0.0152266   0.0352021   0.0820947   0.120551   0.16332   0.167211   0.16332   0.120551   0.0820947   0.0352021   0.0152266   
5   -60.6411   0.0181429   0.0385004   0.0874893   0.117293   0.159396   0.158357   0.159396   0.117293   0.0874893   0.0385004   0.0181429   
6   -60.6413   0.0152266   0.0352021   0.0820947   0.120551   0.16332   0.167211   0.16332   0.120551   0.0820947   0.0352021   0.0152266   
7   -60.6067   0.0128947   0.0332633   0.0755745   0.124869   0.163254   0.180289   0.163254   0.124869   0.0755745   0.0332633   0.0128947   
8   -60.2451   0.00949259   0.0243417   0.0643505   0.123752   0.176013   0.2041   0.176013   0.123752   0.0643505   0.0243417   0.00949259   
9   -58.8088   0.0110733   0.0268882   0.0659929   0.122805   0.173958   0.198566   0.173958   0.122805   0.0659929   0.0268882   0.0110733   
10   -45.6346   0.0515421   0.0291527   0.0859862   0.174102   0.0176826   0.283068   0.0176826   0.174102   0.0859862   0.0291527   0.0515421   
