-1.5   1.5
-1.5   1.5
-1.5   1.5
-1.5   1.5

-0.5   0.54388501614414042
-0.5   0.5
-0.5   1.4935753198561925
-0.5   0.50000000000000022
-0.5   1.4741658138362086
-0.5   0.51172205338140997
-0.5   1.5000000000000009
-0.5   0.5
-0.5   0.50646580297105381
-0.5   0.56188054884340599
-0.5   0.50000000000000022
-0.5   1.468371314246887

0.5   0.54388501614414064
0.5   0.50000000000000022
0.5   1.4935753198561919
0.5   0.50000000000000022
0.5   1.4741658138362084
0.5   0.5117220533814093
0.5   1.5000000000000009
0.5   0.5
0.5   0.50646580297105404
0.5   0.56188054884340599
0.5   0.50000000000000044
0.5   1.4683713142468882

1.5   1.5
1.5   1.5
1.5   1.5
1.5   1.5

