-3.5   3.5
-3.5   3.4999999999999996
-3.5   3.5
-3.5   3.5
-3.5   3.4999999999999991
-3.5   3.4999999999999996
-3.5   3.4999999999999996
-3.5   3.4999999999999996

-2.5   2.5001836139627085
-2.5   2.5001838755917913
-2.5   2.5028931771231888
-2.5   2.5116862737196519
-2.5   2.5094455342099948
-2.5   2.6206060641611062
-2.5   3.3143938283936323
-2.5   2.8143259097426823
-2.5   3.2007938636879629
-2.5   2.536750239274387
-2.5   2.56813136715712
-2.5   2.5285188168186057
-2.5   2.5111492741100832
-2.5   2.5027958593555155
-2.5   2.501635743293027
-2.5   2.5154398422580431
-2.5   3.0679225336114526
-2.5   2.5069716698168119
-2.5   3.0936268593393552
-2.5   2.5063913671645124
-2.5   2.5678601911604173
-2.5   2.6961073744646926
-2.5   2.8742068307954436
-2.5   2.7700701898432656
-2.5   2.504079459270649
-2.5   2.570851264603887
-2.5   2.5285268441815134
-2.5   2.5006009160823237
-2.5   2.502493984316319
-2.5   2.500160124097671
-2.5   3.4411466723903827
-2.5   2.5009214280950167
-2.5   2.5446948393969206
-2.5   2.5060508833758339
-2.5   2.5013594182894154
-2.5   3.4824344988587144
-2.5   2.5000508433145612
-2.5   2.5045496965101077
-2.5   2.5001803563224878
-2.5   2.511965753425657
-2.5   2.5000781937279828
-2.5   2.5009065151774514
-2.5   2.5020602168740234
-2.5   2.5001614475369123
-2.5   2.5001508345733301
-2.5   2.760650611664571
-2.5   3.2875533988250885
-2.5   2.5000585287230486
-2.5   2.5005761630108339
-2.5   2.5001094868437845
-2.5   2.5000782243583406
-2.5   2.5002276159126873
-2.5   2.5000225570734247
-2.5   2.6567002606102865
-2.5   2.5001971728607657
-2.5   3.3771094518235154

-1.5   1.506295804720502
-1.5   1.5085507573675332
-1.5   1.7265699420188012
-1.5   1.5212817172653259
-1.5   2.3236574810088335
-1.5   1.5800697009021847
-1.5   1.5182686528024214
-1.5   2.4093134557137699
-1.5   1.509268950717094
-1.5   2.3473929328685097
-1.5   1.6481396625845544
-1.5   1.5806651905784057
-1.5   1.5441901591216567
-1.5   1.5496823145809215
-1.5   1.6129449569229442
-1.5   2.4318335554360715
-1.5   1.7239701299956853
-1.5   1.8136479811235238
-1.5   1.989343551865653
-1.5   1.9371761544776707
-1.5   1.9696513372240303
-1.5   1.84301411177873
-1.5   1.5644135122121918
-1.5   3.1778425404092778
-1.5   2.0204893845452689
-1.5   2.1058518909202881
-1.5   2.3787937831216133
-1.5   2.1541752282562316
-1.5   2.4343931175311342
-1.5   2.3056539646867904
-1.5   1.7755998870835903
-1.5   1.9918734872066199
-1.5   2.0264891283309283
-1.5   2.1273214325342655
-1.5   2.2699966422102515
-1.5   1.6544731534470771
-1.5   2.3537081427699609
-1.5   1.5984962859694396
-1.5   1.5649342331144389
-1.5   1.511911424715056
-1.5   1.5296903608371788
-1.5   2.4561201871798599
-1.5   1.5265006801208694
-1.5   1.5774782834105268
-1.5   2.39861080188986
-1.5   1.5656081501573405
-1.5   2.3756244024566349
-1.5   1.6256667439614869
-1.5   1.5048128395483453
-1.5   1.5960127404784044
-1.5   1.9508057044177196
-1.5   1.9512957161457201
-1.5   1.6497523500914149
-1.5   1.9728716736991245
-1.5   1.8788972440496101
-1.5   1.5329673602287306
-1.5   2.055030591318578
-1.5   2.0510655167806759
-1.5   2.3926417813273142
-1.5   2.0502705570076172
-1.5   2.082713027082514
-1.5   2.1705909843110072
-1.5   2.6340817998712063
-1.5   2.4023181258844337
-1.5   1.8464094267741831
-1.5   1.8602570370421665
-1.5   2.1028434273671937
-1.5   2.1956905757894565
-1.5   2.0717300342458191
-1.5   2.1700821758707463
-1.5   2.0793075135272501
-1.5   2.2884548530640676
-1.5   2.2509269427924332
-1.5   2.0102355277774211
-1.5   1.5122329091684796
-1.5   1.5281861145344577
-1.5   1.5478120037249181
-1.5   1.5068903149300832
-1.5   1.547067537335276
-1.5   1.6298567060411733
-1.5   2.203196951626055
-1.5   1.9348858312457669
-1.5   1.8124426281798534
-1.5   2.2300638694135331
-1.5   1.9305703942290315
-1.5   2.3432026804980164
-1.5   2.3094777153138017
-1.5   1.6034263704748741
-1.5   1.5301085050829144
-1.5   2.8620635687432627
-1.5   2.2589485018473661
-1.5   2.2925395556545114
-1.5   1.51952425070108
-1.5   1.8067926363975424
-1.5   2.390300908169801
-1.5   1.6071995163615251
-1.5   2.229150278470625
-1.5   1.8583868686409906
-1.5   2.3765014284860841
-1.5   1.5901751517352012
-1.5   1.5523883254801194
-1.5   1.8693734351792788
-1.5   2.7766149515897296
-1.5   2.1749349639483007
-1.5   1.5257390755522526
-1.5   1.5242368999065765
-1.5   2.5019966639030748
-1.5   1.5334688590179657
-1.5   2.38761916703224
-1.5   1.9630017882667365
-1.5   1.9708590333743121
-1.5   2.1102204286246047
-1.5   2.114636925361538
-1.5   1.6476804065177566
-1.5   1.5077276126806898
-1.5   1.5191066640511202
-1.5   1.5091152094573617
-1.5   1.5088502764920304
-1.5   1.5089941580794575
-1.5   1.7481419271818575
-1.5   1.7356535488693341
-1.5   1.5884334904221049
-1.5   2.3159076832681964
-1.5   2.243374766871463
-1.5   1.5109620928705851
-1.5   1.6594278628379588
-1.5   1.9553936200780817
-1.5   1.8157710104769471
-1.5   2.1172042343599333
-1.5   2.1545772293309207
-1.5   1.5222658709588615
-1.5   1.5102345321207062
-1.5   1.515184042383376
-1.5   1.9541048778981498
-1.5   1.9212340228149434
-1.5   1.8759952608891313
-1.5   2.0259488472620726
-1.5   2.0613188380791425
-1.5   1.6051518524597745
-1.5   3.2679352859592123
-1.5   2.4775623698866038
-1.5   1.5142440131472745
-1.5   1.6836711467151622
-1.5   1.5115015876421225
-1.5   1.5036966492718338
-1.5   1.530097545191643
-1.5   1.5109532551702829
-1.5   1.6125411185188039
-1.5   1.5059020335183524
-1.5   2.3929782474414827
-1.5   1.5133285408268407
-1.5   2.4855544281539883
-1.5   1.5033441663390854
-1.5   1.5887245639549747
-1.5   1.5627161413414683
-1.5   1.5043960534447516
-1.5   1.5687416280238389
-1.5   2.036614884175115
-1.5   2.0169397126587247
-1.5   1.7140072762820644
-1.5   1.6551497053784776
-1.5   1.7603953447130407
-1.5   2.1731130015986531
-1.5   1.8191927218567101
-1.5   2.447657156742479
-1.5   2.4446526320035766
-1.5   2.3343231243513531
-1.5   3.3400463657625901

-0.5   0.67869798813156978
-0.5   0.7504861847266
-0.5   1.1261036470856012
-0.5   0.93106846386156694
-0.5   1.0510319703029611
-0.5   0.9491837695356371
-0.5   1.3642664289608
-0.5   1.4076991858878114
-0.5   1.2302866321760839
-0.5   2.293113873166575
-0.5   1.1061308803365315
-0.5   1.1337648951802228
-0.5   1.4660861077986156
-0.5   2.373351986837223
-0.5   0.72946700244289975
-0.5   1.4535839379367126
-0.5   1.2145929696775193
-0.5   0.74782048733342665
-0.5   0.57938828440630363
-0.5   2.1368781708279205
-0.5   1.2405572116046901
-0.5   1.4171533783513961
-0.5   1.0865713920170239
-0.5   0.84610421208294517
-0.5   0.95364337823203593
-0.5   1.4741894859267513
-0.5   1.3313491552056269
-0.5   1.2590818130945793
-0.5   1.6504375851530759
-0.5   0.65727809218404021
-0.5   1.4276080847980228
-0.5   1.9154042223706838
-0.5   1.1884617492641945
-0.5   1.8050912316489454
-0.5   1.755995282597604
-0.5   2.1431890356424761
-0.5   1.0548617021865472
-0.5   1.8613662931980586
-0.5   1.9664803896500298
-0.5   1.587523924804326
-0.5   1.6593140665996131
-0.5   1.7186532693459657
-0.5   1.3779394838813885
-0.5   1.9617427918352828
-0.5   1.515813372673696
-0.5   2.6287175519793342
-0.5   1.9696804074322412
-0.5   1.468092109401588
-0.5   1.4273678111904708
-0.5   1.9173612905253186
-0.5   1.8668972556720873
-0.5   1.6740253510922662
-0.5   1.8911548571668986
-0.5   1.4692646921138721
-0.5   1.2727942579110272
-0.5   1.7736898076189114
-0.5   2.0294200748629301
-0.5   1.2821442447043652
-0.5   1.9201568580532218
-0.5   1.129632855575694
-0.5   2.2126947713905496
-0.5   0.75180129146061558
-0.5   1.1736839712413285
-0.5   1.3532459178720522
-0.5   0.80182652135794741
-0.5   1.1476696657622831
-0.5   0.94516528307637482
-0.5   1.4310132339864488
-0.5   1.3112408254886647
-0.5   1.6098961396562967
-0.5   1.3822275494064071
-0.5   1.8569392826060014
-0.5   0.60751835681022515
-0.5   1.5119253303480984
-0.5   1.3686922912657946
-0.5   1.298152204515898
-0.5   2.10675013498799
-0.5   1.9641250473161085
-0.5   1.3502067506806892
-0.5   0.98150542430546639
-0.5   1.0510192961517473
-0.5   1.3954628859714664
-0.5   1.3507566718368424
-0.5   1.4696274931460447
-0.5   0.73227960428172323
-0.5   1.4998678560293315
-0.5   1.5003371395080651
-0.5   1.0970433269208479
-0.5   1.3136630539652061
-0.5   1.4107381268436396
-0.5   1.0336350617976067
-0.5   1.2805942059941033
-0.5   1.4004091817860322
-0.5   1.8379956757868707
-0.5   1.8567631773308313
-0.5   1.1670573049703585
-0.5   2.058066872845981
-0.5   0.91333825956408132
-0.5   1.5095871895563184
-0.5   1.6998545675346066
-0.5   1.6730496064577314
-0.5   1.6891869344268442
-0.5   1.8754948918936192
-0.5   1.6979987815187858
-0.5   1.5219481612309051
-0.5   1.8652564480123681
-0.5   1.9795285331454702
-0.5   1.6492550663983954
-0.5   1.7336930918979125
-0.5   2.17916075517285
-0.5   1.8884417153618727
-0.5   1.7702076632391543
-0.5   1.513650034142922
-0.5   1.6378024038853201
-0.5   1.3393972007742654
-0.5   1.4892344328163463
-0.5   2.0113219149334149
-0.5   2.1005771101043473
-0.5   2.2518593728396965
-0.5   1.9477546167309128
-0.5   2.1825441203922562
-0.5   0.59186489109417528
-0.5   0.64795981916331891
-0.5   1.0929283489988308
-0.5   1.4820229603149029
-0.5   1.0844249832258577
-0.5   0.6869475040988362
-0.5   0.59095111862709593
-0.5   1.4482848356352882
-0.5   1.4773093344667181
-0.5   1.4875592324286797
-0.5   1.3923234979977017
-0.5   1.4516163756232796
-0.5   1.3960792447082904
-0.5   2.2321609600967225
-0.5   1.0889711293017366
-0.5   2.3911455716953625
-0.5   1.3239451081807518
-0.5   1.5656526519908338
-0.5   1.4610704001379053
-0.5   1.8462224858598786
-0.5   2.2177344105982031
-0.5   1.4005409712353543
-0.5   1.0065207041231174
-0.5   1.2699038028494314
-0.5   1.4789670649909012
-0.5   1.5148981133623627
-0.5   3.0581550941229514
-0.5   1.0775827825399564
-0.5   1.5178161178613849
-0.5   1.8740536816883835
-0.5   1.7035146058523982
-0.5   1.6598378620061887
-0.5   0.89522020365611743
-0.5   2.0370044929143716
-0.5   0.95908610433262687
-0.5   1.3709072568089886
-0.5   1.1312136487269697
-0.5   1.1802049104481613
-0.5   2.3112050731297771
-0.5   0.84354625770392677
-0.5   2.2776260655127749
-0.5   0.87045020722062127
-0.5   1.4655712402586945
-0.5   1.7983829649042096
-0.5   1.7946494743377723
-0.5   1.3319745961972571
-0.5   0.76679887611562236
-0.5   0.82454074342074124
-0.5   1.3689305263006699
-0.5   2.9883038540911562
-0.5   1.774462929512159
-0.5   1.2880781093102682
-0.5   1.5105538533315146
-0.5   1.7924869305118234
-0.5   1.3530306540128239
-0.5   2.2979977175018433
-0.5   1.58602029441542
-0.5   1.6654241430724745
-0.5   1.4729291164581939
-0.5   1.397363463518859
-0.5   1.5896281843007274
-0.5   1.5231019646367874
-0.5   1.1904309663818289
-0.5   0.92041359763730846
-0.5   1.449590228798403
-0.5   0.59054842920793305
-0.5   0.86229460860685747
-0.5   1.4860012748999341
-0.5   1.3412841244721356
-0.5   1.4881406720326593
-0.5   0.60707641351976194
-0.5   0.60266371716771938
-0.5   1.2550517058104218
-0.5   1.3908228067434174
-0.5   0.91499803417351244
-0.5   0.72417402615847282
-0.5   1.8031080309294265
-0.5   1.922832252210573
-0.5   1.5855980611056602
-0.5   2.1007026797662065
-0.5   2.1117667474768158
-0.5   1.4133879166333772
-0.5   0.66272370111886181
-0.5   0.6499341663893381
-0.5   0.68998280492968211
-0.5   1.4662264560425715
-0.5   0.5558288881263751
-0.5   0.90363180636223972
-0.5   1.4657932843444543
-0.5   1.8450057155598429
-0.5   2.0355753828815644
-0.5   1.5116860762120314
-0.5   1.4381446163871225
-0.5   1.095397023532714
-0.5   1.4715198377000673
-0.5   1.4272960625207876
-0.5   1.0593369113312212
-0.5   0.73351298095455264
-0.5   1.2902697900746527
-0.5   0.52014456226968342
-0.5   0.53940427497263155
-0.5   0.63654711493964955
-0.5   0.8763237625802045
-0.5   1.3993113861333188
-0.5   1.1987545925160974
-0.5   0.95060503858299472
-0.5   1.6408523206038272
-0.5   2.2518516640515145
-0.5   2.3590541410213386
-0.5   1.6562639033364852
-0.5   1.5717549607130961
-0.5   2.0219004804580369
-0.5   1.9132121149031942
-0.5   1.6048905411049121
-0.5   1.7831881099017801
-0.5   0.77122730799536132
-0.5   1.3408106958608237
-0.5   1.6841530851868565
-0.5   1.0381441137569394
-0.5   1.3480210655664069
-0.5   0.62171410387826431
-0.5   1.4291025138585864
-0.5   0.93404122009219015
-0.5   1.0122514859387057
-0.5   0.526300668747262
-0.5   1.0958314161932705
-0.5   1.1774961731385589
-0.5   1.217636516744415
-0.5   1.354957216337094
-0.5   1.4839955242741252
-0.5   1.1773127865361224
-0.5   2.1435077019883111
-0.5   1.5913928347921384
-0.5   2.2901192610850258
-0.5   0.54485880717424529
-0.5   0.648509665410542
-0.5   1.4654975675667532
-0.5   0.73123443298294211
-0.5   0.57619810225080248
-0.5   0.93678471251954032
-0.5   1.4682447300776087
-0.5   1.3215019676554209
-0.5   1.3340752561905913
-0.5   0.75390700856972881
-0.5   2.0165846381125263
-0.5   1.3600201683469575
-0.5   1.0524755595052917
-0.5   1.6031327598025125
-0.5   1.4662766761322896
-0.5   1.3939050519863456
-0.5   1.070760109981747
-0.5   2.2133001052605805
-0.5   1.8250223214991532
-0.5   1.5269682480362996
-0.5   1.6098300695879377
-0.5   2.2976067197077885
-0.5   2.4517330720409034
-0.5   2.3435704992527442
-0.5   3.322480709568608

0.5   0.67869798813179782
0.5   0.75048618472658934
0.5   1.1261036470854322
0.5   0.93106846386158026
0.5   1.051031970302964
0.5   0.94918376953560468
0.5   1.3642664289607354
0.5   1.4076991858878127
0.5   1.2302866321761456
0.5   2.293113873166595
0.5   1.1061308803366448
0.5   1.1337648951800847
0.5   1.4660861077986123
0.5   2.3733519868372484
0.5   0.72946700244289886
0.5   1.4535839379367157
0.5   1.2145929696775337
0.5   0.74782048733340889
0.5   0.57938828440631496
0.5   2.1368781708279752
0.5   1.2405572116046604
0.5   1.4171533783513326
0.5   1.0865713920170552
0.5   0.84610421208322695
0.5   0.95364337823175371
0.5   1.4741894859267461
0.5   1.3313491552056109
0.5   1.2590818130945867
0.5   1.6504375851530892
0.5   0.65727809218404265
0.5   1.4276080847979453
0.5   1.9154042223707015
0.5   1.1884617492643288
0.5   1.8050912316489258
0.5   1.7559952825974916
0.5   2.1431890356424561
0.5   1.0548617021866697
0.5   1.8613662931980848
0.5   1.9664803896501279
0.5   1.5875239248042843
0.5   1.659314066599622
0.5   1.7186532693458019
0.5   1.3779394838813523
0.5   1.9617427918353503
0.5   1.5158133726737417
0.5   2.6287175519793147
0.5   1.9696804074322913
0.5   1.4680921094015831
0.5   1.4273678111903958
0.5   1.9173612905253701
0.5   1.8668972556721548
0.5   1.6740253510922081
0.5   1.8911548571668
0.5   1.4692646921138361
0.5   1.2727942579111167
0.5   1.7736898076189176
0.5   2.029420074862919
0.5   1.2821442447044675
0.5   1.9201568580531809
0.5   1.1296328555756729
0.5   2.2126947713905634
0.5   0.75180129146059915
0.5   1.1736839712413052
0.5   1.3532459178720226
0.5   0.80182652135798604
0.5   1.1476696657622709
0.5   0.9451652830763948
0.5   1.431013233986445
0.5   1.3112408254886616
0.5   1.609896139656251
0.5   1.3822275494064096
0.5   1.8569392826060485
0.5   0.60751835681020006
0.5   1.5119253303481748
0.5   1.3686922912657979
0.5   1.2981522045158878
0.5   2.1067501349879509
0.5   1.9641250473160876
0.5   1.3502067506807176
0.5   0.98150542430545173
0.5   1.0510192961517482
0.5   1.3954628859714644
0.5   1.3507566718368453
0.5   1.4696274931460453
0.5   0.73227960428171635
0.5   1.4998678560293393
0.5   1.5003371395080709
0.5   1.0970433269208355
0.5   1.3136630539653507
0.5   1.4107381268436596
0.5   1.033635061797441
0.5   1.2805942059940947
0.5   1.4004091817860327
0.5   1.837995675786869
0.5   1.8567631773308113
0.5   1.1670573049703841
0.5   2.0580668728460059
0.5   0.91333825956406578
0.5   1.5095871895563078
0.5   1.6998545675346084
0.5   1.6730496064577056
0.5   1.6891869344268247
0.5   1.8754948918936107
0.5   1.6979987815187898
0.5   1.5219481612309096
0.5   1.8652564480123774
0.5   1.9795285331455061
0.5   1.6492550663983687
0.5   1.7336930918979254
0.5   2.1791607551728513
0.5   1.8884417153617665
0.5   1.7702076632392347
0.5   1.5136500341429064
0.5   1.6378024038853436
0.5   1.3393972007742594
0.5   1.489234432816348
0.5   2.0113219149333745
0.5   2.1005771101043678
0.5   2.2518593728397223
0.5   1.9477546167309043
0.5   2.1825441203922562
0.5   0.59186489109417617
0.5   0.6479598191633209
0.5   1.0929283489987998
0.5   1.4820229603149027
0.5   1.0844249832258872
0.5   0.68694750409885463
0.5   0.59095111862709793
0.5   1.4482848356352784
0.5   1.4773093344667181
0.5   1.4875592324286753
0.5   1.3923234979976997
0.5   1.4516163756232665
0.5   1.3960792447082795
0.5   2.2321609600967283
0.5   1.0889711293017432
0.5   2.3911455716953696
0.5   1.3239451081807427
0.5   1.5656526519908267
0.5   1.4610704001379027
0.5   1.8462224858598817
0.5   2.2177344105982133
0.5   1.400540971235356
0.5   1.0065207041231097
0.5   1.2699038028494229
0.5   1.4789670649909075
0.5   1.5148981133623622
0.5   3.058155094122931
0.5   1.077582782539972
0.5   1.5178161178613938
0.5   1.8740536816883813
0.5   1.7035146058524275
0.5   1.6598378620061776
0.5   0.89522020365611188
0.5   2.0370044929143716
0.5   0.95908610433262309
0.5   1.3709072568089802
0.5   1.1312136487269646
0.5   1.1802049104481624
0.5   2.3112050731297815
0.5   0.8435462577039341
0.5   2.2776260655127825
0.5   0.87045020722061817
0.5   1.4655712402586951
0.5   1.7983829649042065
0.5   1.7946494743377759
0.5   1.3319745961972631
0.5   0.76679887611561837
0.5   0.8245407434207308
0.5   1.3689305263006719
0.5   2.9883038540911522
0.5   1.774462929512159
0.5   1.2880781093102478
0.5   1.5105538533315137
0.5   1.7924869305118452
0.5   1.3530306540128245
0.5   2.2979977175018491
0.5   1.5860202944153969
0.5   1.6654241430723999
0.5   1.4729291164582905
0.5   1.397363463518859
0.5   1.5896281843007376
0.5   1.52310196463687
0.5   1.1904309663817745
0.5   0.92041359763728559
0.5   1.4495902287983997
0.5   0.59054842920793038
0.5   0.86229460860686347
0.5   1.4860012748999345
0.5   1.3412841244721312
0.5   1.4881406720326593
0.5   0.60707641351975838
0.5   0.60266371716767764
0.5   1.2550517058104589
0.5   1.3908228067434227
0.5   0.91499803417350067
0.5   0.72417402615846349
0.5   1.8031080309294674
0.5   1.9228322522105912
0.5   1.5855980611056522
0.5   2.1007026797661976
0.5   2.1117667474767785
0.5   1.413387916633412
0.5   0.66272370111886314
0.5   0.64993416638933077
0.5   0.68998280492964326
0.5   1.4662264560425857
0.5   0.55582888812636799
0.5   0.90363180636227747
0.5   1.4657932843448866
0.5   1.8450057155594619
0.5   2.0355753828815435
0.5   1.5116860762120616
0.5   1.4381446163871181
0.5   1.0953970235326733
0.5   1.4715198377000904
0.5   1.4272960625207816
0.5   1.0593369113311839
0.5   0.7335129809545462
0.5   1.2902697900747002
0.5   0.5201445622696752
0.5   0.53940427497260734
0.5   0.63654711493963445
0.5   0.87632376258029976
0.5   1.3993113861332271
0.5   1.1987545925158778
0.5   0.95060503858320011
0.5   1.6408523206039796
0.5   2.2518516640514625
0.5   2.359054141021395
0.5   1.6562639033364484
0.5   1.5717549607131223
0.5   2.0219004804580303
0.5   1.9132121149031831
0.5   1.6048905411049295
0.5   1.7831881099016917
0.5   0.77122730799527228
0.5   1.340810695860897
0.5   1.6841530851868844
0.5   1.0381441137568872
0.5   1.3480210655664062
0.5   0.62171410387827208
0.5   1.4291025138586158
0.5   0.93404122009217061
0.5   1.0122514859387148
0.5   0.52630066874725978
0.5   1.0958314161933189
0.5   1.177496173138505
0.5   1.217636516744377
0.5   1.3549572163370684
0.5   1.4839955242741116
0.5   1.1773127865361399
0.5   2.1435077019883759
0.5   1.5913928347920674
0.5   2.2901192610850654
0.5   0.54485880717425772
0.5   0.64850966541051047
0.5   1.4654975675667339
0.5   0.73123443298296098
0.5   0.57619810225081647
0.5   0.9367847125195452
0.5   1.4682447300775487
0.5   1.3215019676554565
0.5   1.3340752561905533
0.5   0.7539070085697035
0.5   2.0165846381122199
0.5   1.3600201683470328
0.5   1.0524755595053188
0.5   1.6031327598028704
0.5   1.4662766761322639
0.5   1.3939050519862932
0.5   1.070760109981763
0.5   2.2133001052601253
0.5   1.8250223214996883
0.5   1.5269682480363889
0.5   1.6098300695879861
0.5   2.2976067197077463
0.5   2.4517330720408745
0.5   2.3435704992527207
0.5   3.3224807095685902

1.5   1.5062958047205077
1.5   1.5085507573675336
1.5   1.7265699420187874
1.5   1.521281717265325
1.5   2.3236574810088428
1.5   1.5800697009021727
1.5   1.5182686528024201
1.5   2.4093134557137792
1.5   1.5092689507170984
1.5   2.347392932868547
1.5   1.6481396625845153
1.5   1.5806651905784044
1.5   1.5441901591216518
1.5   1.5496823145809153
1.5   1.612944956922945
1.5   2.4318335554360866
1.5   1.7239701299956876
1.5   1.8136479811235304
1.5   1.9893435518656659
1.5   1.9371761544776618
1.5   1.9696513372240267
1.5   1.8430141117787024
1.5   1.5644135122121439
1.5   3.1778425404093298
1.5   2.0204893845452383
1.5   2.1058518909202966
1.5   2.3787937831216137
1.5   2.1541752282562783
1.5   2.434393117531199
1.5   2.3056539646867495
1.5   1.7755998870835756
1.5   1.991873487206556
1.5   2.0264891283308977
1.5   2.1273214325342744
1.5   2.2699966422102635
1.5   1.6544731534470798
1.5   2.3537081427699631
1.5   1.5984962859694409
1.5   1.5649342331144362
1.5   1.511911424715056
1.5   1.5296903608371828
1.5   2.4561201871798577
1.5   1.5265006801208663
1.5   1.5774782834105201
1.5   2.3986108018898609
1.5   1.5656081501573587
1.5   2.3756244024566251
1.5   1.6256667439614914
1.5   1.5048128395483444
1.5   1.5960127404784061
1.5   1.9508057044177227
1.5   1.9512957161457232
1.5   1.6497523500914317
1.5   1.9728716736991241
1.5   1.8788972440495977
1.5   1.532967360228731
1.5   2.0550305913185758
1.5   2.0510655167806764
1.5   2.3926417813273142
1.5   2.0502705570076043
1.5   2.082713027082526
1.5   2.1705909843110036
1.5   2.6340817998712005
1.5   2.4023181258844404
1.5   1.846409426774188
1.5   1.8602570370422069
1.5   2.1028434273671874
1.5   2.1956905757894258
1.5   2.0717300342458151
1.5   2.170082175870641
1.5   2.0793075135273633
1.5   2.2884548530640796
1.5   2.2509269427924194
1.5   2.0102355277774211
1.5   1.5122329091684792
1.5   1.5281861145344569
1.5   1.5478120037249186
1.5   1.5068903149300832
1.5   1.5470675373352725
1.5   1.6298567060411719
1.5   2.2031969516260448
1.5   1.9348858312457784
1.5   1.8124426281798596
1.5   2.2300638694135264
1.5   1.9305703942290342
1.5   2.3432026804980142
1.5   2.3094777153138022
1.5   1.6034263704748786
1.5   1.5301085050829184
1.5   2.8620635687432756
1.5   2.258948501847367
1.5   2.2925395556544945
1.5   1.5195242507010773
1.5   1.8067926363975437
1.5   2.390300908169801
1.5   1.6071995163615287
1.5   2.2291502784706254
1.5   1.8583868686409857
1.5   2.3765014284860797
1.5   1.5901751517352016
1.5   1.5523883254801207
1.5   1.8693734351792735
1.5   2.7766149515897296
1.5   2.1749349639483015
1.5   1.5257390755522606
1.5   1.5242368999065787
1.5   2.5019966639030633
1.5   1.5334688590179661
1.5   2.3876191670322413
1.5   1.9630017882667414
1.5   1.9708590333742904
1.5   2.1102204286246335
1.5   2.1146369253615327
1.5   1.6476804065177562
1.5   1.5077276126806898
1.5   1.5191066640511188
1.5   1.5091152094573621
1.5   1.5088502764920313
1.5   1.5089941580794566
1.5   1.7481419271818828
1.5   1.735653548869347
1.5   1.5884334904221173
1.5   2.3159076832681817
1.5   2.2433747668714341
1.5   1.5109620928705869
1.5   1.6594278628379828
1.5   1.9553936200781226
1.5   1.8157710104769698
1.5   2.1172042343598743
1.5   2.154577229330874
1.5   1.5222658709588788
1.5   1.5102345321207054
1.5   1.5151840423833747
1.5   1.9541048778981596
1.5   1.92123402281495
1.5   1.8759952608891295
1.5   2.0259488472621006
1.5   2.0613188380792646
1.5   1.6051518524596178
1.5   3.2679352859591924
1.5   2.4775623698866034
1.5   1.5142440131472794
1.5   1.6836711467151564
1.5   1.5115015876421163
1.5   1.5036966492718338
1.5   1.5300975451916448
1.5   1.5109532551702842
1.5   1.6125411185188354
1.5   1.5059020335183546
1.5   2.3929782474414569
1.5   1.5133285408268371
1.5   2.4855544281539848
1.5   1.503344166339085
1.5   1.5887245639549579
1.5   1.5627161413414727
1.5   1.5043960534447458
1.5   1.568741628023846
1.5   2.0366148841752181
1.5   2.0169397126586466
1.5   1.7140072762820839
1.5   1.655149705378486
1.5   1.760395344713042
1.5   2.1731130015986482
1.5   1.8191927218566724
1.5   2.4476571567424958
1.5   2.4446526320035797
1.5   2.334323124351334
1.5   3.3400463657625981

2.5   2.5001836139627094
2.5   2.5001838755917904
2.5   2.5028931771231888
2.5   2.5116862737196519
2.5   2.5094455342099944
2.5   2.6206060641611102
2.5   3.3143938283936283
2.5   2.8143259097426667
2.5   3.2007938636879825
2.5   2.5367502392743839
2.5   2.5681313671571266
2.5   2.528518816818603
2.5   2.5111492741100796
2.5   2.5027958593555164
2.5   2.5016357432930278
2.5   2.5154398422580426
2.5   3.0679225336114553
2.5   2.5069716698168203
2.5   3.0936268593393597
2.5   2.5063913671645097
2.5   2.5678601911604133
2.5   2.6961073744646868
2.5   2.8742068307954471
2.5   2.7700701898432611
2.5   2.5040794592706495
2.5   2.570851264603887
2.5   2.5285268441815134
2.5   2.5006009160823237
2.5   2.5024939843163194
2.5   2.5001601240976714
2.5   3.4411466723903827
2.5   2.5009214280950163
2.5   2.5446948393969202
2.5   2.5060508833758339
2.5   2.5013594182894159
2.5   3.4824344988587144
2.5   2.5000508433145612
2.5   2.5045496965101082
2.5   2.5001803563224869
2.5   2.5119657534256574
2.5   2.5000781937279832
2.5   2.5009065151774506
2.5   2.5020602168740247
2.5   2.5001614475369127
2.5   2.5001508345733319
2.5   2.7606506116645666
2.5   3.2875533988250947
2.5   2.5000585287230499
2.5   2.500576163010837
2.5   2.5001094868437872
2.5   2.5000782243583437
2.5   2.5002276159126886
2.5   2.5000225570734256
2.5   2.6567002606102998
2.5   2.5001971728607653
2.5   3.3771094518235034

3.5   3.5
3.5   3.4999999999999996
3.5   3.5
3.5   3.5
3.5   3.4999999999999991
3.5   3.4999999999999996
3.5   3.4999999999999996
3.5   3.4999999999999996

