0   -33.4506   0.0521436   0.0295041   0.085789   0.173945   0.0175744   0.282088   0.0175744   0.173945   0.085789   0.0295041   0.0521436   
1   -42.325   0.0113076   0.0273772   0.0665074   0.122848   0.17322   0.19748   0.17322   0.122848   0.0665074   0.0273772   0.0113076   
2   -42.9851   0.00965381   0.0248034   0.0646493   0.123722   0.175744   0.202856   0.175744   0.123722   0.0646493   0.0248034   0.00965381   
3   -42.9963   0.0156795   0.0357897   0.0793545   0.121041   0.160583   0.175105   0.160583   0.121041   0.0793545   0.0357897   0.0156795   
4   -42.8949   0.013127   0.0335761   0.0751515   0.125202   0.161724   0.182438   0.161724   0.125202   0.0751515   0.0335761   0.013127   
5   -42.88   0.00918395   0.02276   0.0666494   0.122776   0.180104   0.197053   0.180104   0.122776   0.0666494   0.02276   0.00918395   
6   -42.8949   0.013127   0.0335761   0.0751515   0.125202   0.161724   0.182438   0.161724   0.125202   0.0751515   0.0335761   0.013127   
7   -42.9963   0.0156795   0.0357897   0.0793545   0.121041   0.160583   0.175105   0.160583   0.121041   0.0793545   0.0357897   0.0156795   
8   -42.9851   0.00965381   0.0248034   0.0646493   0.123722   0.175744   0.202856   0.175744   0.123722   0.0646493   0.0248034   0.00965381   
9   -42.325   0.0113076   0.0273772   0.0665074   0.122848   0.17322   0.19748   0.17322   0.122848   0.0665074   0.0273772   0.0113076   
10   -33.4506   0.0521436   0.0295041   0.085789   0.173945   0.0175744   0.282088   0.0175744   0.173945   0.085789   0.0295041   0.0521436   
