0   -29.5346   0.0293815   0.113086   1.21442e-06   0.248017   0.109514   0.109514   0.248017   1.21442e-06   0.113086   0.0293815   
1   -38.123   0.0158305   0.0379939   0.0894177   0.155066   0.201692   0.201692   0.155066   0.0894177   0.0379939   0.0158305   
2   -38.6577   0.0147945   0.0379003   0.0919453   0.154706   0.200654   0.200654   0.154706   0.0919453   0.0379003   0.0147945   
3   -38.6954   0.0208906   0.0450438   0.101702   0.146648   0.185716   0.185716   0.146648   0.101702   0.0450438   0.0208906   
4   -38.5776   0.0186619   0.046052   0.100401   0.150633   0.184253   0.184253   0.150633   0.100401   0.046052   0.0186619   
5   -38.5776   0.0186619   0.046052   0.100401   0.150633   0.184253   0.184253   0.150633   0.100401   0.046052   0.0186619   
6   -38.6954   0.0208906   0.0450438   0.101702   0.146648   0.185716   0.185716   0.146648   0.101702   0.0450438   0.0208906   
7   -38.6577   0.0147945   0.0379003   0.0919453   0.154706   0.200654   0.200654   0.154706   0.0919453   0.0379003   0.0147945   
8   -38.123   0.0158305   0.0379939   0.0894177   0.155066   0.201692   0.201692   0.155066   0.0894177   0.0379939   0.0158305   
9   -29.5346   0.0293815   0.113086   1.21442e-06   0.248017   0.109514   0.109514   0.248017   1.21442e-06   0.113086   0.0293815   
