-2.5   2.4999999999999996
-2.5   2.4999999999999996
-2.5   2.5
-2.5   2.4999999999999996
-2.5   2.5
-2.5   2.4999999999999996

-1.5   1.5013844961626237
-1.5   1.5067730495646336
-1.5   1.5267018135496215
-1.5   1.5216909539900403
-1.5   2.4257756673189039
-1.5   1.5943030685440878
-1.5   2.4146732105443784
-1.5   1.5806333639718568
-1.5   1.5000921521018888
-1.5   1.5103262974964515
-1.5   1.5117496529950802
-1.5   1.5210623591579089
-1.5   1.5046721859990009
-1.5   2.2533414342149176
-1.5   1.7978312579511586
-1.5   1.9787776089652418
-1.5   2.1045184276062252
-1.5   1.5014329534638233
-1.5   1.5071596300238332
-1.5   1.5025877255485596
-1.5   1.500509307807754
-1.5   1.5715256428036759
-1.5   2.4449624199137254
-1.5   1.5000646793310426
-1.5   1.5025891343784439
-1.5   1.5021858221970792
-1.5   1.5000248314462636
-1.5   1.6037802928955407
-1.5   1.5001240922273129
-1.5   2.4264573559647999

-0.5   0.54493992527301227
-0.5   0.53051326662714637
-0.5   1.4701404960161877
-0.5   1.4809207474050856
-0.5   0.54187019390653268
-0.5   0.59727759290759952
-0.5   1.2284387580044964
-0.5   1.4446917446646494
-0.5   1.5344167977229342
-0.5   0.9262645990180538
-0.5   1.7889957897892477
-0.5   1.2614835272029545
-0.5   0.83251274382450191
-0.5   1.4185959221682007
-0.5   2.1362169583778585
-0.5   1.4856482119708179
-0.5   1.4779589083400719
-0.5   0.61396212336528144
-0.5   0.54683212976355278
-0.5   1.4742341696374286
-0.5   0.52778805646256188
-0.5   0.56421308785367441
-0.5   1.4973707207783213
-0.5   0.93973361858206395
-0.5   1.1657051379565502
-0.5   1.4311231118352741
-0.5   1.068945835550331
-0.5   1.4740049787703955
-0.5   2.185676728427822
-0.5   1.4867143179206892
-0.5   0.93235744612273663
-0.5   2.3895473937167448
-0.5   0.64042746023305974
-0.5   1.4822690035124502
-0.5   0.52688249899311068
-0.5   1.4982866042091509
-0.5   1.4825279495883652
-0.5   0.52927729674621937
-0.5   0.62915586529223466
-0.5   0.99236767971702577
-0.5   0.95477183491356921
-0.5   1.1742861590033375
-0.5   1.224232581699211
-0.5   2.3438924795376019
-0.5   1.4637553403886514
-0.5   0.76180643145191085
-0.5   0.53652870699644706
-0.5   0.50378075504222641
-0.5   0.52494391450612854
-0.5   0.53754834526033157
-0.5   1.4585150222715615
-0.5   0.56940689703298197
-0.5   1.476401425715455
-0.5   0.55099748058584752
-0.5   0.75415226819056413
-0.5   1.3991798171401106
-0.5   0.6821555267583943
-0.5   1.4961497955079874
-0.5   1.4488886947736959
-0.5   2.422112282519497

0.5   0.5449399252730136
0.5   0.53051326662714482
0.5   1.4701404960161906
0.5   1.4809207474050845
0.5   0.54187019390653468
0.5   0.59727759290759863
0.5   1.2284387580044933
0.5   1.444691744664649
0.5   1.5344167977229266
0.5   0.9262645990180578
0.5   1.7889957897892601
0.5   1.2614835272029561
0.5   0.83251274382448881
0.5   1.4185959221682147
0.5   2.1362169583778425
0.5   1.4856482119708236
0.5   1.4779589083400717
0.5   0.61396212336528189
0.5   0.546832129763553
0.5   1.4742341696374304
0.5   0.52778805646256277
0.5   0.56421308785367463
0.5   1.49737072077832
0.5   0.93973361858206461
0.5   1.1657051379565526
0.5   1.4311231118352736
0.5   1.0689458355503276
0.5   1.4740049787703915
0.5   2.1856767284278238
0.5   1.4867143179206896
0.5   0.93235744612273863
0.5   2.3895473937167448
0.5   0.64042746023306041
0.5   1.4822690035124517
0.5   0.52688249899311113
0.5   1.4982866042091514
0.5   1.4825279495883625
0.5   0.52927729674622315
0.5   0.62915586529223044
0.5   0.992367679717018
0.5   0.9547718349135863
0.5   1.1742861590033469
0.5   1.2242325816992001
0.5   2.3438924795375997
0.5   1.4637553403886532
0.5   0.7618064314519164
0.5   0.53652870699644972
0.5   0.50378075504222664
0.5   0.52494391450612743
0.5   0.53754834526033379
0.5   1.4585150222715604
0.5   0.56940689703298553
0.5   1.4764014257154547
0.5   0.55099748058585329
0.5   0.75415226819056036
0.5   1.3991798171401091
0.5   0.68215552675838675
0.5   1.4961497955079868
0.5   1.4488886947736936
0.5   2.4221122825194912

1.5   1.5013844961626241
1.5   1.5067730495646332
1.5   1.5267018135496224
1.5   1.5216909539900412
1.5   2.4257756673189022
1.5   1.5943030685440829
1.5   2.4146732105443833
1.5   1.5806333639718564
1.5   1.5000921521018884
1.5   1.5103262974964524
1.5   1.5117496529950794
1.5   1.5210623591579098
1.5   1.5046721859990009
1.5   2.2533414342149167
1.5   1.7978312579511595
1.5   1.9787776089652405
1.5   2.1045184276062265
1.5   1.5014329534638242
1.5   1.5071596300238337
1.5   1.5025877255485591
1.5   1.500509307807754
1.5   1.5715256428036746
1.5   2.4449624199137276
1.5   1.5000646793310413
1.5   1.502589134378443
1.5   1.5021858221970783
1.5   1.5000248314462623
1.5   1.6037802928955411
1.5   1.5001240922273125
1.5   2.4264573559647973

2.5   2.4999999999999996
2.5   2.4999999999999996
2.5   2.5
2.5   2.4999999999999996
2.5   2.5
2.5   2.4999999999999996

