-2   2
-2   2
-2   2
-2   1.9999999999999996
-2   2

-1   1.0043162107337038
-1   1.0025516706243225
-1   1.0250048226561312
-1   1.9799759318241694
-1   1.9922220849307481
-1   1.0029888853045159
-1   1.0099669949546106
-1   1.0003265543776616
-1   1.0409038654752478
-1   1.9713101679126748
-1   1.0017473065676143
-1   1.0060825599608496
-1   1.9773492686502498
-1   1.0002853968624448
-1   1.0356228114705657
-1   1.0012795257435294
-1   1.0001492397843492
-1   1.0163755613191392
-1   1.0000225048489066
-1   1.9893839710118089

0   0.009430667820776728
0   0.99999999999999911
0   0.99999999999999978
0   0.99999999999999933
0   0.087542712690538371
0   1.560922606256459
0   0.99999999999999845
0   1.9605029906367011
0   1
0   1.0000000000000011
0   0.093104928775992857
0   0.99999999999999978
0   0.0025912962050682609
0   0.99999999999999978
0   1.997526208013928
0   0.99999999999999978
0   0.99999999999999933
0   1.5609226062564567
0   1.0000000000000011
0   1.0000000000000002
0   0.99999999999999956
0   0.0012160199580816267
0   0.0025912962050682609
0   1
0   0.0065028957226334061
0   1.0000000000000016
0   0.067875652598698877
0   1
0   0.99999999999999933
0   1.9842590310610797

1   1.0043162107337036
1   1.0025516706243227
1   1.0250048226561317
1   1.9799759318241694
1   1.9922220849307481
1   1.0029888853045159
1   1.0099669949546106
1   1.0003265543776618
1   1.0409038654752478
1   1.9713101679126743
1   1.0017473065676139
1   1.0060825599608489
1   1.9773492686502494
1   1.0002853968624448
1   1.0356228114705657
1   1.0012795257435287
1   1.0001492397843486
1   1.016375561319139
1   1.0000225048489073
1   1.9893839710118097

2   2
2   2
2   2
2   1.9999999999999996
2   2

