0   -42.95   0.0516419   0.029211   0.0859535   0.174076   0.0176646   0.282905   0.0176646   0.174076   0.0859535   0.029211   0.0516419   
1   -55.1767   0.0111104   0.0269664   0.0660751   0.122813   0.17384   0.198391   0.17384   0.122813   0.0660751   0.0269664   0.0111104   
2   -56.4415   0.009511   0.0243984   0.0643749   0.123739   0.176007   0.203939   0.176007   0.123739   0.0643749   0.0243984   0.009511   
3   -56.7213   0.0132547   0.0336167   0.0759505   0.1245   0.162676   0.180004   0.162676   0.1245   0.0759505   0.0336167   0.0132547   
4   -56.7187   0.0150713   0.0348498   0.0814509   0.120754   0.163514   0.168721   0.163514   0.120754   0.0814509   0.0348498   0.0150713   
5   -56.6903   0.0176582   0.0381791   0.0865469   0.118119   0.159515   0.159963   0.159515   0.118119   0.0865469   0.0381791   0.0176582   
6   -56.7187   0.0150713   0.0348498   0.0814509   0.120754   0.163514   0.168721   0.163514   0.120754   0.0814509   0.0348498   0.0150713   
7   -56.7213   0.0132547   0.0336167   0.0759505   0.1245   0.162676   0.180004   0.162676   0.1245   0.0759505   0.0336167   0.0132547   
8   -56.4415   0.009511   0.0243984   0.0643749   0.123739   0.176007   0.203939   0.176007   0.123739   0.0643749   0.0243984   0.009511   
9   -55.1767   0.0111104   0.0269664   0.0660751   0.122813   0.17384   0.198391   0.17384   0.122813   0.0660751   0.0269664   0.0111104   
10   -42.95   0.0516419   0.029211   0.0859535   0.174076   0.0176646   0.282905   0.0176646   0.174076   0.0859535   0.029211   0.0516419   
