0   -42.7435   0.0516502   0.0292159   0.0859508   0.174074   0.0176631   0.282892   0.0176631   0.174074   0.0859508   0.0292159   0.0516502   
1   -54.8973   0.0111135   0.0269729   0.066082   0.122813   0.17383   0.198377   0.17383   0.122813   0.066082   0.0269729   0.0111135   
2   -56.149   0.00951265   0.0244034   0.0643773   0.123738   0.176006   0.203925   0.176006   0.123738   0.0643773   0.0244034   0.00951265   
3   -56.4225   0.0132865   0.0336472   0.0759858   0.124465   0.16263   0.179972   0.16263   0.124465   0.0759858   0.0336472   0.0132865   
4   -56.4172   0.0150546   0.034823   0.081385   0.120786   0.163514   0.168875   0.163514   0.120786   0.081385   0.034823   0.0150546   
5   -56.3865   0.0175997   0.0381282   0.0864362   0.118202   0.15956   0.160147   0.15956   0.118202   0.0864362   0.0381282   0.0175997   
6   -56.4172   0.0150546   0.034823   0.081385   0.120786   0.163514   0.168875   0.163514   0.120786   0.081385   0.034823   0.0150546   
7   -56.4225   0.0132865   0.0336472   0.0759858   0.124465   0.16263   0.179972   0.16263   0.124465   0.0759858   0.0336472   0.0132865   
8   -56.149   0.00951265   0.0244034   0.0643773   0.123738   0.176006   0.203925   0.176006   0.123738   0.0643773   0.0244034   0.00951265   
9   -54.8973   0.0111135   0.0269729   0.066082   0.122813   0.17383   0.198377   0.17383   0.122813   0.066082   0.0269729   0.0111135   
10   -42.7435   0.0516502   0.0292159   0.0859508   0.174074   0.0176631   0.282892   0.0176631   0.174074   0.0859508   0.0292159   0.0516502   
