-4   4
-4   4.0000000000000009
-4   4
-4   4
-4   4
-4   4
-4   4
-4   4
-4   4

-3   3.0000211870400517
-3   3.0000325075230565
-3   3.0003106692512755
-3   3.0008972023047931
-3   3.0002382534054663
-3   3.0185600886701009
-3   3.0066819998540932
-3   3.8857753351435589
-3   3.0003854941948553
-3   3.1224240437105384
-3   3.8774528707470974
-3   3.140470178967063
-3   3.0009320358774394
-3   3.0001190975627106
-3   3.0043172871271211
-3   3.0002980871564136
-3   3.0017547250224164
-3   3.0001343991087133
-3   3.8076421547301829
-3   3.0005229048164122
-3   3.0174075271986118
-3   3.1756899808709171
-3   3.0030004724272641
-3   3.0406503288077196
-3   3.007427285902764
-3   3.0014899980272078
-3   3.7675545034223576
-3   3.0002343167848138
-3   3.2679754748772121
-3   3.0000804288785634
-3   3.0025819974310903
-3   3.0000407070707324
-3   3.0014457344743262
-3   3.0024391293397521
-3   3.3089579094110491
-3   3.0021879496865278
-3   3.118113828281627
-3   3.6287559643498861
-3   3.0044980801979366
-3   3.0048582371788521
-3   3.0610388979080354
-3   3.0074755009813607
-3   3.9443946719432574
-3   3.0000611387789453
-3   3.0001178787110057
-3   3.0001627489353373
-3   3.0009724861089886
-3   3.0000694003083304
-3   3.0000097363003291
-3   3.8005949235894843
-3   3.0000307571727647
-3   3.2397323081220182
-3   3.00000956551927
-3   3.001588779804234
-3   3.0001025285357654
-3   3.0001297842863015
-3   3.0000044964225538
-3   3.0000193199221146
-3   3.0263653879388714
-3   3.0000096156711193
-3   3.9403518065959489
-3   3.0000558580603549
-3   3.0491274525917245
-3   3.0000245215602801
-3   3.0000311797952883
-3   3.0001585232340195
-3   3.000022817652761
-3   3.0000780786592385
-3   3.0000154373347718
-3   3.0923947979318482
-3   3.0000583928328193
-3   3.9263343228056611

-2   2.0002566310628422
-2   2.0004125997309883
-2   2.0008787614456742
-2   2.1342317163064184
-2   2.0084648416527879
-2   2.8969678550437652
-2   2.0027535931369345
-2   2.1062173666081829
-2   2.0036458969700846
-2   2.911744597317075
-2   2.0011339106138712
-2   2.003102954124774
-2   2.8764579209012195
-2   2.1429001588829113
-2   2.0189801195617973
-2   2.0096752076243294
-2   2.0133546896036081
-2   2.016890140523258
-2   2.0150172281833458
-2   2.8872647524310344
-2   2.1311836193365932
-2   2.003264066428569
-2   2.08261610719719
-2   2.9648375004683487
-2   2.7307775369950673
-2   2.7482213864595399
-2   2.0303982026298115
-2   2.2788493948249839
-2   2.3817069573274847
-2   2.2365590834688032
-2   2.7776408222661484
-2   2.1061540582246114
-2   3.0607928828327138
-2   2.5499656971529285
-2   2.3675401455064571
-2   2.1061867495534057
-2   2.8696555453557595
-2   2.442940054701324
-2   2.2829104573607144
-2   3.2770779807432846
-2   2.3653627543105338
-2   2.5792525251571359
-2   3.0597593623477612
-2   2.3080649006564062
-2   2.3528123982540183
-2   2.3316127373616466
-2   2.2574524667164551
-2   2.5922239978212644
-2   2.2096505452809168
-2   2.1016148167283224
-2   2.5398596734912928
-2   2.3695563230620138
-2   2.0110073728089946
-2   2.001827384222008
-2   2.0075502282652518
-2   2.00689677488351
-2   2.0561412984648091
-2   2.0972943629887277
-2   2.9187310019209107
-2   2.6000201283473316
-2   2.3664714785193026
-2   2.9681798526628791
-2   2.0710500283163493
-2   2.0643020309249778
-2   2.0206067768000566
-2   2.0912796429602327
-2   2.3218769927470047
-2   2.5135621582276055
-2   2.0424401235770384
-2   3.0583558605606993
-2   2.4008951090224633
-2   2.0961694135859474
-2   3.2877669314331399
-2   2.4924915568917609
-2   2.9404120032450529
-2   2.1034360527230342
-2   2.7035318977808962
-2   2.043283666100097
-2   2.0737313362059253
-2   2.0418014732845826
-2   2.1119325339289188
-2   2.7524437242794635
-2   2.2831788880740094
-2   2.2525932382701264
-2   2.2476432828069863
-2   2.1906821033598995
-2   2.0710588152391112
-2   2.7525258563416419
-2   2.4849580677497851
-2   2.0149282340126438
-2   2.4059062621474223
-2   2.0607766372932694
-2   2.6735536700752274
-2   2.6861443350459586
-2   2.7087265246976937
-2   2.7046959662918182
-2   2.9859628088207981
-2   2.3791473453656597
-2   2.6687375824612767
-2   2.7009713841060448
-2   2.0516630106118003
-2   2.0025266445077801
-2   2.0210642539800037
-2   2.02465902359471
-2   2.072327782184753
-2   2.2794987119429218
-2   2.1413150914836252
-2   2.3334301442401104
-2   2.4662648501333435
-2   2.8192345947880071
-2   2.0289325967174729
-2   2.0054848253465529
-2   2.9849781097137376
-2   2.0132580042358943
-2   2.0066624158767863
-2   2.0033267545829143
-2   2.0120050276925294
-2   2.0251732734742434
-2   2.0546385268774898
-2   2.1348460923043096
-2   2.5130245294485958
-2   2.3638275224181164
-2   2.1380496659461077
-2   2.3875960282279314
-2   2.1483698986348285
-2   2.7320050993941973
-2   2.6832473657932492
-2   3.2732365374378141
-2   2.83082657125675
-2   2.3145430783240482
-2   3.2374023980794524
-2   2.6750696891379668
-2   2.2673579782190361
-2   2.2752780259854362
-2   2.6817981909939981
-2   2.3885902959138146
-2   2.4149892226606897
-2   2.3027489039995981
-2   2.7426308598115083
-2   2.5652805462301513
-2   3.777699921871279
-2   2.0157485688607797
-2   2.0023842341404587
-2   2.0304479139615701
-2   2.0024815396255571
-2   2.4539103530449604
-2   2.5232702888453953
-2   2.0512304451646357
-2   2.1987384301714723
-2   2.114412358818528
-2   2.7914006937724789
-2   2.0189169333501131
-2   2.0007969653747835
-2   2.9304555685065776
-2   2.6766911202582375
-2   2.3985322935643958
-2   2.0866084460212639
-2   2.003960303385095
-2   2.9931143724740981
-2   2.007609767093034
-2   2.0008880009130436
-2   2.0043987861335779
-2   2.0067945531527838
-2   2.0099913294169802
-2   2.0363704045732458
-2   2.9082533203055783
-2   2.0065270465723835
-2   2.0167063755790982
-2   2.1220505989923928
-2   3.8222941227341209
-2   2.1720644324387131
-2   2.2037366222177877
-2   2.7004239255283622
-2   2.8344690265727372
-2   2.9373058530742435
-2   2.3620679875569652
-2   2.0543581779020141
-2   2.029782485516296
-2   2.0758249810218912
-2   2.0567626080963755
-2   2.961733990096727
-2   2.0003798712263374
-2   2.0044510409723744
-2   2.0008746533877226
-2   2.0038024251820277
-2   2.0016522355294311
-2   2.0018939319391156
-2   2.004481356899785
-2   2.2030189358328887
-2   2.1668069790189541
-2   2.6807796225807872
-2   2.6966218636349053
-2   2.1877897001416988
-2   2.1974991632006264
-2   2.023106543484078
-2   2.0198333003221056
-2   2.0012849666790768
-2   2.0113113272917809
-2   2.5412431692063153
-2   2.7830821337355816
-2   2.4556786320448238
-2   2.1652089086324819
-2   2.094741933133565
-2   2.1151566336782981
-2   2.0025319232304248
-2   2.0449215867687065
-2   2.1089921496853719
-2   2.2278155260555952
-2   2.2610195035954064
-2   2.7026840918009611
-2   2.8192945372315008
-2   2.0011058211991561
-2   2.0153144803717082
-2   2.0370036959053781
-2   3.4331985633537481
-2   2.8818528715601373
-2   2.9840570373594524
-2   2.7791244542908022
-2   2.0957765121679017
-2   2.0551686914120615
-2   2.0020758738014641
-2   2.0026374631552302
-2   2.000669880562465
-2   2.0029585341134428
-2   2.0203954884370496
-2   2.0016771387397987
-2   2.9806199561298437
-2   2.0133103485132584
-2   2.0027093659057291
-2   2.9875406829284885
-2   2.0020703587007542
-2   2.004370024283622
-2   2.0211930573209762
-2   2.00794931514673
-2   2.017981304502027
-2   2.0098795913619845
-2   2.8778325066420365
-2   2.0721611320508786
-2   2.1363223074328066
-2   2.0497725223705152
-2   2.0529373096827497
-2   2.5329562998826249
-2   2.4312037541080911
-2   2.1428888917067481
-2   2.2197489993689969
-2   2.7444645569445036
-2   2.1904902777172666
-2   2.9730249144017558
-2   2.1519245643604208
-2   2.9633023555122184
-2   2.8803035557649728
-2   3.8866177678650047

-1   1.0217843177089594
-1   1.0688618724381505
-1   1.1229968112834168
-1   1.6620847802561585
-1   1.0512008335351848
-1   1.4237645365335569
-1   1.4198396335456318
-1   1.1326493591223237
-1   1.6753897706231391
-1   1.3614054112724676
-1   1.9111492929881364
-1   1.2278172465319512
-1   1.8796242221402877
-1   1.8202820334450749
-1   2.8455718529612217
-1   1.0292521186909966
-1   1.9461586299609404
-1   1.2329876763827716
-1   1.1189176852953215
-1   2.0477214678653461
-1   1.8779500685796573
-1   2.80795057114742
-1   1.2527377593810245
-1   1.1078059257808897
-1   1.9139486663660379
-1   1.0194625718959898
-1   1.3382846626463041
-1   2.618283614683746
-1   1.7716487087318007
-1   2.0714102901271922
-1   1.0536557140975791
-1   1.3449756031321822
-1   1.3336845371403512
-1   1.5175260950372036
-1   1.3996262665374757
-1   1.8507128040160969
-1   1.3250402433012203
-1   1.3965201893261556
-1   1.3986585222230368
-1   1.6648431283820879
-1   1.7719130621831094
-1   1.2745486978943996
-1   1.5778326426011557
-1   1.3264385407209485
-1   1.4026688229623654
-1   2.7573356039152741
-1   1.1196323137964594
-1   1.2240468362563579
-1   1.7771226921517371
-1   1.3268876531000298
-1   1.0877906501663983
-1   1.8792003161781139
-1   1.8245072985821147
-1   1.9017052459070141
-1   1.8575605783805256
-1   1.2306081702244673
-1   2.0407530399414426
-1   2.1494429925125735
-1   2.1497937829905345
-1   2.5262094715705996
-1   2.4029848779998764
-1   1.8051901384067102
-1   1.4804897045078402
-1   1.9393901059195233
-1   2.2450340334265979
-1   3.0632761504364949
-1   1.8212553827661675
-1   1.6747269569363721
-1   1.6646585802352658
-1   2.0025889455652734
-1   2.3138025912739035
-1   1.9609239878741267
-1   2.04873782732091
-1   2.5265225346727282
-1   1.794365784154774
-1   1.7366188016839454
-1   1.7822825678385015
-1   1.6130812110879265
-1   1.7991832019038791
-1   1.7356363736802964
-1   1.7532234637210866
-1   2.6417746833961404
-1   2.0169896495393864
-1   2.346741359626614
-1   1.9895796790526576
-1   1.8927620788677428
-1   1.5447994811355659
-1   2.7438952289703225
-1   1.8154532649372439
-1   2.1953157796250005
-1   1.5638703586016596
-1   1.3943253565269751
-1   1.62918578231915
-1   1.7507694918297019
-1   1.2471098094999735
-1   2.4496813594174087
-1   1.8949944474731248
-1   1.4702188751262184
-1   1.0620193407762677
-1   1.9220886805434634
-1   1.2761316887907821
-1   1.6395319581465926
-1   2.8213302289841602
-1   1.7867037653610751
-1   1.9872377894995501
-1   1.1339508561136287
-1   1.3359338021865341
-1   1.1403552132473043
-1   1.9140163429259807
-1   1.0894909633464369
-1   1.8775425547030502
-1   1.8278015367667755
-1   1.9202585786701181
-1   1.1596417906224761
-1   1.0782716484511725
-1   1.0658255623884896
-1   1.9294317843936799
-1   2.1897662307641705
-1   2.2299638147192278
-1   1.8926591579171426
-1   2.0892155947292923
-1   1.6657090363409495
-1   1.5691544522175569
-1   2.4216949479806282
-1   1.6664399601902669
-1   2.4861635853424571
-1   1.396469646756568
-1   1.2402156668704789
-1   1.8145829087307166
-1   1.8850718096160426
-1   1.5343196402675878
-1   1.7599531475012151
-1   1.8481192182572301
-1   1.4973723908253289
-1   1.5457854777432729
-1   1.7324219596625681
-1   1.351140810363028
-1   1.4125449207864493
-1   1.841056765502
-1   2.0740564734725195
-1   1.7923174412897325
-1   1.7775313666146397
-1   1.700880964902558
-1   2.0546975715286901
-1   1.826358525203601
-1   2.5853461299050919
-1   2.0750876155612281
-1   2.7159553352999524
-1   2.1295069127188229
-1   2.3064587804554542
-1   1.4693208914400522
-1   2.3969035588942735
-1   1.6447587750244739
-1   1.7181007519533043
-1   1.6034947595535232
-1   2.0077025349955542
-1   1.445335456988577
-1   1.6437905140035389
-1   1.5832413469265272
-1   1.6375235844239548
-1   2.3284340524670366
-1   1.5688030226057541
-1   1.4547429297413814
-1   1.4328021413571514
-1   2.5076169858548019
-1   1.681218116256963
-1   2.119035732981279
-1   1.1885650264686631
-1   1.4852420258566801
-1   1.7394313738349805
-1   1.4158824522753544
-1   1.3799851995803645
-1   1.6135945895316945
-1   1.2261502683895931
-1   2.4044161246668936
-1   1.6005766017774907
-1   2.0851180174520336
-1   2.2331225857666333
-1   1.8857430197869856
-1   2.1828733440956296
-1   1.8699492628567373
-1   1.9601427772722939
-1   1.1302153592481294
-1   1.7468742423512178
-1   1.7459922190719079
-1   1.0579884081646174
-1   1.1755835464900501
-1   2.2165938786035841
-1   2.1338220940638206
-1   3.0946798324293558
-1   1.7943401114882773
-1   1.525395131322659
-1   2.6851406663244259
-1   1.2293234607513581
-1   2.5853647026324991
-1   1.6906316791849942
-1   2.3288289443219945
-1   2.6799408038640276
-1   1.9292986639974612
-1   1.1358375951553472
-1   1.4135422717736923
-1   1.6625854558736379
-1   1.0559568490809272
-1   1.9379551204546219
-1   1.0525281396553985
-1   1.6924597170424347
-1   1.1907313641430541
-1   1.2657479717292952
-1   1.5285549329486501
-1   1.2215809948757781
-1   1.9627191316928672
-1   1.7394391790296035
-1   2.0558363222300522
-1   1.8783016533804209
-1   1.3441099639041392
-1   1.5083980357565658
-1   1.8042720369705725
-1   1.4014397387671158
-1   2.3169227796018754
-1   1.4535361498151136
-1   2.1571288828974522
-1   1.8820865832021609
-1   1.9985894315936266
-1   1.9594588613938764
-1   1.2541196047281653
-1   1.3049751811202681
-1   1.2693899260900314
-1   1.872406743285806
-1   2.0776389279003222
-1   2.04512492180839
-1   1.8736575063191481
-1   1.1949873790847472
-1   1.1568881991085549
-1   1.6680550541983972
-1   1.6899122169211367
-1   1.4920756152712744
-1   1.6719230453222975
-1   1.7216637971703399
-1   1.4260403356618834
-1   1.3468646819036105
-1   1.927951593084428
-1   2.0045714762068103
-1   1.8507670099674502
-1   2.2221575777161298
-1   1.685057866224732
-1   1.8523059768967447
-1   2.423249393606421
-1   1.8164150214293655
-1   2.290082799150392
-1   1.6102500089581873
-1   2.5349858144548025
-1   2.495415524106475
-1   2.2367852785104225
-1   2.6922142629405115
-1   1.2511781017558041
-1   2.1921064604974032
-1   3.27374652320698
-1   2.170090603503251
-1   1.6317071868436375
-1   2.4463071199927078
-1   1.5897584505019369
-1   1.517888463231992
-1   2.0848313608373652
-1   2.3024771515015203
-1   1.7496108182921728
-1   1.5743365675092584
-1   1.7143908971241886
-1   2.3755712379820424
-1   2.6084683312168515
-1   2.0228260023483813
-1   2.3504979895737943
-1   1.5073010721225373
-1   3.8206586378574574
-1   1.0748048564513935
-1   1.9464042492614499
-1   1.0978113559574476
-1   1.2232625721918009
-1   1.0546217041998434
-1   1.7585313294819462
-1   1.1367004178563325
-1   1.3054317884532152
-1   1.7678614750520478
-1   1.9144574806040633
-1   1.1931188874485776
-1   1.3280253637455124
-1   2.0567954101656358
-1   2.6339278128544139
-1   1.5671486146430973
-1   1.4506457186540995
-1   1.6625676104639306
-1   1.9689522535269086
-1   1.7892721705721439
-1   2.9206458818596372
-1   1.2428080197613161
-1   1.9834675541130959
-1   1.0122863888028746
-1   1.0258283639983152
-1   1.6900077400805134
-1   1.0060279684384887
-1   1.4234890477641444
-1   1.041481848785125
-1   1.7852184387569143
-1   1.8094379461254326
-1   2.2595826291533889
-1   2.4411698649289759
-1   1.8617232080226338
-1   2.0641961483178961
-1   1.5783952900368132
-1   1.9781866307353955
-1   1.977120196994286
-1   1.1565815671994781
-1   1.5438379407281051
-1   2.2154445127183258
-1   1.9334838890280044
-1   1.8424891516314728
-1   1.1845173827278228
-1   1.3375543368932887
-1   1.7922955985118474
-1   1.8923193129311229
-1   1.7927796959490938
-1   2.0306507471271931
-1   1.9151587413245408
-1   1.1279947854065497
-1   2.5066753254582981
-1   1.1318035945401805
-1   1.8465340679178985
-1   2.0521987903682577
-1   1.8286917284685331
-1   1.1451085675321084
-1   1.2441511373017762
-1   1.3980191844575016
-1   1.4092519295959158
-1   3.648539151083364
-1   1.2129923474486375
-1   1.5898176037995331
-1   1.3622435704387561
-1   1.3988281177213029
-1   2.4606539061440991
-1   1.377467588463813
-1   1.6371521766484527
-1   2.007133113690621
-1   2.7221789834353443
-1   1.7848884034675141
-1   1.9254762046345064
-1   1.3052167379793358
-1   2.0815892768154254
-1   1.980003735686966
-1   1.9887067756059409
-1   1.6309275956413205
-1   1.2960088594219574
-1   1.7074021755283386
-1   1.0509656065241737
-1   1.0985592451623885
-1   1.5258465665420746
-1   1.8310315089919622
-1   2.8685369092361763
-1   1.7469711290196108
-1   1.018040538712611
-1   1.323476089382476
-1   1.8459529367423637
-1   1.8969676870729542
-1   1.70829609626086
-1   1.2855620472621441
-1   1.0193554607666513
-1   1.5754655567059364
-1   1.915266262063803
-1   1.9899853936734302
-1   1.0055067491066016
-1   1.0040305537610617
-1   1.033768380950681
-1   1.3838575872640919
-1   1.0269700649572211
-1   1.7054318968816915
-1   2.264629852949358
-1   2.1801091486616095
-1   1.3659500777676821
-1   1.2359292850697219
-1   1.3538965506379013
-1   1.3373146368130426
-1   2.5525392870594246
-1   2.6536868656834307
-1   1.0624600638571091
-1   1.150546210212966
-1   1.7384809957423539
-1   1.7700192495125
-1   1.9288064173129809
-1   1.2464076222863001
-1   1.1872043832417387
-1   1.2300640258293964
-1   1.8277476645772506
-1   1.8763997220520756
-1   1.8811671093209279
-1   1.0553179926924381
-1   1.0258009394978831
-1   1.0725014864137936
-1   1.0459329153998371
-1   1.0239074686935201
-1   1.9823254546088944
-1   1.4980409512600901
-1   2.3319103917533042
-1   2.2543343481959934
-1   1.6620826020092174
-1   2.1288128381269447
-1   1.7813736253888477
-1   1.4883495393847124
-1   1.8932685977293842
-1   1.1821350244558924
-1   1.5417630600982166
-1   1.3600950502873232
-1   1.0085355456426561
-1   1.0117670491086477
-1   1.0158359501512286
-1   1.9909944990021806
-1   1.0298391081843352
-1   1.8347906250311041
-1   1.0524930137719015
-1   1.9799411366212638
-1   1.0334685933011296
-1   1.1162260030513469
-1   1.3725246068057659
-1   2.4902471753224589
-1   2.2695061632663003
-1   2.4140382231788333
-1   2.676572484340745
-1   1.6758706191932489
-1   1.5379053008490815
-1   1.7062409202196989
-1   1.9347141293513253
-1   1.9001640981347947
-1   1.7160680474820502
-1   1.4243412101333301
-1   1.9969545942752642
-1   1.2352686066759642
-1   1.6128304485887828
-1   3.1903249368459141
-1   2.3674941021163303
-1   1.257922043416722
-1   2.81457121751018
-1   1.8514143354002388
-1   1.8065294269631726
-1   1.7169651116842077
-1   1.3670046020888871
-1   1.0897796114246934
-1   1.9697407271168217
-1   1.0170825172447462
-1   1.0218980922656722
-1   1.2180746995110387
-1   1.1898972471754021
-1   1.8188515204772111
-1   1.8117745624973733
-1   1.076533454045675
-1   1.1016923853491365
-1   1.107829303782742
-1   1.9733373050893346
-1   1.6925743322329807
-1   1.4846001388611452
-1   1.8212538679652632
-1   1.9802534894229553
-1   1.3227544455460722
-1   2.4817204713221401
-1   1.8621282922234825
-1   1.9608443580975901
-1   2.9259587756585943
-1   1.0131683957878226
-1   1.0281850198443432
-1   1.0104842625295267
-1   1.9154171809721032
-1   1.0329962448079133
-1   1.1247020184008945
-1   1.148421206633842
-1   1.0746723740035968
-1   1.8405028693720902
-1   1.198650023666362
-1   1.1840110370446393
-1   1.0924515537080632
-1   1.8570047368768781
-1   1.1924934580208861
-1   1.8261793874137928
-1   1.9507548389153202
-1   1.9316273963872224
-1   1.2351721304508325
-1   2.7648316760427396
-1   1.0802004256913293
-1   1.9607508964819726
-1   1.5711939981877681
-1   1.1280889493794302
-1   1.8422755262190571
-1   1.7730618315910411
-1   1.2864164446404025
-1   1.9934305772041494
-1   2.5119490088890344
-1   1.8962271854331809
-1   1.3032467656980833
-1   2.0444609742960655
-1   1.9929387480263148
-1   1.3654092696193252
-1   2.6242191058933839
-1   2.3528005648525152
-1   2.0195759172524714
-1   2.8913020664191307
-1   2.0471872625031846
-1   2.9529536512768457
-1   2.8498072695595158
-1   3.8703746180193006

0   0.031589842821476699
0   1.0025036234566753
0   0.66666964411915464
0   1.0370074172161379
0   1.0024710502820775
0   1.2778785863850182
0   1.0129781617060218
0   0.15581508170357727
0   1.4383825965637298
0   1.0028480589899673
0   1.0494353827371408
0   1.9975045952953363
0   0.60216690498348235
0   1.0272277939224219
0   1.0035158768531542
0   1.6986111542353064
0   1.26505122397643
0   1.9642337939591545
0   1.7758444957142707
0   2.8145507098703177
0   1.0016991238547306
0   1.6830267311592007
0   1.0028585747548524
0   0.94885590101218065
0   1.1196035627209866
0   1.9022302766032193
0   1.8988026903616881
0   2.8079518895315485
0   0.50667596594913977
0   1.2025621838624567
0   1.0881484811226769
0   1.8223246541939084
0   0.29887961699322807
0   1.0912941888066092
0   1.0019216307694849
0   0.66781227862113757
0   2.6917741983861641
0   0.069632598698257553
0   1.8826283548030114
0   1.6345196859666951
0   1.422631719039269
0   1.0020772037311882
0   0.79602494468566953
0   1.9535910610287077
0   1.0021729588328514
0   1.0924520352042815
0   1.9943993481225464
0   1.0937797528240325
0   0.24265708817639642
0   1.7167476711421883
0   1.0108628531362129
0   1.3311500364985307
0   1.9497048487313244
0   1.9732631200836463
0   1.0319094026043605
0   0.82952937734636056
0   1.5062711763843502
0   0.29081500786842762
0   1.0146786665949594
0   2.4405164572841285
0   1.0604815361429483
0   0.77679167140734395
0   1.0285580866368398
0   1.7051087081267564
0   1.0361760141838714
0   1.1347175520755572
0   1.543152084057827
0   1.8286942699670279
0   1.1490299229383281
0   2.3312918480255811
0   1.3202796144590838
0   1.0193119976369474
0   0.75573304062918556
0   1.7905237138552499
0   1.6048912836870346
0   2.7553137030590613
0   1.7826462485534296
0   1.1890060273982286
0   1.0340781972237549
0   1.930661434193083
0   2.53673376284714
0   1.7278160090561734
0   1.6921146880074636
0   3.3715235426292689
0   1.9605168426436701
0   1.8467920699643119
0   1.1613236157689892
0   1.9010231005412179
0   1.4459745718646273
0   2.319950484709782
0   1.6702106247253066
0   1.2610230681728158
0   2.1090795645916267
0   1.7284845485266898
0   1.7484496934275384
0   2.0586770367674414
0   1.6274164661522028
0   0.60484433511231428
0   2.3681711156463381
0   1.2910396893987917
0   1.1873528321469895
0   1.9705749110158304
0   1.8305243086321714
0   2.3237140936012892
0   1.3624745052094245
0   1.7271385858574648
0   1.6449980961491226
0   1.3880318132392713
0   2.5185826855102542
0   1.7209733897577277
0   1.5440360780348623
0   1.6755279632005782
0   1.3846837946271646
0   2.0349682932859299
0   1.806738813732288
0   1.4170503595099384
0   1.5061040903740706
0   1.6147375226835257
0   1.0904311422391397
0   1.1501422765095006
0   1.9933273456662883
0   2.3660357623725661
0   1.3457678027048161
0   1.7474309355786026
0   0.56440458324259035
0   1.1529716809704986
0   2.7263976299265789
0   1.2393097621946607
0   1.0851632240860964
0   1.4935266331043164
0   1.0245915163285662
0   1.5961171190486536
0   1.2364081643584635
0   1.2842333731533062
0   0.44036268197556816
0   1.0306954479449948
0   1.0418815339449108
0   1.6695051820136904
0   1.0059094704006346
0   1.9742702858440033
0   1.9618942300092295
0   1.3142426374101834
0   1.0193676081709355
0   1.118133842113699
0   1.5779762271652928
0   1.0062600682730127
0   0.19242845011124032
0   1.9121221213766386
0   1.8983689605432232
0   2.4796926927328027
0   1.816513616093411
0   1.9364563644445543
0   0.58341599006374412
0   2.0674540970808799
0   1.5533605053455846
0   1.8568713793697671
0   1.9544941204933468
0   0.58521630700184812
0   2.2514215687107293
0   0.68092722905156067
0   1.7257452310916968
0   1.1146994559598025
0   1.0995043015959374
0   1.2033951432832588
0   1.9320977286721694
0   1.7434117679837589
0   1.8383027290635665
0   1.122922931416354
0   1.2832362172032608
0   1.1288881741871932
0   1.3288298419278788
0   1.4248538095905943
0   1.9026749661626123
0   2.264518078052947
0   1.7016205787198722
0   1.5927293881027218
0   1.1706482082591099
0   1.9251968875509977
0   2.2244719543790525
0   1.3725651710880962
0   1.1779266992852637
0   0.96754165926803104
0   2.5300150736232103
0   2.5379074485378288
0   1.238914773195458
0   1.8182805408935789
0   2.7385393994141012
0   2.0641321819379002
0   1.8367337875050103
0   1.0585823575226463
0   1.5150537348311581
0   1.604105982562162
0   1.0698161424832717
0   1.6635291608738383
0   1.5201074256458837
0   1.1575573077341339
0   1.6294577137358099
0   1.891319101187892
0   2.0874672322456078
0   1.43403639032713
0   1.6974337723415807
0   1.2013252814240947
0   1.6012408557554494
0   1.1252947908177573
0   1.3213945100084479
0   1.6984689050317181
0   0.40649920287135399
0   2.2678828184871054
0   2.0178569181371535
0   1.1023969968882101
0   1.2045605955182808
0   1.5710860701408094
0   1.3781481940119178
0   1.4943834396229692
0   1.0795876303702925
0   2.1692559086351766
0   1.9691789294616115
0   0.76173180237543647
0   1.8856700735032925
0   1.4337644706675201
0   1.1629769102227625
0   1.3496740078760505
0   1.8970172552378326
0   1.6827683485612601
0   1.5628138743388647
0   1.5633115682176122
0   1.9359157376974925
0   2.0916126609873831
0   1.7572898260879937
0   1.0069844640423993
0   1.0308663593064464
0   1.0210756194428641
0   0.53300403930007856
0   1.9838109099281196
0   2.0111522325300792
0   1.964902523800276
0   1.8661192141203538
0   0.25067391957369878
0   2.3593063940604369
0   2.4376938327549231
0   1.5564714597708691
0   1.5565916467482954
0   2.2442518642040774
0   2.3369413497619234
0   1.05101974467788
0   2.4047404161303065
0   2.3652658037946317
0   1.0440750797346496
0   0.88184431654137874
0   1.9614422471861261
0   1.013110538261013
0   0.077962029210577266
0   1.0124951133418216
0   0.90019842253936821
0   1.2701216446416921
0   1.9566976063852919
0   1.0181349320346422
0   1.0063965656852283
0   1.9759231260099979
0   1.0727399215796083
0   1.9370710987179423
0   1.3059265183746478
0   1.3039487960863843
0   1.1774230711991431
0   1.010636267895525
0   1.3090752747796286
0   1.3193490553923337
0   1.0911325958424105
0   1.3033296131856975
0   1.0345720371146205
0   1.3578914387405014
0   1.054863684204107
0   1.2596453617314087
0   1.6286912889972869
0   2.2237268933136898
0   2.5444749557246125
0   1.0055850596559721
0   1.0267856427473807
0   1.934315597669007
0   1.9554749037160528
0   1.3475522817067505
0   0.57494141255817821
0   1.0117164281363635
0   1.8546545106341528
0   1.6761900420615694
0   1.9820865665338205
0   2.2566288394096436
0   1.3544834453305936
0   1.8841988209433769
0   1.0099686828119168
0   1.0182448675827975
0   0.79473110673050273
0   1.1555143936262795
0   1.9735086784252642
0   1.8439073232717358
0   1.7155969032262117
0   1.6580167004861441
0   1.0458211282519707
0   1.0287444476817442
0   1.5596396958808922
0   1.0306903807864898
0   1.8441044685608747
0   1.862335143925038
0   1.7451691945863947
0   1.3760169329248626
0   1.8993345420685683
0   1.7302066042256929
0   1.856646789970632
0   1.9373337319906092
0   2.5420231528965229
0   2.2454135429777966
0   1.0186855102110788
0   2.3996042611476809
0   1.884487143853693
0   2.8895198046741744
0   1.205124699149033
0   3.257264984689606
0   2.063867508968483
0   2.8220817006279613
0   1.9383220463687203
0   1.5266277485895867
0   1.8842952913133448
0   1.3117151770571445
0   0.50278602883563406
0   1.5383786113719049
0   1.0588816465979349
0   2.3573167088220077
0   1.9039289247300095
0   1.9470208292206386
0   2.0613491455563229
0   1.3016805561630751
0   2.6223564843425717
0   2.4371167970720298
0   1.9868782760153256
0   1.9282554244772228
0   1.0720269824001614
0   0.4245697515529876
0   3.8603714780441658
0   1.0149571764996359
0   1.0203027479128817
0   1.9356165804141825
0   0.31167345865527318
0   1.0013270175951052
0   1.0368186595427358
0   1.8839290081568096
0   1.0129837298246687
0   0.19162793468234585
0   1.2330202897082385
0   1.03979619345745
0   1.5435167331005979
0   1.8528570284926937
0   0.45256177279399146
0   1.0690912880924364
0   1.0558120386465002
0   1.9097051759641803
0   2.2413878233742786
0   1.3918197555410305
0   2.0917390777895712
0   1.7730738900280278
0   1.0103542135112837
0   0.75845026188125386
0   1.4949508276444072
0   1.7179226113325421
0   2.9583056248757433
0   1.0041345099162056
0   1.6394703103973471
0   0.91142553968028417
0   1.0121866044428383
0   1.0168577082369898
0   0.86930332650059605
0   1.0037922750670949
0   1.6541531235586979
0   1.0038758114006936
0   1.05585579613847
0   1.489283656064786
0   1.467356351510603
0   1.7775775855829874
0   1.8404511310464766
0   1.8070806144976834
0   1.6614198511080218
0   1.9856104742056369
0   2.4721680215845123
0   1.613766887012352
0   0.9307038184597447
0   0.96990707221630856
0   1.0015641780970361
0   1.0729944655948667
0   1.3332491217806828
0   2.8283137160891538
0   1.8508296916271387
0   1.7817853006664244
0   1.3048396958048538
0   1.3138831039720107
0   1.00439910087664
0   1.0100033733032083
0   1.9802384299234217
0   1.9945520360764029
0   1.3972817074425619
0   1.7853355676372145
0   1.0019150454241832
0   2.8420824094414123
0   0.64185394116195971
0   0.25915769764918728
0   1.0240825338361665
0   1.7720291250161591
0   1.4556091517439398
0   1.003318386861578
0   1.9922398695797434
0   1.0514505344437115
0   1.6946471030953907
0   0.63081704521554438
0   3.496270427766051
0   1.447089175743802
0   1.208303997140536
0   1.4343058996257747
0   2.0716271680219567
0   1.5467561031638613
0   1.0140379237342998
0   1.1898278984713344
0   1.5227186534913204
0   0.7672749270125343
0   1.1415127251979107
0   2.523660209752038
0   1.1149399952969534
0   1.4250818681556787
0   1.3633314033518
0   1.6447720206032184
0   1.4617453652091612
0   1.7791692847898544
0   2.3288476539246505
0   2.2219287610607252
0   2.1464235628148813
0   1.140033788915324
0   1.3016836020766991
0   0.69224898351736108
0   0.58911245017397906
0   1.6080689138737041
0   1.997329985160456
0   1.3191270543864038
0   1.0081545000480643
0   1.0047277149451714
0   2.6567648941439694
0   1.7861178994683082
0   1.0091636303041736
0   1.0024837047223598
0   0.67817969193401639
0   0.39828799468313481
0   1.9779927606430814
0   1.003522937842795
0   1.9790420881053548
0   1.9965085415533368
0   1.0008805548191693
0   1.00325917923291
0   1.9866510134816626
0   1.91907927608406
0   1.0041478859066486
0   1.0006703145034916
0   0.046923453430760431
0   1.0357445308477571
0   0.02622077281578461
0   0.050798045715548357
0   0.48827168964622725
0   1.0324362357401076
0   1.0042575483417304
0   1.8491761753430187
0   0.27876509191911636
0   1.9516434259535185
0   2.9538964391092652
0   1.9070037832569571
0   2.8938819116628194
0   1.0346784795107664
0   1.0009014187611553
0   1.0829243083705808
0   1.9940298975414046
0   1.8671138305026385
0   1.0080575156743945
0   1.0120374134298944
0   1.0336320556782259
0   1.5466239933010684
0   1.0753059081133229
0   1.0304811091294164
0   1.9404451713103881
0   0.49758854135983255
0   1.002271190830867
0   1.0022732888924524
0   1.9819849738550932
0   1.9451392045961367
0   1.0599552047612713
0   0.28844731073643326
0   1.0253719251704461
0   1.0049063867797772
0   0.21514400250726617
0   1.0087927325104458
0   0.067602276418213147
0   1.0088135805479752
0   0.81208751056124262
0   0.13944544614804122
0   1.291872231907242
0   0.21986655604293226
0   1.6662448237891549
0   2.6012398178089122
0   2.0190073279007383
0   1.8307134155632387
0   2.1118737562013714
0   1.5797750449178798
0   0.36566911766262078
0   1.9855569862055766
0   1.9836326006995648
0   1.1301434592397943
0   1.0341742509620031
0   1.0914038038924849
0   0.0539045317421597
0   0.06118502277712845
0   1.0039918433180182
0   1.0034831990948887
0   0.57771617859843594
0   1.0036061253379371
0   1.8054032445307646
0   1.0168251263662247
0   0.92372901774892635
0   1.0077565502525114
0   1.9701759974344624
0   1.1922201460557866
0   1.63735108938979
0   1.0353923248601218
0   1.0062314636600393
0   0.54397909628716712
0   2.758010168264001
0   1.9432272208699097
0   2.8236278754062587
0   1.8301687886608051
0   0.80663398275932741
0   1.0191521528846488
0   1.8813011976529754
0   1.8790198627011829
0   1.2825245333109345
0   1.1574360333024007
0   0.57260748237661496
0   1.7803177912933812
0   2.6313976412721138
0   2.0359421514796856
0   1.5769038441190175
0   1.1347335041659243
0   0.441804468362748
0   1.199015049945338
0   2.1491516739457812
0   3.0962033729882705
0   1.966329848836541
0   1.4794965980715304
0   1.4270077396016823
0   1.9493240670296945
0   1.9955411193752526
0   0.95406051191048591
0   1.306253739531164
0   1.0755015053623269
0   1.9391398747740927
0   0.049722169405465921
0   1.0042697415056185
0   1.0044826919385301
0   0.2467913959211453
0   0.4573565758981476
0   1.0047797413993154
0   1.0045154878581801
0   1.1068579304388375
0   1.8655282895340393
0   1.8862308656414646
0   1.4715207982013387
0   1.0068229255953085
0   1.1985846394262634
0   1.021264905861941
0   1.8781696271266042
0   1.7316830930741878
0   0.94095642328276963
0   1.0070665700748389
0   1.1284663722379444
0   1.4299937675646186
0   2.855082598319437
0   1.9694397835632813
0   1.8492173017864548
0   0.054396716134226919
0   2.9218512050664334
0   1.0007756485626178
0   0.095202035553817455
0   1.0070120750625544
0   1.0017159224463683
0   0.1232356890645061
0   1.9879522745020495
0   1.0142185184807158
0   0.10081299546257383
0   1.0172261217560881
0   1.0158865748429937
0   0.32797340143908038
0   1.009707207343947
0   1.9867201070826539
0   1.1362177223494989
0   1.029629580524662
0   1.0125242885372767
0   1.9320871504426615
0   0.36518968976279143
0   1.0453737690294189
0   1.9423403251320659
0   1.821687890603394
0   1.9541281194318074
0   0.40457739144330263
0   1.0926253477204475
0   2.8003505405875462
0   1.0163405328915334
0   0.76556963492471541
0   1.994172202355847
0   1.3007445031675497
0   1.0348711772600661
0   1.9015483863588361
0   1.9924755601185717
0   1.072669139375596
0   1.9161456756239996
0   2.4187676262654896
0   0.80153944249062414
0   2.0191762289284405
0   1.0631032241434699
0   1.9568267349439079
0   1.8767539964527362
0   1.3081040198825771
0   2.9407337245614893
0   2.0341303351971343
0   1.9868421924242545
0   2.8591189491620375
0   2.0314695615972873
0   2.9578295567014665
0   2.8524449846723559
0   3.8639318565471834

1   1.0217843177089614
1   1.0688618724381882
1   1.1229968112833946
1   1.6620847802560204
1   1.0512008335351581
1   1.4237645365337686
1   1.4198396335456882
1   1.1326493591220432
1   1.6753897706233603
1   1.3614054112724587
1   1.9111492929880836
1   1.2278172465319155
1   1.879624222140273
1   1.8202820334450549
1   2.8455718529612244
1   1.02925211869099
1   1.946158629960884
1   1.232987676382757
1   1.1189176852954954
1   2.0477214678652036
1   1.877950068579711
1   2.8079505711474084
1   1.2527377593810234
1   1.1078059257808444
1   1.9139486663660676
1   1.0194625718959958
1   1.338284662646047
1   2.6182836146836839
1   1.771648708731977
1   2.0714102901274623
1   1.0536557140976415
1   1.3449756031319167
1   1.3336845371403994
1   1.5175260950380123
1   1.39962626653656
1   1.8507128040161072
1   1.3250402433012569
1   1.3965201893261547
1   1.3986585222230308
1   1.6648431283820839
1   1.7719130621831241
1   1.2745486978944274
1   1.5778326426011073
1   1.3264385407209369
1   1.4026688229623629
1   2.757335603915299
1   1.1196323137964608
1   1.2240468362562165
1   1.7771226921517496
1   1.3268876531001166
1   1.0877906501664183
1   1.8792003161780784
1   1.8245072985821449
1   1.901705245906931
1   1.8575605783805562
1   1.2306081702244829
1   2.0407530399414124
1   2.1494429925120926
1   2.1497937829910727
1   2.526209471570537
1   2.402984877999911
1   1.8051901384066684
1   1.480489704508031
1   1.9393901059195344
1   2.2450340334272068
1   3.0632761504360202
1   1.8212553827660489
1   1.6747269569365457
1   1.664658580234593
1   2.0025889455660306
1   2.3138025912747913
1   1.9609239878730977
1   2.0487378273208003
1   2.5265225346726923
1   1.7943657841548601
1   1.7366188016839565
1   1.7822825678383611
1   1.6130812110878119
1   1.7991832019038272
1   1.7356363736800957
1   1.7532234637211177
1   2.6417746833961737
1   2.0169896495393931
1   2.3467413596267814
1   1.9895796790529632
1   1.8927620788675368
1   1.5447994811351617
1   2.7438952289704455
1   1.8154532649374255
1   2.1953157796249494
1   1.5638703586016169
1   1.3943253565267326
1   1.6291857823190847
1   1.7507694918297521
1   1.2471098095001543
1   2.4496813594175308
1   1.8949944474731546
1   1.4702188751261036
1   1.0620193407762621
1   1.9220886805433781
1   1.2761316887907879
1   1.6395319581468031
1   2.8213302289841455
1   1.7867037653609552
1   1.9872377894995195
1   1.1339508561136227
1   1.3359338021865499
1   1.1403552132473966
1   1.9140163429259833
1   1.0894909633461427
1   1.8775425547032163
1   1.8278015367667737
1   1.9202585786701762
1   1.159641790622383
1   1.0782716484511905
1   1.0658255623884891
1   1.9294317843936923
1   2.1897662307641883
1   2.2299638147193046
1   1.8926591579171035
1   2.0892155947292004
1   1.6657090363411551
1   1.5691544522175498
1   2.4216949479805141
1   1.6664399601901789
1   2.4861635853425099
1   1.396469646756572
1   1.2402156668703215
1   1.8145829087308294
1   1.8850718096160417
1   1.5343196402675914
1   1.7599531475012444
1   1.8481192182572381
1   1.4973723908252461
1   1.5457854777431184
1   1.7324219596625459
1   1.3511408103632514
1   1.4125449207864986
1   1.8410567655019929
1   2.074056473472512
1   1.7923174412896752
1   1.7775313666147681
1   1.7008809649025722
1   2.0546975715287763
1   1.8263585252035175
1   2.5853461299051044
1   2.075087615561209
1   2.7159553352999053
1   2.1295069127181909
1   2.3064587804560222
1   1.4693208914400662
1   2.396903558894254
1   1.6447587750244894
1   1.7181007519533398
1   1.6034947595534881
1   2.0077025349954543
1   1.4453354569885757
1   1.6437905140037357
1   1.5832413469264934
1   1.6375235844239651
1   2.3284340524671499
1   1.5688030226055441
1   1.4547429297413732
1   1.4328021413571395
1   2.5076169858548347
1   1.6812181162569253
1   2.1190357329812883
1   1.1885650264686665
1   1.4852420258566745
1   1.7394313738349956
1   1.415882452275383
1   1.3799851995803849
1   1.6135945895316457
1   1.2261502683894399
1   2.4044161246669282
1   1.60057660177762
1   2.0851180174520532
1   2.2331225857666035
1   1.8857430197869984
1   2.1828733440955874
1   1.8699492628567431
1   1.9601427772722926
1   1.1302153592481221
1   1.7468742423511956
1   1.7459922190719093
1   1.0579884081646165
1   1.1755835464903497
1   2.2165938786035659
1   2.1338220940636408
1   3.094679832429394
1   1.7943401114882995
1   1.5253951313226266
1   2.6851406663243882
1   1.2293234607512844
1   2.585364702632905
1   1.6906316791856115
1   2.3288289443215651
1   2.6799408038636656
1   1.9292986639974505
1   1.1358375951553685
1   1.413542271773635
1   1.6625854558736894
1   1.0559568490809239
1   1.9379551204546281
1   1.0525281396554118
1   1.6924597170424276
1   1.1907313641430595
1   1.2657479717292648
1   1.5285549329486656
1   1.2215809948757606
1   1.9627191316928774
1   1.7394391790296519
1   2.0558363222300997
1   1.8783016533804302
1   1.3441099639040981
1   1.5083980357565152
1   1.8042720369706124
1   1.4014397387670179
1   2.3169227796017391
1   1.4535361498152923
1   2.1571288828974797
1   1.8820865832021707
1   1.9985894315936337
1   1.9594588613938497
1   1.2541196047281726
1   1.3049751811203081
1   1.269389926090037
1   1.8724067432857914
1   2.0776389279003489
1   2.0451249218083549
1   1.8736575063191583
1   1.1949873790847387
1   1.1568881991085578
1   1.6680550541983821
1   1.6899122169211358
1   1.492075615271292
1   1.6719230453223028
1   1.7216637971703901
1   1.4260403356618219
1   1.3468646819035808
1   1.9279515930844462
1   2.0045714762067979
1   1.850767009967456
1   2.2221575777161462
1   1.6850578662247373
1   1.8523059768967323
1   2.4232493936064441
1   1.8164150214293464
1   2.2900827991504262
1   1.6102500089581566
1   2.5349858144548127
1   2.4954155241064817
1   2.2367852785104398
1   2.6922142629405057
1   1.2511781017556891
1   2.1921064604974831
1   3.2737465232069596
1   2.1700906035031369
1   1.6317071868436352
1   2.4463071199927997
1   1.5897584505019386
1   1.5178884632319987
1   2.0848313608374962
1   2.3024771515015714
1   1.7496108182919992
1   1.574336567509222
1   1.7143908971241197
1   2.3755712379820784
1   2.6084683312168719
1   2.0228260023483657
1   2.350497989573785
1   1.5073010721225151
1   3.8206586378574787
1   1.0748048564513655
1   1.9464042492614548
1   1.0978113559574432
1   1.2232625721918118
1   1.0546217041998456
1   1.758531329481944
1   1.1367004178563247
1   1.3054317884532038
1   1.7678614750521056
1   1.9144574806040184
1   1.1931188874485992
1   1.3280253637455173
1   2.0567954101656087
1   2.6339278128544188
1   1.5671486146430973
1   1.450645718654116
1   1.6625676104639129
1   1.9689522535269415
1   1.7892721705721524
1   2.920645881859643
1   1.2428080197613023
1   1.9834675541130951
1   1.0122863888028737
1   1.0258283639983201
1   1.6900077400805191
1   1.0060279684384901
1   1.4234890477641302
1   1.0414818487851283
1   1.785218438756913
1   1.8094379461254033
1   2.2595826291533223
1   2.441169864928983
1   1.8617232080227906
1   2.064196148317921
1   1.5783952900367333
1   1.9781866307353262
1   1.9771201969942869
1   1.1565815671994926
1   1.5438379407280709
1   2.2154445127184128
1   1.9334838890279857
1   1.842489151631471
1   1.1845173827278244
1   1.3375543368933029
1   1.7922955985118341
1   1.892319312931122
1   1.7927796959490889
1   2.0306507471271953
1   1.9151587413245408
1   1.1279947854065493
1   2.506675325458299
1   1.1318035945401868
1   1.8465340679179061
1   2.0521987903682772
1   1.8286917284685593
1   1.1451085675320483
1   1.244151137301724
1   1.3980191844575078
1   1.4092519295959178
1   3.6485391510833693
1   1.2129923474486248
1   1.5898176037994571
1   1.3622435704387859
1   1.39882811772127
1   2.4606539061441461
1   1.3774675884638687
1   1.6371521766484758
1   2.0071331136906219
1   2.722178983435303
1   1.7848884034675452
1   1.9254762046345668
1   1.3052167379793111
1   2.0815892768153956
1   1.9800037356869629
1   1.9887067756059502
1   1.6309275956415483
1   1.296008859421941
1   1.7074021755280873
1   1.0509656065241699
1   1.0985592451623809
1   1.5258465665420715
1   1.8310315089919595
1   2.8685369092361732
1   1.7469711290196339
1   1.0180405387126077
1   1.3234760893824402
1   1.8459529367424525
1   1.8969676870729097
1   1.7082960962606939
1   1.2855620472621883
1   1.0193554607666013
1   1.5754655567060527
1   1.9152662620637848
1   1.989985393673452
1   1.0055067491066021
1   1.0040305537610632
1   1.0337683809506799
1   1.3838575872640917
1   1.0269700649572171
1   1.7054318968816902
1   2.2646298529493141
1   2.1801091486615558
1   1.3659500777677009
1   1.2359292850697638
1   1.3538965506379563
1   1.3373146368130506
1   2.5525392870594632
1   2.6536868656833952
1   1.0624600638571409
1   1.1505462102129067
1   1.7384809957424299
1   1.7700192495124587
1   1.9288064173130444
1   1.2464076222862581
1   1.1872043832417143
1   1.2300640258294462
1   1.8277476645772182
1   1.8763997220520987
1   1.8811671093209044
1   1.0553179926924379
1   1.0258009394978882
1   1.0725014864138041
1   1.0459329153998245
1   1.0239074686935317
1   1.9823254546089015
1   1.4980409512600159
1   2.3319103917532704
1   2.2543343481959544
1   1.6620826020093018
1   2.1288128381269433
1   1.7813736253888073
1   1.4883495393847399
1   1.8932685977293944
1   1.1821350244559576
1   1.5417630600982748
1   1.3600950502873004
1   1.0085355456426603
1   1.0117670491086481
1   1.0158359501512335
1   1.9909944990021824
1   1.0298391081843234
1   1.8347906250310668
1   1.0524930137719297
1   1.9799411366212003
1   1.0334685933010923
1   1.1162260030515214
1   1.3725246068057209
1   2.4902471753225326
1   2.2695061632661835
1   2.4140382231788462
1   2.676572484340864
1   1.675870619193113
1   1.5379053008488537
1   1.7062409202192241
1   1.9347141293520269
1   1.9001640981353658
1   1.7160680474811234
1   1.4243412101337387
1   1.9969545942752265
1   1.2352686066760341
1   1.6128304485887672
1   3.1903249368459052
1   2.3674941021165639
1   1.2579220434162703
1   2.8145712175102964
1   1.8514143354003938
1   1.806529426962947
1   1.7169651116840505
1   1.3670046020888895
1   1.089779611424714
1   1.9697407271168119
1   1.0170825172447671
1   1.0218980922656751
1   1.218074699511001
1   1.1898972471752114
1   1.8188515204770215
1   1.8117745624972303
1   1.0765334540460167
1   1.1016923853494227
1   1.1078293037824958
1   1.9733373050895628
1   1.6925743322324718
1   1.484600138861738
1   1.8212538679651207
1   1.98025348942295
1   1.3227544455461775
1   2.4817204713222316
1   1.8621282922233919
1   1.9608443580975989
1   2.9259587756586156
1   1.0131683957878272
1   1.0281850198443321
1   1.0104842625295303
1   1.9154171809720824
1   1.0329962448079053
1   1.1247020184009222
1   1.1484212066339248
1   1.0746723740035484
1   1.8405028693719272
1   1.1986500236662541
1   1.1840110370447721
1   1.0924515537079988
1   1.8570047368769855
1   1.1924934580208464
1   1.8261793874137342
1   1.9507548389154059
1   1.9316273963870767
1   1.2351721304510324
1   2.7648316760428764
1   1.080200425691302
1   1.960750896481954
1   1.5711939981876477
1   1.1280889493793467
1   1.8422755262184602
1   1.7730618315912721
1   1.2864164446412263
1   1.9934305772041507
1   2.5119490088893048
1   1.8962271854327502
1   1.3032467656982405
1   2.0444609742959203
1   1.9929387480255141
1   1.3654092696189235
1   2.6242191058936877
1   2.3528005648527732
1   2.0195759172526806
1   2.891302066419239
1   2.0471872625031544
1   2.9529536512768555
1   2.8498072695595256
1   3.8703746180193388

2   2.0002566310628462
2   2.0004125997309901
2   2.000878761445672
2   2.1342317163063873
2   2.0084648416527857
2   2.8969678550437949
2   2.0027535931369358
2   2.1062173666081945
2   2.0036458969700819
2   2.9117445973170724
2   2.0011339106138704
2   2.0031029541247736
2   2.8764579209011618
2   2.142900158882969
2   2.0189801195617934
2   2.0096752076243352
2   2.0133546896036227
2   2.0168901405232642
2   2.0150172281833427
2   2.8872647524310318
2   2.131183619336583
2   2.003264066428569
2   2.0826161071971865
2   2.9648375004683456
2   2.7307775369950806
2   2.7482213864594591
2   2.0303982026297867
2   2.2788493948250741
2   2.381706957327506
2   2.2365590834688005
2   2.7776408222661058
2   2.1061540582246394
2   3.0607928828327418
2   2.5499656971530702
2   2.3675401455062954
2   2.106186749553387
2   2.8696555453557981
2   2.4429400547013209
2   2.282910457360686
2   3.2770779807432704
2   2.3653627543104889
2   2.5792525251571163
2   3.0597593623476884
2   2.3080649006563512
2   2.3528123982541733
2   2.3316127373617084
2   2.2574524667164853
2   2.5922239978212551
2   2.2096505452809581
2   2.1016148167283069
2   2.5398596734912786
2   2.3695563230619912
2   2.011007372808995
2   2.0018273842220089
2   2.0075502282652531
2   2.0068967748835069
2   2.0561412984647975
2   2.0972943629887233
2   2.9187310019209147
2   2.6000201283473117
2   2.366471478519327
2   2.9681798526629026
2   2.0710500283163178
2   2.0643020309249773
2   2.0206067768000615
2   2.0912796429602309
2   2.3218769927469967
2   2.5135621582276015
2   2.0424401235770455
2   3.0583558605606997
2   2.4008951090224833
2   2.096169413585919
2   3.2877669314331093
2   2.4924915568918236
2   2.9404120032449748
2   2.1034360527231186
2   2.7035318977808944
2   2.0432836661000975
2   2.0737313362059058
2   2.0418014732846035
2   2.1119325339289303
2   2.7524437242794728
2   2.2831788880740018
2   2.2525932382701153
2   2.2476432828069557
2   2.1906821033598995
2   2.0710588152391654
2   2.7525258563416188
2   2.4849580677496723
2   2.01492823401265
2   2.4059062621475436
2   2.0607766372932663
2   2.673553670075226
2   2.6861443350458987
2   2.7087265246976893
2   2.7046959662919008
2   2.9859628088208345
2   2.3791473453657059
2   2.6687375824611772
2   2.7009713841060465
2   2.0516630106117963
2   2.0025266445077805
2   2.0210642539800006
2   2.02465902359471
2   2.072327782184749
2   2.2794987119429284
2   2.141315091483611
2   2.3334301442399208
2   2.4662648501335158
2   2.8192345947880195
2   2.0289325967174752
2   2.0054848253465538
2   2.9849781097137384
2   2.0132580042358974
2   2.0066624158767863
2   2.0033267545829156
2   2.0120050276925285
2   2.0251732734742443
2   2.0546385268774872
2   2.1348460923043135
2   2.513024529448602
2   2.3638275224180969
2   2.1380496659460984
2   2.387596028227934
2   2.1483698986347992
2   2.7320050993941711
2   2.6832473657932816
2   3.2732365374378363
2   2.8308265712567531
2   2.3145430783240561
2   3.2374023980794568
2   2.6750696891379668
2   2.2673579782190316
2   2.2752780259854313
2   2.681798190994015
2   2.3885902959138026
2   2.4149892226606648
2   2.3027489039995945
2   2.7426308598115288
2   2.5652805462301855
2   3.7776999218712621
2   2.0157485688607801
2   2.0023842341404583
2   2.0304479139615705
2   2.002481539625558
2   2.4539103530449529
2   2.5232702888454042
2   2.0512304451646388
2   2.1987384301714745
2   2.1144123588185253
2   2.7914006937724669
2   2.018916933350114
2   2.0007969653747808
2   2.9304555685065727
2   2.6766911202582562
2   2.3985322935643767
2   2.086608446021275
2   2.0039603033850963
2   2.9931143724740989
2   2.0076097670930357
2   2.0008880009130432
2   2.0043987861335784
2   2.0067945531527838
2   2.0099913294169816
2   2.0363704045732458
2   2.9082533203055791
2   2.006527046572379
2   2.0167063755791053
2   2.1220505989923955
2   3.8222941227341574
2   2.1720644324387304
2   2.2037366222177921
2   2.7004239255283276
2   2.8344690265727306
2   2.9373058530742422
2   2.3620679875569577
2   2.0543581779020097
2   2.0297824855163054
2   2.075824981021885
2   2.0567626080963777
2   2.9617339900967248
2   2.0003798712263379
2   2.0044510409723739
2   2.0008746533877226
2   2.003802425182029
2   2.0016522355294315
2   2.001893931939116
2   2.0044813568997908
2   2.2030189358329073
2   2.1668069790189515
2   2.6807796225807397
2   2.6966218636348041
2   2.1877897001417406
2   2.1974991632007481
2   2.0231065434840954
2   2.0198333003221083
2   2.0012849666790786
2   2.0113113272917764
2   2.5412431692059703
2   2.7830821337353981
2   2.4556786320451942
2   2.1652089086326916
2   2.094741933133542
2   2.1151566336783114
2   2.0025319232304235
2   2.0449215867687198
2   2.1089921496854864
2   2.2278155260555801
2   2.2610195035952527
2   2.7026840918009873
2   2.8192945372315039
2   2.001105821199149
2   2.0153144803717176
2   2.0370036959053808
2   3.4331985633537481
2   2.8818528715601492
2   2.9840570373595128
2   2.7791244542907423
2   2.0957765121679097
2   2.0551686914120415
2   2.0020758738014637
2   2.0026374631552284
2   2.0006698805624632
2   2.0029585341134415
2   2.0203954884370594
2   2.0016771387397947
2   2.980619956129833
2   2.0133103485132731
2   2.00270936590573
2   2.9875406829284761
2   2.0020703587007489
2   2.0043700242836189
2   2.0211930573209527
2   2.0079493151467371
2   2.017981304502027
2   2.0098795913619498
2   2.8778325066421204
2   2.0721611320508742
2   2.1363223074327342
2   2.0497725223704717
2   2.0529373096827963
2   2.5329562998826871
2   2.4312037541079579
2   2.1428888917067339
2   2.2197489993686723
2   2.7444645569448363
2   2.1904902777172102
2   2.973024914401782
2   2.1519245643603497
2   2.963302355512222
2   2.8803035557650105
2   3.8866177678650384

3   3.0000211870400526
3   3.0000325075230574
3   3.0003106692512764
3   3.0008972023047926
3   3.0002382534054681
3   3.0185600886701094
3   3.0066819998540892
3   3.8857753351435553
3   3.0003854941948558
3   3.1224240437105344
3   3.8774528707470859
3   3.1404701789670781
3   3.0009320358774403
3   3.0001190975627092
3   3.0043172871271198
3   3.000298087156414
3   3.0017547250224164
3   3.0001343991087137
3   3.8076421547301873
3   3.0005229048164122
3   3.0174075271986176
3   3.1756899808709114
3   3.0030004724272645
3   3.0406503288077187
3   3.0074272859027649
3   3.0014899980272083
3   3.7675545034223576
3   3.0002343167848142
3   3.2679754748772294
3   3.0000804288785483
3   3.0025819974310903
3   3.0000407070707324
3   3.0014457344743257
3   3.0024391293397521
3   3.3089579094110175
3   3.0021879496865278
3   3.1181138282816603
3   3.6287559643498843
3   3.0044980801979357
3   3.0048582371788521
3   3.0610388979080363
3   3.0074755009813607
3   3.9443946719432565
3   3.0000611387789475
3   3.0001178787110043
3   3.0001627489353369
3   3.0009724861089881
3   3.000069400308329
3   3.00000973630033
3   3.8005949235894949
3   3.0000307571727665
3   3.2397323081220089
3   3.0000095655192709
3   3.0015887798042349
3   3.000102528535765
3   3.0001297842863006
3   3.0000044964225538
3   3.0000193199221146
3   3.0263653879388674
3   3.0000096156711193
3   3.9403518065959666
3   3.0000558580603554
3   3.0491274525917116
3   3.000024521560281
3   3.0000311797952892
3   3.0001585232340195
3   3.0000228176527606
3   3.0000780786592389
3   3.0000154373347714
3   3.0923947979318607
3   3.0000583928328206
3   3.926334322805654

4   4
4   4.0000000000000009
4   4
4   4
4   4
4   4
4   4
4   4
4   4

