-1.5   1.5
-1.5   1.5
-1.5   1.5
-1.5   1.4999999999999998

-0.5   0.51055404410999961
-0.5   0.49999999999999989
-0.5   1.4982657273270124
-0.5   0.49999999999999989
-0.5   1.4938425526591319
-0.5   0.50320142758609121
-0.5   1.5
-0.5   0.49999999999999978
-0.5   0.50168478032694463
-0.5   0.51507956370658325
-0.5   0.49999999999999978
-0.5   1.4925196255055353

0.5   0.51055404410999983
0.5   0.5
0.5   1.4982657273270132
0.5   0.5
0.5   1.4938425526591326
0.5   0.50320142758609165
0.5   1.5000000000000004
0.5   0.49999999999999989
0.5   0.50168478032694463
0.5   0.51507956370658348
0.5   0.49999999999999967
0.5   1.4925196255055353

1.5   1.5
1.5   1.5
1.5   1.5
1.5   1.4999999999999998

