-4   4
-4   4.0000000000000009
-4   4
-4   4
-4   4
-4   4
-4   4.0000000000000009
-4   4
-4   4.0000000000000009

-3   3.0000420338839349
-3   3.0000681276461205
-3   3.0005535599744988
-3   3.0017069394419349
-3   3.000795268751121
-3   3.0412775984078149
-3   3.0111510845045482
-3   3.7899684233101052
-3   3.0006719233861192
-3   3.2119430285516004
-3   3.8400387409052907
-3   3.0018891550951015
-3   3.1772295808109488
-3   3.0001995616593362
-3   3.0071003712882187
-3   3.0005489813394743
-3   3.0032993776356594
-3   3.0002857280819253
-3   3.7790779442956621
-3   3.0008752879263403
-3   3.0319095419770856
-3   3.1607731854214336
-3   3.0053026683485973
-3   3.0737420436280871
-3   3.0152818982732184
-3   3.0020278267556795
-3   3.7598307707712895
-3   3.0004172772782609
-3   3.2654171790180904
-3   3.0001461454879341
-3   3.0048520602734099
-3   3.0000745608061399
-3   3.0025687184080097
-3   3.0064461601220827
-3   3.2941799434655015
-3   3.0022547273609983
-3   3.2853172387235015
-3   3.4804597128446728
-3   3.0081047196356985
-3   3.0085196380047865
-3   3.1003753472478648
-3   3.0125743359607684
-3   3.9062631124096887
-3   3.0001142929741773
-3   3.000204424881268
-3   3.0003037936409163
-3   3.0017693318086871
-3   3.0001121157242876
-3   3.0000192475463949
-3   3.6502757980438165
-3   3.0000554902326093
-3   3.403944454835734
-3   3.0000185830460584
-3   3.0028087805950867
-3   3.0001926316176646
-3   3.0002401452614258
-3   3.0000095694354489
-3   3.0000347616125396
-3   3.0437605422383371
-3   3.0000210072194657
-3   3.9071938467184202
-3   3.0000991127474803
-3   3.0728417972850832
-3   3.0000462841525617
-3   3.0000583263470459
-3   3.0003188568270898
-3   3.0000368870608569
-3   3.0000164998484506
-3   3.0000193246575426
-3   3.1308665771415161
-3   3.0001211440803406
-3   3.8946944219372348

-2   2.000534474471884
-2   2.0012352322982303
-2   2.0022642605341225
-2   2.1886938582931239
-2   2.0156297467862436
-2   2.8508394902816936
-2   2.0058164569626582
-2   2.147217146998849
-2   2.0061176952770712
-2   2.8710260329892652
-2   2.0028390872699258
-2   2.8724371503516948
-2   2.0054813384190728
-2   2.1289906312102018
-2   2.0383157227639623
-2   2.0185306878107374
-2   2.0416075981075767
-2   2.0418050282930271
-2   2.0167395476991827
-2   2.8011721504966149
-2   2.206007276233974
-2   2.0066283430314318
-2   2.1329189279375247
-2   2.9419543143858764
-2   2.6616940477922202
-2   2.5962282129549434
-2   2.0590358010010243
-2   2.4193856371700826
-2   2.2617888566362825
-2   2.7844723090073558
-2   2.2914597285166365
-2   2.2013081490699702
-2   2.9352773957019402
-2   2.5568691695660068
-2   2.2634896875478425
-2   2.2095822177179563
-2   2.8776046508414255
-2   2.6425619901350097
-2   2.4207831828119262
-2   3.0222198628416521
-2   2.4424317060373619
-2   2.3758849091460146
-2   3.0033073711906941
-2   2.4082642640625598
-2   2.575302473619935
-2   2.3206010726737274
-2   2.1640873300439756
-2   2.4486711298562622
-2   2.3072278856896387
-2   2.3433464107701312
-2   2.2425873983049041
-2   2.5787601305067738
-2   2.0186213058463052
-2   2.0033832891472523
-2   2.0130845302100924
-2   2.0130077582754589
-2   2.0484607192765769
-2   2.1848197761536943
-2   2.8624763106707856
-2   2.4399050550430261
-2   2.4310603389343064
-2   2.8675228226028575
-2   2.2678482447938757
-2   2.1287725357186384
-2   2.2642714740863608
-2   2.0304916155143209
-2   2.5521969848820514
-2   2.2368167766302034
-2   2.8582256217958601
-2   2.0854173603159092
-2   2.3123945852914605
-2   2.9622720085403547
-2   2.0837356014495119
-2   2.8986014683563806
-2   2.2013699065328796
-2   2.8961979947399565
-2   2.6578609433041418
-2   2.148833447500182
-2   2.0780396750906958
-2   2.2178231127008292
-2   2.0602731752971084
-2   2.4800804357211526
-2   2.3785687577963039
-2   2.2913192710788857
-2   2.2557922808527304
-2   2.2829690512906584
-2   2.0349811481223168
-2   2.7529569120449171
-2   2.2875558264272944
-2   2.0414444141125898
-2   2.5641447989108701
-2   2.0960154034271428
-2   2.6545533820480167
-2   2.6728891318617367
-2   2.7092068750448344
-2   2.7053249933082584
-2   2.9781586200448733
-2   2.3815869094431155
-2   2.5850937092670558
-2   2.6972407161708007
-2   2.1608211928454026
-2   2.0049120520425037
-2   2.0669197018080983
-2   2.0836651910939508
-2   2.0592979608311111
-2   2.2384574179062517
-2   2.1378515879841502
-2   2.2082701920285621
-2   2.5718795208942948
-2   2.7820928551331101
-2   2.0526433904337287
-2   2.0081377105269449
-2   2.9699720439339119
-2   2.0228140226245457
-2   2.0140751036764022
-2   2.0097649922414313
-2   2.0271850492249381
-2   2.0520465730766859
-2   2.325108884677507
-2   2.1950896583197586
-2   2.4212860043802054
-2   2.2438489840092646
-2   2.1921354790473222
-2   2.2576437243182612
-2   2.2526471140982145
-2   2.8501072195881787
-2   2.4498444692275836
-2   3.1760279864253196
-2   2.930747324582724
-2   2.2595820370203259
-2   3.1869535049923599
-2   2.6976542515427959
-2   2.3362283488670488
-2   2.459513304728739
-2   2.7170892670796731
-2   2.1351744939365416
-2   2.4306490239277898
-2   2.3978754848440107
-2   2.6597218846366948
-2   2.7912834706246357
-2   3.5726638645859889
-2   2.0244637118043998
-2   2.004338799675033
-2   2.0697998133360063
-2   2.0054512724854123
-2   2.4682266469092919
-2   2.0700629457897803
-2   2.4319172970904748
-2   2.2256751351978643
-2   2.1932571106568952
-2   2.7331172941513895
-2   2.0418956617455724
-2   2.0016448680478742
-2   2.8953942450486707
-2   2.6022592608377524
-2   2.4767157960269222
-2   2.1264148266540284
-2   2.0062750114056964
-2   2.9886108331325425
-2   2.0018918950809983
-2   2.0127675032183006
-2   2.0093041541764682
-2   2.0162742177292028
-2   2.0183062348915763
-2   2.0680563466079254
-2   2.8202928243102048
-2   2.0142393326632795
-2   2.0201107322612804
-2   2.2279822464137751
-2   3.6739981015737309
-2   2.2047362979295677
-2   2.2320090101779311
-2   2.7404564222053325
-2   2.8010566491371445
-2   2.9089782628941641
-2   2.3557261739302477
-2   2.1943667439585677
-2   2.0304166362423981
-2   2.0827340497232112
-2   2.0955226065666297
-2   2.9343319359365654
-2   2.0006477367496514
-2   2.0107317471319823
-2   2.0016044625722027
-2   2.0069664856592424
-2   2.0030208856693417
-2   2.0036289051329428
-2   2.0081617186177145
-2   2.1969003831966885
-2   2.1717128412466469
-2   2.5679982361369116
-2   2.5923177273349811
-2   2.190097616038138
-2   2.1588314921405654
-2   2.1785347011295486
-2   2.1594487792107553
-2   2.0024521134029483
-2   2.0219849685208273
-2   2.6543187280137679
-2   2.7092424330369012
-2   2.2753352331241596
-2   2.194765661952649
-2   2.1535772491582428
-2   2.1717624744439603
-2   2.0550932050813433
-2   2.0031700961951695
-2   2.2889806111167355
-2   2.2374714947720133
-2   2.1314388554719002
-2   2.6682060946053374
-2   2.8094084433505029
-2   2.0034676201442059
-2   2.0714491370368364
-2   2.027480251308587
-2   3.1934961426481236
-2   2.8418002140533698
-2   3.223284066527774
-2   2.747487785585665
-2   2.1634348007054078
-2   2.0262884931580585
-2   2.0028283374263762
-2   2.0047981376053929
-2   2.0012594948590361
-2   2.0051941501822901
-2   2.0385840332340841
-2   2.0032696055244923
-2   2.9634517038757817
-2   2.0252621492951408
-2   2.005032825500618
-2   2.976266063950546
-2   2.0036889253892443
-2   2.0071790918904839
-2   2.0413951271801367
-2   2.0186616953966436
-2   2.0410053593829267
-2   2.0116358697561849
-2   2.7424536825720094
-2   2.0946444886991196
-2   2.2863407570177801
-2   2.0702742893899888
-2   2.0672536072568763
-2   2.1961500379134695
-2   2.6934723877596829
-2   2.1852619474520929
-2   2.1310827267634673
-2   2.2688956332182006
-2   2.7461497127088368
-2   2.2650144951654241
-2   2.9606069501268704
-2   2.9427060724509859
-2   2.8317306705807739
-2   3.8370997340133615

-1   1.0703063034697444
-1   1.1352737391670795
-1   1.1431411770748618
-1   1.5125296220986808
-1   1.0799979458074864
-1   1.6176756015473641
-1   1.3423600650325536
-1   1.3286661491097356
-1   1.1569469961270193
-1   1.740610890520597
-1   1.9035628567642804
-1   1.2727485273542285
-1   1.8414521873044603
-1   1.770075003661491
-1   1.0578878145012687
-1   2.7950007758949269
-1   1.8700117894752855
-1   1.4415571942901864
-1   1.1407466491226741
-1   2.0810173570726471
-1   1.775382477659516
-1   2.6855856781137137
-1   1.4473953894381784
-1   1.1890645226426444
-1   1.832990550853197
-1   1.0369638242337074
-1   1.5494665676143655
-1   2.3275387483480565
-1   1.6114648633444411
-1   2.189615750982838
-1   1.0931199466946566
-1   1.3777272741493052
-1   1.6244706037372998
-1   1.5486396354784415
-1   1.0515839992084908
-1   1.5566227520360401
-1   1.5679854563813249
-1   1.732270440480836
-1   1.3516025069367683
-1   1.6017426393583953
-1   1.7883688570115805
-1   1.1852218834519745
-1   1.6434718985349082
-1   1.4501822145028671
-1   1.4122212189324173
-1   2.6735686121926787
-1   1.1541736027417497
-1   1.3581000224492121
-1   1.6161989845274776
-1   1.5393913061051809
-1   1.1590421104647151
-1   1.8030110610489976
-1   1.7525653866471234
-1   1.9189280778063411
-1   1.5339950672572376
-1   2.0285353451949337
-1   1.930626953070758
-1   1.9264875376716128
-1   2.0541275917239199
-1   2.1853528202178616
-1   1.84715887270765
-1   2.6742583441686318
-1   1.7073978100275746
-1   1.8378514566611468
-1   2.9273327085412237
-1   1.9570048823280346
-1   1.9214486836100493
-1   1.8831510863975236
-1   1.357578869084819
-1   1.8450265113557394
-1   1.8535750130246886
-1   2.038241625781207
-1   2.4850160695632058
-1   2.5584894027345215
-1   2.2489335751112534
-1   1.8761293682415121
-1   1.4996997561061571
-1   1.5190549791348
-1   1.9892451017862656
-1   1.4817202498332898
-1   1.7784694322830714
-1   2.7259213432299667
-1   2.019953470066445
-1   2.0885619500188541
-1   2.1465399456124663
-1   1.7813096563785269
-1   1.4160506830339141
-1   2.8348785283679678
-1   1.8770637857763832
-1   2.163477268282338
-1   1.6579635838116449
-1   1.4119432714751072
-1   1.5357700113614743
-1   1.8537034119577096
-1   1.3318319347994003
-1   2.0314919530739641
-1   1.9184843380743253
-1   1.7043063725795551
-1   1.1287414865768324
-1   1.2684149882671665
-1   2.0524676829931821
-1   1.8402929596068462
-1   2.7648855306164393
-1   1.6420068964357766
-1   1.9848259791483236
-1   1.2611160531038013
-1   1.3473085082996523
-1   1.2390242663273785
-1   1.9416849189035097
-1   1.6375909597753804
-1   1.3684462827982322
-1   1.7110299266045703
-1   1.881124364976845
-1   1.1954268970954038
-1   1.2380994197816964
-1   1.1221364260835669
-1   1.8669253322234813
-1   2.02854604213687
-1   1.9868884716826356
-1   2.2458601273843217
-1   1.6811740245808924
-1   2.3060658138185572
-1   1.6300460501134824
-1   2.333993463558619
-1   1.3027280880863843
-1   1.8505080626488133
-1   2.353538488013228
-1   1.3718941300064027
-1   1.720035730012683
-1   1.8510394824186793
-1   1.7842573310078493
-1   1.8422540364097539
-1   1.6494689287451427
-1   1.4952968121172583
-1   1.3929078044120975
-1   1.688539838083901
-1   1.550451588036271
-1   1.556709901202924
-1   1.7624312758890408
-1   2.0467921228494479
-1   1.6894063653888458
-1   1.5046039038756027
-1   1.7942128365994821
-1   1.9343853855340778
-1   2.3120638164716913
-1   2.257747009124921
-1   1.868809825298503
-1   2.9207794049388371
-1   1.4283885785782697
-1   1.5297522255642377
-1   2.4521449184678437
-1   2.388411432184292
-1   1.7932286330589822
-1   1.8262802601429917
-1   1.7255312470457165
-1   1.9037408027966722
-1   1.6028631870614469
-1   1.4320655778000437
-1   1.7363214799521476
-1   1.6670601454576772
-1   2.2060468380973721
-1   1.7626228318969748
-1   1.418308977729009
-1   1.4675026267332858
-1   2.3165450845039914
-1   1.7477008383063199
-1   2.0010656867671082
-1   1.6542079106799483
-1   1.8193094162413175
-1   1.3244100113929027
-1   1.4596439263602907
-1   1.3856923094718925
-1   1.6653675920736499
-1   1.4757348287874619
-1   2.2303323583842336
-1   1.5043613908334184
-1   2.3009014145340467
-1   2.1588814284339164
-1   1.719908566642947
-1   1.7363904048932288
-1   1.7356130719029133
-1   2.214180581155238
-1   1.8316037397698239
-1   1.9052457922417458
-1   1.2400808055551755
-1   2.2173681830042735
-1   2.2254231884082647
-1   1.0938953850223905
-1   1.0688087141581368
-1   3.0676900591856029
-1   1.8000759811038476
-1   1.5246436557940823
-1   2.675538124356875
-1   1.2348518965037774
-1   2.4914131761316187
-1   2.4009482615421862
-1   1.7078216436978559
-1   2.664841371701133
-1   1.8528928133305769
-1   1.2810153490980687
-1   1.5080359084163804
-1   1.5338294062773876
-1   1.0975329789089006
-1   1.8280813424531188
-1   1.1591022435207603
-1   1.4791773848281438
-1   1.4850963879672752
-1   1.2346086401718528
-1   1.8044793332820732
-1   1.2157215250266171
-1   1.9829180963495556
-1   1.6938472232231399
-1   1.9665852213694546
-1   1.844610708354951
-1   1.5416978345476249
-1   1.4969945501701891
-1   1.5217402020019439
-1   1.4417435729675734
-1   2.1145146602824361
-1   1.6599456992309416
-1   2.1622586872834004
-1   2.0106004671105717
-1   1.9847369792187104
-1   1.7560838564951884
-1   1.3091270005729325
-1   1.5655824515337753
-1   1.1658076818331404
-1   1.7775186675408223
-1   1.9487643521029061
-1   2.1050130121288637
-1   1.8428961193504341
-1   1.388323449096841
-1   1.3890750036732922
-1   1.7203092245612117
-1   1.638827890765421
-1   1.4037195857027396
-1   1.7348539734310537
-1   1.4096202622369756
-1   1.7639144094182782
-1   1.4370259613479768
-1   1.7913446566893825
-1   2.2957070020375907
-1   1.9384668714187221
-1   1.87208508266969
-1   1.8690957998301538
-1   1.8233503863229839
-1   2.4174194961499955
-1   2.215045628672716
-1   1.9242510982752932
-1   1.6262106325729486
-1   1.9139414146496043
-1   2.2634235749083791
-1   2.7915371063247671
-1   2.0750546927931435
-1   2.6389670993241934
-1   1.4722250759853732
-1   3.0224503935241378
-1   2.1907838763181813
-1   1.9267208815671184
-1   2.2292797304630128
-1   2.0642186608444435
-1   1.5725681971325352
-1   2.4345259518867701
-1   2.137239913537154
-1   1.4300392186080324
-1   1.5269138262121316
-1   1.8884959407231534
-1   2.2526599745658764
-1   2.2656405832517272
-1   2.4177400065669157
-1   2.1705639733860194
-1   1.7304308472060335
-1   3.6678463601861893
-1   1.20926962089669
-1   1.1985131799819071
-1   1.8710182116719047
-1   1.2960486362351005
-1   1.1203976567883414
-1   1.7837233233459115
-1   1.1173417107337666
-1   1.3710867778562199
-1   1.6786074111904865
-1   1.8999017694448801
-1   1.3364854234672197
-1   1.4302969789486195
-1   1.9566129132130894
-1   1.5266513104234511
-1   2.428858857202008
-1   1.7055303033276341
-1   1.8337079317372358
-1   1.8651867965154914
-1   1.7035398556859169
-1   2.8806703558355204
-1   1.3622145664994043
-1   1.9727107343245756
-1   1.0221243153239095
-1   1.0408903100395337
-1   1.6518295073552349
-1   1.0118210772904792
-1   1.4652113217271796
-1   1.0844875084306556
-1   1.7333076839043891
-1   1.7421073248810175
-1   2.2096710174205834
-1   2.3193473683332835
-1   1.8829205846803787
-1   2.2265704592192046
-1   1.9355028474984048
-1   1.9415408616420007
-1   1.6977149924260142
-1   1.235061389240472
-1   1.4003736007935212
-1   2.3049970304477356
-1   1.7443792213703069
-1   1.7976156470305424
-1   1.3873756804600792
-1   1.5220833113664072
-1   1.9444037162711005
-1   1.8885116732941989
-1   1.874905052867569
-1   1.892479795020682
-1   1.8527014937796253
-1   1.178618695169205
-1   2.3724170388856147
-1   1.2540088421519855
-1   1.7911841257146999
-1   2.0626963322291538
-1   1.7828294072633386
-1   1.231045842610244
-1   1.3110901102962842
-1   1.579135811368098
-1   1.4854968552463008
-1   3.2130834010675717
-1   1.5630953357154231
-1   1.2710825559126708
-1   2.1185390678791887
-1   1.6399780498664285
-1   1.4577977033580047
-1   2.2564294241527452
-1   1.7744560056666159
-1   1.2765358850041035
-1   2.608677482683623
-1   2.0136861087083444
-1   1.3496033950658395
-1   1.5102444531542174
-1   1.9446668361398474
-1   2.1916446287486289
-1   1.9745909275202651
-1   1.9876255982505961
-1   1.4515136962351829
-1   1.5971558717124239
-1   1.0717184755405664
-1   1.1138624623884283
-1   1.6831146475173346
-1   1.7972011324264465
-1   2.8221677274102035
-1   1.6905805448052296
-1   1.0312560932821662
-1   1.3761928821643736
-1   1.6595513009588823
-1   1.6784174988957608
-1   1.84168738459437
-1   1.5651200223285118
-1   1.0164649972568012
-1   1.6336221438984952
-1   1.9565357881355112
-1   1.9289563508078515
-1   1.0109335196071585
-1   1.0079873407248761
-1   1.0661048043954406
-1   1.5224554356327547
-1   1.0553763407313754
-1   1.5835433544403092
-1   2.0835663390263872
-1   2.1162388918332069
-1   1.5562656513714299
-1   1.5614359238423479
-1   1.1975665504357762
-1   1.3446707883669802
-1   2.5664453620749712
-1   2.495508089652323
-1   1.0896823949982444
-1   1.1940199315726292
-1   1.704866494095421
-1   1.9127209533981309
-1   1.7772325458962874
-1   1.3572457286870281
-1   1.1998660345218024
-1   1.2545624205613473
-1   1.8413304569561366
-1   1.8688579812361206
-1   1.808022946348991
-1   1.1113585860786932
-1   1.0467318260995733
-1   1.1112527311217932
-1   1.1238922828005418
-1   1.1273497610111989
-1   1.5671436021850993
-1   1.8937520592135786
-1   2.0050068935100214
-1   2.0874363364734627
-1   1.2783307069976382
-1   2.4489830892054578
-1   1.9333471289956812
-1   1.4580715833409381
-1   2.0277125728129186
-1   1.161915420910663
-1   1.6243069433306512
-1   1.4398147190991573
-1   1.015704312508575
-1   1.0317172388652538
-1   1.0290787878224836
-1   1.9472269235917516
-1   1.1160273945040111
-1   1.8126602001145633
-1   1.1433255896599412
-1   2.0048359853679938
-1   1.0354738291731524
-1   1.3096842810158669
-1   1.4427673435518347
-1   2.2441935914838158
-1   2.2134057647811765
-1   2.396337612649825
-1   2.2716482053544027
-1   2.0540566381119061
-1   2.424335729451236
-1   1.7044274043643299
-1   1.6543474152147724
-1   1.4492098680394394
-1   1.6110952773928422
-1   1.1815057805232003
-1   1.9617233411402237
-1   1.3196645424088636
-1   2.9029625584753425
-1   1.8943088570488915
-1   2.4493122630944808
-1   1.2284096041045618
-1   2.8187414475031392
-1   1.8006452860198578
-1   2.0214310041145875
-1   1.7280403258791481
-1   1.4667761761576636
-1   1.1449899256435285
-1   1.9587849830625004
-1   1.0326507012583903
-1   1.048226542690728
-1   1.2382050258074098
-1   1.2099213114890839
-1   1.773403607937194
-1   1.1446531311977408
-1   1.7221199032137222
-1   1.1697408137488798
-1   1.2306877045183546
-1   1.9448607981839596
-1   1.4617618339088549
-1   1.7239042622091727
-1   1.8323839512367903
-1   1.9527523828993569
-1   1.371361028904905
-1   2.4746914806541569
-1   1.9249495419131022
-1   1.864400077099758
-1   2.8801810352851067
-1   1.0246692601849283
-1   1.0503177186242094
-1   1.0238680798531565
-1   1.8200978528092788
-1   1.0703885519020602
-1   1.2586362439748657
-1   1.2127932633806919
-1   1.1800750581927684
-1   1.7230406277945591
-1   1.1668864094022313
-1   1.3021327453220297
-1   1.2033301504710321
-1   1.7589367352133869
-1   1.356852279846825
-1   1.6885620600966091
-1   1.8808695930705852
-1   1.888746180562868
-1   1.1229530021390619
-1   1.3782761162889829
-1   2.4167761245587758
-1   2.1154202137096747
-1   1.5936282064461453
-1   1.6377871121211891
-1   1.5986333543823137
-1   1.6165260606119025
-1   1.6579453611737587
-1   1.9921657342778549
-1   2.0393894440099434
-1   1.3774342565715674
-1   2.3250346209849595
-1   2.0404390328234419
-1   1.9956394072705241
-1   1.6049575356048393
-1   2.3201375149191934
-1   2.5899995258220994
-1   2.0293211380219311
-1   2.0610665457759141
-1   2.8336974015127807
-1   2.9261787365425618
-1   2.7999335318834007
-1   3.8180313428942814

0   0.088268222226179915
0   1.0118472739463922
0   0.9077879982703263
0   1.0727788541105134
0   1.0049470391684299
0   0.7923731840124586
0   0.26281477885846549
0   1.0286784477196647
0   1.0469354083671494
0   1.7245154644571103
0   1.0059893523208536
0   1.9934791552149127
0   0.69904065502119916
0   1.0312391567317172
0   1.0072229613133423
0   1.3490511592064853
0   1.5753699788938587
0   1.9331629495490783
0   1.7664277971245883
0   2.7365290083307969
0   1.0031578684190712
0   1.4541160068996366
0   1.0068807265753723
0   1.3400974712057849
0   1.1545760010368082
0   1.7875291674751361
0   1.8089648505783287
0   2.7032754665881455
0   0.87823029265416652
0   1.1329036715392893
0   1.2850234631230621
0   1.7042030309102523
0   0.43018202935323291
0   1.173368520833759
0   1.0062834894529393
0   0.82536204040907535
0   2.6045353021189555
0   0.11328005655195661
0   1.829347753755207
0   1.4616106390964267
0   1.5902205009081394
0   1.004449004483402
0   1.9185047793034853
0   1.159405349876713
0   0.81981033789188684
0   1.0043812247446828
0   1.9855431572843028
0   1.2370797789733461
0   0.43250370916302849
0   1.6755574167181617
0   1.3897257369357376
0   1.0170362021333332
0   1.6592582151445021
0   1.8995059795832381
0   1.0796952278540388
0   1.489027534729146
0   1.3642635640828755
0   1.0453330265548948
0   0.51912215406574447
0   1.0963469300514994
0   2.2690511405818072
0   1.7856202987767715
0   0.58743897075035489
0   1.0671876322791387
0   1.429245175475407
0   1.0268566415880902
0   1.2318789953413003
0   2.0502690911699841
0   1.7980668072508759
0   1.3058593528022882
0   1.4742986765273276
0   1.2770917114494875
0   1.1100666451076002
0   1.9066834545027369
0   1.5496375076701989
0   2.4590926875722281
0   1.276946300902768
0   1.0010595725221838
0   1.7505424755343464
0   2.6778213621819895
0   1.8018970508863466
0   1.5976152322856469
0   1.4920331061472187
0   3.1284376931843201
0   1.7671942142033878
0   1.9201585393876917
0   1.5456066580519465
0   2.1315911100559863
0   1.7771133740156198
0   1.4836035215744503
0   1.9401359294254252
0   1.780099783405046
0   2.32688908496768
0   1.6561575147643595
0   1.6168981588307978
0   1.9314073671745735
0   1.9666475165749229
0   0.89888005298321039
0   1.8433568477583751
0   1.89920991369554
0   1.2714737974892165
0   1.3497114148567686
0   2.1215883546918963
0   1.6863016504227994
0   1.3649231948208957
0   1.676601722551585
0   1.8423007425149707
0   1.6524662663072722
0   2.0828637784736381
0   1.3548430281526105
0   2.498487123903165
0   1.6720044990300167
0   1.6661017424853739
0   1.3050337507923391
0   1.9923617473363113
0   1.2794807299104498
0   1.6563684500008593
0   1.5268554045787961
0   1.1189436809498634
0   1.5702289933133668
0   1.2375078211895307
0   2.6718813163709103
0   1.4201569570689407
0   1.6786730238122365
0   0.83780221934649202
0   1.3899590409167846
0   2.4792288252899168
0   1.6070841226125334
0   1.1862451605449318
0   1.4379187244630602
0   1.0552432090710311
0   1.3160489963189841
0   1.0258211014407761
0   1.6187782226017968
0   0.622851041944392
0   1.0483330696398458
0   1.0731521080420159
0   1.3906613963631069
0   1.0082922663807379
0   1.9585872414845049
0   1.454368515314167
0   1.925240564296796
0   1.0375422242668788
0   1.190521635538166
0   1.6961558916336212
0   0.32744875843734489
0   1.0163959630864423
0   1.8127200210431229
0   1.8129774331963113
0   1.0984234555274419
0   2.5547349898622338
0   1.8958822307375889
0   2.0719744913572598
0   1.5036050310258084
0   1.495618883780343
0   1.8297060963617504
0   1.7394100736743203
0   0.99619746537311982
0   1.3966095913180083
0   1.2788706809484305
0   2.3164997339351938
0   0.53315971502353521
0   1.1402300189250361
0   1.2136021430291846
0   1.8924806630096302
0   2.0189272865117531
0   1.9378533865897101
0   1.283718210837909
0   1.1634259213725948
0   1.189168007642551
0   1.7414957190110014
0   1.7272499646801522
0   1.7326515801538531
0   1.5472900684074342
0   1.9465887989574537
0   1.6496787288526429
0   1.2149592849649415
0   1.8244205339137851
0   1.3721057372288668
0   2.0338527097413643
0   1.5251259286243708
0   1.1387961760900305
0   2.165627472425236
0   2.2646763617106136
0   1.7240900921172524
0   1.1523147851226623
0   1.7533658898039417
0   2.6044563413857924
0   2.4037310101509317
0   0.97375327864845063
0   1.4374917453696701
0   1.4942305350512681
0   1.1545515824554407
0   1.8303755018713685
0   1.784873274628767
0   1.2145103425979209
0   1.7270690441285592
0   1.8717295917021568
0   1.8938062510993774
0   1.4587828155922731
0   1.5997399473752756
0   1.116258725082331
0   1.4104978707134299
0   1.4479917175644581
0   1.5695303905990481
0   1.5307875046176913
0   0.70341065262684976
0   2.3459866168444043
0   2.0484795916914962
0   1.1382430793527536
0   1.3180319262599898
0   1.3734271127988829
0   1.485778602178127
0   1.6321443416802053
0   1.5592602828001936
0   1.564787790400072
0   1.0639253308609395
0   1.9557415093384161
0   1.9265307666360911
0   0.93649152639899058
0   1.906024183402506
0   1.3037151832310483
0   1.3315540809490323
0   1.3388928992407179
0   1.9716115292199685
0   1.6390098877840633
0   1.8711540722010782
0   2.1213597875416323
0   1.6910292058648189
0   1.0311017036460366
0   1.0564157631706421
0   1.0415119169294951
0   1.814186479952145
0   1.9824222333732009
0   2.0035494857702494
0   1.9506851156069702
0   0.74664551392332412
0   0.39976427243915502
0   2.3518876612625892
0   2.4294141284819726
0   1.5548345619997526
0   1.5572096785674048
0   2.1930370275736113
0   2.3152200623398742
0   1.0639344336540373
0   1.0814110309553018
0   0.88505439622338122
0   2.4163451615953453
0   2.3590189163754873
0   1.9288165207607659
0   1.0198142572256406
0   0.12779617597614534
0   1.0207929747805871
0   0.54517465071092341
0   1.5524894726548766
0   1.9048745477144902
0   1.0302206700612513
0   1.0127922589545209
0   1.9438533179934998
0   1.1274697201981934
0   1.3860438486320512
0   1.290079114702591
0   1.6582413717948135
0   1.3359803505039216
0   1.5701954005947258
0   1.3132305377563807
0   1.0495680311703501
0   1.2577548639042928
0   1.129436539092767
0   0.4469496858242491
0   1.6908665551685909
0   1.0161307650795668
0   1.0317658113688553
0   0.83624491044080407
0   1.6037839052694163
0   2.1140937368671562
0   2.691104943682022
0   1.1602654781611674
0   2.0151214859343041
0   1.9263225716907417
0   1.6113560531477829
0   0.67515771382367196
0   1.0223684012228569
0   1.5636384106834766
0   1.1764194520585192
0   1.9670830113384197
0   2.4103378531465824
0   1.6506715824707499
0   1.8564859108587726
0   1.0489777464985797
0   1.028124742134868
0   1.7173472259374405
0   1.7211742011596911
0   1.0734018229895677
0   1.8450813854751655
0   1.1693089535254331
0   1.4262879430358328
0   1.2172104989442605
0   1.6288505483645652
0   1.52021228374283
0   1.7410835453239399
0   1.6909329290679214
0   1.8493227473265921
0   1.197590324781592
0   1.4086960047941766
0   1.9395414038492902
0   1.4976008172005788
0   1.9494433251445731
0   1.7368155233002875
0   1.3349337635947771
0   2.838895770057773
0   2.2893429224939865
0   1.9277975962449521
0   1.9932747846317942
0   2.7896815582000984
0   1.1900287450844156
0   1.8932165537835148
0   3.2748645217295014
0   1.8084425262815476
0   1.8604702954105163
0   2.6655258422340355
0   1.4691498925791149
0   1.5527912629094862
0   1.7267465318689244
0   0.78946777931117551
0   1.1571481762506928
0   2.2650129209431498
0   2.0627571937881366
0   2.0104464369393558
0   2.205765637946608
0   1.2932035732194682
0   2.3183488699778367
0   1.9427431170804192
0   2.4032673776404643
0   1.9983069048813844
0   1.1130440828988324
0   0.57873560296090032
0   1.0219995219426026
0   3.740910377302999
0   1.0402607668066137
0   1.9066527886499207
0   0.49822720004530419
0   1.070305120227119
0   1.0026643371391817
0   1.5953442572547232
0   1.0182383951819662
0   0.80040022128728605
0   1.5940353869820716
0   1.0665931341357702
0   1.364270281839524
0   1.1167724812157438
0   1.6841827855127103
0   0.6629888781875275
0   1.0811330181142003
0   1.8260559052243543
0   1.8059720333299447
0   1.3241306612301542
0   2.4593258939640275
0   1.8411133831779307
0   0.87656965136119602
0   1.0183696176549264
0   2.9307002840314467
0   1.4862836608070873
0   1.6466738090604118
0   1.0066125609218282
0   1.494008174955592
0   1.0205896637660716
0   1.1262051360000442
0   1.0272746999398314
0   0.90009915858555889
0   1.0075903577943892
0   1.6375648671056209
0   1.0076457060400026
0   1.3563064075596245
0   1.3554842684758286
0   1.5802061522070767
0   1.6836012481026912
0   1.2008334724647789
0   1.709795428827523
0   1.6678063156972982
0   2.1643817971319494
0   2.5760446929040617
0   1.1248984148741212
0   1.1259462329762062
0   1.6071758060629424
0   1.0361838601211792
0   1.0472661878584479
0   1.3274531061696124
0   1.3212800970531375
0   1.3190772979010144
0   2.8455446523839578
0   1.8337019738970612
0   1.7790245999620256
0   1.0092943615006402
0   1.0324031654354591
0   1.9828029290991407
0   1.9890030809226107
0   1.4151914119835736
0   1.6913047429111137
0   1.0044065880199444
0   2.8034698548035135
0   0.82392326844424946
0   0.38750932698210883
0   1.0529402259020593
0   1.7517415706746027
0   1.731087248190569
0   1.0076680606595301
0   1.982510961866025
0   1.1440106634067708
0   2.0758930447877009
0   1.1851869124908212
0   2.1477880916273038
0   1.5720967913056678
0   1.5239814560292055
0   2.728206062880159
0   1.1571152204133179
0   0.89050789847238909
0   1.0087340857972176
0   1.9390886861724899
0   1.3064340225709881
0   1.9328474632380841
0   0.95703905992828253
0   1.1014549785379226
0   1.5995260159097131
0   1.0663377965352054
0   1.4767935677863846
0   1.2364629344176961
0   1.8069861767973103
0   1.9449276145155898
0   2.5087253800560259
0   2.2516451027155027
0   1.8588686117049043
0   1.3062903606169018
0   1.2592966818253095
0   0.67246993690907053
0   1.693533522018468
0   0.72395094097330825
0   1.8946181551525902
0   1.4468254920379267
0   1.0043844864120244
0   1.0066231431264321
0   2.5905597837194327
0   1.7146120875765209
0   1.0183873876647191
0   1.0047567716763051
0   0.84458435737917603
0   0.46049699016099488
0   1.0089458653398113
0   1.9880013650212018
0   1.9634489493159939
0   1.991347671012599
0   1.0017251756077485
0   1.0059161567818888
0   1.9483215421458704
0   1.9219570304660851
0   1.0075805899928048
0   1.0010448664372824
0   0.087197169919138728
0   1.0697561600123646
0   0.045516116153867414
0   0.095766302793395375
0   1.0641081092452032
0   0.71617730062260865
0   1.0077692983004634
0   1.7396071823173522
0   0.49564047409355261
0   1.9059140121906504
0   2.7914243825581644
0   2.9130860726653496
0   1.80285426515624
0   1.0392208745260649
0   1.0008919006320778
0   1.4604885973286936
0   1.0829303864195772
0   1.9810746803561896
0   1.7987700846966184
0   1.002790853395231
0   1.021571537050505
0   1.2941141563425298
0   1.1544611060345995
0   1.066266895232292
0   1.910749692550445
0   0.597872839726167
0   1.0046594139102814
0   1.0060698398372658
0   1.9740996463182499
0   1.8896786957666341
0   1.1077311474961977
0   0.42161785919294603
0   1.047066595190292
0   0.3810530262479489
0   1.0091006282524979
0   1.0101100223178294
0   0.16699266803876522
0   1.0196428602216903
0   1.0629666352633751
0   0.50961496410710616
0   1.5964787730145114
0   2.4576689048839775
0   0.94129693608229403
0   1.4592560099602037
0   1.3087496696217475
0   1.4554998341505079
0   2.299258697573102
0   1.6882932602845693
0   0.63587363664625651
0   1.9750064310902617
0   1.8760611533991103
0   1.2094982956681259
0   1.0727739781193337
0   1.1635605998617311
0   0.089638540385388654
0   0.10157507845788416
0   1.0079794195665412
0   1.0057210436041906
0   0.65210582169842546
0   1.0111097799070565
0   1.7638237819024734
0   0.97083933002421263
0   1.0397184520849083
0   1.9516384123487285
0   1.0215823569449802
0   1.2659595782982871
0   1.0857058008355536
0   0.71003385839266486
0   1.6290572833172492
0   1.0335706343635835
0   2.5466841956883224
0   1.8947153969580275
0   2.5562832807629077
0   1.7301890038366143
0   0.89402418444303189
0   1.02363111323113
0   1.8523868121669125
0   1.9647306930288391
0   2.2912172106524813
0   1.5370103970319335
0   2.3903177698461775
0   1.4687882101113943
0   0.47090502623145192
0   1.4354752906872217
0   1.3710183287385098
0   1.5598386260322825
0   1.170118504002339
0   1.3994446537270895
0   1.7230525700884498
0   1.8144613088592214
0   1.5551925049414304
0   2.9371893196036893
0   1.405393262216686
0   1.9917823475841256
0   1.4050116317064689
0   1.9936159699319393
0   1.3717803751062951
0   1.1249775114271754
0   1.8982942505464306
0   0.094610022326783505
0   1.0078400754162196
0   0.58280608674226753
0   1.0079765178515625
0   0.40959908103984877
0   1.0123264312744231
0   1.2002274512345723
0   1.3837834453113105
0   1.0422897931299877
0   1.8530703003527611
0   1.87930287395851
0   1.0112267244792059
0   1.0856603826848805
0   1.0389964112305565
0   1.3118955281542708
0   1.9210029253795895
0   1.5051041597534565
0   1.0069252727947338
0   1.1738733383397653
0   1.4018960845433972
0   2.8466790614578423
0   1.9592595822482721
0   1.764431462549398
0   0.087745186952360665
0   2.8789025568720374
0   0.15719365370541361
0   1.0023074867498996
0   1.0133806552834117
0   1.0031953120327575
0   0.21265433613702345
0   1.9764788755004838
0   1.0295791112664776
0   0.17001674596304628
0   1.0375185756262482
0   1.0344638864709863
0   0.54134477471490183
0   1.0268254131638526
0   1.9743187209406154
0   1.0666277778920281
0   1.2101564413972146
0   1.314290659953554
0   1.0219839426973696
0   1.3702640773024544
0   1.0739309174772611
0   1.8632094175828118
0   1.5764169688719969
0   1.902835421818339
0   0.69397160776342304
0   1.1441095476164085
0   2.608495233046356
0   1.0513810815637001
0   1.1932647040953412
0   1.0507516454804064
0   1.9884797718515848
0   1.5297363175591698
0   1.7768646758416637
0   1.9826952379858773
0   1.1227762921802635
0   1.2780486177269987
0   1.8048481360755195
0   1.7706533490641116
0   1.1167797337131711
0   2.5924827900256546
0   1.925946941522557
0   1.8082647449807312
0   1.3797566447966061
0   2.9026738596768245
0   2.0505048046796137
0   1.9795698205849166
0   2.779767910084515
0   2.033834571953379
0   2.932755597341997
0   2.8157363556417416
0   3.8076131603511572

1   1.0703063034697724
1   1.1352737391670713
1   1.1431411770747999
1   1.5125296220986852
1   1.0799979458075795
1   1.6176756015473783
1   1.3423600650324492
1   1.3286661491096929
1   1.1569469961271526
1   1.740610890520645
1   1.9035628567642902
1   1.2727485273541483
1   1.8414521873044376
1   1.7700750036615189
1   1.0578878145012505
1   2.7950007758949309
1   1.8700117894751687
1   1.4415571942904588
1   1.1407466491225835
1   2.0810173570726902
1   1.7753824776594072
1   2.6855856781137386
1   1.4473953894381724
1   1.189064522642626
1   1.8329905508531494
1   1.0369638242337198
1   1.5494665676141919
1   2.3275387483479832
1   1.6114648633446342
1   2.1896157509827927
1   1.0931199466944865
1   1.3777272741492781
1   1.6244706037373273
1   1.5486396354786263
1   1.0515839992085396
1   1.5566227520362341
1   1.5679854563813715
1   1.7322704404806948
1   1.3516025069367825
1   1.601742639358398
1   1.788368857011561
1   1.1852218834519479
1   1.6434718985349313
1   1.4501822145028374
1   1.4122212189322967
1   2.6735686121928719
1   1.154173602741748
1   1.3581000224494013
1   1.6161989845271663
1   1.53939130610518
1   1.1590421104647346
1   1.803011061048982
1   1.7525653866471202
1   1.9189280778063607
1   1.5339950672573615
1   2.0285353451948085
1   1.9306269530707372
1   1.9264875376716866
1   2.0541275917238573
1   2.1853528202178998
1   1.8471588727075692
1   2.6742583441686185
1   1.7073978100268437
1   1.8378514566611024
1   2.9273327085415519
1   1.9570048823281958
1   1.9214486836100431
1   1.8831510863974859
1   1.3575788690854182
1   1.8450265113549769
1   1.853575013023729
1   2.0382416257822902
1   2.4850160695633998
1   2.5584894027345184
1   2.2489335751111965
1   1.8761293682415534
1   1.4996997561062115
1   1.5190549791348382
1   1.9892451017863051
1   1.4817202498330966
1   1.778469432283182
1   2.7259213432300613
1   2.0199534700663171
1   2.088561950018756
1   2.1465399456124992
1   1.7813096563790261
1   1.4160506830339203
1   2.8348785283676565
1   1.8770637857764565
1   2.1634772682823047
1   1.6579635838117626
1   1.4119432714750788
1   1.5357700113612753
1   1.8537034119577069
1   1.3318319347995209
1   2.031491953074104
1   1.918484338074435
1   1.7043063725794818
1   1.1287414865768539
1   1.2684149882669575
1   2.0524676829931749
1   1.8402929596068267
1   2.7648855306164455
1   1.6420068964357455
1   1.984825979148384
1   1.2611160531037802
1   1.3473085082997003
1   1.239024266327283
1   1.941684918903495
1   1.6375909597747418
1   1.3684462827989734
1   1.7110299266045486
1   1.8811243649768801
1   1.1954268970954287
1   1.2380994197816388
1   1.1221364260835105
1   1.8669253322235009
1   2.0285460421368873
1   1.9868884716827049
1   2.2458601273843697
1   1.6811740245808564
1   2.3060658138185373
1   1.6300460501133873
1   2.333993463558659
1   1.3027280880863956
1   1.8505080626481556
1   2.3535384880137902
1   1.371894130006974
1   1.7200357300121754
1   1.8510394824187588
1   1.7842573310077414
1   1.8422540364097411
1   1.6494689287451805
1   1.495296812117219
1   1.3929078044123027
1   1.6885398380838996
1   1.5504515880361094
1   1.5567099012029231
1   1.7624312758890532
1   2.0467921228494474
1   1.689406365388848
1   1.504603903875573
1   1.7942128365994354
1   1.9343853855341413
1   2.3120638164716136
1   2.2577470091249539
1   1.8688098252984218
1   2.9207794049389153
1   1.4283885785782979
1   1.529752225564156
1   2.4521449184678348
1   2.3884114321842311
1   1.7932286330589688
1   1.8262802601431503
1   1.7255312470456889
1   1.9037408027965763
1   1.6028631870614727
1   1.4320655778001266
1   1.7363214799518669
1   1.667060145457671
1   2.206046838097329
1   1.7626228318973234
1   1.4183089777290296
1   1.4675026267332856
1   2.3165450845039168
1   1.7477008383062538
1   2.0010656867670598
1   1.6542079106799408
1   1.8193094162415409
1   1.3244100113929198
1   1.459643926360334
1   1.3856923094718627
1   1.6653675920736308
1   1.4757348287873644
1   2.2303323583841621
1   1.5043613908335174
1   2.3009014145340938
1   2.1588814284339692
1   1.7199085666429368
1   1.7363904048932253
1   1.7356130719029101
1   2.2141805811551913
1   1.8316037397698448
1   1.9052457922417667
1   1.240080805555136
1   2.2173681830042868
1   2.2254231884082514
1   1.0938953850223871
1   1.0688087141581333
1   3.0676900591856202
1   1.800075981103848
1   1.5246436557940726
1   2.6755381243568888
1   1.234851896503778
1   2.4914131761312905
1   2.400948261542482
1   1.7078216436964833
1   2.6648413717021029
1   1.8528928133305693
1   1.2810153490980838
1   1.5080359084161681
1   1.5338294062775901
1   1.0975329789088963
1   1.8280813424531117
1   1.1591022435207665
1   1.4791773848281116
1   1.4850963879672636
1   1.2346086401718634
1   1.8044793332820883
1   1.2157215250266056
1   1.9829180963495574
1   1.6938472232232233
1   1.9665852213694706
1   1.8446107083549701
1   1.541697834547616
1   1.4969945501701256
1   1.5217402020019599
1   1.4417435729675525
1   2.1145146602823521
1   1.6599456992310313
1   2.16225868728342
1   2.0106004671105744
1   1.9847369792186806
1   1.7560838564951782
1   1.309127000572933
1   1.565582451533821
1   1.1658076818331302
1   1.7775186675408201
1   1.9487643521029439
1   2.1050130121288175
1   1.8428961193504341
1   1.388323449096829
1   1.3890750036733932
1   1.7203092245612197
1   1.6388278907653553
1   1.4037195857027391
1   1.73485397343106
1   1.4096202622369856
1   1.7639144094182657
1   1.4370259613479768
1   1.7913446566893647
1   2.2957070020375698
1   1.9384668714187141
1   1.8720850826696882
1   1.8690957998301911
1   1.823350386322975
1   2.4174194961500026
1   2.2150456286727103
1   1.9242510982753434
1   1.626210632572973
1   1.9139414146496092
1   2.2634235749083609
1   2.7915371063247481
1   2.0750546927931941
1   2.6389670993242134
1   1.4722250759853213
1   3.0224503935241058
1   2.1907838763181813
1   1.92672088156711
1   2.2292797304630705
1   2.0642186608443751
1   1.5725681971325685
1   2.4345259518868017
1   2.1372399135371576
1   1.4300392186079585
1   1.5269138262120627
1   1.8884959407231063
1   2.2526599745659466
1   2.2656405832517792
1   2.4177400065668029
1   2.1705639733861481
1   1.7304308472060352
1   3.6678463601861351
1   1.2092696208968463
1   1.1985131799819049
1   1.8710182116719105
1   1.296048636235102
1   1.1203976567883582
1   1.7837233233458889
1   1.1173417107337469
1   1.3710867778562479
1   1.678607411190491
1   1.8999017694448672
1   1.3364854234672452
1   1.4302969789486317
1   1.9566129132130743
1   1.5266513104234432
1   2.428858857202004
1   1.7055303033276248
1   1.8337079317372469
1   1.8651867965154874
1   1.7035398556859409
1   2.8806703558355182
1   1.3622145664993777
1   1.9727107343245733
1   1.0221243153239108
1   1.0408903100395337
1   1.6518295073552212
1   1.0118210772904799
1   1.4652113217271923
1   1.0844875084306458
1   1.7333076839043793
1   1.7421073248810348
1   2.2096710174206136
1   2.319347368333275
1   1.8829205846803534
1   2.2265704592192068
1   1.9355028474985136
1   1.9415408616419985
1   1.6977149924259205
1   1.2350613892404811
1   1.4003736007935128
1   2.3049970304476823
1   1.744379221370302
1   1.7976156470308204
1   1.3873756804597268
1   1.5220833113664463
1   1.9444037162711356
1   1.8885116732942051
1   1.8749050528675566
1   1.892479795020658
1   1.8527014937796329
1   1.1786186951692008
1   2.3724170388856076
1   1.2540088421519813
1   1.7911841257146848
1   2.0626963322292107
1   1.7828294072633346
1   1.231045842610285
1   1.3110901102962271
1   1.5791358113680554
1   1.4854968552463856
1   3.2130834010675504
1   1.5630953357154098
1   1.2710825559126511
1   2.1185390678792277
1   1.639978049866504
1   1.4577977033578704
1   2.2564294241529614
1   1.7744560056663903
1   1.2765358850038946
1   2.6086774826837384
1   2.0136861087083111
1   1.3496033950658481
1   1.5102444531541748
1   1.9446668361398558
1   2.1916446287486218
1   1.9745909275201945
1   1.9876255982505815
1   1.4515136962351354
1   1.5971558717125824
1   1.0717184755405669
1   1.1138624623882283
1   1.6831146475175487
1   1.7972011324264345
1   2.8221677274101604
1   1.6905805448052633
1   1.0312560932821675
1   1.3761928821643441
1   1.659551300958797
1   1.6784174988957061
1   1.841687384594433
1   1.5651200223285744
1   1.0164649972567934
1   1.6336221438985237
1   1.9565357881354841
1   1.928956350807884
1   1.0109335196071574
1   1.0079873407248727
1   1.0661048043954298
1   1.5224554356326854
1   1.0553763407313652
1   1.5835433544403918
1   2.0835663390264783
1   2.1162388918332962
1   1.5562656513713469
1   1.5614359238422484
1   1.1975665504356738
1   1.3446707883669728
1   2.5664453620750782
1   2.4955080896523056
1   1.0896823949982033
1   1.194019931572595
1   1.704866494095405
1   1.9127209533981246
1   1.7772325458963132
1   1.3572457286869484
1   1.1998660345217382
1   1.2545624205612176
1   1.8413304569562627
1   1.868857981236169
1   1.8080229463490154
1   1.1113585860787021
1   1.0467318260995617
1   1.1112527311217815
1   1.1238922828005411
1   1.1273497610111065
1   1.5671436021851051
1   1.8937520592136394
1   2.0050068935100489
1   2.0874363364735844
1   1.278330706997763
1   2.4489830892053632
1   1.9333471289954902
1   1.4580715833409492
1   2.0277125728129501
1   1.1619154209106666
1   1.6243069433306552
1   1.4398147190991815
1   1.015704312508579
1   1.031717238865254
1   1.0290787878224728
1   1.9472269235919617
1   1.1160273945036847
1   1.8126602001145384
1   1.1433255896598782
1   2.0048359853679592
1   1.0354738291731365
1   1.3096842810153955
1   1.4427673435516997
1   2.2441935914842146
1   2.2134057647813807
1   2.3963376126500497
1   2.2716482053544729
1   2.0540566381119296
1   2.4243357294509886
1   1.7044274043644481
1   1.654347415214291
1   1.4492098680392935
1   1.6110952773927152
1   1.1815057805236318
1   1.9617233411400852
1   1.3196645424092708
1   2.9029625584761849
1   1.8943088570476583
1   2.4493122630944071
1   1.2284096041045445
1   2.8187414475030437
1   1.8006452860197033
1   2.0214310041147154
1   1.7280403258792925
1   1.4667761761577116
1   1.1449899256435314
1   1.9587849830624995
1   1.0326507012584047
1   1.0482265426906989
1   1.2382050258074508
1   1.2099213114890459
1   1.7734036079371078
1   1.1446531311973056
1   1.7221199032140464
1   1.1697408137489573
1   1.23068770451798
1   1.9448607981842616
1   1.4617618339091318
1   1.7239042622089356
1   1.8323839512368547
1   1.952752382899372
1   1.3713610289049332
1   2.4746914806541374
1   1.9249495419130604
1   1.8644000770998108
1   2.8801810352850565
1   1.024669260184919
1   1.0503177186241437
1   1.0238680798531645
1   1.8200978528094094
1   1.0703885519020369
1   1.2586362439747105
1   1.2127932633807295
1   1.1800750581928954
1   1.7230406277945605
1   1.1668864094019598
1   1.3021327453227547
1   1.2033301504702258
1   1.7589367352137044
1   1.3568522798465383
1   1.6885620600965581
1   1.8808695930707104
1   1.8887461805629755
1   1.1229530021394396
1   1.3782761162887651
1   2.4167761245583903
1   2.1154202137100149
1   1.5936282064457812
1   1.6377871121214689
1   1.5986333543822404
1   1.6165260606119216
1   1.6579453611737911
1   1.9921657342778567
1   2.0393894440103284
1   1.377434256571525
1   2.3250346209846091
1   2.0404390328236315
1   1.9956394072704824
1   1.6049575356046595
1   2.3201375149196632
1   2.589999525821693
1   2.0293211380221563
1   2.0610665457760917
1   2.8336974015126581
1   2.9261787365425156
1   2.79993353188335
1   3.8180313428942458

2   2.0005344744718849
2   2.0012352322982316
2   2.0022642605341239
2   2.1886938582930928
2   2.0156297467862467
2   2.8508394902817136
2   2.0058164569626538
2   2.1472171469988601
2   2.0061176952770698
2   2.8710260329892585
2   2.0028390872699275
2   2.8724371503516828
2   2.0054813384190737
2   2.1289906312102196
2   2.0383157227639614
2   2.0185306878107321
2   2.0416075981075661
2   2.041805028293028
2   2.016739547699181
2   2.8011721504966536
2   2.2060072762339389
2   2.0066283430314305
2   2.1329189279375274
2   2.9419543143858764
2   2.6616940477922104
2   2.596228212954911
2   2.059035801001051
2   2.4193856371701905
2   2.261788856636282
2   2.7844723090071248
2   2.2914597285168345
2   2.2013081490700879
2   2.9352773957017972
2   2.5568691695658732
2   2.2634896875479722
2   2.2095822177179465
2   2.8776046508414388
2   2.6425619901350568
2   2.4207831828119604
2   3.0222198628416974
2   2.4424317060373526
2   2.3758849091459751
2   3.0033073711906426
2   2.408264264062602
2   2.5753024736199537
2   2.3206010726736799
2   2.164087330043964
2   2.4486711298562756
2   2.3072278856896555
2   2.3433464107701139
2   2.2425873983049192
2   2.57876013050674
2   2.0186213058463043
2   2.0033832891472549
2   2.0130845302100924
2   2.013007758275458
2   2.0484607192765298
2   2.1848197761536849
2   2.8624763106708251
2   2.4399050550430283
2   2.4310603389343162
2   2.8675228226028784
2   2.2678482447938486
2   2.1287725357186296
2   2.264271474086355
2   2.0304916155143222
2   2.5521969848820545
2   2.2368167766302092
2   2.858225621795909
2   2.0854173603159087
2   2.3123945852912988
2   2.9622720085402205
2   2.0837356014496846
2   2.8986014683561181
2   2.2013699065327574
2   2.8961979947404024
2   2.6578609433041351
2   2.1488334475001762
2   2.0780396750906935
2   2.2178231127008452
2   2.0602731752971115
2   2.4800804357211454
2   2.3785687577963102
2   2.2913192710788337
2   2.2557922808527286
2   2.2829690512907161
2   2.0349811481223234
2   2.7529569120449122
2   2.2875558264272766
2   2.0414444141125894
2   2.5641447989108941
2   2.096015403427133
2   2.654553382048026
2   2.6728891318617287
2   2.7092068750448299
2   2.7053249933082033
2   2.9781586200449328
2   2.3815869094431203
2   2.5850937092670518
2   2.6972407161707976
2   2.1608211928454049
2   2.0049120520425054
2   2.0669197018080951
2   2.0836651910939463
2   2.0592979608311177
2   2.2384574179062491
2   2.1378515879841458
2   2.2082701920285071
2   2.5718795208943432
2   2.7820928551331101
2   2.0526433904337287
2   2.0081377105269453
2   2.9699720439339123
2   2.0228140226245439
2   2.0140751036764026
2   2.0097649922414322
2   2.0271850492249377
2   2.0520465730766859
2   2.3251088846774906
2   2.1950896583197963
2   2.4212860043801734
2   2.2438489840092859
2   2.1921354790473138
2   2.2576437243182728
2   2.2526471140982061
2   2.8501072195881418
2   2.4498444692276284
2   3.1760279864253462
2   2.9307473245827103
2   2.2595820370203303
2   3.1869535049923376
2   2.6976542515427866
2   2.3362283488670399
2   2.4595133047287554
2   2.7170892670796629
2   2.1351744939365225
2   2.4306490239277605
2   2.3978754848440333
2   2.6597218846367348
2   2.7912834706245664
2   3.5726638645860218
2   2.0244637118044015
2   2.0043387996750335
2   2.0697998133360125
2   2.0054512724854123
2   2.4682266469092755
2   2.0700629457897848
2   2.4319172970904899
2   2.2256751351978687
2   2.1932571106568965
2   2.7331172941513846
2   2.0418956617455706
2   2.0016448680478751
2   2.8953942450486525
2   2.602259260837775
2   2.4767157960268853
2   2.1264148266540448
2   2.0062750114056973
2   2.9886108331325367
2   2.0018918950809974
2   2.0127675032183037
2   2.0093041541764678
2   2.0162742177292019
2   2.018306234891575
2   2.0680563466079298
2   2.8202928243101946
2   2.0142393326632684
2   2.0201107322612812
2   2.2279822464137862
2   3.6739981015737273
2   2.2047362979296365
2   2.2320090101779124
2   2.7404564222052965
2   2.8010566491371565
2   2.9089782628941681
2   2.3557261739302273
2   2.1943667439585748
2   2.0304166362424017
2   2.0827340497232023
2   2.0955226065666208
2   2.9343319359365627
2   2.0006477367496509
2   2.0107317471319841
2   2.0016044625722023
2   2.0069664856592433
2   2.0030208856693403
2   2.0036289051329423
2   2.0081617186177114
2   2.1969003831966951
2   2.17171284124665
2   2.5679982361368761
2   2.5923177273349181
2   2.1900976160381962
2   2.1588314921406506
2   2.1785347011295446
2   2.1594487792107429
2   2.0024521134029474
2   2.0219849685208278
2   2.6543187280135672
2   2.7092424330366396
2   2.2753352331243937
2   2.1947656619529083
2   2.153577249158237
2   2.1717624744440189
2   2.0550932050814006
2   2.0031700961951762
2   2.2889806111167408
2   2.2374714947720107
2   2.1314388554718664
2   2.6682060946053108
2   2.8094084433505051
2   2.0034676201442125
2   2.0714491370367973
2   2.0274802513086558
2   3.1934961426480943
2   2.8418002140533223
2   3.2232840665278322
2   2.7474877855856783
2   2.1634348007054305
2   2.0262884931580318
2   2.002828337426374
2   2.0047981376053863
2   2.0012594948590348
2   2.0051941501822887
2   2.0385840332341743
2   2.0032696055244861
2   2.9634517038756969
2   2.0252621492951239
2   2.0050328255006309
2   2.9762660639505638
2   2.0036889253892429
2   2.0071790918904839
2   2.0413951271801092
2   2.0186616953965979
2   2.0410053593829236
2   2.0116358697562093
2   2.7424536825721519
2   2.0946444886991111
2   2.2863407570176202
2   2.0702742893900137
2   2.0672536072566912
2   2.1961500379137036
2   2.693472387759662
2   2.1852619474521147
2   2.1310827267635526
2   2.2688956332181842
2   2.746149712708716
2   2.2650144951655395
2   2.9606069501268575
2   2.9427060724509655
2   2.8317306705807885
2   3.837099734013349

3   3.0000420338839353
3   3.0000681276461179
3   3.0005535599744992
3   3.0017069394419349
3   3.0007952687511223
3   3.041277598407834
3   3.0111510845045482
3   3.7899684233100812
3   3.0006719233861197
3   3.2119430285516088
3   3.8400387409052863
3   3.0018891550951019
3   3.1772295808109532
3   3.0001995616593358
3   3.0071003712882183
3   3.0005489813394743
3   3.0032993776356589
3   3.0002857280819257
3   3.7790779442956772
3   3.0008752879263416
3   3.0319095419770772
3   3.1607731854214283
3   3.005302668348599
3   3.0737420436280853
3   3.0152818982732188
3   3.0020278267556804
3   3.7598307707712832
3   3.0004172772782614
3   3.2654171790180992
3   3.000146145487931
3   3.0048520602734112
3   3.0000745608061408
3   3.0025687184080105
3   3.0064461601220818
3   3.2941799434654944
3   3.0022547273609983
3   3.2853172387235072
3   3.4804597128446777
3   3.0081047196356998
3   3.0085196380047874
3   3.100375347247867
3   3.0125743359607684
3   3.9062631124096887
3   3.0001142929741769
3   3.0002044248812689
3   3.0003037936409167
3   3.0017693318086871
3   3.0001121157242894
3   3.0000192475463958
3   3.6502757980438281
3   3.0000554902326102
3   3.4039444548357225
3   3.0000185830460584
3   3.0028087805950872
3   3.0001926316176655
3   3.0002401452614262
3   3.0000095694354498
3   3.0000347616125405
3   3.0437605422383402
3   3.0000210072194657
3   3.907193846718398
3   3.0000991127474794
3   3.0728417972851023
3   3.0000462841525595
3   3.0000583263470451
3   3.0003188568270898
3   3.0000368870608574
3   3.0000164998484511
3   3.0000193246575426
3   3.1308665771415507
3   3.0001211440803401
3   3.8946944219372082

4   4
4   4.0000000000000009
4   4
4   4
4   4
4   4
4   4.0000000000000009
4   4
4   4.0000000000000009

