-3   3.0000000000000009
-3   3
-3   3.0000000000000004
-3   3
-3   3.0000000000000004
-3   3
-3   2.9999999999999991

-2   2.0000103722507845
-2   2.0010664966854952
-2   2.0013975994922775
-2   2.0035490309581161
-2   2.0082584829025931
-2   2.9690786314834354
-2   2.0022253470505982
-2   2.0344013279472746
-2   2.9489783415539468
-2   2.0580695278596361
-2   2.0037499353983361
-2   2.0206979710453163
-2   2.0011968765319885
-2   2.3911905348608364
-2   2.0002942289129333
-2   2.0002161187536567
-2   2.1562262911861594
-2   2.5376963077436474
-2   2.0098274200419666
-2   2.0005170377754307
-2   2.9573749792124011
-2   2.03653510046759
-2   2.0004370947503975
-2   2.0161654896864394
-2   2.0000003167626561
-2   2.9950705732781535
-2   2.0000691975531231
-2   2.0014677620321253
-2   2.0000349767922825
-2   2.0001419643829803
-2   2.0041042312792152
-2   2.0001212513964983
-2   2.9512493233280597
-2   2.0000607684987406
-2   2.0626459286522785
-2   2.0000084253470338
-2   2.0001762303636847
-2   2.0009361698637851
-2   2.000008970611534
-2   2.0587649959776724
-2   2.0000445932584183
-2   2.9565379578368347

-1   1.003527268226271
-1   1.0538215168702738
-1   1.0055174400537952
-1   1.9637887486458139
-1   1.0064383314729817
-1   1.9898820901695444
-1   1.0096913855364729
-1   1.035309249320955
-1   1.9776695579526749
-1   1.0188914553681989
-1   1.0682072091779036
-1   1.6254845028840768
-1   1.9527053659628826
-1   1.4892077003149029
-1   2.0289963500904542
-1   2.2864282317234501
-1   1.3533438758802627
-1   1.1728446434268807
-1   1.7033625728442487
-1   1.3807499001756145
-1   1.666214629937858
-1   2.6650446654248099
-1   1.204469182947459
-1   1.8154161477044917
-1   1.9232477613233185
-1   1.7392700532410936
-1   1.0964749123516337
-1   1.0226756120541813
-1   1.0021417551560705
-1   1.9990869239210216
-1   1.0291720065497323
-1   1.508080904661659
-1   1.5332585990007903
-1   1.6924201267060845
-1   1.7858744381770864
-1   1.8994196337066547
-1   1.5256201873193458
-1   1.3427832938969095
-1   1.5272279711649706
-1   1.6399593334284037
-1   1.7225111203279337
-1   1.2964492796741465
-1   1.7545962721253554
-1   1.8887826893662534
-1   1.01115809165638
-1   1.0726895811360779
-1   1.7420271089145261
-1   1.3730759893368372
-1   1.0358523572568878
-1   1.9531045559389502
-1   2.9529962278008508
-1   1.0182475451387436
-1   2.0075709203185026
-1   1.3168851419597924
-1   1.6098824108949885
-1   1.8118567345946093
-1   1.5056529655305835
-1   1.2834840328361259
-1   1.9773276132916937
-1   1.8030217561776714
-1   2.3863632605759628
-1   1.0018612600013512
-1   1.036920578503733
-1   1.6582839276776471
-1   1.4605548650983875
-1   1.0014777702311666
-1   1.9779985559437692
-1   1.0026171386973137
-1   1.0143344728883019
-1   1.0948324639116116
-1   1.7024082143219315
-1   1.9091596798559811
-1   1.2782169917095771
-1   1.0535652476214918
-1   1.1697488246055039
-1   1.9859618013110727
-1   1.9882178356162816
-1   1.0230601451651937
-1   1.0051260340984582
-1   1.0256742804635006
-1   2.5634018256890005
-1   1.771130240803128
-1   1.0015224859082179
-1   1.922010414989566
-1   1.3129506677493881
-1   1.8134703937878012
-1   1.01581523784835
-1   1.0041229037197554
-1   1.0017093190556514
-1   1.0051107782288977
-1   1.9970709827409867
-1   1.0160979075330272
-1   1.0053943979269007
-1   1.9857164889055121
-1   1.0149977857200274
-1   1.0094234366943398
-1   1.0416946045936919
-1   1.8792668032685245
-1   1.161989748113764
-1   1.1499936537663389
-1   1.9473425233461357
-1   1.1071211708102799
-1   1.9888002182183619
-1   1.9536059963892098
-1   2.9450392772413712

0   0.0097481411887987424
0   1.0013100089412419
0   0.29211612023806854
0   1.0016870539725409
0   1.001341628083052
0   1.9210394438420946
0   1.0009389365276034
0   1.9948537210602328
0   1.0011780041364544
0   0.38251053160707638
0   0.02023059050840148
0   1.0011617975425318
0   1.0158290204977067
0   1.8923230353416898
0   0.018189070261797724
0   1.0032652733799405
0   1.271242686218899
0   1.9933332003924145
0   1.3325683058878448
0   1.3290352953762459
0   1.5874251574854021
0   2.4441373121204375
0   1.0065149168851111
0   1.9701348755693795
0   1.1383944443503466
0   1.3658942346220417
0   1.0807150754266486
0   2.4504274321402155
0   1.2838131232918348
0   0.31796564608836242
0   1.0230341088251824
0   1.7998160331983737
0   1.8819568781310121
0   1.9595084184224367
0   0.2603515551098986
0   1.0000662378740017
0   0.056716255666333537
0   1.0012346403181349
0   1.0117075976623702
0   1.9527344480521003
0   1.0011101589545919
0   0.20056426644112768
0   1.3022551451347757
0   1.3022691725713149
0   1.0098599323456445
0   0.84450820096378787
0   1.0003554038705034
0   1.1592068303193299
0   0.98548965597049198
0   2.0266627543468951
0   1.9514215665696724
0   1.0012887499675518
0   1.2400173502132588
0   1.5067220559685559
0   1.2015890907009319
0   1.6306839674827298
0   1.4905513646952031
0   1.8756905650057316
0   1.4177248189106304
0   1.0033027947318396
0   0.04708941659136634
0   1.9914741412063437
0   1.004172694364577
0   1.032806576611055
0   1.0330645958973257
0   1.992590159055005
0   1.0007138513964939
0   0.62117677891953127
0   2.9653486302902148
0   1.7979601825006073
0   1.0002643382682028
0   1.9902859671310034
0   1.9944888142947215
0   1.0105560653413779
0   0.011821067196388646
0   0.042550306031495899
0   1.303724979230436
0   1.3035701542662819
0   1.0001805867497713
0   2.8149924161855107
0   1.302590413194151
0   1.0768292936873896
0   1.9995735404808044
0   1.0016414352401748
0   1.0000637999283617
0   1.0000223221498021
0   1.997776924315191
0   0.0036285884003199875
0   1.001292338358182
0   0.20577162164053509
0   1.0004815134806184
0   0.083842536165975146
0   1.0007669277333546
0   0.073828009477994394
0   1.949910926924407
0   1.9736015773937607
0   1.0000758627909823
0   1.0001819532584175
0   1.0021890381517957
0   1.9927107758468106
0   1.9891408709969527
0   1.0172568727158136
0   1.0001055525729492
0   0.074102374669951621
0   0.043195664726525473
0   1.0037803832108607
0   2.7704594473642632
0   1.2669340892800018
0   0.049054521946835572
0   1.000283263799072
0   1.3045909094626607
0   1.0003074815897823
0   1.9860053212960196
0   1.4267606527000467
0   0.054799994517611528
0   0.010918615340793414
0   1.0000981347239677
0   1.0037644763001803
0   1.0004311874032623
0   1.0023020676925378
0   0.92380013937231475
0   0.039757508295685251
0   1.6185757675698369
0   1.0000093134969841
0   1.0026010175560616
0   1.9870726034327553
0   0.011185704705308663
0   1.000066422818956
0   0.13538059566263616
0   1.000023635576204
0   1.0037129498177515
0   1.999682305241659
0   1.0238198768829723
0   0.30350927677202555
0   1.0000089332452171
0   1.9429846986774288
0   1.1026880245763846
0   1.996867991343461
0   1.9501677274863072
0   2.9405640039146732

1   1.0035272682262706
1   1.0538215168702796
1   1.0055174400537947
1   1.9637887486458085
1   1.0064383314729821
1   1.9898820901695449
1   1.0096913855364718
1   1.0353092493209604
1   1.97766955795267
1   1.0188914553681991
1   1.0682072091779042
1   1.6254845028840927
1   1.9527053659628804
1   1.4892077003148831
1   2.0289963500904014
1   2.2864282317234941
1   1.3533438758802907
1   1.1728446434268716
1   1.7033625728442483
1   1.3807499001755974
1   1.666214629937901
1   2.6650446654248001
1   1.2044691829474294
1   1.8154161477044877
1   1.9232477613233163
1   1.7392700532411021
1   1.0964749123516286
1   1.0226756120541827
1   1.0021417551560707
1   1.9990869239210207
1   1.0291720065497314
1   1.5080809046616648
1   1.5332585990007868
1   1.6924201267060885
1   1.7858744381770899
1   1.8994196337066609
1   1.5256201873193427
1   1.3427832938968995
1   1.527227971164931
1   1.6399593334284384
1   1.7225111203279324
1   1.2964492796741445
1   1.7545962721253576
1   1.8887826893662574
1   1.0111580916563809
1   1.0726895811360784
1   1.7420271089145167
1   1.3730759893368463
1   1.0358523572568894
1   1.953104555938951
1   2.9529962278008539
1   1.018247545138744
1   2.0075709203184999
1   1.3168851419598
1   1.6098824108949872
1   1.8118567345946075
1   1.5056529655305875
1   1.2834840328360877
1   1.9773276132917066
1   1.8030217561776998
1   2.3863632605759482
1   1.001861260001351
1   1.0369205785037332
1   1.6582839276776453
1   1.4605548650983897
1   1.0014777702311657
1   1.9779985559437696
1   1.0026171386973128
1   1.0143344728883026
1   1.0948324639116191
1   1.7024082143219257
1   1.9091596798559816
1   1.2782169917096042
1   1.0535652476214816
1   1.1697488246054799
1   1.9859618013110723
1   1.9882178356162798
1   1.0230601451651948
1   1.0051260340984582
1   1.0256742804634977
1   2.5634018256889703
1   1.7711302408031258
1   1.0015224859082184
1   1.9220104149896073
1   1.3129506677493954
1   1.8134703937878034
1   1.015815237848346
1   1.0041229037197543
1   1.0017093190556505
1   1.0051107782288973
1   1.9970709827409836
1   1.0160979075330197
1   1.0053943979269122
1   1.985716488905517
1   1.0149977857200307
1   1.0094234366943406
1   1.0416946045937814
1   1.8792668032683899
1   1.161989748113865
1   1.149993653766356
1   1.9473425233461192
1   1.107121170810234
1   1.9888002182183726
1   1.9536059963892125
1   2.9450392772413796

2   2.0000103722507845
2   2.0010664966854961
2   2.0013975994922775
2   2.0035490309581161
2   2.0082584829025927
2   2.9690786314834323
2   2.0022253470505982
2   2.0344013279472768
2   2.9489783415539423
2   2.0580695278596397
2   2.0037499353983361
2   2.0206979710453168
2   2.0011968765319881
2   2.391190534860836
2   2.0002942289129333
2   2.0002161187536571
2   2.1562262911861225
2   2.5376963077436798
2   2.0098274200419661
2   2.0005170377754302
2   2.9573749792123962
2   2.0365351004675949
2   2.0004370947503971
2   2.0161654896864389
2   2.0000003167626565
2   2.9950705732781557
2   2.0000691975531226
2   2.0014677620321244
2   2.0000349767922834
2   2.0001419643829803
2   2.0041042312792152
2   2.0001212513964983
2   2.9512493233280548
2   2.0000607684987401
2   2.0626459286522896
2   2.0000084253470325
2   2.0001762303636834
2   2.0009361698637838
2   2.0000089706115336
2   2.0587649959776773
2   2.0000445932584179
2   2.9565379578368294

3   3.0000000000000009
3   3
3   3.0000000000000004
3   3
3   3.0000000000000004
3   3
3   2.9999999999999991

