-1.5   1.4999999999999998
-1.5   1.5
-1.5   1.4999999999999998
-1.5   1.4999999999999996

-0.5   0.50277133334354063
-0.5   0.5
-0.5   1.4995112919700513
-0.5   0.50000000000000022
-0.5   1.4983779648410467
-0.5   0.50090595569256613
-0.5   1.4999999999999996
-0.5   0.50000000000000022
-0.5   0.50046747206602249
-0.5   0.50395067568326657
-0.5   0.49999999999999956
-0.5   1.4980552800006617

0.5   0.50277133334354041
0.5   0.50000000000000022
0.5   1.4995112919700497
0.5   0.5
0.5   1.4983779648410454
0.5   0.50090595569256613
0.5   1.5000000000000004
0.5   0.50000000000000022
0.5   0.50046747206602249
0.5   0.50395067568326701
0.5   0.5
0.5   1.4980552800006619

1.5   1.4999999999999998
1.5   1.5
1.5   1.4999999999999998
1.5   1.4999999999999996

