-3   2.9999999999999996
-3   3.0000000000000004
-3   2.9999999999999996
-3   2.9999999999999996
-3   3
-3   3
-3   3.0000000000000004

-2   2.0000189375073441
-2   2.0015935828469558
-2   2.0021268343131116
-2   2.0047788061178053
-2   2.0121332167132402
-2   2.953461963819076
-2   2.0030026233195199
-2   2.0521014602355949
-2   2.9324180445380632
-2   2.0748858287367051
-2   2.0055402795279309
-2   2.0344147557978496
-2   2.0017515460734128
-2   2.3728787040094086
-2   2.0005005573040586
-2   2.0003282671547771
-2   2.155253193082407
-2   2.5441377615945902
-2   2.0151542911079923
-2   2.0008236564167365
-2   2.9450390071779369
-2   2.0410019801076817
-2   2.0006432613599339
-2   2.0250024607453661
-2   2.0000006950224356
-2   2.9925995465298163
-2   2.0001027910581142
-2   2.0022139829052743
-2   2.0000510869369452
-2   2.0002085238987188
-2   2.006135905551131
-2   2.0001839873146481
-2   2.9343789923363492
-2   2.0000909045208366
-2   2.0831337479620382
-2   2.0000126454297207
-2   2.0002598430919711
-2   2.0012591935344033
-2   2.0000117100555328
-2   2.0803072007891275
-2   2.0000686984101539
-2   2.94022396740466

-1   1.0058824118690537
-1   1.0750937721610159
-1   1.0079014582004624
-1   1.9483303507469634
-1   1.0102223668181141
-1   1.9848751757372445
-1   1.0141077021368679
-1   1.0676689386434739
-1   1.9569272448772139
-1   1.0295718542234222
-1   1.0994135783445826
-1   1.5647658281124439
-1   1.9310399444463084
-1   1.5519041378724254
-1   2.0919853004175635
-1   2.1923088896121352
-1   1.4264322322981962
-1   1.1703005209482511
-1   1.4220707024855439
-1   1.6923238912864984
-1   2.5239407761696659
-1   1.6658924812103493
-1   1.2179109791723441
-1   1.9512605095451905
-1   1.8918990793175352
-1   1.7386792318123003
-1   1.1307005948019999
-1   1.0319196535687927
-1   1.0031109929715909
-1   1.9987021144090029
-1   1.0495655769623422
-1   1.4985003592763377
-1   1.5178456688709394
-1   1.6841668849483757
-1   1.7852437418699307
-1   1.9067415387208841
-1   1.5266742340759651
-1   1.3497168142861549
-1   1.5231406836643151
-1   1.6418742803015554
-1   1.7192813619439167
-1   1.2970577297016241
-1   1.7531064927184827
-1   1.8899524069863154
-1   1.0168486790389191
-1   1.10175347356043
-1   1.6647181069936696
-1   1.4692694134064674
-1   1.0449027517653473
-1   1.9335968794200609
-1   2.9359165559589404
-1   1.0286068870920733
-1   1.9918469515427706
-1   1.3765401068707923
-1   1.5597416164101134
-1   1.7949038646570323
-1   1.5529443074186866
-1   1.6748701230689806
-1   1.9721212814912392
-1   1.4353862215176909
-1   2.3881183954966207
-1   1.0024637743791505
-1   1.0491055383811925
-1   1.595337620399548
-1   1.5267181114048936
-1   1.0038660013033449
-1   1.970764517402873
-1   1.0038124851393639
-1   1.0209508947658312
-1   1.6625937241578668
-1   1.1878009491090864
-1   1.8244771319989685
-1   1.2455628806982137
-1   1.0857391560499876
-1   1.2608863700820947
-1   1.9793143268541851
-1   1.9825544174334424
-1   1.0362158339133876
-1   1.0083602859345921
-1   1.0694613863788334
-1   2.3467782844703207
-1   1.7463271224368921
-1   1.0021762035659136
-1   2.1331398301470301
-1   1.3412686235582474
-1   1.8217379431730598
-1   1.0169883870292529
-1   1.005751228118047
-1   1.0025764451098309
-1   1.007676779644737
-1   1.995348775763917
-1   1.0246228609591685
-1   1.0084495144320096
-1   1.9780582905402704
-1   1.0223047389959967
-1   1.0151927673407799
-1   1.0630293081806883
-1   1.8025033988506776
-1   1.2539264301584985
-1   1.1824465315034756
-1   1.941401942359398
-1   1.1308756290190325
-1   1.9869500425588189
-1   1.9350893253942942
-1   2.9282172461862954

0   0.015103699774412838
0   1.0022206925535759
0   0.37911379979390614
0   1.0026371301965364
0   1.0019795471535877
0   1.8888373769021243
0   1.0013365576344702
0   1.9922495370366344
0   1.0022029682399767
0   0.46236888066750392
0   0.030873713228341759
0   1.0017617992265928
0   1.0222614282526215
0   1.8612882161591964
0   0.026587651210580709
0   1.0053500357669167
0   1.2863359414074376
0   1.9889630729684757
0   1.3181893886988285
0   1.5801746193542199
0   1.347216983958337
0   2.4102423546585983
0   1.0051391749694438
0   1.9572592971409586
0   1.2834232876998937
0   1.3640941183664064
0   2.2164222920557415
0   1.112475406183449
0   1.3020666941951557
0   0.5043726321339812
0   1.0336720274749676
0   1.9691873265800992
0   1.7968842745081424
0   1.9458389630058348
0   0.34404922245965164
0   1.0001034137724265
0   0.078302994552085114
0   1.0018332482526551
0   1.0171288045498958
0   1.9239385554313575
0   1.0016627334177761
0   1.3021278705027068
0   1.3021573395385899
0   0.29508616287005551
0   1.0110269506451524
0   0.84575129187136144
0   1.0005257795235718
0   1.1584202457126365
0   0.98614913486761391
0   2.0282325366138139
0   1.9515457695995875
0   1.0019145400884528
0   1.2344760324997466
0   1.5059463065614245
0   1.2027122479643171
0   1.6332091020857979
0   1.4884212235589205
0   1.8741830552864047
0   1.4157920926267189
0   1.0050636029081044
0   0.06899900621015842
0   1.9865160358947818
0   1.0065235191311661
0   1.0489281153016625
0   1.0422571437894468
0   1.9888165981108514
0   1.001160438335114
0   0.6843548828156063
0   2.9515559180371618
0   1.7690818951969316
0   1.0003516124586211
0   1.9871995874162933
0   1.9915930910379886
0   1.0145866100015231
0   0.018590813456724864
0   1.3040541847224938
0   1.3038839435406877
0   0.060786946182191159
0   1.0002641457912582
0   2.7981170692079025
0   1.3026679919667237
0   1.1081115561171468
0   1.9993629695555399
0   1.0024751477370786
0   1.0000987570579727
0   1.0000358211063352
0   1.9967525467496889
0   0.0054737248551611772
0   1.0019646431866573
0   0.29242689236288877
0   1.0007110909235928
0   0.10782439199872473
0   1.0011083245343473
0   0.11672196730429862
0   1.9233494325486213
0   1.9615939350932976
0   1.0001396974040624
0   1.0002444775593673
0   1.0036027988172793
0   1.988963261419197
0   1.9830614880579183
0   1.026765944180813
0   1.0001531828754946
0   0.1221935008976105
0   0.064052676823757815
0   1.0125464775776933
0   2.6735082200481521
0   1.4860593010330549
0   0.078417360315423346
0   1.0004123536606446
0   1.0403211555084342
0   1.0004689530786286
0   1.9772828862434335
0   1.5656427260095822
0   0.067293242059937475
0   0.016979868203854998
0   1.0001686966714021
0   1.0056643567356518
0   1.0006194438646503
0   1.0033898823449048
0   0.93854574791431089
0   0.05897409330276937
0   1.0000363155918421
0   1.0041534412235731
0   1.6104205334520323
0   1.9800747560046998
0   0.016788724433959845
0   1.0001235503845338
0   0.19817233788903621
0   1.0000358264984692
0   1.0071575066900393
0   1.9995211178792345
0   1.0343806133030919
0   0.35409405871165855
0   1.0000132205285912
0   1.9258013877587317
0   1.126269228860511
0   1.9952526707649034
0   1.9355315813849132
0   2.922356183304708

1   1.005882411869055
1   1.075093772161009
1   1.0079014582004613
1   1.9483303507469674
1   1.0102223668181136
1   1.9848751757372387
1   1.0141077021368698
1   1.0676689386434639
1   1.9569272448772219
1   1.0295718542234242
1   1.0994135783445815
1   1.5647658281124928
1   1.9310399444463071
1   1.551904137872405
1   2.0919853004175093
1   2.1923088896121663
1   1.4264322322982055
1   1.1703005209482351
1   1.4220707024855008
1   1.6923238912864904
1   2.5239407761696753
1   1.6658924812104048
1   1.2179109791723217
1   1.9512605095451936
1   1.8918990793175268
1   1.7386792318122954
1   1.1307005948020115
1   1.0319196535687924
1   1.0031109929715929
1   1.9987021144090034
1   1.0495655769623433
1   1.4985003592763375
1   1.5178456688709394
1   1.6841668849483868
1   1.785243741869937
1   1.9067415387208824
1   1.5266742340759731
1   1.3497168142861706
1   1.5231406836643018
1   1.6418742803015731
1   1.7192813619438945
1   1.2970577297016241
1   1.7531064927184721
1   1.8899524069863114
1   1.0168486790389186
1   1.1017534735604306
1   1.664718106993659
1   1.4692694134064772
1   1.0449027517653473
1   1.93359687942006
1   2.9359165559589417
1   1.0286068870920713
1   1.991846951542767
1   1.3765401068707872
1   1.5597416164101086
1   1.7949038646570372
1   1.5529443074186915
1   1.6748701230689296
1   1.9721212814912401
1   1.4353862215177484
1   2.3881183954966216
1   1.0024637743791502
1   1.0491055383811934
1   1.595337620399544
1   1.5267181114049029
1   1.0038660013033427
1   1.9707645174028712
1   1.0038124851393606
1   1.020950894765835
1   1.6625937241578574
1   1.1878009491091244
1   1.8244771319989352
1   1.2455628806982166
1   1.0857391560499874
1   1.2608863700820985
1   1.9793143268541868
1   1.9825544174334437
1   1.0362158339133842
1   1.0083602859345913
1   1.0694613863787925
1   2.3467782844702767
1   1.746327122436905
1   1.0021762035659141
1   2.1331398301471078
1   1.3412686235582263
1   1.8217379431730554
1   1.0169883870292551
1   1.0057512281180461
1   1.0025764451098305
1   1.0076767796447399
1   1.9953487757639179
1   1.0246228609591672
1   1.0084495144320076
1   1.9780582905402642
1   1.0223047389959978
1   1.0151927673407775
1   1.0630293081807207
1   1.8025033988506109
1   1.2539264301585535
1   1.1824465315034345
1   1.9414019423594109
1   1.1308756290190167
1   1.9869500425588242
1   1.935089325394316
1   2.9282172461863114

2   2.0000189375073445
2   2.0015935828469553
2   2.0021268343131116
2   2.0047788061178098
2   2.0121332167132393
2   2.9534619638190733
2   2.003002623319516
2   2.052101460235594
2   2.9324180445380645
2   2.0748858287367056
2   2.00554027952793
2   2.03441475579785
2   2.0017515460734141
2   2.3728787040094081
2   2.0005005573040591
2   2.0003282671547771
2   2.1552531930823746
2   2.5441377615946204
2   2.0151542911079918
2   2.0008236564167365
2   2.9450390071779382
2   2.04100198010768
2   2.0006432613599339
2   2.0250024607453652
2   2.000000695022436
2   2.9925995465298163
2   2.0001027910581133
2   2.0022139829052743
2   2.0000510869369448
2   2.0002085238987184
2   2.0061359055511301
2   2.0001839873146472
2   2.9343789923363568
2   2.000090904520837
2   2.0831337479620262
2   2.0000126454297198
2   2.0002598430919694
2   2.001259193534402
2   2.0000117100555332
2   2.0803072007891257
2   2.000068698410153
2   2.9402239674046604

3   2.9999999999999996
3   3.0000000000000004
3   2.9999999999999996
3   2.9999999999999996
3   3
3   3
3   3.0000000000000004

